1.939892955124378204e-02
3.051770664751529694e-02
-5.457381252199411392e-03
-6.610544025897979736e-02
-1.351320147514343262e-01
-1.823265254497528076e-01
-5.179415643215179443e-02
2.304516173899173737e-02
4.812645725905895233e-03
9.999687969684600830e-02
-2.077094763517379761e-01
-2.386549562215805054e-01
3.535702824592590332e-02
-1.554410997778177261e-02
1.141577139496803284e-01
-1.441915184259414673e-01
-2.025476992130279541e-01
7.446145638823509216e-03
-3.155632689595222473e-02
-1.427557319402694702e-01
-1.408186275511980057e-02
1.752596697770059109e-03
-4.587689414620399475e-03
-9.853743016719818115e-02
1.814339756965637207e-01
-7.688518147915601730e-03
3.255798295140266418e-02
1.036613881587982178e-01
2.532572252675890923e-03
2.951627131551504135e-03
