-6.106422841548919678e-02
6.240310147404670715e-03
-4.475061595439910889e-02
-7.020024210214614868e-02
1.003618910908699036e-01
-1.402326375246047974e-01
3.907638415694236755e-02
-1.061490699648857117e-01
-7.616123557090759277e-02
2.124953316524624825e-03
-1.227448135614395142e-01
3.264993801712989807e-02
-1.453726738691329956e-01
7.231042534112930298e-02
3.882715944200754166e-03
-9.392283856868743896e-02
2.288258522748947144e-01
5.847800523042678833e-02
1.104962732642889023e-02
-4.750136286020278931e-02
3.770138695836067200e-02
6.987731158733367920e-02
1.323966085910797119e-01
-3.799616172909736633e-02
7.894337177276611328e-02
-8.732103556394577026e-02
7.897129654884338379e-02
8.747795224189758301e-02
-6.626243703067302704e-03
3.103452324867248535e-01
