2.611281350255012512e-02
3.247198835015296936e-02
-1.201227493584156036e-02
3.855172544717788696e-02
1.991410739719867706e-02
2.444702759385108948e-02
7.301287725567817688e-03
2.330797165632247925e-02
1.891765184700489044e-02
4.659547470510005951e-03
-2.404204383492469788e-02
5.043224617838859558e-02
2.489705383777618408e-02
4.144576564431190491e-02
-9.858730249106884003e-03
-2.869699336588382721e-02
-2.564109675586223602e-02
-1.612415723502635956e-02
4.720574244856834412e-02
-3.322235867381095886e-02
