-8.474931865930557251e-02
6.382170915603637695e-01
2.126396000385284424e-01
-4.021466672420501709e-01
-1.199541464447975159e-01
5.451056957244873047e-01
5.668155550956726074e-01
2.050676047801971436e-01
2.607800066471099854e-02
1.091224551200866699e-01
-3.900051414966583252e-01
-4.954080581665039062e-01
-1.382783204317092896e-01
-9.490694850683212280e-02
-3.741760551929473877e-01
-3.154751062393188477e-01
-2.444979548454284668e-01
-3.208212554454803467e-01
4.302031826227903366e-03
1.877062022686004639e-01
