-1.288002431392669678e-01
9.849268198013305664e-02
-3.480612114071846008e-02
-6.335324794054031372e-02
1.030283630825579166e-03
3.355952203273773193e-01
5.982193723320960999e-02
-2.574024796485900879e-01
-3.912172913551330566e-01
6.707851774990558624e-03
-1.248542126268148422e-02
3.705967590212821960e-02
-4.569235071539878845e-02
3.492710739374160767e-02
1.412632763385772705e-01
-1.532870829105377197e-01
-7.268290221691131592e-02
-2.362303584814071655e-01
6.267879158258438110e-02
-3.322202563285827637e-01
