1.749966293573379517e-02
1.197598688304424286e-02
1.722873300313949585e-01
-8.027181029319763184e-02
2.114952504634857178e-01
-2.526737749576568604e-01
1.497075557708740234e-01
-3.274798765778541565e-02
-4.280069172382354736e-01
-1.380487680435180664e-01
1.381081342697143555e-01
-2.690052092075347900e-01
1.091015860438346863e-01
-1.040432825684547424e-01
1.278172135353088379e-01
-1.539957989007234573e-02
-9.795466437935829163e-03
1.075364276766777039e-01
2.004015743732452393e-01
1.171255018562078476e-02
4.978376626968383789e-01
-1.199220423586666584e-03
-1.605502516031265259e-01
1.871946454048156738e-01
2.591929137706756592e-01
1.946586668491363525e-01
-5.409251451492309570e-01
6.306695938110351562e-02
-6.905589252710342407e-02
-3.622986674308776855e-01
