-108.000549
-68.186966
224.462296
127.984741
-26.794514
44.878819
-150.325531
92.782005
-108.000549
-218.228500
-108.000549
-107.159470
234.751785
65.234993
-10.326283
32.668331
-126.756958
57.802780
-108.000549
231.000900
-108.000549
-148.757858
215.586868
5.481804
17.247366
26.506762
-77.311501
63.388210
-108.000549
232.339859
-108.000549
-159.050018
205.938965
-20.699240
28.253006
29.573063
-57.367126
84.827644
-108.000549
235.261856
-108.000549
-139.399628
183.295746
-12.420334
33.156620
14.911570
-43.387451
63.143059
-108.000549
234.846649
-108.000549
-157.421921
162.575684
-76.476852
51.653675
-5.636836
-9.473596
50.522728
-108.000549
194.562546
-108.000549
-197.547256
152.154755
-78.266426
66.723396
-4.437889
16.047625
55.747673
-108.000549
217.673004
-108.000549
-215.792709
141.728470
-129.426346
73.044830
-5.227531
28.199644
51.863831
-108.000549
184.185608
-108.000549
-233.829498
135.678482
-143.896866
84.605682
-12.457159
46.829193
41.119972
-108.000549
134.435455
-108.000549
-242.015060
128.857086
-142.550400
89.566162
-7.198955
55.865025
33.076027
-108.000549
129.275955
-108.000549
-229.887711
117.918503
-146.347336
96.302269
-13.504829
68.526657
39.595940
-108.000549
140.214539
-108.000549
-222.613571
108.520584
-111.140656
103.543701
-3.492678
81.357811
35.707809
-108.000549
187.791565
-108.000549
254.737717
96.549347
-183.706757
110.712708
-1.980985
94.657814
42.648296
-108.000549
145.131561
-108.000549
240.812225
98.482147
-194.793411
130.213440
-9.577538
121.947685
43.734055
-108.000549
181.611221
-108.000549
-236.149597
100.668686
-145.624207
123.831390
-0.629151
112.334114
34.107067
-108.000549
181.177231
-108.000549
241.630295
89.598129
-201.568665
123.537422
-7.528867
114.639206
44.151943
-108.000549
187.745972
-108.000549
-225.981888
78.270088
-147.816116
124.988495
0.069832
119.445724
63.994926
-108.000549
196.854233
-108.000549
-255.826828
70.545326
-197.229935
124.319016
-10.299588
120.346947
46.142139
-108.000549
175.786530
-108.000549
-238.042175
56.127377
-136.561569
129.162552
10.200000
130.642868
65.889107
-108.000549
-255.950012
-108.000549
-222.601227
33.470753
-127.795570
142.430359
4.306114
154.545654
49.294811
-108.000549
246.507813
-108.000549
-224.830139
22.656622
-156.171188
145.337341
-1.986886
161.096680
74.582146
-108.000549
-254.223206
-108.000549
-231.872009
0.642657
-146.181580
146.760529
-3.368760
168.134262
52.420124
-108.000549
224.120499
-108.000549
-241.657791
-13.261379
-151.522385
153.723541
-9.086694
180.792679
50.464790
-108.000549
239.821609
-108.000549
-238.087769
-37.720982
-166.694031
160.629150
-32.734123
195.680023
38.009682
-108.000549
243.241959
-108.000549
-239.351089
-60.249397
-161.065689
172.128326
-14.323977
216.105042
39.798717
-108.000549
213.077835
-108.000549
241.760117
-88.312279
-169.797348
178.506607
-14.855053
230.676941
46.028416
-108.000549
243.819168
-108.000549
-251.609848
-102.857903
-165.539078
184.722900
-31.274466
241.987823
31.967201
-108.000549
209.143036
-108.000549
-245.538940
-104.788017
-156.222153
191.530350
-22.053030
251.325668
31.966129
-108.000549
217.715912
-108.000549
-255.847748
-118.303139
-169.935760
201.262482
-15.284743
-245.157822
45.521477
-108.000549
210.593033
-108.000549
239.457169
-121.906952
-162.103699
205.460678
-1.688088
-238.967285
47.652225
-108.000549
207.383514
-108.000549
243.808258
-129.886520
-160.911728
210.190491
0.043547
-231.241974
65.679893
-108.000549
-220.430054
-108.000549
-241.807983
-135.162964
-168.420303
206.295380
-19.325224
-235.199844
42.556564
-108.000549
-234.674728
-108.000549
-245.781418
-137.351654
-166.489655
205.426880
-29.599695
-235.875763
44.302681
-108.000549
-238.868637
-108.000549
-237.524506
-150.220886
-143.163010
200.727661
-12.388494
-239.353516
46.357792
-108.000549
-223.615982
-108.000549
-229.365753
-155.368576
-164.534851
197.173737
-20.324078
-242.932114
66.963058
-108.000549
-205.704193
-108.000549
-226.670670
-157.811005
-155.473816
197.200546
-7.826592
-242.448242
49.025520
-108.000549
-226.805130
-108.000549
-248.366531
-167.718552
-153.545303
194.786026
-6.010736
-243.609650
62.456947
-108.000549
-232.206558
-108.000549
-223.659088
-177.368591
-161.414917
193.824188
-14.382448
-242.932114
64.043747
-108.000549
-225.996185
-108.000549
-243.818573
-180.199402
-171.746246
198.837769
-19.324686
-235.875763
55.339973
-108.000549
-209.720001
-108.000549
-232.234116
-189.974976
-158.319641
199.758301
-21.724192
-232.785858
45.170109
-108.000549
-232.329941
-108.000549
-240.456161
-197.950272
-157.386230
208.148788
-12.327339
-220.451447
58.611732
-108.000549
-224.998398
-108.000549
-248.750626
-206.567673
-154.822037
220.117340
-13.947393
-203.552460
60.260757
-108.000549
-174.711258
-108.000549
-239.033508
-229.463547
-168.259903
226.053604
-19.617048
-191.689041
63.769085
-108.000549
-184.776505
-108.000549
-249.335876
255.533646
-166.941330
238.198654
-19.787100
-171.488251
50.287766
-108.000549
-220.339401
-108.000549
-232.961533
242.676208
-164.943619
252.240555
-9.828593
-151.770264
66.405159
-108.000549
-180.614258
-108.000549
-225.238373
225.707474
-139.042068
-249.364868
3.208017
-136.012283
76.180740
-108.000549
-180.376083
-108.000549
-242.052078
205.655823
-157.182388
-241.662109
-12.152996
-123.133919
64.319473
-108.000549
-189.138855
-108.000549
-254.440125
176.227676
-166.874283
-235.928085
-22.635069
-111.141228
66.721123
-108.000549
-181.935516
-108.000549
-225.268417
164.534317
-153.801193
-235.104645
-15.383986
-108.149490
77.682243
-108.000549
-163.430954
-108.000549
-235.891037
156.311737
-156.930252
-231.272842
-14.334168
-102.172997
74.536011
-108.000549
-174.480042
-108.000549
-239.226089
153.353806
-150.108871
-230.459061
-14.394787
-100.680077
80.962044
-108.000549
-157.562820
-108.000549
-221.312164
151.173172
-157.534836
-230.202103
-13.719406
-100.027229
66.908340
-108.000549
-168.985275
-108.000549
-211.674438
150.273560
-150.576645
-235.879807
-5.998934
-106.654427
67.355736
-108.000549
-171.619202
-108.000549
-226.858429
147.064026
-170.929779
-232.572632
-24.432152
-102.172997
97.557419
-108.000549
-88.861778
-108.000549
-186.528717
135.508530
-90.108376
-234.485046
-4.603649
-102.546356
69.303017
-108.000549
-167.632904
-108.000549
-226.990387
123.570015
-157.614227
-236.360458
-6.895865
-102.826378
68.455444
-108.000549
-101.877480
-108.000549
-203.986160
124.209457
-144.322266
-230.025604
-10.631646
-95.367683
76.944633
-108.000549
-110.052849
-108.000549
-226.198608
113.556793
-163.171753
-230.933273
-25.590328
-94.715370
77.291176
-108.000549
-108.843170
-108.000549
-210.435806
98.796059
-160.229919
-227.383636
-19.878832
-88.110168
83.889946
-108.000549
-106.673264
-108.000549
-197.533844
92.508957
-112.349266
-225.010956
-16.287354
-84.301430
95.010384
-108.000549
-94.050781
-108.000549
-193.107651
90.972588
-119.386841
-220.480698
-25.227158
-78.734238
81.724327
-108.000549
-106.878189
-108.000549
-217.934189
78.528206
-176.968506
-215.530960
-18.434193
-70.955826
81.413727
-108.000549
-113.008644
-108.000549
-216.248154
63.781425
-157.786957
-208.625336
-9.439136
-60.610012
88.611168
-108.000549
-34.206944
-108.000549
-197.285995
57.883781
-163.365952
-203.056000
-24.744360
-53.238766
79.093620
-108.000549
-115.110420
-108.000549
-232.303314
44.169109
-172.401245
-195.933121
-26.054888
-42.945515
71.433228
-108.000549
-100.044456
-108.000549
-223.247635
31.350294
-166.594254
-190.269897
-19.035543
-34.512653
79.764168
-108.000549
-102.152672
-108.000549
-219.030670
13.660051
-172.048264
-183.624985
-25.618759
-24.274660
82.662025
-108.000549
-50.896721
-108.000549
-183.454910
6.999588
-93.616173
-175.152420
-9.247626
-13.704072
88.687340
-108.000549
-110.206810
-108.000549
-226.602554
-1.456881
-158.930115
-173.669159
-4.419113
-10.793874
96.850922
-108.000549
-49.581367
-108.000549
-214.958008
-15.548673
-156.058548
-166.441147
-10.009374
-0.627228
101.332893
-108.000549
-36.493793
-108.000549
-187.009369
-26.048450
-80.728157
-162.028381
6.183124
5.801491
102.776459
-108.000549
-41.875378
-108.000549
-211.963043
-31.806616
-170.067184
-163.644684
-6.529476
4.806391
78.596870
-108.000549
-112.715744
-108.000549
-226.617569
-48.582764
-165.790131
-162.871658
-9.116199
8.062057
88.463646
-108.000549
-120.209305
-108.000549
-194.679962
-56.006584
-108.028221
-162.511169
-12.393858
9.508304
76.579849
-108.000549
-111.494270
-108.000549
-212.155640
-62.913269
-147.484589
-167.508133
-6.738688
4.897050
106.897942
-108.000549
-27.945057
-108.000549
-207.396851
-71.230804
-168.796890
-163.112534
-19.737211
10.953479
107.689728
-108.000549
-36.637558
-108.000549
-181.487778
-58.306847
-108.035194
-164.091537
-14.322903
8.062057
110.341362
-108.000549
-32.955421
-108.000549
-195.106445
-56.904049
-158.824966
-165.227188
-18.054392
6.615810
100.776604
-108.000549
-25.358871
-108.000549
-179.021759
-79.294060
-99.169426
-162.830902
-4.103149
12.398653
109.868759
-108.000549
-32.704906
-108.000549
-178.985275
-88.123894
-93.797485
-163.208557
7.858968
13.210827
128.206482
-108.000549
-36.855892
-108.000549
-194.467545
-93.877762
-105.840614
-164.650513
2.845919
12.398653
123.336662
-108.000549
-38.380997
-108.000549
-200.683289
-90.043816
-101.630081
-141.968674
-5.704428
36.862011
113.398544
-108.000549
-43.005661
-108.000549
-203.419144
-77.124153
-112.787537
-142.984695
-10.847296
33.993656
101.230972
-108.000549
-20.581318
-108.000549
-191.874893
-92.220161
-115.861343
-150.108109
-20.143297
28.248901
106.623283
-108.000549
-31.960323
-108.000549
-173.596176
-98.103859
-87.003456
-139.035950
10.553515
41.159985
118.924965
-108.000549
-29.582813
-108.000549
-198.536453
-100.655716
-144.835648
-143.521667
-0.312114
36.592716
107.712799
-108.000549
-51.654716
-108.000549
-192.988037
-99.764687
-106.080406
-115.473274
-10.471250
66.826042
104.062843
-108.000549
-49.705284
-108.000549
-182.210907
-108.459869
-103.691628
-133.731613
-15.875902
48.310219
95.930916
-108.000549
-42.474045
-108.000549
-210.478180
-112.416130
-166.007919
-132.879745
-10.219123
49.738228
104.209297
-108.000549
-39.494114
-108.000549
-194.829102
-119.308868
-154.642334
-138.962997
-6.700064
44.021900
99.983742
-108.000549
-33.414616
-108.000549
-191.445740
-132.594925
-159.359802
-132.663559
-5.998398
52.592636
95.697563
-108.000549
-30.396595
-108.000549
-163.076019
-131.581589
-102.160088
-134.212799
-13.021496
50.808964
101.467545
-108.000549
-43.622570
-108.000549
-193.511063
-154.308472
-151.683853
-134.698273
-22.048738
53.216515
111.475403
-108.000549
-39.044575
-108.000549
-200.099640
-155.200577
-155.363312
-131.416321
-13.960805
56.869686
117.570450
-108.000549
13.610414
-108.000549
-192.310501
-163.118454
-155.882050
-128.398300
-15.891459
61.140297
97.349274
-108.000549
-37.526981
-108.000549
-171.369415
-166.043686
-90.312759
-121.513611
-20.100918
68.866135
102.939537
-108.000549
28.385096
-108.000549
-158.808090
-169.104614
-90.099792
-118.468231
-11.818255
72.500526
104.571930
-108.000549
-26.003138
-108.000549
-192.372192
-170.890427
-144.558304
-113.689072
-3.551150
77.811836
108.578613
-108.000549
24.152033
-108.000549
-176.203293
-175.871292
-135.552521
-112.622086
-14.231709
79.579948
93.327568
-108.000549
-43.384926
-108.000549
-186.476685
-167.067749
-133.570908
-106.255058
-0.324989
85.231895
114.826012
-108.000549
31.823689
-108.000549
-177.533661
-168.343399
-145.596313
-103.732712
-9.671415
88.053581
122.702057
-108.000549
27.391069
-108.000549
-179.894547
-162.731155
-148.326263
-103.077713
-5.455519
88.053581
125.566650
-108.000549
28.904371
-108.000549
-167.796707
-171.788971
-125.942696
-107.561295
5.654192
84.437431
128.090607
-108.000549
44.030422
-108.000549
-139.980591
-166.693848
-80.120369
-111.900040
-11.013593
79.226433
108.399445
-108.000549
-33.209160
-108.000549
-200.500900
-159.669144
-135.694672
-110.722015
6.687379
79.579948
107.049217
-108.000549
14.461746
-108.000549
-206.741867
-162.990784
-167.645691
-115.116547
-12.890604
75.334549
115.584541
-108.000549
21.301380
-108.000549
-183.785355
-166.560806
-129.050308
-120.845207
1.674330
69.664360
112.207642
-108.000549
-19.425285
-108.000549
-179.918152
-170.257965
-143.323944
-122.598831
-9.044851
68.245468
100.110878
-108.000549
-38.363831
-108.000549
-193.700958
-170.642593
-134.620712
-125.301964
-5.084301
65.405006
112.486595
-108.000549
22.605471
-108.000549
-181.580048
-174.595627
-136.377563
-121.201401
5.935824
70.285019
122.785736
-108.000549
38.997524
-108.000549
-172.361298
-184.293961
-139.014709
-120.269600
11.597968
72.500526
134.607300
-108.000549
46.514145
-108.000549
-168.072433
-183.012405
-135.249420
-113.453033
-0.673140
79.579948
110.519997
-108.000549
28.790110
-108.000549
-179.351135
-191.174362
-143.504196
-114.404686
-2.698744
79.579948
114.486984
-108.000549
-28.901531
-108.000549
-194.698212
-192.831451
-141.321945
-101.241478
-16.608145
93.689980
100.745491
-108.000549
-45.861141
-108.000549
-189.806915
-191.299896
-147.225494
-102.399651
-2.029801
92.281815
114.948326
-108.000549
-33.298744
-108.000549
-196.413742
-204.681992
-143.934418
-102.600822
-10.532405
93.689980
119.025818
-108.000549
24.218552
-108.000549
-186.013733
-201.885513
-138.774384
-99.616592
-4.134263
96.504158
106.726814
-108.000549
-35.550728
-108.000549
-178.765335
-195.637039
-125.953430
-100.815544
0.938868
94.481766
113.521927
-108.000549
-34.123257
-108.000549
-188.798935
-190.156204
-140.774780
-99.598358
-12.238291
95.097061
100.773384
-108.000549
-40.194706
-108.000549
-202.287247
-168.468933
-152.338318
-101.821373
-8.114125
90.080795
115.165581
-108.000549
-19.305122
-108.000549
-185.701523
-169.363174
-155.566086
-109.523064
-8.141483
82.054016
123.586105
-108.000549
-24.591223
-108.000549
-195.900375
-158.139206
-149.514481
-117.196861
-15.422609
72.500526
107.467102
-108.000549
-39.580479
-108.000549
-195.141312
-153.542969
-153.578568
-121.378426
-13.540771
67.446709
102.283470
-108.000549
-32.072441
-108.000549
-187.008835
-148.568008
-166.426346
-130.643311
-15.661325
56.869686
93.941788
-108.000549
-60.052174
-108.000549
-210.506073
-156.734268
-160.074341
-134.987961
-22.232737
53.216515
90.350311
-108.000549
-46.417965
-108.000549
-189.212540
-154.815948
-147.795731
-137.965744
-11.357988
49.738228
101.122612
-108.000549
-36.497013
-108.000549
-183.558975
-156.732117
-139.640198
-138.196945
-11.415387
49.738228
123.433220
-108.000549
-30.195431
-108.000549
-195.108047
-157.499771
-156.479111
-136.397720
0.738775
51.790115
107.619453
-108.000549
-50.013741
-108.000549
-201.015884
-156.605515
-127.671112
-138.925446
9.148574
48.935173
115.785706
-108.000549
-21.058214
-108.000549
-179.320557
-160.944794
-145.901016
-140.016556
-3.290976
48.310219
102.774315
-108.000549
-20.441307
-108.000549
-181.631012
-161.327286
-149.720474
-140.061630
6.799496
48.310219
133.563385
-108.000549
-34.049763
-108.000549
-200.200485
-165.281387
-137.806107
-141.839935
9.796596
46.881134
126.510788
-108.000549
-0.001799
-108.000549
-167.018326
-166.561340
-133.112778
-142.576462
-10.411168
46.256180
102.932564
-108.000549
-36.149933
-108.000549
-195.267365
-162.475800
-146.664368
-142.254059
-17.365065
46.077007
99.613602
-108.000549
-43.250278
-108.000549
-175.968857
-156.731049
-120.225304
-140.829803
-4.540885
46.881134
97.356247
-108.000549
-26.033178
-108.000549
-191.022491
-153.923309
-151.466599
-141.814178
-11.232997
45.452053
91.683372
-108.000549
-42.007877
-108.000549
-194.094711
-157.120499
-146.094131
-143.524887
5.613422
44.021900
109.926689
-108.000549
-40.024117
-108.000549
-200.341568
-156.094299
-152.880127
-147.334702
-4.497434
39.727684
103.745270
-108.000549
-30.612782
-108.000549
-165.922913
-146.650238
-89.226471
-151.794678
13.111271
33.634777
119.470528
-108.000549
-24.946346
-108.000549
-189.305878
-135.031982
-140.210434
-153.439407
-15.308347
30.314201
117.254486
-108.000549
17.841330
-108.000549
-172.822098
-140.393173
-131.449280
-162.491333
-0.656510
21.053606
106.976265
-108.000549
-37.529663
-108.000549
-183.620132
-136.176208
-151.574966
-163.282578
1.829898
19.612722
117.588692
-108.000549
-30.690029
-108.000549
-189.818710
-132.090668
-151.482697
-168.008636
-12.065020
13.842754
110.985092
-108.000549
-27.476742
-108.000549
-191.081497
-133.627579
-143.716095
-176.733322
-5.487169
4.353634
115.209030
-108.000549
-7.441175
-108.000549
-164.831253
-122.896057
-102.579048
-174.705566
-8.259501
5.168489
114.475182
-108.000549
-19.234850
-108.000549
-181.921219
-121.616104
-150.650665
-183.856201
-5.066062
-5.252430
119.576744
-108.000549
-39.195313
-108.000549
-173.381607
-120.980957
-93.927307
-187.424606
-7.132436
-9.339044
99.785263
-108.000549
-43.561951
-108.000549
-168.609955
-111.267067
-80.874603
-186.237991
-3.432597
-9.339044
96.690529
-108.000549
-35.895123
-108.000549
-166.014114
-114.594620
-90.369621
-191.817535
-2.436424
-15.159975
103.265694
-108.000549
-35.601688
-108.000549
-193.248749
-104.117371
-147.512482
-190.547241
-7.959630
-15.159975
101.009956
-108.000549
-41.332497
-108.000549
-187.544739
-104.496101
-158.160858
-198.302048
-22.277262
-23.909878
101.765800
-108.000549
-41.958527
-108.000549
-163.946136
-92.220161
-88.212593
-200.638260
-2.442325
-28.293144
104.792946
-108.000549
-31.738235
-108.000549
-162.885040
-90.304527
-84.225220
-204.253876
-13.437238
-32.682312
96.421768
-108.000549
-30.411079
-108.000549
-165.429398
-77.775391
-94.538315
-203.435257
0.277972
-33.506287
108.353844
-108.000549
-34.162418
-108.000549
-180.672379
-63.698624
-106.369545
-206.383545
-13.101961
-38.909866
104.850876
-108.000549
-39.983883
-108.000549
-165.153122
-52.689228
-82.505386
-208.499817
-0.733221
-42.945515
97.097687
-108.000549
-23.648155
-108.000549
-156.770691
-45.906990
-82.836372
-212.746826
11.162913
-48.823849
112.859421
-108.000549
-18.369568
-108.000549
-156.370499
-35.918442
-91.886147
-215.288483
-20.441023
-53.238766
90.796631
-108.000549
-37.634804
-108.000549
-170.481598
-37.325531
-100.326530
-226.884750
-0.100220
-66.518379
99.389900
-108.000549
-41.548149
-108.000549
-178.097458
-31.690208
-91.156586
-227.427094
-9.080256
-67.996819
106.445724
-108.000549
-29.268459
-108.000549
-180.732468
-38.987427
-98.429138
-236.485977
-19.048956
-77.529922
97.487679
-108.000549
-33.077194
-108.000549
-162.462875
-42.059093
-94.247025
-242.936691
-13.479080
-84.672646
105.910355
-108.000549
-29.841377
-108.000549
-176.532120
-19.912626
-93.572182
-247.354294
4.411793
-93.226212
112.186188
-108.000549
-36.231472
-108.000549
-160.024734
-20.547773
-89.266167
-249.924927
-4.087056
-96.206154
110.861710
-108.000549
-10.890496
-108.000549
-157.691757
-16.322222
-81.164284
-249.383652
13.030805
-96.206154
116.566231
-108.000549
-34.288479
-108.000549
-180.114487
-10.170842
-93.789444
255.910889
-4.098321
-105.159904
100.786797
-108.000549
-29.271677
-108.000549
-138.752136
-12.219515
-30.674913
255.649643
1.225865
-105.159904
98.173248
-108.000549
-31.059101
-108.000549
-158.332260
-12.602534
-87.281868
254.354675
5.483603
-106.654427
106.803528
-108.000549
-34.703152
-108.000549
-138.603546
2.768671
-30.012409
251.893478
10.790623
-111.983444
114.089478
-108.000549
-28.470234
-108.000549
-122.130493
15.324093
-16.151287
247.294022
-4.341329
-119.475922
101.305534
-108.000549
-40.606155
-108.000549
-154.353470
33.396282
-29.788712
241.674255
7.308579
-129.144211
112.007553
-108.000549
-24.945274
-108.000549
-135.744308
47.495583
-35.697083
238.573624
2.925312
-135.165237
93.148933
-108.000549
-37.788765
-108.000549
-156.212250
59.158905
-83.189888
228.994385
-1.159692
-148.745804
100.481560
-108.000549
-30.861691
-108.000549
-132.961792
65.307060
-11.513209
213.834534
10.179616
-168.448227
100.113022
-108.000549
-20.793749
-108.000549
-130.775253
77.880188
-23.640551
202.118118
13.485170
-185.198090
92.755714
-108.000549
-100.804596
-108.000549
-151.862244
101.225067
-17.070747
194.326828
8.915222
-198.956238
99.312119
-108.000549
-25.629238
-108.000549
-160.823502
106.105614
-87.853180
185.347855
1.620686
-211.225189
83.695213
-108.000549
-81.314583
-108.000549
-134.778717
121.249908
-16.835787
183.501419
3.009534
-216.220001
93.325417
-108.000549
-43.980373
-108.000549
-157.611832
116.762573
-10.088420
177.728775
9.838975
-222.857925
73.066696
-108.000549
-95.134399
-108.000549
-156.859726
123.178413
-27.937450
172.979660
10.923123
-230.084869
96.493652
-108.000549
-62.315422
-108.000549
-115.198593
126.774185
-11.352814
169.515854
16.871191
-235.199844
102.767342
-108.000549
-73.090927
-108.000549
-125.720360
130.112991
-17.879166
163.492676
11.519111
-243.609650
98.894768
-108.000549
-78.340546
-108.000549
-128.193893
134.990860
-23.408272
160.588913
-12.504902
-248.256836
81.814987
-108.000549
-86.893578
-108.000549
-130.784363
143.337357
-17.995037
160.558350
22.342897
-249.806625
87.717995
-108.000549
-76.375565
-108.000549
-129.553238
149.756424
-21.903015
157.878281
5.703008
-254.460785
98.950020
-108.000549
-65.497063
-108.000549
-138.579407
157.332596
-21.315075
152.998276
14.727034
249.770523
115.195625
-108.000549
-81.268448
-108.000549
-138.381454
168.508820
-7.549441
152.209702
3.018653
246.659164
108.935883
-108.000549
-62.774616
-108.000549
-141.729935
182.641922
-14.721669
147.130127
12.916542
237.311127
104.401344
-108.000549
-56.439240
-108.000549
-130.082169
202.557327
-14.943220
141.058151
27.852158
225.499207
103.858459
-108.000549
-68.275826
-108.000549
-97.026085
232.254745
56.496891
139.013763
28.502861
216.986420
98.364761
-108.000549
-83.248993
-108.000549
-102.689842
242.151566
64.796181
117.135521
30.952791
185.531067
78.945023
-108.000549
-88.551720
-108.000549
-114.959869
249.224014
38.341015
108.929039
27.902046
172.884979
91.076653
-108.000549
-68.614326
-108.000549
-103.173714
-229.082672
40.263622
105.647621
16.968824
161.493637
94.321053
-108.000549
-79.203148
-108.000549
-119.880119
-209.145279
34.017830
92.823441
14.101542
139.520981
86.845200
-108.000549
-86.184937
-108.000549
-144.951263
-192.167435
-14.461494
86.744476
-2.701963
127.446754
72.265251
-108.000549
-84.017715
-108.000549
-111.168304
-186.120651
42.246311
76.966217
11.309898
112.334114
81.515114
-108.000549
-130.262756
-108.000549
-133.223038
-177.758057
-28.611759
70.336334
-2.835000
101.092979
86.399956
-108.000549
-67.818245
-108.000549
-126.394669
-172.225723
-13.962605
58.824291
10.769165
83.375366
89.527412
-108.000549
-127.382599
-108.000549
-93.649178
-159.101685
60.291145
56.354515
13.534523
76.916077
81.571983
-108.000549
-86.669342
-108.000549
-121.327438
-148.163635
38.475662
49.121132
24.322371
63.972267
98.955383
-108.000549
-62.251587
-108.000549
-92.122467
-134.263885
54.464314
44.632721
36.367100
54.241215
106.609871
-108.000549
-124.988464
-108.000549
-112.488487
-124.224915
47.333923
40.672173
17.940321
46.117874
84.308907
-108.000549
-127.111702
-108.000549
-130.041397
-111.355141
34.626156
33.852386
17.026760
33.092529
91.353996
-108.000549
-127.662628
-108.000549
-125.530457
-113.157585
36.284298
25.867451
2.269244
21.667391
80.442230
-108.000549
-117.880608
-108.000549
-113.800087
-91.661285
41.936783
22.708342
0.366485
11.854259
78.239067
-108.000549
-143.268250
-108.000549
-120.095230
-82.521919
55.535049
20.625340
25.901655
6.530074
102.128433
-108.000549
-123.223572
-108.000549
-114.474930
-75.828201
54.790470
16.506002
24.130859
-1.260135
75.554176
-108.000549
-122.919945
-108.000549
-101.369659
-55.101700
43.792873
18.195257
24.290720
-3.825400
93.207405
-108.000549
-126.804321
-108.000549
-135.632736
-34.632687
37.483242
15.626238
20.964243
-12.762522
77.675804
-108.000549
-126.362289
-108.000549
-100.604156
-22.531094
112.308838
11.131927
28.636435
-22.642170
88.983994
-108.000549
-120.268311
-108.000549
-93.273666
-3.734708
100.608505
7.760927
20.579615
-32.540058
75.989227
-108.000549
-184.337708
-108.000549
-123.304222
15.962364
30.810444
-0.735776
19.251921
-50.735096
64.905266
-108.000549
-139.639221
-108.000549
-104.761581
41.581219
50.436172
-7.075446
7.059670
-67.329926
77.198372
-108.000549
-130.849625
-108.000549
-111.085152
64.495872
102.846008
-17.546791
32.324474
-89.918419
97.392731
-108.000549
-134.264084
-108.000549
-111.069595
76.983696
99.981941
-26.422758
26.834526
-107.365654
71.305557
-108.000549
-134.192734
-108.000549
-100.516174
92.817314
98.927299
-38.350006
21.366573
-130.853226
78.129631
-108.000549
-119.070435
-108.000549
-75.917633
103.887871
99.477150
-48.893238
19.085623
-151.063675
81.613289
-108.000549
-202.842270
-108.000549
-105.953552
118.174927
123.373489
-58.775032
18.097498
-171.344925
57.231468
-108.000549
-194.296753
-108.000549
-109.806816
135.940262
113.112427
-67.987885
28.781811
-191.696991
86.079163
-108.000549
-113.539185
-108.000549
-84.996376
155.372879
99.317825
-72.230064
13.636984
-204.558731
59.370262
-108.000549
-186.774750
-108.000549
-99.420227
177.761276
111.468239
-74.713791
30.875008
-215.528961
85.441872
-108.000549
-181.771896
-108.000549
-106.046890
195.255722
105.933228
-76.560219
30.526320
-224.063751
77.963875
-108.000549
-170.572601
-108.000549
-94.128220
205.287186
132.482803
-77.976433
27.467529
-229.618073
77.874283
-108.000549
-194.930298
-108.000549
-113.167084
219.311386
112.688644
-81.218681
49.990578
-239.456421
80.818817
-108.000549
-178.229782
-108.000549
-99.908386
226.771149
101.143341
-82.031395
30.574600
-243.203461
62.316402
-108.000549
-197.422073
-108.000549
-85.932999
242.846161
129.437958
-83.856369
27.851084
-251.454483
73.450790
-108.000549
-190.730484
-108.000549
-83.534569
-255.912369
173.925079
-86.915161
29.744186
250.994232
53.969368
-108.000549
-195.767685
-108.000549
-94.417900
-242.282455
104.963882
-57.189846
27.255634
-214.783310
58.888538
-108.000549
-172.738754
-108.000549
-89.160767
-191.127350
111.811562
-85.523628
21.304884
232.063751
66.433594
-108.000549
-186.898682
-108.000549
-95.918327
-167.872055
158.913834
-93.307396
39.095440
210.591049
71.569489
-108.000549
-194.229706
-108.000549
-100.439468
-148.348267
163.095398
-99.300537
25.011698
193.273636
57.222885
-108.000549
-191.693924
-108.000549
-105.142448
-136.786865
140.538010
-112.638084
18.473543
165.470917
65.692230
-108.000549
-184.037292
-108.000549
-88.672607
-129.342133
172.044312
-119.856987
38.389484
149.779999
70.344254
-108.000549
-244.526489
-108.000549
-114.986160
-108.290009
148.691925
-128.149841
25.879662
127.050957
66.181465
-108.000549
-246.582672
-108.000549
-121.538261
-93.013206
158.999130
-134.235764
32.194653
110.283394
67.327301
-108.000549
-236.744858
-108.000549
-109.128754
-76.326653
154.821854
-140.801285
38.328865
91.934929
69.109901
-108.000549
-246.812271
-108.000549
-117.475250
-57.343048
151.692795
-149.179962
38.907688
69.014381
82.931862
-108.000549
-222.288300
-108.000549
-92.552155
-23.385204
178.134003
-148.636017
39.224724
56.641888
73.406799
-108.000549
-230.476547
-108.000549
-90.382248
-4.807150
179.262146
-155.513733
36.695938
36.157852
65.942207
-108.000549
-228.654251
-108.000549
-101.984955
23.876932
178.089478
-160.525711
41.005711
14.838044
60.120743
-108.000549
-242.215500
-108.000549
-78.299973
48.073681
210.971237
-164.955109
35.227158
-3.755568
65.706711
-108.000549
-235.537872
-108.000549
-90.607552
80.181870
176.588516
-173.090790
19.175745
-33.355892
45.179764
-108.000549
-233.797653
-108.000549
-80.809982
118.037498
219.317200
-178.099548
34.855404
-59.702164
56.730968
-108.000549
-241.937088
-108.000549
-74.511620
140.013382
232.485764
-182.855103
62.146885
-79.041962
67.696373
-108.000549
211.384827
-108.000549
-116.284882
155.350784
216.536285
-185.706284
31.694691
-91.660683
41.125336
-108.000549
-254.276321
-108.000549
-83.179443
189.677689
225.726059
-176.120605
39.743999
-88.053116
58.492645
-108.000549
210.667068
-108.000549
-98.059273
187.637070
227.431412
-186.581757
40.503601
-108.366562
61.951084
-108.000549
221.621750
-108.000549
-92.786041
207.530487
246.469193
-187.973297
68.266075
-120.579193
79.609673
-108.000549
-235.764252
-108.000549
-87.344376
225.103790
214.593292
-190.882950
46.510139
-135.077072
43.964188
-108.000549
215.537430
-108.000549
-95.070747
-251.623077
237.949432
-190.961807
59.146030
-152.440628
66.590767
-108.000549
214.378708
-108.000549
-104.253571
-227.333527
222.691406
-191.618408
43.248573
-165.970749
51.411613
-108.000549
214.739731
-108.000549
-90.390297
-218.693054
227.983414
-197.803070
36.304333
-183.398682
42.547443
-108.000549
189.091904
-108.000549
-113.561371
-196.577179
-240.642654
-201.448181
47.834614
-202.462769
71.467560
-108.000549
219.349380
-108.000549
-100.757576
-177.267929
-243.566788
-205.681793
45.659878
-221.568665
60.116989
-108.000549
214.394272
-108.000549
-77.860085
-166.336868
-210.044540
-215.397827
51.801605
-248.295807
39.202194
-108.000549
210.314087
-108.000549
-85.235626
-148.810226
-235.517487
-219.542374
57.553871
245.303757
64.298019
-108.000549
208.726227
-108.000549
-96.754646
-129.397476
-233.341675
-227.278931
59.303745
217.633011
52.545113
-108.000549
203.802765
-108.000549
-65.026787
-108.612503
-208.974350
-231.187454
48.608704
197.287384
44.547836
-108.000549
157.776031
-108.000549
-97.869377
-94.668762
-231.759705
-238.394012
55.139347
173.185043
46.065968
-108.000549
159.457245
-108.000549
-90.898842
-77.690384
-216.021576
-244.726700
62.011703
149.021027
53.376598
-108.000549
158.715347
-108.000549
-96.903778
-61.748405
-217.289734
-249.555756
45.712986
128.526794
54.212910
-108.000549
158.709976
-108.000549
-108.945824
-41.770771
-226.728424
-251.649490
64.833389
111.726517
44.124046
-108.000549
149.961685
-108.000549
-73.562119
-14.884842
-166.844330
-251.793793
69.327698
94.897789
36.872963
-108.000549
146.036011
-108.000549
-114.215294
5.049337
-235.407516
-255.277985
48.898384
74.290382
43.850460
-108.000549
153.327866
-108.000549
-84.609062
30.623667
-218.311111
253.318893
48.236412
49.882278
50.820992
-108.000549
153.258667
-108.000549
-93.120247
39.819889
-170.283463
244.839355
56.204720
23.531715
50.376816
-108.000549
164.546463
-108.000549
-94.038635
58.088417
-162.674042
239.654648
72.100563
-0.996016
41.857044
-108.000549
159.588669
-108.000549
-61.690659
78.472672
-108.338921
232.135345
74.230240
-33.156242
50.988358
-108.000549
150.315735
-108.000549
-74.944527
116.938774
-106.243042
227.501022
72.440132
-71.113258
38.265030
-108.000549
147.299332
-108.000549
-76.853722
158.110687
-106.224266
214.160248
75.745682
-134.501373
53.608341
-108.000549
152.368698
-108.000549
-59.605507
143.559692
-30.778006
190.885635
95.477623
-184.908661
46.639957
-108.000549
201.605499
-108.000549
-46.718563
123.997810
-42.036308
171.968552
91.643135
-220.835800
44.088104
-108.000549
164.121078
-108.000549
-49.036533
121.470100
-35.347954
163.346863
105.332069
-242.393784
45.733910
-108.000549
169.950577
-108.000549
-47.327961
130.132019
-45.835392
156.876297
99.923660
245.354813
60.257538
-108.000549
178.335175
-108.000549
-23.785139
99.239410
-24.559572
108.000015
100.262154
107.452782
69.194122
-108.000549
182.740433
-108.000549
1.928129
-247.022644
-225.818176
108.000015
203.116302
-183.695587
44.467369
-108.000549
120.222969
-108.000549
16.964058
231.041565
-180.662094
108.000015
222.236694
-236.583389
74.386345
-108.000549
120.072762
-108.000549
49.324379
229.543289
-141.800644
108.000015
-227.036682
241.298965
109.260429
-108.000549
153.863235
-108.000549
89.804817
242.151810
-128.029648
108.000015
-223.697342
210.717499
144.640381
-108.000549
199.374969
-108.000549
140.735138
-255.002213
-89.900963
108.000015
-190.498016
182.151413
159.919312
-108.000549
206.407181
-108.000549
156.110641
-236.555054
-8.807051
108.000015
-160.642334
155.606125
168.380615
-108.000549
231.393570
-108.000549
181.196808
-211.156677
-9.067225
108.000015
-138.666473
135.174133
201.572968
-108.000549
225.521683
-108.000549
182.948288
-181.320847
19.076124
108.000015
-120.931168
127.893013
182.183792
-108.000549
202.567871
-108.000549
208.600403
-138.517624
-17.005491
108.000015
-135.576019
120.866158
206.770538
-108.000549
217.742737
-108.000549
211.796524
-92.111107
80.241226
108.000015
-59.405571
104.507370
-237.623901
-108.000549
-248.966080
-108.000549
220.333466
-63.341732
61.006031
108.000015
-100.887550
86.096680
227.932632
-108.000549
238.172592
-108.000549
221.477692
-33.760181
18.396990
108.000015
-112.689812
64.735565
224.503159
-108.000549
169.984909
-108.000549
204.973526
-2.266752
24.084883
108.000015
-103.589073
49.252243
237.490952
-108.000549
179.452042
-108.000549
224.232864
27.201073
109.077126
108.000015
-49.820431
32.355396
252.603058
-108.000549
195.670303
-108.000549
223.033920
59.427284
92.040260
108.000015
-55.970737
19.422855
241.782486
-108.000549
204.652481
-108.000549
219.400055
103.548019
43.234783
108.000015
-55.460579
3.028120
-229.377716
-108.000549
211.710983
-108.000549
219.970825
130.857193
40.923256
108.000015
-63.164955
-12.731470
-236.678162
-108.000549
197.641724
-108.000549
221.582840
156.168671
43.640869
108.000015
-87.333267
-19.523359
247.340027
-108.000549
212.147644
-108.000549
245.589676
170.628464
66.216492
108.000015
-69.954163
-23.624456
255.169937
-108.000549
116.581596
-108.000549
168.233688
167.835205
14.940695
108.000015
-105.026199
-11.321700
242.258850
-108.000549
142.210648
-108.000549
199.119339
162.003006
94.241821
108.000015
-76.000397
-6.067789
241.099609
-108.000549
146.760208
-108.000549
198.110291
153.128647
81.083977
108.000015
-46.478394
2.131189
-243.339691
-108.000549
137.927689
-108.000549
213.283005
154.222992
88.988441
108.000015
-56.521660
7.127072
238.628220
-108.000549
143.439087
-108.000549
193.129425
169.778198
81.753990
108.000015
-44.352474
-6.452418
-236.143326
-108.000549
168.052124
-108.000549
217.687729
189.197922
86.586792
108.000015
-57.600983
-29.135862
-251.987671
-108.000549
138.540848
-108.000549
180.880295
229.887054
83.963593
108.000015
-62.067398
-53.239269
234.752426
-108.000549
153.479141
-108.000549
217.177048
-237.693481
95.348495
108.000015
-47.901039
-74.915810
250.464264
-108.000549
132.401810
-108.000549
192.418106
-199.194656
73.114059
108.000015
-70.160156
-94.289406
227.037323
-108.000549
94.907196
-108.000549
168.619385
-163.330826
81.630608
108.000015
-72.590775
-114.824944
235.970688
-108.000549
95.771400
-108.000549
187.803085
-130.200714
103.722900
108.000015
-59.957035
-131.257233
242.061447
-108.000549
36.777821
-108.000549
145.308853
-72.182922
64.248283
108.000015
-96.879799
-116.878441
201.747833
-108.000549
7.956947
-108.000549
131.758331
-51.287979
64.871628
108.000015
-78.560303
-153.858597
189.555573
-108.000549
-70.217651
-108.000549
115.280441
-25.580610
131.696198
108.000015
-37.094955
-175.310898
195.364716
-108.000549
-68.607788
-108.000549
85.404915
-7.727825
125.516922
108.000015
-60.336838
-192.913177
181.390396
-108.000549
-86.921379
-108.000549
92.828735
15.990952
133.513123
108.000015
-61.491795
-213.476074
186.947937
-108.000549
-75.876579
-108.000549
100.285820
31.067652
127.279129
108.000015
-64.165955
-239.314331
206.525391
-108.000549
-77.074455
-108.000549
72.158028
56.342110
59.043728
108.000015
-102.917984
250.698593
192.699142
-108.000549
-78.038437
-108.000549
91.263939
74.290382
81.285675
108.000015
-77.116737
236.809586
188.618408
-108.000549
-142.333679
-108.000549
59.859024
109.858086
69.298882
108.000015
-112.478989
-252.557465
147.339218
-108.000549
-151.991776
-108.000549
59.221729
146.112442
82.284531
124.280487
-93.345177
-203.194092
186.655029
-108.000549
-81.712524
-108.000549
86.552368
162.853180
119.667023
131.900650
-67.279999
-201.651825
187.685547
-108.000549
-85.634987
-108.000549
64.319000
132.023331
163.987305
108.000015
-30.117992
245.940353
183.937958
-108.000549
-99.448372
-108.000549
68.425461
139.710541
145.310547
108.000015
-80.488274
227.420776
160.023926
-108.000549
-55.457455
-108.000549
88.052795
188.024628
169.433807
122.802589
-57.344028
202.722992
151.857666
-108.000549
-124.373070
-108.000549
61.872288
189.298676
134.116623
121.487770
-57.215816
192.430832
149.683472
-108.000549
-131.835510
-108.000549
29.639643
200.989914
104.467484
124.659752
-73.184616
181.237411
151.203201
-108.000549
-122.716003
-108.000549
44.078510
252.668564
139.904831
141.713776
-74.894257
146.235657
154.996384
-108.000549
-189.089951
-108.000549
11.517027
223.981812
122.414139
125.389847
-73.668488
127.703201
143.999863
-108.000549
-158.040161
-108.000549
21.979252
-248.295807
148.155304
142.317276
-22.823454
121.138763
189.950394
-108.000549
-141.039246
-108.000549
40.448944
-211.610168
206.576508
154.686005
-14.827789
94.751724
156.869644
-108.000549
-175.933716
-108.000549
0.823059
-198.806366
191.059372
157.111801
-10.384978
74.155037
182.306107
-108.000549
-96.996300
-108.000549
49.144672
-144.151520
188.243591
178.323242
-28.324131
46.219292
183.148849
-108.000549
-101.899376
-108.000549
55.292294
-129.637558
234.709122
180.113358
14.737667
15.320244
162.981857
-108.000549
-112.039200
-108.000549
33.902210
-129.637558
209.378342
177.207443
-5.326868
-2.059937
163.319824
-108.000549
-111.721626
-108.000549
44.047398
-112.548660
215.662766
178.545334
0.048816
-44.416847
154.365524
-108.000549
-134.334793
-108.000549
53.522572
-82.645241
-213.416809
189.584229
58.396526
-67.075081
171.666321
-108.000549
-120.131424
-108.000549
61.603531
-84.447685
-217.858551
188.545685
61.912903
-67.976303
185.839645
-108.000549
-92.194603
-108.000549
55.661366
-77.240593
-137.041428
193.118317
113.425804
-61.796494
164.258591
-108.000549
-96.315018
-108.000549
73.956711
-78.253929
-139.531052
193.283005
172.595337
-57.677158
194.767120
-108.000549
-49.094719
-108.000549
102.684792
-14.688789
-127.694466
220.673187
163.847580
-86.513054
199.924469
-108.000549
-43.511429
-108.000549
98.424904
-64.644936
-119.145729
187.747986
137.775970
-135.039581
183.455704
-108.000549
-102.132729
-108.000549
79.642998
6.938938
-167.508102
215.728806
97.292854
-189.471802
146.642380
-108.000549
-243.680954
-108.000549
-3.967904
54.872704
-236.262253
238.903091
17.218174
-201.822311
136.508987
-108.000549
-238.972610
-108.000549
-35.239780
75.082077
-182.941528
241.044571
60.820705
252.556931
137.110886
-108.000549
240.315765
-108.000549
-50.282150
91.934929
-223.101730
246.168121
43.084328
225.815308
172.190414
-108.000549
202.409714
-108.000549
-90.614525
116.535088
-189.505966
253.866608
89.160393
186.745163
144.897339
-108.000549
206.445908
-108.000549
-60.491711
76.075027
-171.066315
226.684021
91.859764
148.592346
152.507828
-108.000549
216.086304
-108.000549
-29.746082
163.184601
-182.217880
-239.671280
90.608246
135.365829
167.579163
-108.000549
172.638260
-108.000549
-91.448692
166.232666
-174.928162
-241.526291
97.889915
109.561913
166.563675
-108.000549
191.009781
-108.000549
-59.874268
175.910614
-129.211517
-241.246277
149.615784
71.708427
161.403641
-108.000549
208.550369
-108.000549
-67.515877
177.649216
-178.809860
-246.676666
101.367668
23.368038
171.742493
-108.000549
173.324905
-108.000549
-119.718109
189.804993
-189.753265
-245.330200
65.919052
-19.038763
138.686951
-108.000549
99.628525
-108.000549
-164.213272
210.591049
-229.213409
-236.869446
70.287834
-45.157043
167.648895
-108.000549
61.483749
-108.000549
-194.771164
236.478653
252.133835
-225.254410
21.194818
-70.876747
158.671555
-108.000549
77.348480
-108.000549
-199.540131
-252.420074
243.921448
-215.249756
7.524134
-98.372086
142.910889
-108.000549
83.344292
-108.000549
-193.921432
-215.528961
255.629288
-197.505875
29.510204
-131.086990
179.381958
-108.000549
49.333878
-108.000549
-218.927673
-183.420227
-248.954468
-181.207153
36.230747
-155.606125
156.303696
-108.000549
66.968330
-108.000549
-190.777878
-144.529266
-247.752838
-162.766968
42.968456
-200.518127
157.311127
-108.000549
40.152672
-108.000549
-222.839401
-87.311310
-254.553848
-129.830505
-3.804446
-224.992752
138.853775
-108.000549
33.230965
-108.000549
-247.495880
-86.581749
248.317047
-133.654266
38.699451
249.182266
147.350479
-108.000549
28.830532
-108.000549
-234.117020
-67.329926
192.618835
-125.321716
-2.659142
213.688065
164.495163
-108.000549
60.415691
-108.000549
-226.706085
-40.802872
192.758850
-111.969681
-20.761909
179.122421
156.082138
-108.000549
58.342880
-108.000549
-237.249847
-19.964788
204.303604
-99.884720
-12.517335
164.900803
170.410507
-108.000549
44.305805
-108.000549
-254.513611
-2.901647
205.301392
-92.188919
-0.509620
131.278244
161.007751
-108.000549
40.999714
-108.000549
-217.148834
69.538391
-245.747620
-47.331116
45.181278
91.869072
189.277161
-108.000549
13.628842
-108.000549
227.542267
79.944824
213.880707
-45.102734
35.011414
42.781963
196.497681
-108.000549
22.587420
-108.000549
191.258392
108.523232
92.648590
-27.549286
-85.232025
18.525137
151.237000
-108.000549
-80.241508
-108.000549
80.153786
125.847618
49.812099
-18.393831
-69.967041
-13.276211
162.870819
-108.000549
-106.012184
-108.000549
15.452996
156.134583
-53.876217
1.070424
-130.531326
-36.596409
180.357742
-108.000549
-130.581223
-108.000549
-112.675606
150.669861
-183.816376
-8.996980
-173.707382
-102.399055
144.253067
-108.000549
-181.969650
-108.000549
-117.742836
217.671982
-135.492081
34.471977
-155.123962
-166.129944
179.073502
-108.000549
-133.141113
-108.000549
-111.688553
238.870560
-126.026573
51.201992
-154.973221
-157.234131
162.876709
-108.000549
-120.883957
-108.000549
-55.821354
222.370148
-66.668205
32.826710
-142.448380
-226.171219
156.769867
-108.000549
-93.360191
-108.000549
19.451097
-225.072906
8.479789
78.161407
-93.077492
237.925125
159.435440
-108.000549
-100.716431
-108.000549
34.596996
-171.488251
44.221298
111.010429
-73.655075
116.721451
177.952347
-108.000549
-77.537842
-108.000549
87.575455
-191.497528
103.511002
88.184822
-46.821182
22.803892
182.435928
-108.000549
-59.453316
-108.000549
88.012657
-231.241974
45.297401
53.539803
-62.994370
-27.201073
232.923157
-108.000549
-36.311214
-108.000549
110.042717
-221.991043
148.906860
58.623665
-0.270903
-58.570583
198.052292
-108.000549
-81.668442
-108.000549
91.133141
-203.552460
148.763092
70.989182
-19.464256
-90.362808
228.468002
-108.000549
8.563222
-108.000549
139.069046
-188.251526
167.728455
80.607582
4.481435
-129.395935
213.788284
-108.000549
-13.415874
-108.000549
130.134613
-155.649261
225.648621
104.731384
53.031570
-162.489563
220.893448
-108.000549
-0.672162
-108.000549
191.292191
-108.336708
213.033661
141.304916
69.002518
-201.320984
-247.491745
-108.000549
-41.076962
-108.000549
127.693268
-91.085808
211.277893
152.980560
46.795967
-249.218811
253.622833
-108.000549
33.599499
-108.000549
212.172134
-75.398643
-224.756119
163.888031
84.391426
220.354080
-251.502182
-108.000549
35.712009
-108.000549
208.442795
-40.010105
-224.178360
192.791000
120.907021
191.508514
-209.245056
-108.000549
57.329544
-108.000549
222.919205
-3.528306
-191.922638
224.318756
146.246933
179.989487
-241.586594
-108.000549
47.979359
-108.000549
219.503693
13.842754
-159.893311
238.349396
157.290649
150.760925
-229.552063
-108.000549
62.177902
-108.000549
221.239075
61.140297
-137.983963
-230.806671
195.258408
141.671997
-202.649506
-108.000549
68.674751
-108.000549
243.731003
77.723320
-102.679649
-217.005096
193.849182
108.126144
-245.881882
-108.000549
76.467102
-108.000549
-234.253815
105.544273
-110.305702
-192.045532
190.415939
78.720001
-213.029114
-108.000549
97.441986
-108.000549
-247.427750
123.717316
-75.973961
-176.343323
223.222046
40.737236
255.831909
-108.000549
70.577507
-108.000549
-237.432236
150.853226
-73.747726
-151.164352
236.840698
10.444366
-208.387283
-108.000549
80.729134
-108.000549
-236.954269
197.408340
-55.303246
-105.415527
221.028000
-13.279240
-221.041412
-108.000549
106.979385
-108.000549
-206.613647
215.005234
-32.994774
-87.850807
-242.389206
-25.415165
-190.994751
-108.000549
104.723114
-108.000549
-225.234619
244.528320
-21.559441
-57.370186
-250.139191
-34.828110
236.857422
-108.000549
63.404209
-108.000549
-201.945007
-248.850784
-13.781034
-37.590500
-233.847977
-35.881680
-226.722336
-108.000549
114.759933
-108.000549
-168.194748
-250.176865
-31.402077
-38.964325
246.176392
-34.823818
254.095444
-108.000549
90.381332
-108.000549
-199.960159
250.444733
-12.088024
-50.261257
243.840195
-15.984515
244.639038
-108.000549
89.057930
-108.000549
-190.910370
230.981018
-43.623295
-69.985153
244.124496
1.825355
246.937164
-108.000549
84.919815
-108.000549
-201.234207
168.745163
-41.380966
-133.350739
208.609909
10.444366
248.116257
-108.000549
74.267693
-108.000549
-247.822571
163.853348
-2.067827
-138.068741
-235.969604
14.226282
253.101944
-108.000549
72.354202
-108.000549
-233.019470
172.858063
6.538847
-129.098358
-235.894501
13.163054
-252.983841
-108.000549
69.932709
-108.000549
-223.546982
176.965057
-23.560905
-123.586960
210.539490
42.633022
227.755081
-108.000549
49.297401
-108.000549
-245.673050
201.479401
4.409709
-100.378876
-246.141617
5.837940
236.743698
-108.000549
46.674732
-108.000549
235.922562
237.846939
-39.193359
-64.050491
-246.256958
-26.472490
241.467072
-108.000549
7.997275
-108.000549
187.509201
-231.676056
-32.407906
-20.084791
-227.619888
-59.260891
230.817627
-108.000549
9.818496
-108.000549
169.035233
-208.404144
-49.701183
4.616746
-252.080566
-77.190918
231.879242
-108.000549
-33.874695
-108.000549
153.694061
-185.986221
-42.810047
28.565121
-244.047882
-100.931160
237.056442
-108.000549
13.007107
-108.000549
174.133026
-170.987305
-10.533416
44.658913
-208.090729
-121.001595
250.663284
-108.000549
-20.728649
-108.000549
156.928802
-138.551895
-5.230688
80.612320
-216.496231
-152.637177
212.751343
-108.000549
-10.882796
-108.000549
168.677414
-105.748474
-26.182499
118.152527
-229.084381
-178.585403
229.330063
-108.000549
-29.324059
-108.000549
128.376694
-77.478523
-0.518046
151.690323
-221.155762
-189.988007
230.411530
-108.000549
-31.749847
-108.000549
92.668968
-48.770836
-30.954147
187.175949
-227.097931
-183.177887
217.612564
-108.000549
-67.851852
-108.000549
83.702347
-18.367456
-40.072048
227.167709
-223.490906
-135.537552
213.169220
-108.000549
-77.953583
-108.000549
47.275799
-0.988885
-26.926006
249.287888
-254.432327
-137.320160
188.042267
-108.000549
-107.172501
-108.000549
31.238335
12.164133
-38.402107
-246.712265
251.982834
-162.490005
166.477310
-108.000549
-111.734940
-108.000549
23.392336
30.644020
-53.481491
-223.547638
-228.011490
-188.366882
209.745117
-108.000549
-76.769119
-108.000549
33.187229
41.997272
-38.408009
-209.462814
-242.493820
-213.166061
201.790222
-108.000549
-88.981758
-108.000549
29.200928
57.021938
-66.758423
-189.936859
251.218948
-227.838821
157.474747
-108.000549
-169.924393
-108.000549
-78.337959
77.451790
-63.238831
-163.089554
243.465759
-250.262634
147.761398
-108.000549
-187.814194
-108.000549
-62.750572
96.759407
-72.856697
-137.586044
247.549683
232.152664
175.855392
-108.000549
-149.959106
-108.000549
0.077499
117.600708
-53.748638
-109.588608
234.579590
199.731201
156.858383
-108.000549
-154.004944
-108.000549
-60.217495
140.698288
-77.074196
-78.043671
228.471664
161.111130
138.303391
-108.000549
-163.923752
-108.000549
-79.208611
160.831482
-86.371269
-50.275837
245.133011
118.817520
145.247635
-108.000549
-164.238113
-108.000549
-75.854774
177.942368
-57.602970
-26.051731
254.288467
90.131287
152.690216
-108.000549
-147.747360
-108.000549
-87.054604
196.141174
-65.308960
0.322971
-229.168060
66.975777
151.618942
-108.000549
-191.009232
-108.000549
-97.301727
214.176346
-64.850838
26.740051
-253.119110
39.318443
140.597748
-108.000549
-162.678131
-108.000549
-87.554031
229.293274
-53.892403
49.332302
-244.055389
20.889521
158.875931
-108.000549
-178.843277
-108.000549
-90.887482
245.227203
-64.893753
73.394936
-239.169479
-1.248899
128.571793
-108.000549
-212.844574
-108.000549
-164.213715
-254.477615
-101.611595
92.048622
235.106384
-24.146385
132.766235
-108.000549
-213.358490
-108.000549
-182.936615
-240.155151
-53.521721
114.074936
-204.424683
-49.462685
136.767563
-108.000549
-187.752502
-108.000549
-164.901443
-224.767319
-56.064995
138.126297
-209.560043
-73.875618
114.710678
-108.000549
-210.199387
-108.000549
-162.854904
-211.964600
-36.245075
158.378586
-209.699524
-94.723892
119.553139
-108.000549
-221.199661
-108.000549
-162.063126
-191.676346
-42.644825
191.198105
-212.093124
-116.295830
105.166840
-108.000549
-218.046463
-108.000549
-142.369812
-175.290207
-36.122765
217.883408
-207.138000
-145.609161
144.057266
-108.000549
-222.283813
-108.000549
-208.832825
-159.430298
-63.135834
244.102005
-235.022797
-173.799713
102.796310
-108.000549
-253.078247
-108.000549
-241.927521
-145.832581
-24.587120
-245.203354
-132.844559
-202.879166
172.102982
-121.043060
-203.301285
-108.000549
-224.782837
-129.926544
-43.654408
-218.143082
-203.089478
-229.253860
118.803734
-136.432510
-243.955521
-108.000549
-221.308838
-113.185799
-27.938272
-189.353836
-155.160538
247.759460
150.874908
-157.104294
-215.769806
-108.000549
-204.839539
-108.000549
-27.683998
-155.084869
-184.777496
218.116760
139.432068
-175.036469
-224.854446
-108.000549
-234.603485
-108.000549
-30.611362
-124.213181
-170.464142
181.391937
119.554214
-197.514465
-231.469299
-108.000549
-227.978958
-108.000549
-26.564981
-101.969620
-184.698639
142.643143
136.067505
-221.574417
-223.811066
-108.000549
-192.656952
-108.000549
15.272657
-68.989708
-135.803040
106.930069
146.569962
-244.368362
-219.677780
-108.000549
-207.359741
-108.000549
-18.410528
-49.971233
-150.026260
72.403053
140.046295
245.360779
-254.532013
-108.000549
-220.121704
-108.000549
-0.406466
-35.403080
-85.549698
38.726845
166.020264
223.300690
-212.164917
-108.000549
-200.527618
-108.000549
-34.725334
-22.785429
-179.129288
3.794286
110.354233
200.034668
-245.141602
-108.000549
-197.555740
-108.000549
40.821236
-3.100696
-85.678444
-30.916721
152.001434
176.355576
-230.401245
-108.000549
-203.357361
-108.000549
30.892771
13.479650
-106.109909
-59.688782
154.551132
156.374191
-219.492706
-108.000549
-222.397278
-108.000549
21.479288
33.382717
-112.975830
-85.676704
143.171600
137.957062
-230.791779
-108.000549
-234.911942
-108.000549
36.063534
49.648708
-67.160469
-112.502556
156.405624
118.736359
-223.760101
-108.000549
-252.059830
-108.000549
12.977758
57.713036
-84.291740
-130.735672
170.905106
105.562958
-221.402435
-108.000549
-249.123352
-108.000549
20.243864
62.189644
-79.867165
-150.380173
154.789322
91.301643
-221.099350
-108.000549
-246.916428
-108.000549
38.251678
74.629196
-94.648819
-175.335983
172.806259
72.815857
-200.982773
-108.000549
-249.771912
-108.000549
17.982225
95.561691
-64.675133
-199.211960
167.271240
54.683590
-223.937119
-108.000549
-218.209290
-108.000549
67.125664
121.415512
-25.070169
-202.270737
174.129654
51.830254
-188.905319
-108.000549
-226.822937
-108.000549
64.450432
199.499451
-35.230915
-229.486053
142.098709
29.461164
-237.983322
-108.000549
-225.606277
-108.000549
77.570724
234.156281
-27.604858
250.741104
189.761032
4.176514
-199.316055
-108.000549
-246.723312
-108.000549
48.688160
-252.198105
-47.208588
229.596176
149.772522
-13.012157
-237.615311
-108.000549
-238.619827
-108.000549
77.617928
-235.718613
-17.988600
200.065598
176.600510
-36.866653
-220.620834
-108.000549
228.013885
-108.000549
40.827675
-221.050690
-24.014452
166.742889
177.469009
-64.197830
-223.948929
-108.000549
220.349747
-108.000549
46.622318
-195.236572
-14.883139
133.953949
172.911926
-92.000534
-245.585236
-108.000549
219.187286
-108.000549
72.277115
-196.339493
-0.671184
100.289551
178.188904
-120.283363
-222.019348
-108.000549
228.288010
-108.000549
93.469246
-228.580719
38.324383
95.118240
196.121109
-123.673676
-246.405457
-108.000549
214.667755
-108.000549
106.262321
-206.449280
43.079941
67.887383
170.198608
-147.776550
-219.645584
-108.000549
-254.917465
-108.000549
116.750290
-165.693634
69.412262
43.436359
222.820877
-170.504517
-226.666000
-108.000549
214.988556
-108.000549
93.509483
-123.940758
39.359180
16.667913
193.195892
-195.790253
-233.934784
-108.000549
214.764313
-108.000549
98.177605
-94.875259
42.638451
-8.704715
184.806992
-219.850739
-213.708252
-108.000549
240.540344
-108.000549
111.042015
-66.775902
46.941784
-36.888298
199.871902
-246.946411
-220.354233
-108.000549
233.340759
-108.000549
109.734711
-42.355461
46.202568
-57.083187
172.103516
245.112503
-239.563675
-108.000549
222.040619
-108.000549
119.084351
-22.352615
101.237755
-84.918617
176.689560
217.702469
244.789780
-108.000549
151.657288
-108.000549
102.070564
4.774712
72.843880
-105.376907
154.715820
196.644989
243.619812
-108.000549
146.558411
-108.000549
102.679428
35.050953
102.085335
-126.701538
202.845932
174.227600
-225.013229
-108.000549
172.985138
-108.000549
103.122528
57.813255
38.403778
-146.544525
189.966492
153.268280
-247.628540
-108.000549
152.684570
-108.000549
103.371971
88.235947
106.780807
-169.222595
167.226730
128.677795
-254.011124
-108.000549
154.658676
-108.000549
120.888405
125.782051
142.816818
-178.157043
213.120407
117.526237
-252.197952
-108.000549
174.216812
-108.000549
138.052399
147.411377
129.307602
-195.875732
196.839935
97.910172
-234.120392
-108.000549
185.276093
-108.000549
152.468735
176.991852
136.097885
-213.769272
217.341125
77.369804
-225.347961
-108.000549
123.831512
-108.000549
110.772720
212.655594
118.119576
-231.727737
213.875717
56.067703
-239.016510
-108.000549
128.736206
-108.000549
150.979034
253.126373
206.823456
-245.845276
-248.104904
38.295383
-213.588623
-108.000549
145.003265
-108.000549
162.218567
-224.082214
181.280777
240.733871
181.492859
8.062057
251.072052
-108.000549
109.277847
-108.000549
137.328735
-187.257080
188.104309
219.639374
214.062393
-18.073927
-230.895844
-108.000549
126.070625
-108.000549
145.943985
-152.277313
165.552292
197.429611
193.169067
-45.883072
-248.767944
-108.000549
124.809982
-108.000549
148.565048
-116.356102
200.773468
175.572281
242.283524
-73.916985
-215.739227
-108.000549
140.714951
-108.000549
161.372589
-82.054398
184.899078
157.658340
236.328491
-97.696922
-212.174026
-108.000549
135.739990
-108.000549
154.148865
-42.894142
214.921051
132.307175
226.552917
-131.307144
-231.717682
-108.000549
100.015648
-108.000549
142.604111
-29.777067
187.661743
107.864197
234.190231
-162.375183
-218.279266
-108.000549
124.342743
-108.000549
165.203323
-1.665904
254.916550
85.412491
205.024429
-192.835434
243.455124
-108.000549
43.482178
-108.000549
138.497101
18.005419
215.245056
65.059357
211.976715
-220.451447
-244.054764
-108.000549
35.882942
-108.000549
136.601318
57.420486
216.243378
43.966995
199.183655
-251.357483
244.187897
-108.000549
30.575388
-108.000549
121.751007
87.909691
225.494858
26.074516
196.793808
234.190643
225.614670
-108.000549
52.073296
-108.000549
144.600204
113.627792
215.570145
12.726233
217.712341
213.851456
244.580566
-108.000549
65.412994
-108.000549
141.205063
149.673462
228.072464
-5.493478
200.069321
185.531067
251.656235
-108.000549
65.064308
-108.000549
160.599045
188.153503
-230.096207
-21.602291
205.863419
159.311401
218.482681
-108.000549
14.746061
-108.000549
148.334381
210.036591
-252.642853
-43.211243
194.033264
126.747231
220.473953
-108.000549
-11.619520
-108.000549
151.463440
243.906448
-213.865616
-49.534286
242.308746
113.937538
-252.090668
-108.000549
-3.871691
-108.000549
154.771683
-238.158539
-214.922943
-69.561806
255.588898
81.761749
-244.458710
-108.000549
-0.981342
-108.000549
172.008621
-203.301636
-191.796387
-86.177551
234.606506
53.328190
245.261856
-108.000549
-0.603687
-108.000549
150.100876
-178.152145
-243.798004
-105.445473
202.140518
21.667391
232.631332
-108.000549
-37.960960
-108.000549
160.590469
-142.064636
-206.674088
-121.038231
251.962006
-6.494735
-248.302307
-108.000549
7.355501
-108.000549
185.567200
-109.936066
-162.688522
-138.490295
202.483307
-37.496246
-254.248230
-108.000549
-50.170918
-108.000549
166.764908
-75.748085
-151.429672
-156.747009
240.867325
-70.654793
242.586090
-108.000549
-69.409332
-108.000549
162.012039
-43.525093
-153.121078
-174.886795
249.943375
-104.018257
223.889481
-108.000549
-67.669647
-108.000549
191.567291
-15.293768
-134.561798
-191.034760
254.051453
-134.216721
252.749512
-108.000549
-46.822445
-108.000549
176.639725
19.030464
-152.778824
-209.440628
229.572540
-169.651917
245.621811
-108.000549
-65.695541
-108.000549
186.267258
61.495205
-140.937408
-224.668076
231.577225
-201.899048
236.532333
