230.351898
-0.751555
174.980896
-0.749946
229.411514
-0.750482
246.595886
-0.750482
-232.732178
-0.751555
231.057312
-0.750482
175.141830
-0.750482
229.207123
-0.750482
246.450516
-0.750482
-232.915115
-0.751555
231.511139
-0.750482
174.824783
-0.750482
228.749008
-0.750482
246.201599
-0.751555
-233.135056
-0.751019
232.219788
-0.749409
174.999130
-0.749946
228.590225
-0.749946
246.356094
-0.750482
-232.936035
-0.749409
232.745499
-0.749946
174.836060
-0.752092
228.693756
-0.751019
246.601791
-0.749409
-232.923691
-0.748336
233.552307
-0.748873
174.850006
-0.749409
228.342926
-0.750482
246.355560
-0.750482
-233.028305
-0.749946
234.087677
-0.749946
174.586075
-0.748873
227.533432
-0.749409
246.328735
-0.749409
-233.431702
-0.751555
234.448700
-0.751019
174.611282
-0.750482
227.465302
-0.750482
246.154404
-0.752092
-233.572250
-0.752092
235.132126
-0.750482
174.321075
-0.749946
227.106430
-0.748336
245.838440
-0.750482
-233.629654
-0.751019
235.836472
-0.751019
174.264206
-0.750482
226.925644
-0.752092
245.755829
-0.751019
-233.859787
-0.751555
236.466263
-0.750482
174.426208
-0.751019
226.652054
-0.751555
245.695206
-0.750482
-233.772873
-0.751555
237.218887
-0.751555
174.212173
-0.749409
226.581253
-0.750482
245.506912
-0.749946
-234.202026
-0.751019
237.643219
-0.752092
173.938049
-0.751019
225.956299
-0.751555
245.300385
-0.751555
-234.399445
-0.750482
238.152298
-0.750482
174.064651
-0.748873
225.737961
-0.748873
245.128723
-0.749409
-234.582367
-0.749409
238.730042
-0.751555
174.025497
-0.751555
225.467590
-0.751019
245.213486
-0.749946
-234.680008
-0.749946
239.626434
-0.752092
174.228806
-0.751555
225.315247
-0.749409
245.343292
-0.749409
-234.536774
-0.749946
240.200974
-0.748873
174.052856
-0.749409
224.727844
-0.750482
245.088486
-0.749409
-234.954132
-0.752092
240.495468
-0.752092
174.006180
-0.750482
224.633957
-0.750482
245.133545
-0.749409
-234.993286
-0.749946
241.320526
-0.749946
174.086639
-0.749409
224.225189
-0.749409
244.898590
-0.750482
-235.087158
-0.750482
241.986786
-0.749409
174.125275
-0.748873
223.944641
-0.749409
244.984421
-0.751555
-235.281357
-0.750482
242.482986
-0.749946
174.019058
-0.749409
223.642075
-0.749946
244.722641
-0.750482
-235.558151
-0.751019
242.839188
-0.750482
173.977753
-0.750482
223.292862
-0.750482
244.753754
-0.749409
-235.617706
-0.749946
243.583237
-0.749946
174.143509
-0.750482
223.061111
-0.749409
244.745697
-0.749409
-235.853745
-0.749409
244.219986
-0.751019
174.233093
-0.751555
222.800934
-0.751019
244.710831
-0.751555
-235.929382
-0.752092
244.969940
-0.751555
174.167114
-0.751019
222.567047
-0.751555
244.691528
-0.749946
-236.571503
-0.751019
245.019287
-0.750482
173.955215
-0.749946
221.950684
-0.751019
244.334793
-0.750482
-236.625671
-0.751555
245.737045
-0.750482
173.916595
-0.750482
221.578934
-0.750482
244.335861
-0.751019
-236.772125
-0.749946
246.472504
-0.750482
174.245438
-0.750482
221.395996
-0.750482
244.185120
-0.749409
-237.291397
-0.750482
246.677963
-0.750482
173.867783
-0.749409
220.615479
-0.749409
243.729675
-0.750482
-237.682999
-0.751019
247.343155
-0.748336
173.986862
-0.749409
220.385345
-0.751555
243.910995
-0.750482
-237.603607
-0.750482
247.827560
-0.750482
174.168716
-0.751019
220.184708
-0.749946
243.950165
-0.750482
-237.691589
-0.750482
248.552292
-0.748336
174.239532
-0.750482
219.823685
-0.750482
243.978058
-0.750482
-237.902405
-0.749946
249.000763
-0.751019
174.294785
-0.749409
219.411697
-0.749409
243.885788
-0.749409
-238.079971
-0.750482
249.689545
-0.749409
174.497025
-0.750482
219.010437
-0.750482
243.710373
-0.749946
-238.350342
-0.749946
250.044144
-0.749409
174.490585
-0.749409
218.668732
-0.749409
243.549438
-0.748873
-238.493561
-0.748873
250.504410
-0.748873
174.594650
-0.749409
218.543732
-0.750482
243.731827
-0.749946
-238.680252
-0.751019
251.348770
-0.751555
174.842499
-0.750482
218.160721
-0.749409
243.832138
-0.750482
-238.719940
-0.751019
251.818146
-0.750482
174.954605
-0.751555
217.859772
-0.751019
243.515640
-0.751555
-239.091705
-0.750482
252.452759
-0.751019
175.282913
-0.750482
217.508408
-0.749409
243.705002
-0.749409
-239.253708
-0.748873
252.904449
-0.749946
175.141830
-0.749409
216.977325
-0.747263
243.265121
-0.748873
-239.566986
-0.749946
253.455902
-0.750482
175.226044
-0.751555
216.674240
-0.751555
243.350952
-0.750482
-239.766006
-0.751019
254.018097
-0.751555
175.409515
-0.749946
216.239182
-0.749409
243.246353
-0.749946
-239.830917
-0.749946
254.593170
-0.749946
175.547379
-0.748873
216.004227
-0.749409
243.312866
-0.751555
-240.262222
-0.751555
255.173599
-0.750482
175.668076
-0.750482
215.428619
-0.750482
243.199677
-0.750482
-240.655426
-0.751555
255.489029
-0.750482
175.663788
-0.751555
214.913635
-0.751555
243.011383
-0.749409
-241.004654
-0.749946
255.858093
-0.751555
175.656281
-0.751555
214.544022
-0.752092
243.078445
-0.751019
-241.092087
-0.752092
-255.409729
-0.751555
176.029633
-0.751555
214.088058
-0.751019
242.914825
-0.750482
-241.475647
-0.750482
-254.973602
-0.750482
176.263519
-0.750482
213.944290
-0.750482
242.859573
-0.750482
-242.034622
-0.749409
-254.753113
-0.751555
176.267822
-0.751555
213.414276
-0.750482
242.927170
-0.750482
-241.812531
-0.750482
-253.828827
-0.749409
176.658340
-0.750482
213.127289
-0.748873
242.889618
-0.749409
-242.059296
-0.749409
-253.416306
-0.749409
176.743637
-0.749946
212.552216
-0.750482
242.730286
-0.751019
-242.465912
-0.751019
-253.195297
-0.749946
176.858978
-0.751019
212.064056
-0.750482
242.466904
-0.750482
-242.814606
-0.749946
-252.642761
-0.750482
177.042984
-0.750482
211.718048
-0.750482
242.623001
-0.750482
-242.944427
-0.750482
-252.060181
-0.750482
177.456039
-0.751555
211.231506
-0.749409
242.362823
-0.748873
-243.144516
-0.752092
-251.536621
-0.749946
177.600876
-0.749409
211.090958
-0.749946
242.693283
-0.749409
-243.312958
-0.751019
-250.990509
-0.752092
177.990875
-0.751555
210.543243
-0.751555
242.288803
-0.751555
-243.761963
-0.751019
-250.723907
-0.749409
177.909866
-0.749409
210.042740
-0.750482
242.235153
-0.750482
-244.131042
-0.750482
-250.067307
-0.748873
178.236023
-0.749409
209.601257
-0.748336
242.257690
-0.749409
-244.467926
-0.751555
-249.735245
-0.751555
178.514969
-0.749946
209.223068
-0.751019
242.160049
-0.750482
-244.578964
-0.750482
-249.147842
-0.750482
178.609390
-0.751019
208.788544
-0.750482
242.035065
-0.749946
-244.970566
-0.750482
-248.819000
-0.750482
178.862045
-0.750482
208.504761
-0.749409
242.142883
-0.749946
-245.071960
-0.750482
-248.104996
-0.748873
179.307831
-0.749946
208.127655
-0.751019
242.136993
-0.750482
-245.429230
-0.750482
-247.784744
-0.750482
179.435501
-0.751019
207.419006
-0.750482
241.716949
-0.749946
-245.766113
-0.751019
-247.321793
-0.749409
179.814240
-0.748873
207.171707
-0.748873
241.851593
-0.749946
-246.023071
-0.749409
-246.766037
-0.750482
180.204758
-0.751019
206.836426
-0.748873
242.093002
-0.749946
-246.069199
-0.750482
-246.189896
-0.752092
180.762131
-0.751555
206.575729
-0.752092
241.946548
-0.749409
-246.433975
-0.750482
-245.769333
-0.750482
180.952560
-0.748873
205.970612
-0.749946
241.876816
-0.751019
-246.644272
-0.751019
-245.464630
-0.750482
181.323242
-0.752092
205.699173
-0.753164
241.885925
-0.751555
-246.935547
-0.748873
-245.020996
-0.749409
181.599518
-0.749946
205.105865
-0.750482
241.777039
-0.751555
-247.096481
-0.751555
-244.574142
-0.750482
181.979843
-0.750482
204.786148
-0.750482
241.773285
-0.750482
-247.417282
-0.751019
-244.214188
-0.750482
182.186920
-0.751019
204.335007
-0.748873
241.575867
-0.751019
-247.772400
-0.751555
-243.641800
-0.752092
182.770569
-0.751555
204.189087
-0.750482
241.810287
-0.751555
-247.781525
-0.751019
-243.070496
-0.749946
183.188995
-0.749409
203.646744
-0.750482
241.717484
-0.750482
-248.217117
-0.749409
-242.987885
-0.749409
183.143387
-0.749409
202.824387
-0.750482
241.346268
-0.751555
-248.834564
-0.751555
-242.794754
-0.751019
183.565567
-0.749946
202.565277
-0.751019
241.360214
-0.750482
-248.857620
-0.748336
-242.160690
-0.750482
183.957169
-0.750482
202.282043
-0.749409
241.393478
-0.749946
-249.183777
-0.751555
-241.949326
-0.749946
184.102020
-0.749409
201.808899
-0.752628
241.336075
-0.750482
-249.345779
-0.748873
-241.463303
-0.750482
184.590179
-0.751555
201.532639
-0.751555
241.466965
-0.752092
-249.314133
-0.750482
-240.993393
-0.749409
185.062241
-0.749409
201.289627
-0.749946
241.458389
-0.751555
-249.522278
-0.751555
-240.429581
-0.749946
185.569183
-0.749409
201.065933
-0.749409
241.585526
-0.749409
-249.679459
-0.748873
-240.105576
-0.750482
186.044464
-0.750482
200.511246
-0.751555
241.228790
-0.752092
-249.976105
-0.751555
-239.834671
-0.751555
186.288010
-0.751019
199.966217
-0.749946
241.218063
-0.751019
-250.477676
-0.751019
-239.794434
-0.749946
186.394226
-0.751019
199.221649
-0.751019
240.787842
-0.749409
-250.888062
-0.750482
-239.546066
-0.750482
186.690353
-0.749409
198.743668
-0.750482
240.786758
-0.750482
-251.015198
-0.750482
-239.001038
-0.751019
187.331390
-0.749409
198.445404
-0.749409
241.033524
-0.750482
-251.083313
-0.752092
-238.776810
-0.750482
187.680084
-0.748873
198.059174
-0.749409
240.804459
-0.751555
-251.466339
-0.751555
-238.463531
-0.749946
187.978882
-0.750482
197.561890
-0.750482
240.675186
-0.749946
-251.536072
-0.749409
-237.924942
-0.748873
188.774963
-0.749409
197.648788
-0.749409
241.004028
-0.749409
-251.708282
-0.749946
-237.590729
-0.752092
189.233612
-0.751555
196.838760
-0.751555
240.619934
-0.749946
-252.136353
-0.751019
-237.561234
-0.751555
189.425659
-0.750482
196.290527
-0.751555
240.382828
-0.750482
-252.745224
-0.750482
-237.525284
-0.749409
189.440689
-0.748873
195.743896
-0.751019
240.314697
-0.750482
-252.921173
-0.750482
-236.961487
-0.749946
190.308640
-0.750482
195.424713
-0.750482
240.279282
-0.749409
-253.100342
-0.751555
-236.638550
-0.750482
190.556488
-0.748873
194.989120
-0.750482
240.286255
-0.750482
-253.315460
-0.750482
-236.511948
-0.749409
190.934677
-0.750482
194.586243
-0.751019
240.145721
-0.751555
-253.653946
-0.750482
-236.352631
-0.749409
191.359543
-0.750482
193.973099
-0.752092
240.019119
-0.750482
-253.722610
-0.750482
-235.792053
-0.749409
192.188889
-0.749409
193.887802
-0.750482
240.167175
-0.749409
-253.870132
-0.749409
-235.470718
-0.750482
192.766098
-0.750482
193.466690
-0.750482
239.976196
-0.750482
-254.183411
-0.750482
-235.509872
-0.750482
193.107285
-0.750482
193.006958
-0.749946
239.749283
-0.748873
-254.452179
-0.749409
-235.024933
-0.751555
193.496201
-0.751019
192.559570
-0.751019
239.886078
-0.750482
-254.410339
-0.750482
-234.656937
-0.749409
194.341629
-0.749409
192.355194
-0.749409
239.753036
-0.749946
-254.747757
-0.749409
-234.608124
-0.750482
194.632385
-0.751555
191.929230
-0.751555
239.685440
-0.751019
-254.984329
-0.751555
-234.500824
-0.750482
195.070114
-0.751555
191.413177
-0.751019
239.507355
-0.751019
-255.232697
-0.749409
-234.214371
-0.750482
195.808258
-0.751555
191.092926
-0.751555
239.429031
-0.750482
-255.352325
-0.749409
-233.875870
-0.750482
196.247070
-0.748873
190.715271
-0.751019
239.255753
-0.751019
-255.815277
-0.750482
-233.982635
-0.749409
196.371521
-0.749946
190.065094
-0.750482
238.903854
-0.749409
255.848434
-0.749409
-233.862473
-0.749409
196.725037
-0.749946
189.536163
-0.752092
238.899567
-0.751555
255.565201
-0.751555
-233.831360
-0.749946
197.302795
-0.749409
189.267410
-0.750482
238.840012
-0.751555
255.439667
-0.751555
-233.411316
-0.751555
197.888580
-0.750482
188.955200
-0.749946
238.784760
-0.751555
255.134964
-0.750482
-233.253067
-0.751019
198.601517
-0.750482
188.636551
-0.751019
238.790131
-0.750482
255.277130
-0.749946
-232.673706
-0.750482
199.348785
-0.750482
188.450943
-0.751555
239.000412
-0.750482
255.164474
-0.749409
-232.515991
-0.750482
199.809052
-0.750482
187.952591
-0.749946
238.823914
-0.751019
254.975647
-0.751019
-232.280502
-0.751019
200.636780
-0.748873
187.604446
-0.747800
238.703766
-0.749946
254.779312
-0.751555
-232.116348
-0.752092
201.132980
-0.751555
187.251999
-0.749409
238.709656
-0.751019
254.530396
-0.751555
-232.113129
-0.752092
201.498840
-0.751555
186.558380
-0.750482
238.238663
-0.749946
254.206390
-0.750482
-231.986526
-0.751555
202.257904
-0.751555
186.455917
-0.749946
238.342194
-0.750482
254.034195
-0.750482
-231.961319
-0.749946
202.676331
-0.749409
185.791809
-0.748336
237.878174
-0.749409
253.487015
-0.751555
-231.938782
-0.751019
203.248169
-0.750482
185.445801
-0.751019
237.701691
-0.749409
253.407089
-0.749409
-231.714554
-0.751555
203.861862
-0.751555
185.176514
-0.751019
237.577774
-0.751019
253.111511
-0.750482
-231.687729
-0.750482
204.503983
-0.750482
184.751114
-0.749946
237.615860
-0.749409
253.161942
-0.749409
-231.364258
-0.749409
205.189560
-0.750482
184.573547
-0.750482
237.641068
-0.749946
253.105606
-0.750482
-231.283249
-0.749409
205.782867
-0.748336
184.130447
-0.749409
237.271454
-0.749946
252.731705
-0.751555
-231.336899
-0.751555
206.200745
-0.751555
183.672318
-0.750482
237.194748
-0.751555
252.665726
-0.751555
-231.116959
-0.749946
206.882568
-0.749946
183.479736
-0.751019
236.982315
-0.749946
252.113190
-0.750482
-231.107834
-0.750482
207.638412
-0.751019
183.111206
-0.751555
236.989822
-0.750482
252.288071
-0.748873
-231.037033
-0.748873
207.942047
-0.750482
182.641281
-0.752092
236.631485
-0.752092
251.826202
-0.750482
-231.148605
-0.749409
208.578262
-0.750482
182.386475
-0.750482
236.672791
-0.750482
251.711929
-0.749946
-230.790802
-0.749946
209.445679
-0.751555
182.198715
-0.750482
236.568176
-0.751555
251.705505
-0.751019
-230.537598
-0.751555
210.500336
-0.750482
182.282410
-0.750482
236.756470
-0.750482
251.751099
-0.750482
-230.535461
-0.750482
210.855453
-0.749946
181.442871
-0.750482
236.129913
-0.752092
251.096634
-0.751019
-230.879852
-0.748873
211.146210
-0.748873
180.657516
-0.749409
235.603668
-0.750482
250.694839
-0.749409
-231.067596
-0.750482
211.683182
-0.749946
180.307755
-0.751555
235.409470
-0.750482
250.709320
-0.749409
-230.790268
-0.750482
212.399338
-0.752092
180.254120
-0.751019
235.589706
-0.751019
250.660507
-0.750482
-230.726959
-0.751019
213.356888
-0.750482
180.167221
-0.749946
235.434677
-0.750482
250.729706
-0.750482
-230.516678
-0.750482
213.749557
-0.750482
179.664566
-0.751555
235.061325
-0.751555
250.287140
-0.750482
-230.685120
-0.751019
214.624496
-0.753164
179.749329
-0.751019
235.079025
-0.750482
250.151428
-0.751019
-230.685120
-0.752092
215.052582
-0.752092
179.217712
-0.750482
234.807587
-0.748873
250.039841
-0.750482
-230.518829
-0.749946
215.793945
-0.749409
178.883514
-0.749409
234.428314
-0.750482
249.696518
-0.751019
-230.534912
-0.751019
216.344864
-0.751019
178.712921
-0.751555
234.318344
-0.751555
249.619812
-0.750482
-230.556915
-0.751555
216.936554
-0.750482
178.218857
-0.750482
234.025452
-0.749409
249.557587
-0.751555
-230.487717
-0.751555
217.626953
-0.751555
178.113174
-0.751019
233.862915
-0.750482
249.116089
-0.749946
-230.697464
-0.749409
217.971893
-0.750482
177.507538
-0.749409
233.547485
-0.749409
249.017395
-0.751555
-230.827271
-0.752628
218.609726
-0.752092
177.274719
-0.751555
233.318954
-0.751555
248.950867
-0.750482
-230.737686
-0.750482
219.436371
-0.749946
177.202301
-0.749946
233.276047
-0.750482
248.824799
-0.750482
-230.555832
-0.750482
220.301666
-0.749409
176.941589
-0.749409
233.106522
-0.748873
248.559265
-0.749409
-230.836929
-0.749946
221.039261
-0.751019
176.596664
-0.751019
232.757294
-0.751019
248.499725
-0.750482
-230.707123
-0.749409
221.519379
-0.750482
176.249573
-0.751555
232.803970
-0.751555
248.532974
-0.750482
-230.691025
-0.750482
222.271469
-0.751555
176.106354
-0.751555
232.354965
-0.751555
248.021210
-0.751019
-230.986069
-0.750482
222.865311
-0.749946
175.912155
-0.750482
232.286835
-0.750482
248.267441
-0.750482
-230.797775
-0.750482
223.690369
-0.750482
175.854218
-0.750482
232.198334
-0.749409
248.423553
-0.749946
-230.816544
-0.750482
224.499313
-0.750482
175.803253
-0.750482
231.991257
-0.749946
248.129578
-0.748873
-230.921158
-0.749946
224.887161
-0.750482
175.253937
-0.749946
231.331970
-0.749409
247.721344
-0.751555
-231.267700
-0.751555
225.464905
-0.749409
175.074768
-0.749409
231.112030
-0.749409
247.643555
-0.749409
-231.133591
-0.749409
226.186966
-0.749946
175.136993
-0.750482
230.819672
-0.749946
247.777664
-0.751555
-230.864822
-0.752092
227.017380
-0.751555
175.163818
-0.749946
230.985977
-0.749946
247.636581
-0.750482
-231.251068
-0.749409
227.346207
-0.748336
174.714279
-0.748873
230.422165
-0.749946
247.425766
-0.751019
-231.307922
-0.749409
227.981903
-0.749409
174.700333
-0.749409
230.303085
-0.749946
247.364609
-0.749409
-231.221024
-0.749409
228.630997
-0.749409
174.514725
-0.749946
230.144836
-0.749409
247.345840
-0.748873
-231.380356
-0.750482
229.348206
-0.750482
174.443375
-0.750482
229.655060
-0.752092
247.023438
-0.750482
-231.553619
-0.750482
229.988190
-0.750482
174.210022
-0.749409
229.319778
-0.749946
247.223526
-0.751555
-231.604050
-0.750482
230.703262
-0.750482
174.368820
-0.751555
229.223755
-0.751019
247.345306
-0.750482
-231.577759
-0.750482
231.452667
-0.751019
174.176224
-0.749946
228.985580
-0.751019
247.025574
-0.751555
-231.588486
-0.749409
232.221390
-0.749946
173.857056
-0.750482
228.525314
-0.750482
246.587845
-0.750482
-232.101334
-0.750482
232.738525
-0.751555
173.594727
-0.749409
228.176086
-0.749946
246.578720
-0.750482
-232.342728
-0.751555
233.298035
-0.751019
173.728302
-0.750482
228.059677
-0.750482
246.644165
-0.750482
-231.902313
-0.750482
234.459427
-0.750482
173.827011
-0.751555
228.348282
-0.751019
246.720886
-0.750482
-231.922699
-0.749946
235.269455
-0.751555
173.867783
-0.751019
228.158386
-0.750482
246.779358
-0.750482
-231.861542
-0.748873
235.778534
-0.749409
173.680557
-0.751019
227.175629
-0.750482
246.490204
-0.750482
-232.587341
-0.750482
236.032822
-0.748873
173.575958
-0.749409
226.853760
-0.749409
246.387207
-0.751019
-232.889359
-0.751555
236.510254
-0.750482
173.250870
-0.751019
226.415482
-0.751555
246.130264
-0.749946
-233.026688
-0.749409
237.122330
-0.750482
173.270721
-0.750482
226.186966
-0.750482
246.013321
-0.751555
-233.081406
-0.751555
237.795563
-0.750482
173.277695
-0.748873
225.806625
-0.748336
246.075012
-0.749946
-233.121643
-0.750482
238.379211
-0.749409
173.162354
-0.749409
225.544312
-0.751019
245.896362
-0.750482
-233.315826
-0.750482
239.129700
-0.749409
173.306122
-0.749409
225.333481
-0.749409
246.165131
-0.749409
-233.122177
-0.750482
239.898956
-0.750482
173.480469
-0.750482
225.184357
-0.751019
245.955383
-0.751555
-233.306717
-0.751555
240.496017
-0.752092
173.306122
-0.751019
224.860870
-0.749946
245.712906
-0.749409
-233.565277
-0.750482
241.215378
-0.751555
173.482071
-0.751019
224.764313
-0.750482
246.041214
-0.751019
-233.588882
-0.751555
241.744308
-0.750482
173.167191
-0.750482
224.442459
-0.751555
245.469894
-0.751019
-233.984772
-0.749946
242.506058
-0.748873
173.008392
-0.748873
224.041733
-0.750482
245.303070
-0.750482
-234.129074
-0.749409
243.169098
-0.749409
173.031464
-0.750482
223.569122
-0.749946
245.131409
-0.749409
-234.605972
-0.751555
243.542465
-0.751019
172.983719
-0.750482
223.123337
-0.748873
245.115845
-0.750482
-234.714340
-0.749946
244.181366
-0.751019
173.259995
-0.751555
223.043945
-0.750482
245.159836
-0.749946
-234.822693
-0.749409
244.946869
-0.749409
173.233704
-0.748873
222.368027
-0.750482
244.788086
-0.750482
-235.120422
-0.749946
245.490814
-0.750482
173.132309
-0.751019
222.082108
-0.749946
244.800415
-0.750482
-235.404205
-0.751555
245.946259
-0.750482
173.034149
-0.751019
221.655640
-0.752628
244.797195
-0.750482
-235.317825
-0.749409
246.839966
-0.750482
173.437012
-0.751555
221.604675
-0.750482
244.982803
-0.749946
-235.519531
-0.749409
247.333496
-0.750482
173.556107
-0.749409
221.283340
-0.749946
244.865326
-0.752092
-235.779709
-0.750482
247.849548
-0.749946
173.454178
-0.749409
220.723831
-0.749409
244.735504
-0.749946
-235.978729
-0.750482
248.582870
-0.749409
173.632813
-0.749946
220.368179
-0.749946
244.538635
-0.749946
-236.258759
-0.750482
248.934784
-0.750482
173.653732
-0.751555
220.002319
-0.749946
244.454407
-0.750482
-236.445969
-0.751019
249.694382
-0.751019
173.728302
-0.750482
219.767365
-0.750482
244.432419
-0.750482
-236.694336
-0.749409
249.860138
-0.751019
173.575958
-0.751019
219.372543
-0.751555
244.606232
-0.751019
-236.754959
-0.751019
250.619202
-0.750482
173.742249
-0.749946
218.963776
-0.750482
244.450653
-0.749409
-236.819336
-0.749409
251.650787
-0.749409
174.054459
-0.749946
218.738464
-0.751019
244.461929
-0.750482
-237.150314
-0.750482
252.203323
-0.751555
174.251328
-0.751555
218.440201
-0.748873
244.362686
-0.749409
-237.390640
-0.751019
252.867966
-0.750482
174.415482
-0.749946
218.052353
-0.748873
244.391647
-0.749409
-237.620239
-0.749409
253.513306
-0.749946
174.362381
-0.749946
217.589417
-0.750482
244.213013
-0.749946
-237.884171
-0.749409
254.240723
-0.749946
174.740036
-0.749409
217.455292
-0.748873
244.471039
-0.749409
-237.986633
-0.750482
254.865677
-0.750482
175.107498
-0.750482
217.418289
-0.751019
244.920044
-0.751555
-237.718414
-0.751555
255.926758
-0.750482
175.744781
-0.749946
217.138794
-0.749946
244.586914
-0.749946
-238.497864
-0.748873
-255.809906
-0.748873
175.668610
-0.749409
216.225769
-0.749409
244.092850
-0.749946
-238.935059
-0.750482
-255.396851
-0.749946
175.576874
-0.749946
215.710785
-0.748873
244.255936
-0.748873
-238.922714
-0.748873
-254.687134
-0.749409
176.121368
-0.749946
215.599747
-0.750482
244.228043
-0.751019
-239.287506
-0.751019
-254.436081
-0.751555
175.940582
-0.752628
215.029510
-0.752092
244.206573
-0.750482
-239.374405
-0.751019
-253.795029
-0.751555
176.190567
-0.749409
214.498428
-0.749409
243.904556
-0.751555
-239.980591
-0.750482
-253.387878
-0.750482
176.389053
-0.749409
213.891708
-0.749946
243.756500
-0.749409
-239.963425
-0.751019
-252.702835
-0.750482
176.664780
-0.750482
213.760818
-0.749946
243.916367
-0.750482
-240.213943
-0.751019
-252.205551
-0.749409
176.823029
-0.751019
213.440033
-0.751555
243.861649
-0.751555
-240.592667
-0.750482
-251.992050
-0.749409
176.936218
-0.749409
212.831177
-0.749946
243.611130
-0.750482
-240.975677
-0.749409
-251.275360
-0.748873
177.071411
-0.750482
212.347839
-0.750482
243.571960
-0.749946
-241.223526
-0.748873
-250.790955
-0.749409
177.283844
-0.750482
212.143448
-0.749946
243.709839
-0.749946
-241.379089
-0.751555
-250.081253
-0.751555
177.552597
-0.749946
211.638657
-0.749946
243.593430
-0.749409
-241.669846
-0.749409
-249.595230
-0.751555
177.799362
-0.751555
211.047501
-0.750482
243.334854
-0.751019
-242.041061
-0.750482
-248.944534
-0.750482
178.309509
-0.749409
211.034088
-0.750482
243.732895
-0.751019
-242.042664
-0.750482
-248.321716
-0.750482
178.470444
-0.749409
210.346375
-0.750482
243.482376
-0.749946
-242.461624
-0.749409
-247.958008
-0.749946
178.608307
-0.750482
209.913467
-0.750482
243.401382
-0.750482
-242.839279
-0.750482
-247.360947
-0.750482
179.004211
-0.750482
209.522934
-0.750482
243.394943
-0.749409
-243.090332
-0.749409
-247.079315
-0.750482
179.275116
-0.750482
209.263824
-0.750482
243.447510
-0.749946
-243.310822
-0.747800
-246.484406
-0.749946
179.357193
-0.749946
208.490814
-0.748873
243.144958
-0.748873
-243.756592
-0.751019
-246.132492
-0.751019
179.653839
-0.750482
208.082581
-0.750482
242.911072
-0.749946
-244.234573
-0.748873
-245.791321
-0.748336
179.905960
-0.751019
207.631973
-0.750482
242.982956
-0.749946
-244.328979
-0.750482
-245.245758
-0.749946
180.283615
-0.748873
207.205505
-0.748873
243.059128
-0.751019
-244.332199
-0.748873
-244.486694
-0.748873
180.873169
-0.749946
207.052078
-0.749946
243.178757
-0.751019
-244.570923
-0.751555
-243.841354
-0.751555
181.623657
-0.751555
207.006485
-0.751019
243.376709
-0.751019
-244.901367
-0.749409
-243.557571
-0.750482
181.663879
-0.749946
206.185730
-0.750482
243.050003
-0.750482
-245.077850
-0.749409
-243.087112
-0.749946
181.907425
-0.749946
205.717957
-0.750482
243.080582
-0.750482
-245.262390
-0.750482
-242.568375
-0.750482
182.347855
-0.749409
205.382675
-0.749409
242.978668
-0.750482
-245.743042
-0.750482
-242.122589
-0.749409
182.651474
-0.751019
204.828537
-0.750482
242.744232
-0.751019
-246.228516
-0.750482
-242.010483
-0.749946
182.718536
-0.752092
204.184799
-0.752628
242.732437
-0.751555
-246.364243
-0.749409
-241.503540
-0.750482
183.164856
-0.748873
203.995438
-0.749409
242.983490
-0.749409
-246.384094
-0.750482
-240.751984
-0.749409
183.829498
-0.749946
203.585052
-0.750482
242.958817
-0.751019
-246.694153
-0.749946
-240.405441
-0.748873
184.108994
-0.749946
203.133911
-0.750482
242.999054
-0.749409
-246.813248
-0.750482
-239.649597
-0.749409
184.824600
-0.751019
202.742310
-0.749409
242.807541
-0.750482
-247.146378
-0.749409
-239.274094
-0.748873
185.285934
-0.749409
202.469254
-0.749946
242.972763
-0.749409
-247.374893
-0.751019
-238.930771
-0.750482
185.568649
-0.749409
201.864685
-0.750482
242.713120
-0.749946
-247.674240
-0.751555
-238.503754
-0.751555
185.905533
-0.749409
201.232758
-0.749409
242.591888
-0.749409
-248.079254
-0.749409
-238.334244
-0.749946
186.266556
-0.750482
200.856186
-0.748873
242.469574
-0.749409
-248.427399
-0.751555
-237.888458
-0.750482
186.830887
-0.749409
200.418442
-0.747800
242.382141
-0.749409
-248.620514
-0.750482
-237.602005
-0.749409
187.028305
-0.750482
199.788666
-0.750482
242.263580
-0.747800
-249.048599
-0.750482
-237.511337
-0.751019
187.460678
-0.751555
199.488785
-0.751555
242.267883
-0.748873
-249.148376
-0.748336
-236.875122
-0.749409
187.939178
-0.749409
198.881531
-0.749946
242.302216
-0.750482
-249.503494
-0.749946
-236.657867
-0.749409
188.396225
-0.749946
198.509247
-0.751019
242.005554
-0.750482
-249.904755
-0.750482
-236.044708
-0.748873
188.998123
-0.749409
198.041473
-0.751019
242.086029
-0.749409
-249.946060
-0.749409
-235.794189
-0.749946
189.335007
-0.751555
197.659515
-0.750482
242.070999
-0.750482
-250.219116
-0.751555
-235.394012
-0.751555
190.004486
-0.751019
197.339264
-0.750482
242.113922
-0.748873
-250.419739
-0.751019
-235.132217
-0.752092
190.587601
-0.751555
197.075867
-0.749409
242.186874
-0.748336
-250.352158
-0.749409
-234.583450
-0.750482
190.988861
-0.749946
196.460037
-0.749946
241.915436
-0.750482
-250.989975
-0.751555
-234.443436
-0.750482
191.478088
-0.748873
195.852249
-0.749409
241.734116
-0.750482
-251.296295
-0.751019
-234.188080
-0.749946
191.823013
-0.750482
195.366241
-0.750482
241.733047
-0.749409
-251.576843
-0.750482
-234.032516
-0.751019
192.321930
-0.751555
194.846954
-0.752092
241.671890
-0.751019
-251.945923
-0.750482
-233.765366
-0.750482
192.887329
-0.750482
194.244537
-0.750482
241.144028
-0.751555
-252.317139
-0.751555
-233.564743
-0.751019
193.280548
-0.751555
193.810547
-0.751555
241.177292
-0.750482
-252.511871
-0.749946
-233.249313
-0.748873
193.766022
-0.748873
193.274109
-0.750482
241.000809
-0.751019
-252.950134
-0.751555
-233.013809
-0.750482
194.300858
-0.751555
192.734985
-0.751019
240.979340
-0.749409
-252.947449
-0.749409
-232.720917
-0.750482
194.979996
-0.750482
192.567078
-0.751019
241.068924
-0.751019
-253.050446
-0.751019
-232.276215
-0.751555
195.600128
-0.749409
192.061752
-0.748873
240.866699
-0.749409
-253.414703
-0.748336
-232.285324
-0.748873
196.117249
-0.750482
191.758118
-0.751555
240.967545
-0.751019
-253.427032
-0.750482
-231.836319
-0.751019
196.711090
-0.750482
191.417465
-0.749409
240.921951
-0.751019
-253.569733
-0.751019
-231.441498
-0.751555
197.569397
-0.752092
191.156219
-0.750482
240.860794
-0.750482
-253.685593
-0.751555
-230.960312
-0.751019
198.223328
-0.752092
190.913757
-0.750482
240.865616
-0.750482
-253.918945
-0.752092
-230.843369
-0.752092
198.854721
-0.751555
190.541458
-0.751019
240.783539
-0.749946
-254.277298
-0.751019
-230.809570
-0.751555
198.918549
-0.749409
189.615570
-0.749409
240.454712
-0.751019
-254.706451
-0.749946
-230.803131
-0.749409
199.531708
-0.748873
189.173004
-0.749409
240.194534
-0.751555
-255.058884
-0.752092
-230.629868
-0.750482
200.091217
-0.750482
188.556091
-0.752092
240.014282
-0.751555
-255.279373
-0.749946
-230.465179
-0.749409
200.689346
-0.751555
188.259445
-0.752092
239.842087
-0.750482
-255.701553
-0.750482
-230.420120
-0.749946
201.257431
-0.749409
187.764832
-0.749409
239.583527
-0.750482
255.860245
-0.751019
-230.327850
-0.749946
201.748825
-0.749409
187.214981
-0.748873
239.414001
-0.747800
255.789429
-0.748873
-230.108444
-0.751019
202.453705
-0.751555
186.958572
-0.749946
239.390411
-0.749409
255.639221
-0.750482
-230.090210
-0.750482
203.003555
-0.751555
186.494537
-0.752092
239.194595
-0.751019
255.324875
-0.749946
-229.874023
-0.749409
203.737411
-0.750482
186.042862
-0.749946
239.096970
-0.751555
255.205780
-0.749946
-229.542496
-0.750482
204.525436
-0.751555
185.810577
-0.751019
239.104477
-0.751555
255.042709
-0.752092
-229.500122
-0.751019
205.162735
-0.750482
185.366409
-0.751019
238.871124
-0.751555
254.961166
-0.750482
-229.357971
-0.751019
205.570969
-0.749946
184.911499
-0.750482
238.740768
-0.749409
254.722443
-0.750482
-229.320953
-0.751555
206.098282
-0.752092
184.492004
-0.751019
238.700546
-0.751019
254.560440
-0.749946
-229.228149
-0.751019
206.868622
-0.750482
184.100403
-0.750482
238.291779
-0.749946
254.212830
-0.751555
-229.172348
-0.750482
207.311722
-0.750482
183.603119
-0.751555
238.091141
-0.751555
253.962311
-0.749946
-229.145538
-0.749946
207.983887
-0.750482
183.348312
-0.749409
238.039108
-0.750482
253.901154
-0.751555
-228.916473
-0.749946
208.617950
-0.749946
183.103699
-0.750482
238.025696
-0.751555
253.716080
-0.750482
-228.702438
-0.750482
209.310501
-0.751019
182.689026
-0.750482
237.740845
-0.750482
253.399582
-0.751019
-228.768417
-0.751019
209.940292
-0.752092
182.357498
-0.750482
237.674866
-0.749409
253.325012
-0.750482
-228.734619
-0.751019
210.401093
-0.750482
182.030273
-0.749409
237.621750
-0.749409
253.175888
-0.748873
-228.483032
-0.749946
211.340393
-0.749946
181.682129
-0.750482
237.339584
-0.749946
252.870651
-0.749946
-228.573151
-0.749409
211.990570
-0.748336
181.377426
-0.748336
237.082092
-0.749409
252.668945
-0.751019
-228.583878
-0.752092
212.523788
-0.751555
180.830795
-0.750482
236.838547
-0.749409
252.363708
-0.749946
-228.608551
-0.751019
213.109039
-0.751019
180.512680
-0.750482
236.515076
-0.750482
252.028442
-0.750482
-228.760910
-0.751555
213.636902
-0.748873
180.045975
-0.750482
236.342346
-0.748873
251.884140
-0.749409
-228.603729
-0.750482
214.685654
-0.748873
180.105530
-0.749409
236.360046
-0.749946
251.904510
-0.749946
-228.397202
-0.749946
215.521423
-0.749946
179.708023
-0.751555
236.227005
-0.751555
251.692627
-0.750482
-228.464249
-0.750482
216.154434
-0.752092
179.168365
-0.751555
235.679306
-0.750482
251.261856
-0.750482
-228.693848
-0.749946
216.586792
-0.750482
178.804657
-0.749409
235.462570
-0.749409
251.082153
-0.748336
-228.823669
-0.748336
217.264862
-0.749946
178.686630
-0.751555
235.399811
-0.751019
251.165833
-0.748873
-228.355347
-0.748873
218.277664
-0.749409
178.628693
-0.750482
235.425018
-0.751019
251.114868
-0.749409
-228.259338
-0.749946
218.991669
-0.750482
178.255875
-0.749409
235.110672
-0.751019
250.912094
-0.752092
-228.228760
-0.749409
219.865524
-0.750482
178.088501
-0.752092
234.885895
-0.751555
250.779068
-0.751555
-228.359650
-0.748873
220.289856
-0.749409
177.472122
-0.751019
234.415985
-0.750482
250.327377
-0.751019
-228.832245
-0.751555
220.629425
-0.751555
177.018295
-0.749409
234.063538
-0.749409
250.016235
-0.751019
-228.687943
-0.749946
221.630432
-0.749946
177.054245
-0.750482
234.131134
-0.751019
250.232971
-0.750482
-228.427231
-0.751019
222.664154
-0.751019
176.992020
-0.749946
233.992188
-0.750482
250.170746
-0.749409
-228.445480
-0.750482
223.113144
-0.749946
176.626160
-0.750482
233.733093
-0.749409
249.838684
-0.749409
-228.800064
-0.749409
223.617935
-0.751019
176.104202
-0.751019
233.054489
-0.751555
249.309219
-0.750482
-229.001770
-0.749409
224.108246
-0.749946
175.764633
-0.751555
232.907501
-0.752092
249.423477
-0.751555
-229.012497
-0.751019
224.893066
-0.749946
175.838135
-0.750482
232.762665
-0.750482
249.256104
-0.749946
-228.979233
-0.751019
225.740646
-0.751555
175.728699
-0.751019
232.705261
-0.748873
249.348907
-0.748873
-228.940613
-0.749409
226.377930
-0.749946
175.601563
-0.749409
232.439728
-0.749409
249.171341
-0.750482
-228.978699
-0.749409
227.177231
-0.751019
175.484070
-0.750482
232.078705
-0.749409
248.964813
-0.749409
-229.225464
-0.749946
227.525925
-0.749946
175.024353
-0.749409
231.624878
-0.750482
248.492752
-0.750482
-229.673386
-0.750482
227.772141
-0.750482
174.495407
-0.750482
230.973633
-0.750482
248.100067
-0.751019
-229.715775
-0.749409
228.671753
-0.750482
174.576950
-0.750482
231.059998
-0.750482
248.495438
-0.751555
-229.416443
-0.749946
229.638428
-0.749409
174.743256
-0.750482
231.193573
-0.750482
248.652603
-0.749946
-229.421799
-0.749409
230.195786
-0.748873
174.661713
-0.751019
230.974701
-0.750482
248.477188
-0.750482
-229.451843
-0.752092
230.958618
-0.751555
174.273865
-0.749946
230.804657
-0.751019
248.660126
-0.752092
-229.378891
-0.751555
231.889343
-0.750482
174.436935
-0.751555
230.560577
-0.751555
248.441254
-0.749409
-229.620819
-0.749946
232.780899
-0.750482
174.747543
-0.750482
230.643188
-0.751555
248.506699
-0.750482
-229.607407
-0.752092
233.616684
-0.749409
174.698196
-0.748873
230.679123
-0.748873
248.913315
-0.751019
-229.294662
-0.751019
234.564041
-0.749946
174.615570
-0.750482
230.333664
-0.749946
248.724487
-0.748873
-229.219025
-0.750482
235.664810
-0.749946
174.465912
-0.750482
229.497345
-0.751019
248.337173
-0.749946
-229.560196
-0.749946
235.809662
-0.751555
173.873672
-0.751555
228.998459
-0.750482
247.888718
-0.750482
-230.068207
-0.750482
236.489868
-0.749409
173.871002
-0.749946
228.743103
-0.750482
247.784637
-0.749946
-230.402420
-0.749409
237.015579
-0.749946
173.453644
-0.750482
228.127808
-0.749409
247.757828
-0.750482
-230.489319
-0.749946
237.627121
-0.750482
173.511581
-0.752092
227.951859
-0.751555
247.522324
-0.749409
-230.618607
-0.749409
238.483810
-0.751019
173.617264
-0.750482
227.702942
-0.751019
247.518570
-0.748873
-230.840683
-0.748873
238.826065
-0.751555
173.398926
-0.750482
227.321533
-0.749409
247.432739
-0.748873
-231.033264
-0.750482
239.621613
-0.749409
173.368881
-0.749946
226.784027
-0.751555
247.034164
-0.751019
-231.502121
-0.751555
239.908600
-0.750482
172.981033
-0.749946
226.174622
-0.749409
246.650070
-0.748873
-231.808960
-0.749409
240.522827
-0.751019
172.943481
-0.751555
225.957901
-0.750482
246.848022
-0.750482
-231.746201
-0.749409
241.392944
-0.749946
173.151627
-0.750482
225.802338
-0.751555
246.809387
-0.750482
-231.749954
-0.750482
242.251785
-0.749946
173.244965
-0.749409
225.457397
-0.751555
246.746094
-0.749409
-232.067001
-0.748873
242.716339
-0.750482
173.089935
-0.751555
225.116760
-0.751019
246.578720
-0.750482
-232.388855
-0.749409
243.304291
-0.749409
172.952072
-0.751555
224.595871
-0.752628
246.324982
-0.752092
-232.571243
-0.751019
243.820343
-0.749946
172.518097
-0.751555
223.747757
-0.751019
245.959137
-0.750482
-233.003082
-0.751019
244.552582
-0.750482
172.839417
-0.749946
223.658707
-0.749409
245.740265
-0.750482
-233.445648
-0.749946
245.232254
-0.749409
172.829758
-0.749946
223.287491
-0.750482
245.911926
-0.749946
-233.453705
-0.748873
245.879745
-0.749409
172.810455
-0.750482
222.905548
-0.750482
245.908707
-0.751555
-233.665588
-0.749946
246.652222
-0.750482
172.850143
-0.748873
222.503220
-0.749409
245.882965
-0.751019
-233.822235
-0.749946
247.251953
-0.750482
172.878586
-0.750482
222.211929
-0.750482
245.790161
-0.749409
-234.076508
-0.749409
248.208969
-0.749409
173.299683
-0.749409
221.965164
-0.749409
245.756363
-0.749409
-234.324875
-0.750482
248.796906
-0.749409
173.196686
-0.748873
221.362198
-0.748336
245.450592
-0.748873
-234.713257
-0.749409
249.030258
-0.750482
172.972992
-0.748873
220.806992
-0.750482
245.435028
-0.749946
-234.931595
-0.751555
249.709396
-0.749409
173.154312
-0.750482
220.465805
-0.750482
245.283218
-0.750482
-235.177292
-0.750482
250.401947
-0.749946
173.321136
-0.751019
220.137512
-0.751019
245.431808
-0.750482
-235.237366
-0.749409
251.208221
-0.749409
173.462769
-0.750482
219.699768
-0.749409
245.337402
-0.749409
-235.482513
-0.749409
251.875015
-0.747800
173.715424
-0.748873
219.459442
-0.750482
245.424835
-0.751555
-235.697632
-0.749946
252.478516
-0.749946
173.751373
-0.748336
218.795334
-0.751555
245.136230
-0.751555
-236.165405
-0.752092
252.925369
-0.751019
173.791595
-0.751019
218.330765
-0.751019
244.937744
-0.750482
-236.424515
-0.748873
253.646881
-0.750482
173.830765
-0.750482
217.840469
-0.749409
244.951691
-0.747800
-236.815582
-0.749409
254.213364
-0.749409
174.081284
-0.749946
217.563660
-0.751019
244.894302
-0.751019
-236.873520
-0.751555
255.100098
-0.751555
174.257767
-0.751555
217.148987
-0.752092
244.807388
-0.751019
-237.098282
-0.751019
255.770111
-0.750482
174.579102
-0.751019
216.831955
-0.752092
244.773590
-0.751555
-237.392258
-0.750482
-255.467667
-0.749409
174.755585
-0.748873
216.348083
-0.747800
244.795059
-0.749946
-237.536026
-0.752092
-254.887772
-0.750482
174.778656
-0.749946
215.864212
-0.750482
244.670593
-0.751019
-237.949615
-0.752092
-254.237595
-0.750482
175.159531
-0.748873
215.509628
-0.748873
244.529510
-0.749409
-238.312256
-0.748873
-253.756409
-0.749946
175.230881
-0.750482
215.073502
-0.749946
244.605698
-0.750482
-238.682938
-0.749409
-253.330475
-0.748873
175.282913
-0.748873
214.465714
-0.752092
244.211411
-0.751019
-239.291794
-0.749409
-252.945847
-0.751555
175.443848
-0.751019
213.948044
-0.748873
244.209259
-0.749409
-239.356705
-0.750482
-252.316071
-0.751019
175.592972
-0.749946
213.245300
-0.749946
244.008087
-0.749946
-239.785858
-0.749409
-251.769958
-0.749409
175.881042
-0.751555
213.032867
-0.751555
244.037064
-0.751019
-239.919968
-0.750482
-251.096191
-0.751555
176.118683
-0.750482
212.502335
-0.749409
244.107880
-0.749946
-239.931763
-0.751555
-250.385406
-0.752092
176.571976
-0.751019
212.300629
-0.751019
244.086945
-0.750482
-240.447830
-0.749946
-249.931580
-0.750482
176.901886
-0.750482
211.841431
-0.750482
244.055298
-0.750482
-240.468750
-0.750482
-249.244400
-0.749946
177.161530
-0.750482
211.474503
-0.751555
243.994141
-0.751019
-240.994461
-0.752092
-248.929504
-0.751555
177.242538
-0.751019
211.035706
-0.749946
244.049942
-0.750482
-241.041138
-0.751019
-248.223007
-0.750482
177.698502
-0.749409
210.771240
-0.750482
243.990387
-0.750482
-241.465454
-0.750482
-247.539047
-0.750482
178.149658
-0.749409
210.315796
-0.750482
244.019897
-0.750482
-241.609756
-0.749409
-247.127594
-0.749946
178.229584
-0.750482
209.801346
-0.748873
243.642776
-0.750482
-242.311432
-0.750482
-246.469925
-0.751555
178.678589
-0.749409
209.353958
-0.750482
243.701248
-0.750482
-242.550674
-0.750482
-246.247833
-0.751555
178.572372
-0.750482
208.610443
-0.749946
243.571960
-0.750482
-242.904724
-0.751555
-245.519348
-0.751019
179.103455
-0.749409
208.131409
-0.750482
243.363831
-0.750482
-243.554901
-0.751019
-245.438873
-0.749946
179.036392
-0.749946
207.382538
-0.751555
243.031769
-0.751555
-243.922363
-0.750482
-244.906723
-0.749409
179.574448
-0.751019
207.068176
-0.751555
243.178757
-0.751555
-244.075241
-0.750482
-244.322006
-0.749946
180.082458
-0.750482
206.635803
-0.751019
243.283356
-0.749409
-244.178238
-0.748873
-243.525391
-0.748873
180.601730
-0.749946
206.363297
-0.750482
243.520462
-0.750482
-244.284454
-0.749946
-242.744339
-0.748873
181.336121
-0.749409
206.078445
-0.750482
243.495789
-0.750482
-244.484009
-0.751019
-242.495422
-0.751555
181.445557
-0.751555
205.493179
-0.752092
243.393326
-0.752092
-244.873474
-0.751555
-242.038910
-0.751555
181.804428
-0.752092
204.963181
-0.751555
243.104721
-0.750482
-245.378799
-0.751019
-241.795898
-0.748873
181.968582
-0.749946
204.247025
-0.749409
242.838654
-0.749409
-245.395966
-0.750482
-241.426834
-0.749409
182.172974
-0.749946
203.770660
-0.750482
242.853134
-0.749409
-245.912552
-0.751019
-240.987488
-0.751555
182.742142
-0.749946
203.455246
-0.749409
242.981339
-0.749409
-245.968353
-0.750482
-240.289032
-0.751019
183.307541
-0.750482
203.181122
-0.750482
242.979202
-0.750482
-246.292358
-0.749409
-239.952148
-0.750482
183.554840
-0.751555
202.411331
-0.750482
242.609055
-0.750482
-246.690399
-0.749946
-239.718796
-0.750482
183.846664
-0.751555
201.882385
-0.749946
242.517853
-0.749409
-247.187683
-0.749409
-239.413025
-0.751555
184.127228
-0.751555
201.381897
-0.749409
242.436859
-0.749409
-247.586258
-0.750482
-239.071320
-0.749946
184.406174
-0.749946
200.741379
-0.748873
242.452408
-0.749946
-247.784210
-0.751019
-238.807388
-0.751555
185.102478
-0.752092
200.186707
-0.752092
242.177216
-0.751019
-247.930115
-0.749946
-238.274704
-0.749409
185.645889
-0.749946
199.837479
-0.751019
242.414322
-0.749409
-248.092117
-0.749946
-237.593948
-0.749409
186.158188
-0.749409
199.274216
-0.749409
242.213699
-0.749409
-248.579742
-0.749409
-237.155685
-0.751019
186.510101
-0.749409
198.919632
-0.748873
242.152008
-0.749946
-249.029282
-0.751555
-236.548965
-0.751555
187.085709
-0.751555
198.481354
-0.749409
242.272705
-0.748873
-249.285706
-0.747800
-236.303284
-0.749946
187.519684
-0.750482
198.004456
-0.751555
242.095673
-0.749409
-249.468094
-0.749946
-236.116592
-0.748873
188.255142
-0.750482
197.626801
-0.748873
242.172928
-0.749409
-249.526031
-0.751555
-235.428879
-0.749946
188.595245
-0.749409
197.046906
-0.750482
241.982483
-0.749946
-250.068909
-0.751019
-234.984695
-0.751019
189.229858
-0.751555
196.555527
-0.750482
241.963715
-0.751555
-250.289383
-0.751019
-234.817871
-0.751019
189.714798
-0.750482
196.025528
-0.751019
241.725006
-0.751555
-250.690643
-0.751019
-234.647278
-0.750482
190.053833
-0.749409
195.430069
-0.748873
241.579086
-0.749409
-251.152527
-0.749946
-234.470261
-0.750482
190.463135
-0.750482
195.138245
-0.752628
241.566742
-0.750482
-251.070984
-0.749409
-233.791122
-0.749946
191.196457
-0.749409
194.695145
-0.749946
241.605377
-0.749409
-251.240494
-0.749946
-233.520218
-0.749409
191.761871
-0.748873
194.404388
-0.750482
241.553879
-0.750482
-251.546814
-0.750482
-233.018646
-0.749946
192.496277
-0.749409
194.055176
-0.750482
241.698181
-0.750482
-251.458832
-0.750482
-232.690338
-0.749946
192.898605
-0.751019
193.429138
-0.752092
241.298523
-0.751019
-252.012436
-0.750482
-232.636703
-0.750482
193.473663
-0.749946
193.086349
-0.750482
241.400452
-0.751555
-252.156738
-0.749409
-232.272995
-0.748873
193.954849
-0.749946
192.475891
-0.750482
241.130081
-0.749409
-252.667435
-0.748873
-232.092209
-0.751019
194.488617
-0.750482
192.061218
-0.749409
241.169250
-0.750482
-252.890060
-0.752092
-231.661438
-0.749409
195.226227
-0.751019
191.610596
-0.751019
240.997040
-0.749946
-253.226410
-0.749409
-231.722595
-0.749409
195.703125
-0.748873
190.973831
-0.749409
240.733124
-0.750482
-253.515549
-0.751019
-231.347626
-0.750482
196.213806
-0.749409
190.428802
-0.750482
240.677856
-0.751019
-253.819717
-0.749946
-231.244095
-0.749409
196.840912
-0.750482
189.999115
-0.749409
240.483139
-0.750482
-254.027313
-0.750482
-230.885208
-0.750482
197.562958
-0.750482
189.701935
-0.752092
240.633881
-0.749409
-253.982788
-0.749409
-230.410461
-0.749409
198.312378
-0.748873
189.336075
-0.750482
240.617783
-0.750482
-254.340057
-0.748873
-230.358429
-0.747800
198.842377
-0.748873
188.656937
-0.751019
240.160736
-0.750482
-254.804611
-0.750482
-230.359497
-0.749409
199.243103
-0.750482
188.015350
-0.751019
239.837265
-0.750482
-255.120041
-0.749946
-230.084839
-0.750482
200.054733
-0.749946
187.705826
-0.751019
239.804535
-0.751555
-255.382904
-0.751555
-230.083237
-0.750482
200.477982
-0.749409
187.140427
-0.747800
239.829208
-0.749409
-255.336761
-0.752092
-229.840759
-0.751555
201.198425
-0.749409
187.149536
-0.750482
239.952057
-0.749409
-255.342667
-0.751555
-229.368164
-0.751019
202.079269
-0.749946
186.609879
-0.749946
239.568497
-0.749946
-255.846924
-0.749409
-229.266769
-0.750482
202.777176
-0.749946
186.342728
-0.750482
239.571716
-0.752628
-255.863556
-0.751555
-228.924515
-0.751019
203.179504
-0.750482
185.490326
-0.749409
239.052444
-0.749409
255.375290
-0.749946
-229.052185
-0.750482
203.888153
-0.749409
185.242493
-0.749409
239.081955
-0.751019
255.381195
-0.749946
-228.760910
-0.749409
204.733582
-0.750482
184.950668
-0.749409
239.116821
-0.750482
255.185928
-0.750482
-228.676147
-0.750482
205.533951
-0.749946
184.644897
-0.749946
238.927994
-0.749946
254.948288
-0.750482
-228.407928
-0.751555
206.185196
-0.750482
184.231827
-0.750482
239.093216
-0.749946
255.007294
-0.751555
-228.192810
-0.751555
207.072998
-0.751019
183.622437
-0.750482
238.506348
-0.749409
254.595840
-0.750482
-228.243240
-0.750482
207.556870
-0.750482
183.276962
-0.751555
238.470413
-0.749409
254.290070
-0.749946
-228.058701
-0.750482
208.431274
-0.749946
182.783447
-0.749946
238.263870
-0.748873
254.053497
-0.748873
-228.166534
-0.749409
208.963425
-0.748336
182.246994
-0.749409
237.948456
-0.749409
253.711792
-0.752092
-228.369308
-0.750482
209.487534
-0.750482
181.868805
-0.750482
237.720459
-0.751555
253.599136
-0.750482
-227.956772
-0.751555
210.416107
-0.749946
181.374741
-0.749409
237.505890
-0.748873
253.387787
-0.748873
-228.007202
-0.751019
211.143524
-0.749946
181.229370
-0.748873
237.585815
-0.750482
253.663513
-0.750482
-227.525482
-0.750482
212.100540
-0.750482
181.065750
-0.750482
237.431320
-0.752092
253.327164
-0.751019
-227.782974
-0.749946
212.611237
-0.749409
180.776077
-0.751555
237.203873
-0.751555
253.131363
-0.749946
-227.701431
-0.750482
213.544098
-0.751555
180.387161
-0.751555
236.924377
-0.751555
252.799301
-0.752092
-227.807648
-0.749946
213.984528
-0.748873
179.879150
-0.748873
236.648117
-0.748873
252.690948
-0.749409
-227.597900
-0.751555
214.963531
-0.751555
179.835159
-0.750482
236.665283
-0.750482
252.530548
-0.750482
-227.603806
-0.749409
215.767120
-0.749946
179.439255
-0.750482
236.357895
-0.750482
252.266083
-0.750482
-227.538895
-0.749946
216.326096
-0.750482
179.017624
-0.751019
236.120255
-0.750482
252.027359
-0.749946
-227.496506
-0.750482
217.128067
-0.750482
178.846497
-0.749409
236.027985
-0.749409
251.923294
-0.751555
-227.552841
-0.752092
217.939713
-0.750482
178.497803
-0.749946
235.676620
-0.750482
251.609482
-0.751555
-227.604874
-0.749409
218.585587
-0.751019
178.261230
-0.751555
235.808578
-0.751555
251.790787
-0.752092
-227.339340
-0.751555
219.420288
-0.748873
177.878754
-0.750482
235.338654
-0.751019
251.474823
-0.750482
-227.491150
-0.751019
220.137512
-0.751019
177.610001
-0.751555
235.235123
-0.749946
251.333206
-0.750482
-227.384933
-0.750482
221.157822
-0.749409
177.404541
-0.749409
234.863907
-0.751555
251.177109
-0.751555
-227.458954
-0.750482
221.647598
-0.750482
177.055847
-0.749946
234.677765
-0.749409
250.886353
-0.749946
-227.686417
-0.751555
222.307419
-0.751555
176.618118
-0.750482
234.398270
-0.749409
250.889038
-0.750482
-227.531372
-0.751555
223.215073
-0.751019
176.600952
-0.749409
234.098404
-0.748873
250.637985
-0.750482
-227.856995
-0.750482
223.735962
-0.749409
176.251190
-0.750482
234.083389
-0.752092
250.663727
-0.750482
-227.586639
-0.750482
224.695114
-0.751019
176.111710
-0.751019
233.578598
-0.751555
249.936844
-0.752628
-228.130585
-0.750482
225.157532
-0.751019
175.802719
-0.750482
233.282471
-0.749409
250.039841
-0.751555
-227.839828
-0.752628
225.945023
-0.751555
175.437408
-0.751555
232.962753
-0.750482
250.007660
-0.749946
-227.752396
-0.749946
226.793137
-0.749946
175.338699
-0.749409
232.828644
-0.749409
249.979767
-0.749946
-227.937469
-0.749946
227.307053
-0.749946
175.241608
-0.749409
232.506775
-0.748873
249.591385
-0.749409
-228.282928
-0.749946
227.887482
-0.751555
174.772217
-0.749409
231.858765
-0.749946
249.331741
-0.751555
-228.280792
-0.750482
228.684631
-0.748873
174.694427
-0.747800
231.860367
-0.749409
249.223389
-0.751019
-228.325851
-0.752092
229.469452
-0.749409
174.534042
-0.750482
231.618439
-0.750482
249.220703
-0.751555
-228.280258
-0.751555
230.361023
-0.750482
174.699799
-0.751555
231.805115
-0.750482
249.543640
-0.751019
-228.142929
-0.750482
231.141006
-0.749409
174.430511
-0.750482
231.111496
-0.751555
249.204605
-0.750482
-228.501801
-0.749409
231.580353
-0.748873
174.160675
-0.749946
230.738129
-0.749946
248.757217
-0.749409
-228.951340
-0.749946
232.066895
-0.748873
173.794281
-0.749946
230.272507
-0.749409
248.464310
-0.750482
-228.954025
-0.750482
232.900528
-0.748873
173.536789
-0.751555
229.945267
-0.752092
248.500793
-0.749409
-229.067749
-0.751019
233.695541
-0.750482
173.661789
-0.751555
229.854080
-0.750482
248.551224
-0.751555
-228.847809
-0.751555
234.584427
-0.750482
173.727234
-0.749946
229.731766
-0.750482
248.576965
-0.750482
-229.185760
-0.751555
235.264099
-0.749946
173.649445
-0.749409
229.258621
-0.749409
248.199310
-0.751555
-229.481888
-0.752092
235.772110
-0.750482
173.380157
-0.751555
229.038147
-0.750482
248.205750
-0.751019
-229.510315
-0.750482
236.534927
-0.749409
173.457397
-0.750482
228.680878
-0.750482
248.012100
-0.751019
-229.740982
-0.751019
237.180801
-0.751555
173.213318
-0.752092
228.308594
-0.751555
247.920898
-0.750482
-229.931427
-0.749946
237.581528
-0.749946
173.030930
-0.751019
227.977600
-0.749946
247.746017
-0.751019
-230.137955
-0.748873
238.397980
-0.748873
172.994980
-0.749409
227.551132
-0.749409
247.462784
-0.751555
-230.451233
-0.751555
238.895264
-0.751019
172.761093
-0.751019
227.134323
-0.750482
247.489059
-0.749409
-230.402954
-0.749946
239.677933
-0.750482
172.780411
-0.749409
226.755051
-0.749946
247.274490
-0.752092
-230.607330
-0.750482
240.529266
-0.749946
172.957443
-0.751019
226.585541
-0.749946
247.294876
-0.749409
-230.811722
-0.750482
240.953064
-0.751019
172.480545
-0.750482
226.072159
-0.751555
247.162369
-0.751555
-230.968369
-0.750482
241.667068
-0.751555
172.457474
-0.751019
225.721329
-0.748873
246.893616
-0.749409
-231.442047
-0.749409
242.226028
-0.749946
172.304047
-0.750482
225.281982
-0.749946
246.816360
-0.750482
-231.557373
-0.751555
242.997971
-0.751019
172.535263
-0.749946
225.104416
-0.751019
246.880737
-0.750482
-231.522507
-0.749409
244.071930
-0.749946
172.592651
-0.750482
224.815277
-0.748873
247.027191
-0.749409
-231.613159
-0.750482
244.681335
-0.749946
172.676880
-0.749946
224.478928
-0.750482
246.996078
-0.749946
-231.794479
-0.748873
245.447906
-0.748873
172.720322
-0.749946
224.116837
-0.750482
246.871078
-0.749409
-231.998337
-0.749409
246.054626
-0.751555
172.765930
-0.751019
223.558395
-0.751019
246.551361
-0.749409
-232.535309
-0.749409
246.343231
-0.749946
172.264359
-0.749409
222.695267
-0.750482
246.125961
-0.750482
-232.882385
-0.749946
246.786331
-0.750482
172.058899
-0.751019
222.220505
-0.751019
245.958054
-0.751555
-233.181717
-0.751019
247.586700
-0.751555
172.503067
-0.750482
222.179749
-0.749409
246.014389
-0.750482
-233.469254
-0.749409
248.126892
-0.751555
172.581390
-0.752092
221.864853
-0.750482
246.052475
-0.749409
-233.442429
-0.750482
248.892929
-0.751019
172.612503
-0.750482
221.439987
-0.751019
246.024582
-0.750482
-233.834030
-0.751555
249.480881
-0.751019
172.688141
-0.750482
220.888519
-0.751555
245.652832
-0.750482
-234.424118
-0.751555
249.825272
-0.751019
172.592651
-0.749946
220.236206
-0.751555
245.320236
-0.752092
-234.528732
-0.751555
250.827347
-0.750482
172.975677
-0.751555
220.229233
-0.749946
245.720947
-0.750482
-234.379059
-0.751555
251.693695
-0.751019
173.217072
-0.749946
219.962097
-0.750482
245.793915
-0.751555
-234.566284
-0.751555
252.135727
-0.751555
173.134460
-0.749409
219.523285
-0.749946
245.790161
-0.751019
-234.715408
-0.750482
252.900696
-0.749409
173.403763
-0.749946
219.173523
-0.750482
245.558411
-0.751019
-235.136520
-0.751555
253.639908
-0.750482
173.418777
-0.751555
218.537308
-0.750482
245.599716
-0.751019
-235.458923
-0.750482
254.212296
-0.751019
173.566833
-0.750482
218.241180
-0.751555
245.485992
-0.749946
-235.533478
-0.748873
254.905914
-0.748873
173.541092
-0.749409
217.619980
-0.750482
245.343842
-0.751019
-236.087097
-0.750482
255.364029
-0.752092
173.878510
-0.750482
217.309387
-0.750482
245.080978
-0.751019
-236.520538
-0.750482
255.939636
-0.751019
173.830765
-0.751555
216.613083
-0.753164
245.006409
-0.750482
-236.724380
-0.749409
-255.366272
-0.749946
174.028168
-0.752628
216.312134
-0.750482
245.049332
-0.748873
-236.852051
-0.748336
-254.636719
-0.748336
174.425140
-0.749409
215.930191
-0.750482
244.879272
-0.749409
-237.168564
-0.749409
-253.958115
-0.749409
174.685318
-0.749946
215.689331
-0.751019
245.218842
-0.750482
-237.152466
-0.749946
-253.239822
-0.750482
174.942810
-0.752092
215.101929
-0.751019
244.706543
-0.750482
-237.690521
-0.749946
-252.872360
-0.750482
174.869858
-0.749946
214.634689
-0.749409
244.844406
-0.749409
-238.056366
-0.748336
-252.364883
-0.749946
175.104813
-0.752092
214.186752
-0.750482
244.855667
-0.749409
-238.094986
-0.750482
-251.344025
-0.752092
175.677734
-0.749946
213.898682
-0.749946
244.972610
-0.749946
-238.390030
-0.751019
-250.978714
-0.752628
175.688995
-0.751555
213.445389
-0.750482
244.560089
-0.750482
-239.353485
-0.750482
-251.066162
-0.749946
174.844101
-0.750482
211.183228
-0.749946
242.398773
-0.751555
-241.923035
-0.751555
-253.341736
-0.750482
171.983795
-0.750482
207.480698
-0.750482
239.205338
-0.749946
-245.330521
-0.749409
-255.996597
-0.751555
168.825226
-0.751555
203.692886
-0.749946
235.738312
-0.749946
-248.884445
-0.750482
253.800842
-0.751019
166.818390
-0.751555
201.489716
-0.749946
234.427246
-0.749409
-249.898315
-0.749409
254.087830
-0.749409
166.861847
-0.751555
200.842773
-0.750482
234.196579
-0.749409
-250.425644
-0.750482
254.366257
-0.751555
167.003464
-0.750482
200.526810
-0.748873
234.273819
-0.750482
-250.784515
-0.751555
255.002472
-0.752092
167.550095
-0.750482
200.186707
-0.750482
234.315125
-0.751555
-251.016266
-0.750482
255.628494
-0.751555
167.790421
-0.751555
199.627197
-0.750482
234.332291
-0.751555
-251.294678
-0.752092
255.987381
-0.749946
167.470169
-0.748873
198.282333
-0.749409
233.156952
-0.749409
-252.552628
-0.750482
255.930511
-0.751019
167.670807
-0.750482
197.848892
-0.751019
233.246002
-0.750482
-252.839096
-0.751019
-255.665070
-0.751555
167.657928
-0.751019
197.041000
-0.749946
233.017471
-0.749409
-253.151306
-0.748873
-254.856659
-0.749946
168.211533
-0.751555
196.666565
-0.751019
233.035172
-0.750482
-253.435623
-0.751555
-254.409790
-0.750482
168.528580
-0.750482
196.198792
-0.750482
232.884979
-0.751555
-253.861557
-0.749946
-254.088470
-0.749409
168.616013
-0.749409
195.447769
-0.750482
232.542725
-0.749946
-254.230621
-0.751555
-253.599228
-0.752092
169.095596
-0.750482
195.000916
-0.750482
232.600128
-0.750482
-254.683380
-0.749409
-253.121796
-0.750482
169.524216
-0.751555
194.495056
-0.750482
232.749252
-0.751555
-254.837341
-0.751555
-252.444275
-0.749409
170.142731
-0.750482
194.230057
-0.751555
232.794312
-0.751019
-255.113602
-0.751555
-252.097733
-0.751555
170.197449
-0.749946
193.283768
-0.751555
232.213348
-0.752092
255.968597
-0.750482
-252.421204
-0.749946
169.826218
-0.751019
191.842865
-0.749946
231.014938
-0.748873
254.910736
-0.751555
-252.320892
-0.750482
170.016663
-0.749946
191.358459
-0.751555
230.925354
-0.750482
254.077637
-0.750482
-252.850891
-0.751555
169.195374
-0.751555
189.277603
-0.750482
229.094482
-0.749409
252.109970
-0.748873
-253.869064
-0.751019
168.101563
-0.752092
187.485352
-0.750482
227.958832
-0.749946
251.013489
-0.751019
-253.925919
-0.751555
168.199203
-0.750482
186.994507
-0.749946
228.104736
-0.750482
250.913177
-0.749946
-253.290771
-0.750482
169.034973
-0.750482
186.896347
-0.749946
228.504395
-0.750482
251.157257
-0.749946
-252.360596
-0.751555
169.866455
-0.752092
186.911362
-0.752092
228.776901
-0.751555
250.905670
-0.749409
-252.065552
-0.749409
170.524139
-0.751019
186.573944
-0.751019
228.823578
-0.750482
250.864899
-0.751019
-251.287704
-0.749409
170.909302
-0.748873
185.858856
-0.749409
228.659958
-0.749946
250.544632
-0.750482
-251.032364
-0.750482
171.261200
-0.750482
185.444199
-0.750482
228.598801
-0.749946
250.168594
-0.751555
-250.676163
-0.752092
171.866852
-0.749409
185.185089
-0.748873
228.624557
-0.750482
250.004440
-0.751555
-250.120941
-0.749946
172.556183
-0.749409
184.797775
-0.749409
228.635818
-0.750482
249.694382
-0.749409
-249.603271
-0.749409
173.055603
-0.749409
184.102554
-0.749409
228.414810
-0.750482
249.467468
-0.749946
-249.199341
-0.749409
173.289490
-0.749409
183.589706
-0.750482
228.340775
-0.749946
249.045288
-0.747800
-249.085068
-0.748873
173.876892
-0.750482
183.312912
-0.750482
228.443771
-0.751019
248.992706
-0.751019
-248.468170
-0.749409
174.768997
-0.749946
183.124619
-0.750482
228.504395
-0.750482
248.841965
-0.750482
-248.071732
-0.749946
174.965866
-0.750482
182.359650
-0.750482
228.303223
-0.749409
248.276566
-0.749946
-248.175262
-0.750482
175.086044
-0.750482
181.293747
-0.750482
227.423462
-0.750482
246.957993
-0.751555
-248.827576
-0.751019
174.429428
-0.750482
179.447311
-0.750482
226.426208
-0.749409
246.241837
-0.749409
-248.978317
-0.749409
174.542084
-0.749409
179.165680
-0.750482
227.277542
-0.749409
247.158081
-0.749946
-247.068588
-0.749946
177.414734
-0.750482
181.196106
-0.749409
228.802109
-0.749409
248.735214
-0.750482
-244.219009
-0.751555
180.761047
-0.751019
183.340805
-0.751555
231.612534
-0.751555
251.436737
-0.749409
-240.949936
-0.749409
184.280655
-0.749409
186.182877
-0.750482
235.530167
-0.750482
255.355988
-0.750482
-236.428268
-0.751019
189.293167
-0.750482
190.023254
-0.748873
239.357681
-0.750482
-253.232849
-0.752092
-232.987000
-0.750482
192.516663
-0.749946
191.983414
-0.751555
241.411713
-0.751555
-251.830582
-0.751019
-231.513916
-0.751555
193.726868
-0.751019
191.923340
-0.750482
241.438004
-0.749409
-252.073059
-0.750482
-231.280579
-0.750482
194.603409
-0.751019
191.674957
-0.749409
241.297455
-0.750482
-252.361664
-0.751019
-231.166306
-0.751555
195.177948
-0.751019
191.425522
-0.749409
241.377380
-0.750482
-252.761307
-0.749409
-231.023087
-0.750482
195.893021
-0.751019
191.099899
-0.751555
241.057129
-0.752092
-253.025772
-0.751555
-230.765594
-0.749409
196.340942
-0.749946
190.658401
-0.749409
241.228790
-0.751019
-252.809586
-0.751555
-230.335892
-0.751019
196.935867
-0.749946
190.440613
-0.751019
241.335007
-0.751555
-252.968918
-0.750482
-230.139557
-0.751019
197.563507
-0.749409
190.146103
-0.748873
241.532959
-0.750482
-252.901855
-0.750482
-229.545715
-0.750482
198.483490
-0.750482
189.675644
-0.748873
240.999725
-0.748873
-253.458145
-0.751019
-229.569855
-0.750482
199.171219
-0.748873
189.792053
-0.750482
241.301743
-0.749946
-253.631958
-0.749946
-229.464722
-0.749409
199.626114
-0.749946
189.354309
-0.751555
241.066788
-0.751555
-253.745682
-0.749409
-229.014648
-0.748873
200.588501
-0.747800
189.226639
-0.748873
241.226639
-0.749409
-253.526810
-0.751555
-228.188522
-0.751019
201.216675
-0.749946
188.522827
-0.749409
241.400452
-0.751019
-253.671646
-0.751555
-228.358566
-0.751555
201.441971
-0.751019
187.603363
-0.750482
240.668213
-0.751019
-254.205948
-0.752092
-227.561951
-0.751019
203.152145
-0.750482
188.195068
-0.749946
241.277069
-0.748873
-253.925385
-0.749946
-227.904205
-0.749409
203.510498
-0.749946
188.435928
-0.752092
241.757187
-0.751555
-253.262344
-0.751555
-227.963211
-0.749409
204.347336
-0.749946
189.728210
-0.749409
242.128403
-0.750482
-253.747284
-0.749946
-228.244308
-0.750482
204.567291
-0.750482
189.100037
-0.750482
241.954056
-0.750482
-254.144257
-0.750482
-228.078552
-0.749409
205.001801
-0.749409
188.459534
-0.749946
241.959427
-0.749946
-253.783234
-0.749946
-228.169205
-0.748873
205.207260
-0.751019
187.511108
-0.750482
241.057129
-0.749946
-254.741318
-0.749409
-228.272202
-0.751555
205.854202
-0.749946
187.069611
-0.751019
240.919266
-0.750482
-255.509506
-0.749409
-228.753387
-0.751555
206.647598
-0.749946
186.988068
-0.749946
240.779785
-0.749409
-255.144180
-0.750482
-228.257721
-0.749409
206.538177
-0.750482
185.987076
-0.750482
240.268555
-0.752628
-255.570663
-0.751555
-227.906891
-0.751019
207.781113
-0.747800
185.888901
-0.749409
240.183807
-0.751019
-255.445129
-0.751555
-227.519577
-0.750482
208.995071
-0.750482
186.149078
-0.749409
240.077591
-0.751019
254.827591
-0.751555
-230.229675
-0.750482
205.957199
-0.751555
182.100555
-0.750482
236.753799
-0.750482
251.741974
-0.750482
-233.014893
-0.750482
203.151077
-0.750482
177.386307
-0.749946
231.904358
-0.750482
247.780350
-0.751019
-236.524292
-0.749409
199.909363
-0.749409
174.502930
-0.750482
229.604630
-0.749409
244.619095
-0.750482
-238.918427
-0.749409
199.042999
-0.747800
172.346436
-0.748336
228.268890
-0.750482
244.432419
-0.751019
-238.729599
-0.749409
199.280655
-0.751019
172.138290
-0.752092
228.447525
-0.750482
244.099289
-0.749946
-238.411499
-0.748873
200.585281
-0.749409
172.433868
-0.750482
229.099838
-0.748336
244.898056
-0.749946
-237.589661
-0.750482
201.444122
-0.749946
171.838959
-0.752092
228.430893
-0.750482
244.169571
-0.749409
-237.435165
-0.749946
202.382355
-0.750482
172.027786
-0.749409
228.580032
-0.749946
244.470505
-0.749946
-237.046249
-0.750482
203.475632
-0.748873
172.529358
-0.749409
229.194794
-0.748873
244.813828
-0.751019
-236.874588
-0.749946
204.461075
-0.749409
172.601242
-0.749409
229.228592
-0.750482
244.699570
-0.749946
-236.782852
-0.749409
205.330643
-0.751019
172.587296
-0.749946
229.493057
-0.750482
244.962967
-0.750482
-236.235153
-0.750482
206.496872
-0.750482
172.444061
-0.751019
229.541336
-0.751555
245.332565
-0.750482
-236.020569
-0.751555
206.942642
-0.752092
172.180664
-0.752092
229.435120
-0.749409
245.118530
-0.748873
-235.891830
-0.749409
208.159836
-0.749409
172.322830
-0.751555
229.483932
-0.749409
245.378708
-0.750482
-235.559235
-0.750482
208.834686
-0.750482
172.091080
-0.751019
229.824570
-0.751019
245.650681
-0.750482
-235.148315
-0.749409
209.875916
-0.748873
172.326050
-0.750482
229.956543
-0.749409
245.552505
-0.750482
-235.062485
-0.751555
210.814148
-0.750482
172.322281
-0.749946
229.977997
-0.751555
245.707001
-0.748873
-234.892975
-0.749946
211.818909
-0.749946
172.662399
-0.749946
230.378174
-0.749409
246.242905
-0.750482
-234.255142
-0.751555
212.625183
-0.749946
172.514328
-0.750482
230.317032
-0.749409
246.214478
-0.749409
-234.100113
-0.749946
213.442184
-0.749409
172.616791
-0.750482
230.308975
-0.750482
246.172638
-0.749409
-233.627502
-0.749409
214.839066
-0.748873
172.679565
-0.749409
230.541794
-0.749409
246.223068
-0.750482
-233.759476
-0.750482
215.227997
-0.751555
172.025101
-0.750482
229.934540
-0.749409
246.004730
-0.749409
-233.523972
-0.751019
216.079865
-0.751555
171.559464
-0.750482
229.667389
-0.750482
245.969864
-0.751019
-233.201569
-0.751555
217.101776
-0.752092
171.656570
-0.751555
229.763412
-0.751555
245.863647
-0.750482
-233.235367
-0.750482
217.585114
-0.750482
171.169479
-0.749409
229.451202
-0.748873
246.137772
-0.749409
-232.765442
-0.749409
218.486343
-0.749946
170.777878
-0.750482
229.188354
-0.749409
245.862579
-0.750482
-233.014893
-0.751019
219.080719
-0.749409
170.298294
-0.749946
228.704483
-0.751019
245.364761
-0.750482
-233.322266
-0.749409
219.660080
-0.749946
169.844467
-0.750482
228.378860
-0.751019
245.202209
-0.750482
-233.319580
-0.752092
220.200272
-0.750482
169.452866
-0.750482
227.808090
-0.750482
244.232864
-0.751019
-234.691269
-0.748873
218.983078
-0.749409
166.789963
-0.751555
224.572266
-0.751555
240.824844
-0.751555
-238.104645
-0.750482
216.338425
-0.750482
163.533218
-0.751019
222.167938
-0.750482
239.501984
-0.749946
-238.451721
-0.749946
217.136108
-0.751019
163.380875
-0.751019
221.921173
-0.750482
239.451553
-0.751019
-238.728531
-0.750482
217.463348
-0.750482
163.090668
-0.750482
221.581604
-0.751555
239.136673
-0.752092
-238.670059
-0.751555
218.491699
-0.750482
163.252136
-0.751555
221.290863
-0.750482
239.254150
-0.748873
-238.602997
-0.749409
218.997574
-0.749409
162.936707
-0.748873
220.926620
-0.749409
238.932816
-0.751555
-238.640549
-0.751555
219.641830
-0.750482
162.538666
-0.750482
220.548965
-0.749409
238.640991
-0.750482
-238.992996
-0.751555
220.271622
-0.750482
162.105225
-0.751555
220.085480
-0.751019
238.627579
-0.751019
-238.712967
-0.751555
220.974350
-0.751019
162.041916
-0.751555
219.995346
-0.751555
238.211304
-0.750482
-239.346512
-0.750482
221.643295
-0.750482
161.508698
-0.751555
218.665512
-0.751555
236.853027
-0.750482
-240.554581
-0.749946
220.640686
-0.749946
159.279785
-0.750482
216.035339
-0.751555
234.709946
-0.750482
-242.270660
-0.749946
219.886459
-0.750482
157.694595
-0.748873
214.990341
-0.750482
234.235733
-0.749946
-243.018997
-0.749409
219.955124
-0.750482
157.242371
-0.750482
214.250061
-0.748873
234.069443
-0.748873
-242.750229
-0.748873
221.064484
-0.748873
157.266510
-0.750482
213.708252
-0.749946
233.307159
-0.749409
-243.559723
-0.749409
221.536011
-0.748873
157.016525
-0.749946
213.256027
-0.749409
233.529770
-0.749409
-243.410599
-0.749946
222.155060
-0.748873
157.177994
-0.749946
213.506546
-0.751019
233.525482
-0.750482
-243.677734
-0.749409
222.798264
-0.748873
157.108261
-0.749409
213.025360
-0.750482
233.291061
-0.750482
-243.907333
-0.751555
223.318069
-0.752092
157.396866
-0.751555
213.317184
-0.751555
233.487930
-0.750482
-244.124603
-0.749946
223.841095
-0.750482
157.441925
-0.750482
212.963669
-0.749409
233.488464
-0.750482
-244.029114
-0.752092
224.786850
-0.750482
157.684937
-0.749946
213.082230
-0.749409
233.803360
-0.749409
-243.813461
-0.749409
225.994919
-0.750482
158.198853
-0.752092
212.897156
-0.751019
233.978775
-0.750482
-243.457794
-0.748873
226.771683
-0.750482
158.398941
-0.751555
212.900375
-0.751019
233.692856
-0.749946
-244.682495
-0.750482
225.963272
-0.750482
156.943039
-0.748873
210.974014
-0.750482
231.903824
-0.752092
-246.401794
-0.750482
225.676270
-0.749409
156.808395
-0.749946
211.112946
-0.751555
232.141998
-0.751555
-246.214035
-0.749409
226.274399
-0.749409
156.683395
-0.750482
210.433807
-0.751555
231.924210
-0.749946
-246.365845
-0.748336
226.915451
-0.750482
156.937668
-0.749409
210.332428
-0.748873
231.800827
-0.749409
-246.457581
-0.749409
227.680954
-0.751019
156.636200
-0.751555
209.812607
-0.750482
231.540115
-0.750482
-246.663574
-0.749946
228.606308
-0.750482
157.058380
-0.751555
209.938675
-0.750482
231.645798
-0.751019
-246.972031
-0.751555
228.976990
-0.749409
156.924805
-0.749409
209.461243
-0.748873
231.672073
-0.750482
-247.557281
-0.752092
228.833221
-0.751555
156.851303
-0.751555
209.069107
-0.751019
231.321243
-0.751555
-247.729492
-0.751555
229.833160
-0.749409
156.694122
-0.749409
208.446289
-0.750482
231.070190
-0.750482
-247.914566
-0.750482
230.092789
-0.750482
156.498322
-0.751019
207.877670
-0.751019
230.615829
-0.750482
-248.484802
-0.749409
230.790161
-0.750482
156.695206
-0.749946
207.604080
-0.749409
230.325607
-0.748873
-249.019623
-0.750482
230.859909
-0.749946
156.092239
-0.751019
206.180908
-0.751555
229.338028
-0.751019
-248.865128
-0.748873
232.936478
-0.748873
157.471970
-0.748873
208.098145
-0.749409
232.625336
-0.750482
-246.509079
-0.748873
235.828430
-0.749946
160.388611
-0.749946
210.852768
-0.749946
235.733475
-0.749946
-242.851624
-0.749946
239.954742
-0.750482
164.441422
-0.750482
214.628250
-0.751555
239.672577
-0.749946
-239.525146
-0.749409
244.311188
-0.749409
167.906830
-0.749409
217.150604
-0.749409
242.269485
-0.751555
-236.621384
-0.751555
247.651077
-0.749409
170.201736
-0.748336
219.151520
-0.749409
244.261292
-0.749409
-235.043167
-0.751019
249.205673
-0.751555
171.231171
-0.748873
219.975494
-0.749409
245.222595
-0.750482
-234.086166
-0.750482
251.206604
-0.749409
172.337845
-0.749409
220.302200
-0.749946
245.405533
-0.750482
-234.869904
-0.749946
251.500046
-0.749946
172.159210
-0.750482
219.704605
-0.751019
245.071854
-0.750482
-235.199280
-0.749946
251.427078
-0.750482
171.008545
-0.749946
218.393539
-0.749409
244.363754
-0.750482
-235.817795
-0.751019
251.283325
-0.751019
170.624451
-0.751555
217.633926
-0.751555
243.775818
-0.750482
-236.668060
-0.749409
251.447464
-0.750482
170.259140
-0.752092
216.418350
-0.752092
242.896057
-0.750482
-237.520462
-0.750482
251.696915
-0.749409
169.908844
-0.751019
215.662506
-0.751555
242.069931
-0.750482
-238.379837
-0.749946
251.802597
-0.750482
169.204483
-0.752092
214.568710
-0.751555
241.637558
-0.749946
-238.757492
-0.751555
252.011276
-0.749946
168.830048
-0.749409
213.569855
-0.750482
240.884933
-0.751019
-239.697876
-0.750482
252.018250
-0.749946
168.464737
-0.749946
213.147141
-0.751555
240.699326
-0.751555
-240.101288
-0.749409
252.432907
-0.751019
168.362808
-0.751555
212.783966
-0.749946
240.705765
-0.750482
-240.370575
-0.751019
252.449539
-0.751555
167.834946
-0.750482
211.903656
-0.751019
240.212769
-0.751555
-240.863037
-0.749409
253.167831
-0.749946
167.985153
-0.751019
211.970184
-0.752092
240.882782
-0.751019
-239.721481
-0.749409
255.729355
-0.749409
170.297760
-0.750482
213.316116
-0.749409
242.937897
-0.748336
-237.837494
-0.748873
-254.109390
-0.752092
171.274612
-0.751555
213.739899
-0.750482
243.184113
-0.749946
-238.000580
-0.751019
-253.509644
-0.748873
171.729523
-0.750482
213.506546
-0.750482
243.306961
-0.749409
-237.901871
-0.748873
-252.728058
-0.750482
172.059967
-0.751555
213.489914
-0.750482
243.355774
-0.750482
-238.450119
-0.749409
-252.269394
-0.749409
171.965561
-0.750482
212.587631
-0.751555
243.177139
-0.750482
-238.704926
-0.751555
-251.881546
-0.752092
172.339996
-0.751555
212.435806
-0.751019
243.090775
-0.751555
-238.999969
-0.749946
-251.176132
-0.748873
172.619476
-0.749409
212.210510
-0.751555
243.252777
-0.750482
-239.000504
-0.750482
-250.642899
-0.749409
172.845856
-0.749946
211.750244
-0.750482
243.211472
-0.750482
-239.359924
-0.750482
-250.049591
-0.750482
173.081894
-0.751555
211.308746
-0.749946
242.963104
-0.749409
-239.439316
-0.748873
-248.639832
-0.751555
174.343063
-0.750482
212.242157
-0.749409
244.303131
-0.749409
-238.893753
-0.749409
-247.913483
-0.749409
174.392410
-0.749946
211.319473
-0.751019
243.733978
-0.750482
-239.443069
-0.749946
-246.837921
-0.749409
163.155029
-0.750482
167.553864
-0.751555
-246.557358
-0.749946
-184.862244
-0.750482
-252.949066
-0.750482
157.387741
-0.751019
163.646957
-0.751555
-249.191284
-0.752092
-186.377701
-0.750482
-252.886307
-0.750482
158.059372
-0.752092
163.698456
-0.751019
-250.583893
-0.751555
-186.898041
-0.750482
-252.954971
-0.750482
158.041138
-0.749946
163.204926
-0.749409
-251.665359
-0.749409
-186.873367
-0.749409
-252.369171
-0.749409
158.997604
-0.750482
163.195267
-0.751019
-252.787064
-0.751555
-187.539627
-0.751555
-252.199127
-0.750482
159.036774
-0.750482
162.612152
-0.750482
-253.680237
-0.753164
-187.783173
-0.751019
-252.044083
-0.749409
159.590912
-0.750482
162.307449
-0.751019
-254.680161
-0.749946
-188.209641
-0.750482
-250.992661
-0.752092
161.396042
-0.751555
163.670547
-0.748873
-253.336380
-0.750482
-185.374008
-0.752092
-247.389389
-0.752092
164.941391
-0.752092
166.606506
-0.750482
-250.845139
-0.750482
-182.097427
-0.751555
-243.678284
-0.751555
168.282883
-0.750482
168.619232
-0.750482
-249.563049
-0.749946
-179.988144
-0.750482
-241.537872
-0.750482
169.497391
-0.750482
168.271072
-0.751555
-250.490555
-0.752092
-180.292297
-0.750482
-241.767471
-0.750482
169.107391
-0.749946
167.211075
-0.749409
-252.039261
-0.749409
-180.549789
-0.750482
-241.056152
-0.751019
169.614868
-0.750482
166.980408
-0.749946
-252.606812
-0.750482
-180.345947
-0.751019
-240.436020
-0.751555
170.218903
-0.751555
166.563049
-0.750482
-253.457077
-0.748873
-180.261719
-0.749409
-239.514420
-0.750482
171.145340
-0.751019
166.829666
-0.751555
-253.954895
-0.751555
-179.865829
-0.749946
-238.729065
-0.751019
171.558395
-0.752092
166.291611
-0.751019
-255.100739
-0.749409
-180.284256
-0.750482
-238.180817
-0.751555
172.122192
-0.751555
165.976181
-0.751555
-255.817963
-0.751019
-180.426407
-0.749946
-237.561768
-0.749946
172.754654
-0.749409
165.753555
-0.751019
255.401581
-0.749946
-180.651718
-0.750482
-236.982407
-0.750482
173.251404
-0.751555
165.579758
-0.751019
254.875870
-0.752092
-180.459671
-0.749409
-236.284500
-0.749409
172.586761
-0.749409
164.411911
-0.748873
-254.049850
-0.750482
-180.955338
-0.751019
-236.191696
-0.749409
172.672592
-0.749409
163.534836
-0.750482
-255.039581
-0.751555
-181.234299
-0.751019
-235.564056
-0.749946
173.725616
-0.750482
163.527863
-0.749409
-255.697800
-0.752092
-181.600677
-0.751555
-235.045319
-0.751019
174.408508
-0.751019
163.266617
-0.751019
255.592026
-0.749946
-181.703140
-0.750482
-234.177887
-0.749409
175.225510
-0.748873
162.800446
-0.750482
254.537918
-0.752092
-182.055588
-0.751019
-233.617310
-0.751019
176.099915
-0.750482
162.734467
-0.751555
254.138260
-0.749946
-182.082947
-0.749946
-232.887756
-0.750482
177.029022
-0.750482
162.811707
-0.751555
253.908127
-0.751555
-181.620529
-0.750482
-231.688797
-0.750482
177.902893
-0.749409
162.740906
-0.750482
253.342178
-0.750482
-181.729431
-0.751019
-230.808502
-0.751555
179.203232
-0.749409
162.365921
-0.751019
252.190979
-0.751555
-182.218124
-0.751019
-230.401337
-0.751019
179.662964
-0.749946
162.169052
-0.749409
251.566559
-0.751555
-182.323807
-0.753164
-229.716843
-0.749946
180.529846
-0.749946
162.029037
-0.749946
250.735077
-0.749946
-182.597397
-0.750482
-229.125687
-0.749946
181.056091
-0.750482
161.561798
-0.750482
249.917007
-0.749409
-182.692871
-0.749409
-228.608017
-0.750482
181.596298
-0.751555
161.197556
-0.751555
249.003983
-0.751019
-182.992752
-0.749946
-227.882217
-0.748873
182.280258
-0.749946
160.808640
-0.749946
248.048035
-0.751555
-183.374161
-0.751019
-227.271744
-0.750482
182.907898
-0.751555
160.587631
-0.750482
247.390366
-0.751019
-183.721237
-0.751555
-226.612991
-0.750482
183.582199
-0.750482
160.168655
-0.751555
246.365219
-0.750482
-183.849976
-0.751019
-225.676361
-0.751555
184.273132
-0.751555
160.059769
-0.751019
245.843262
-0.748873
-184.228180
-0.748873
-225.272964
-0.750482
184.802078
-0.749946
159.621490
-0.750482
245.027878
-0.750482
-184.441147
-0.751555
-224.759048
-0.750482
185.380890
-0.750482
159.350586
-0.749946
244.243591
-0.749946
-184.850983
-0.750482
-224.159836
-0.751555
186.127075
-0.751555
159.013702
-0.750482
243.302139
-0.750482
-185.209854
-0.750482
-223.848175
-0.749409
186.302505
-0.750482
158.179001
-0.750482
242.117676
-0.751019
-185.706604
-0.750482
-223.255402
-0.749946
187.021332
-0.749409
158.071182
-0.750482
241.428345
-0.750482
-186.141663
-0.752092
-222.784409
-0.751555
187.622681
-0.751555
157.848022
-0.751555
240.788910
-0.750482
-186.262360
-0.750482
-222.133698
-0.750482
188.208481
-0.749946
157.669922
-0.750482
240.222961
-0.749946
-186.325653
-0.750482
-221.571518
-0.750482
188.779785
-0.751019
157.279922
-0.750482
239.282043
-0.751019
-186.918427
-0.749946
-221.204590
-0.749946
189.348419
-0.750482
157.196777
-0.751019
238.522980
-0.750482
-187.222061
-0.749409
-220.556564
-0.749409
190.106400
-0.750482
156.873840
-0.751019
237.733871
-0.750482
-187.585220
-0.749946
-220.025482
-0.751555
190.665375
-0.752092
156.786942
-0.750482
236.905075
-0.749946
-187.796585
-0.749409
-219.352249
-0.750482
191.232941
-0.751555
156.575577
-0.749946
236.178726
-0.749409
-188.287430
-0.749946
-219.067932
-0.749409
191.689987
-0.751019
156.467209
-0.750482
235.511932
-0.751019
-188.548676
-0.751555
-218.445663
-0.752092
192.285980
-0.750482
156.179138
-0.751555
234.687424
-0.751555
-189.042206
-0.749409
-218.093765
-0.749409
192.818130
-0.751555
156.197922
-0.750482
234.216965
-0.750482
-189.191864
-0.752092
-217.209702
-0.751555
193.829330
-0.751019
155.859421
-0.750482
232.597977
-0.751019
-191.126282
-0.750482
-219.052917
-0.749409
191.242050
-0.750482
152.426193
-0.751555
228.955002
-0.752092
-194.234436
-0.751019
-221.051163
-0.748336
189.479843
-0.749946
149.640991
-0.749946
225.715424
-0.749409
-196.996033
-0.748873
-223.166885
-0.750482
187.431702
-0.750482
147.292984
-0.751019
223.801407
-0.750482
-198.324265
-0.749409
-223.224823
-0.749409
188.163956
-0.750482
147.240417
-0.750482
222.843857
-0.750482
-198.730896
-0.749409
-222.725403
-0.749409
188.633331
-0.749409
147.145996
-0.751555
222.421143
-0.750482
-198.978195
-0.749946
-222.265137
-0.750482
189.274384
-0.751019
146.818237
-0.750482
221.563904
-0.751555
-199.299515
-0.750482
-221.804871
-0.748873
189.699783
-0.749946
146.740448
-0.750482
221.039795
-0.751019
-199.618698
-0.748873
-221.255005
-0.748873
190.443832
-0.749409
146.559128
-0.750482
220.505508
-0.751019
-199.569351
-0.751019
-220.584991
-0.751555
191.044647
-0.752092
146.527481
-0.753701
219.956726
-0.752092
-199.975433
-0.750482
-220.268494
-0.751019
191.443222
-0.750482
146.421799
-0.748336
219.230927
-0.751555
-200.369720
-0.751555
-219.752441
-0.751555
192.182449
-0.751555
146.330612
-0.752092
218.675171
-0.750482
-200.649200
-0.750482
-219.162354
-0.749946
192.756439
-0.751019
146.231903
-0.750482
217.926834
-0.751555
-200.982346
-0.750482
-218.733200
-0.750482
193.274109
-0.750482
146.460968
-0.749409
217.774475
-0.749946
-201.197449
-0.749409
-218.202118
-0.749409
193.991333
-0.749409
146.585419
-0.750482
217.308319
-0.752092
-201.262360
-0.751555
-217.359909
-0.749946
194.752014
-0.749409
146.496368
-0.749946
216.760605
-0.751555
-201.622314
-0.751019
-216.760162
-0.749409
195.308304
-0.750482
146.169678
-0.750482
216.106140
-0.750482
-201.923798
-0.751019
-216.379822
-0.751555
195.867264
-0.749409
146.158417
-0.751019
215.567566
-0.750482
-202.329346
-0.750482
-215.755402
-0.749409
196.595215
-0.748336
146.147690
-0.750482
215.285385
-0.751019
-202.495102
-0.749946
-215.306412
-0.750482
197.226074
-0.749946
146.171280
-0.750482
214.731781
-0.750482
-202.975220
-0.750482
-214.946457
-0.749409
197.826889
-0.748873
145.996414
-0.751555
214.283859
-0.750482
-203.088409
-0.748336
-214.171295
-0.750482
198.756546
-0.752092
146.034500
-0.752092
213.821976
-0.752628
-203.264359
-0.751019
-213.768433
-0.751555
199.195892
-0.750482
145.817764
-0.751019
213.310211
-0.750482
-203.539017
-0.749946
-213.333908
-0.748873
199.825134
-0.750482
145.854248
-0.751555
212.655212
-0.750482
-203.971924
-0.750482
-212.901535
-0.750482
200.365341
-0.749409
145.735703
-0.751019
212.080688
-0.750482
-204.350662
-0.751019
-212.505112
-0.751019
201.159271
-0.751555
145.810791
-0.751555
211.270126
-0.749946
-204.682709
-0.749409
-212.071121
-0.750482
201.635635
-0.750482
145.677765
-0.750482
210.682724
-0.750482
-205.026031
-0.749409
-211.828125
-0.749409
201.981628
-0.749946
145.652008
-0.750482
210.280396
-0.750482
-205.424606
-0.749946
-211.508392
-0.749409
202.576019
-0.751019
145.573151
-0.750482
209.584625
-0.750482
-205.690155
-0.751555
-210.974106
-0.749946
203.197754
-0.750482
145.840302
-0.751019
209.231110
-0.752092
-205.952469
-0.751555
-210.347534
-0.749409
203.934814
-0.749946
145.948120
-0.751019
208.660339
-0.750482
-206.374115
-0.751019
-209.867432
-0.749946
204.580688
-0.749409
146.069901
-0.749946
208.159836
-0.752092
-206.937378
-0.752092
-209.646408
-0.749409
204.940109
-0.749409
145.564041
-0.749946
207.210876
-0.751019
-207.503326
-0.749409
-209.243011
-0.749946
205.333328
-0.748873
145.256119
-0.748873
206.303741
-0.748873
-208.154022
-0.748873
-209.184540
-0.751019
206.022110
-0.751555
145.848343
-0.750482
206.463608
-0.748873
-208.140076
-0.748873
-208.141693
-0.749409
207.135223
-0.749409
146.066147
-0.750482
205.869766
-0.751555
-208.767715
-0.750482
-208.023132
-0.749409
207.808472
-0.749409
146.025909
-0.751555
205.207260
-0.751019
-209.234421
-0.750482
-207.519958
-0.750482
208.262299
-0.750482
146.017868
-0.749409
204.932068
-0.750482
-209.521957
-0.750482
-206.974930
-0.749409
208.863113
-0.749946
145.632706
-0.751555
204.116135
-0.750482
-209.903366
-0.750482
-206.559189
-0.748873
209.539032
-0.749409
145.763596
-0.749946
203.776566
-0.748873
-210.149597
-0.749409
-206.307053
-0.751555
210.038986
-0.752092
145.610703
-0.750482
203.066864
-0.749409
-210.733246
-0.749946
-206.120377
-0.748873
210.604935
-0.749409
145.691711
-0.750482
202.333542
-0.751555
-211.231598
-0.750482
-205.770615
-0.749409
211.042130
-0.750482
145.640747
-0.751555
201.941940
-0.749409
-211.426331
-0.749409
-205.281387
-0.749946
211.777069
-0.751555
145.761978
-0.750482
201.460220
-0.750482
-211.744965
-0.750482
-204.745483
-0.750482
212.392365
-0.750482
145.745895
-0.749409
200.916794
-0.750482
-212.338806
-0.751019
-204.465454
-0.750482
212.987274
-0.751555
145.582809
-0.752092
200.209763
-0.751555
-212.802826
-0.751555
-204.248199
-0.750482
213.312897
-0.751019
145.563492
-0.749409
199.570862
-0.748873
-213.400970
-0.747800
-204.072250
-0.749409
213.626175
-0.750482
145.603195
-0.751019
199.034958
-0.750482
-213.936340
-0.749409
-203.659714
-0.749946
214.295654
-0.749409
145.601044
-0.749946
198.348312
-0.749946
-214.404114
-0.748873
-203.416718
-0.748873
214.658295
-0.750482
145.665955
-0.749409
198.470627
-0.751555
-213.799545
-0.750482
-201.379837
-0.749409
217.656464
-0.750482
148.641602
-0.750482
200.770355
-0.748873
-211.400040
-0.748873
-198.241653
-0.750482
220.853119
-0.749946
151.190231
-0.750482
202.589966
-0.749409
-209.785355
-0.748873
-196.176895
-0.749409
222.930222
-0.751019
152.166565
-0.752092
202.688126
-0.750482
-209.947891
-0.750482
-195.784760
-0.749946
223.650131
-0.749946
152.225037
-0.750482
202.076584
-0.751019
-210.320724
-0.749946
-195.212906
-0.749409
224.317993
-0.750482
152.274918
-0.749409
201.580383
-0.748873
-211.034729
-0.749409
-195.360962
-0.750482
224.486984
-0.749409
152.296387
-0.749946
201.031601
-0.751019
-211.692932
-0.751019
-194.962921
-0.749409
225.303986
-0.749409
152.410645
-0.749409
200.379288
-0.748873
-212.278732
-0.749409
-194.863144
-0.749409
225.697723
-0.749946
152.376846
-0.750482
199.670105
-0.749409
-212.690186
-0.749946
-194.506943
-0.749946
226.428360
-0.749409
152.726608
-0.749946
199.535995
-0.750482
-213.047455
-0.749409
-194.196350
-0.750482
226.871460
-0.751555
152.516327
-0.752092
198.546799
-0.750482
-213.690643
-0.750482
-194.070282
-0.749946
227.207809
-0.749409
152.833893
-0.750482
198.992050
-0.751555
-212.906372
-0.752092
-192.313446
-0.751555
229.681885
-0.750482
154.807999
-0.749409
199.802078
-0.749409
-212.324326
-0.749409
-191.189041
-0.750482
230.747787
-0.751555
155.136307
-0.751555
199.294067
-0.752092
-212.869888
-0.750482
-190.948181
-0.750482
231.340027
-0.749409
155.405594
-0.750482
198.644424
-0.749409
-213.443878
-0.751019
-190.729309
-0.749409
231.791168
-0.750482
155.285965
-0.751555
197.803284
-0.751555
-214.435226
-0.751555
-190.869324
-0.750482
231.981613
-0.749946
155.037598
-0.749946
197.215347
-0.750482
-214.853119
-0.750482
-190.513657
-0.748873
232.670929
-0.748873
155.348190
-0.750482
196.822144
-0.750482
-215.389023
-0.748873
-190.177307
-0.749946
233.240097
-0.748873
155.398087
-0.750482
196.410156
-0.750482
-215.810120
-0.751555
-189.848480
-0.749946
233.956787
-0.751019
155.576721
-0.750482
196.059311
-0.749409
-216.281662
-0.749946
-189.853302
-0.752092
234.151520
-0.750482
155.549362
-0.748336
195.615143
-0.749409
-216.685593
-0.749946
-189.632294
-0.749409
234.800064
-0.751019
155.445297
-0.752628
194.967651
-0.749946
-217.254227
-0.748336
-189.347977
-0.749409
235.413223
-0.749946
155.575119
-0.751019
194.428528
-0.750482
-217.790131
-0.751019
-189.061508
-0.751555
235.979172
-0.751555
155.354630
-0.751555
193.763885
-0.749409
-218.306732
-0.749409
-188.993927
-0.749409
236.567642
-0.750482
155.795059
-0.749409
193.491364
-0.749409
-218.765381
-0.749946
-188.574966
-0.750482
237.302032
-0.749946
155.934525
-0.750482
192.881973
-0.750482
-219.317917
-0.749409
-188.297089
-0.748873
238.183945
-0.748336
156.347046
-0.750482
192.752151
-0.750482
-219.342056
-0.749946
-187.727386
-0.749409
238.823914
-0.749409
156.491348
-0.749409
192.178696
-0.749409
-219.823792
-0.749946
-187.414642
-0.750482
239.482666
-0.751019
156.797119
-0.752092
191.834824
-0.751555
-220.215393
-0.750482
-187.256393
-0.749946
239.953674
-0.750482
156.873840
-0.749409
191.153549
-0.749946
-220.848923
-0.750482
-187.185577
-0.752092
240.303421
-0.752092
156.866333
-0.750482
190.572571
-0.749946
-221.506607
-0.749946
-186.996216
-0.751019
240.816803
-0.749409
156.995605
-0.750482
190.094070
-0.752092
-222.149796
-0.750482
-186.972610
-0.751555
241.232010
-0.750482
157.084656
-0.750482
189.508270
-0.748336
-222.600403
-0.748336
-186.458694
-0.749409
241.958893
-0.750482
157.296021
-0.748873
189.195526
-0.749409
-222.977524
-0.749409
-186.214081
-0.750482
242.484604
-0.750482
157.307816
-0.749946
188.608124
-0.751555
-223.688309
-0.751555
-186.221054
-0.751555
242.988312
-0.751555
157.311035
-0.750482
187.984238
-0.750482
-224.344910
-0.749946
-186.356781
-0.749409
243.409958
-0.749409
157.536346
-0.749946
187.641998
-0.749946
-224.738129
-0.749409
-185.930298
-0.749946
244.268265
-0.750482
157.933853
-0.751019
187.152756
-0.750482
-225.240234
-0.751019
-185.869156
-0.751019
244.675964
-0.751019
157.952087
-0.750482
186.658691
-0.749946
-225.727325
-0.750482
-185.645981
-0.751555
245.396942
-0.750482
158.185974
-0.750482
186.230072
-0.751019
-226.078690
-0.749946
-185.309647
-0.751555
246.130798
-0.753164
158.406448
-0.751555
185.751572
-0.750482
-226.687027
-0.749946
-185.211472
-0.751555
246.735901
-0.751555
158.654282
-0.751555
185.469940
-0.749409
-226.954163
-0.749409
-184.982941
-0.751555
247.407532
-0.750482
158.972397
-0.751555
184.867523
-0.751555
-227.596832
-0.749946
-185.099884
-0.749409
247.578644
-0.749409
158.818970
-0.749946
184.047302
-0.749409
-228.334976
-0.750482
-184.932526
-0.751019
248.198776
-0.751555
159.236328
-0.751019
183.887970
-0.751019
-228.688492
-0.751019
-184.773727
-0.750482
248.770630
-0.749409
159.434814
-0.751019
183.263550
-0.752628
-229.155182
-0.750482
-184.446503
-0.749946
249.293121
-0.750482
159.637589
-0.749946
182.825821
-0.751019
-229.868652
-0.751555
-184.566132
-0.749409
249.657898
-0.749409
159.882736
-0.750482
182.558136
-0.749409
-230.175507
-0.749409
-184.323120
-0.749409
250.272125
-0.750482
159.986267
-0.751555
181.955704
-0.751019
-230.904526
-0.749946
-184.185257
-0.748873
250.752243
-0.748873
160.076401
-0.749409
181.500275
-0.750482
-231.245697
-0.751555
-183.924545
-0.752092
251.463028
-0.750482
160.527542
-0.750482
181.367233
-0.750482
-231.544495
-0.751555
-183.621994
-0.750482
251.979614
-0.749946
160.776993
-0.748873
181.079163
-0.750482
-232.088989
-0.749946
-183.509872
-0.750482
252.761749
-0.748336
161.157867
-0.747800
180.750320
-0.750482
-232.571243
-0.749409
-183.343048
-0.750482
253.419434
-0.751019
161.556442
-0.752092
180.609238
-0.750482
-232.823380
-0.748873
-182.948227
-0.751555
254.190826
-0.751555
162.000610
-0.750482
180.383392
-0.748336
-233.072281
-0.747800
-182.807678
-0.748336
255.009979
-0.749946
162.423859
-0.750482
180.171509
-0.751019
-233.300812
-0.750482
-182.577011
-0.751019
255.693939
-0.751555
162.715149
-0.752092
179.733231
-0.751555
-233.905914
-0.751555
-182.488495
-0.750482
-255.711746
-0.749946
162.969421
-0.749946
178.549301
-0.749946
-235.712646
-0.750482
-184.242126
-0.749946
254.162399
-0.751019
159.932632
-0.749409
174.857513
-0.749409
-239.651215
-0.751019
-188.046036
-0.751555
251.193192
-0.751019
157.066422
-0.750482
171.219360
-0.749409
-243.207275
-0.751555
-190.444992
-0.751555
249.404160
-0.751555
155.383606
-0.751555
169.437302
-0.750482
-244.668549
-0.749946
-191.213715
-0.751555
249.363922
-0.750482
155.283295
-0.749409
168.690048
-0.752092
-245.223236
-0.749409
-191.186356
-0.748873
249.668625
-0.749946
155.753204
-0.750482
168.241577
-0.751555
-246.136261
-0.751555
-191.114471
-0.751555
250.506012
-0.749409
156.210800
-0.751019
167.832275
-0.750482
-246.723663
-0.751555
-191.131638
-0.750482
250.934097
-0.751019
156.632431
-0.749946
167.687424
-0.750482
-246.891022
-0.750482
-190.633286
-0.751555
251.694763
-0.751555
157.211258
-0.750482
167.733032
-0.751019
-247.255814
-0.751019
-190.189651
-0.750482
252.427017
-0.750482
157.506836
-0.751019
167.086624
-0.750482
-248.150055
-0.749946
-190.573212
-0.749946
252.437744
-0.751555
157.442459
-0.751555
166.563049
-0.750482
-248.918777
-0.750482
-190.561935
-0.751555
252.812714
-0.749946
157.573364
-0.750482
166.064697
-0.750482
-249.471313
-0.750482
-190.475037
-0.751019
253.603973
-0.750482
158.054016
-0.749409
165.807739
-0.751019
-250.029755
-0.749409
-190.434799
-0.751555
254.158646
-0.751555
158.414505
-0.749409
165.534149
-0.750482
-250.508255
-0.749946
-190.419785
-0.750482
254.687042
-0.749409
158.496033
-0.751019
164.831955
-0.749946
-251.248550
-0.749946
-190.394577
-0.750482
255.191299
-0.749946
158.808777
-0.749409
164.661362
-0.749946
-251.619766
-0.750482
-190.456802
-0.751555
255.840393
-0.749946
159.168198
-0.751019
164.286926
-0.749409
-252.144409
-0.749409
-190.338242
-0.749409
-255.360367
-0.750482
159.965881
-0.750482
164.386169
-0.749409
-252.218964
-0.751019
-190.125275
-0.751555
-254.840561
-0.751019
159.993790
-0.751555
163.573456
-0.750482
-253.132523
-0.751019
-190.693909
-0.750482
-254.849136
-0.750482
159.793152
-0.752092
162.688324
-0.750482
-253.932358
-0.750482
-190.720734
-0.751019
-254.776718
-0.751555
159.204681
-0.750482
161.405167
-0.750482
-255.094833
-0.751019
-191.697052
-0.749946
-255.036896
-0.750482
159.233643
-0.751555
160.864426
-0.751555
255.861847
-0.750482
-191.852081
-0.750482
-254.335770
-0.750482
159.979843
-0.752092
160.707245
-0.752628
255.593094
-0.751555
-191.584930
-0.751555
-253.568115
-0.752092
160.638046
-0.751019
160.595139
-0.750482
255.324875
-0.750482
-191.232498
-0.751555
-253.009689
-0.751019
160.824738
-0.750482
160.130035
-0.750482
254.624817
-0.749409
-191.465317
-0.749409
-252.527420
-0.751019
161.125137
-0.751555
159.543701
-0.751555
253.846436
-0.752092
-191.622482
-0.750482
-252.340210
-0.749946
161.210434
-0.750482
159.151031
-0.751019
253.224701
-0.750482
-191.590836
-0.751555
-251.859558
-0.751555
161.532303
-0.750482
158.779282
-0.750482
252.818619
-0.750482
-191.262527
-0.752092
-251.230835
-0.752092
162.097168
-0.751555
158.780350
-0.750482
252.508011
-0.751555
-192.786041
-0.750482
238.568573
-0.751555
197.571548
-0.750482
212.211044
-0.750482
229.603561
-0.750482
243.671204
-0.751555
237.931274
-0.751555
222.072983
-0.751555
218.159653
-0.750482
231.355042
-0.749409
244.187805
-0.750482
235.983459
-0.749946
220.576324
-0.750482
233.732559
-0.750482
235.903534
-0.750482
225.064728
-0.749409
224.081421
-0.749409
232.923599
-0.751555
237.549332
-0.750482
230.462936
-0.751555
222.532181
-0.751019
221.438919
-0.751555
231.572830
-0.751555
236.951202
-0.751555
228.237778
-0.752092
218.115662
-0.751555
222.483368
-0.750482
234.839767
-0.750482
237.493011
-0.751555
226.844635
-0.750482
217.250916
-0.749946
222.311707
-0.748873
234.589783
-0.751555
237.254822
-0.751555
226.635422
-0.751555
217.094803
-0.751555
222.173843
-0.751555
234.426178
-0.748873
237.352997
-0.749409
226.876831
-0.750482
217.153275
-0.750482
221.934586
-0.750482
234.079636
-0.752092
237.241959
-0.750482
227.268967
-0.751555
217.361420
-0.752092
222.082642
-0.751555
234.447098
-0.751019
237.424347
-0.751019
227.238922
-0.750482
217.396286
-0.750482
222.221588
-0.751019
234.713699
-0.751555
237.839020
-0.751555
226.892914
-0.751555
216.584656
-0.751555
221.096130
-0.751555
233.411224
-0.751019
236.779007
-0.750482
226.608063
-0.748873
216.375443
-0.750482
220.456146
-0.750482
232.327606
-0.750482
235.178802
-0.751555
225.201523
-0.751019
215.281097
-0.749409
219.353760
-0.750482
231.608780
-0.752092
235.303787
-0.751555
225.548065
-0.750482
215.582581
-0.751019
219.447113
-0.753164
231.510605
-0.751555
235.258728
-0.750482
225.731522
-0.749409
215.777847
-0.749946
219.514694
-0.749946
231.504166
-0.752092
235.333298
-0.752628
225.864029
-0.752092
215.614227
-0.751019
219.321579
-0.751019
231.455353
-0.749946
235.238342
-0.751019
225.784088
-0.751555
215.739761
-0.749409
219.528641
-0.749946
231.728409
-0.751019
235.571472
-0.752092
226.048019
-0.751555
215.848114
-0.752092
219.367706
-0.750482
231.475204
-0.752092
235.467407
-0.750482
225.989014
-0.749409
216.011200
-0.751019
219.723373
-0.751019
231.739136
-0.750482
235.500122
-0.751555
226.029785
-0.751555
215.699524
-0.751019
219.189621
-0.750482
231.034256
-0.751019
234.671326
-0.751555
226.224518
-0.752092
216.435516
-0.751019
219.002396
-0.750482
230.255341
-0.751555
234.803833
-0.751555
226.723404
-0.751019
217.277740
-0.752092
221.901321
-0.752092
226.927795
-0.749946
216.790115
-0.750482
225.500320
-0.751555
238.854492
-0.750482
235.054352
-0.752092
218.980942
-0.751555
212.251816
-0.751555
223.840561
-0.751555
238.081482
-0.751019
234.773254
-0.751555
218.841461
-0.750482
212.046890
-0.751019
223.696793
-0.750482
237.810043
-0.751019
234.528625
-0.750482
218.811966
-0.751555
211.988419
-0.752092
223.397461
-0.752092
237.641602
-0.752092
234.684738
-0.751555
218.870438
-0.752628
211.885422
-0.752628
223.338989
-0.751555
237.753723
-0.749409
234.785583
-0.749409
219.023315
-0.751555
211.926727
-0.750482
223.366348
-0.751019
237.763916
-0.751019
234.998550
-0.751555
219.185852
-0.751555
211.877380
-0.751555
223.062729
-0.751555
237.576157
-0.751019
235.081161
-0.751019
219.397217
-0.751555
212.059769
-0.749946
223.152313
-0.750482
237.697937
-0.751019
235.167542
-0.751555
219.540985
-0.751555
212.015778
-0.751555
223.175385
-0.751555
237.740845
-0.751019
235.253357
-0.751555
219.581223
-0.753164
211.928879
-0.752092
223.013367
-0.751555
237.719391
-0.750482
235.235657
-0.753701
219.500214
-0.753164
211.799591
-0.752092
222.692581
-0.751019
237.521973
-0.751019
235.150909
-0.752092
219.288849
-0.754237
211.751312
-0.754237
222.762314
-0.752092
237.650726
-0.750482
235.327927
-0.751019
219.474472
-0.752092
211.613983
-0.751555
222.504288
-0.751555
237.430786
-0.749946
235.281265
-0.748873
219.550644
-0.750482
211.638123
-0.750482
222.418991
-0.750482
237.364258
-0.752092
235.417511
-0.752628
219.818329
-0.752092
211.876297
-0.752092
222.449570
-0.750482
237.354065
-0.750482
235.641754
-0.751555
220.113373
-0.752628
211.706787
-0.751019
221.925461
-0.750482
236.731796
-0.751019
234.856400
-0.752092
219.324265
-0.752092
211.234177
-0.752092
221.723236
-0.752628
236.579453
-0.752092
234.915405
-0.752092
219.414917
-0.751555
211.082367
-0.751019
221.369720
-0.750482
236.225937
-0.751555
234.920227
-0.753164
219.481979
-0.753164
211.065201
-0.751555
221.251694
-0.751555
236.115433
-0.751555
234.730331
-0.750482
219.324799
-0.751555
210.711151
-0.750482
221.039795
-0.750482
236.274750
-0.750482
234.786667
-0.750482
218.933731
-0.752092
210.390366
-0.752092
220.774261
-0.750482
235.990967
-0.750482
234.557068
-0.750482
218.804443
-0.753164
210.148956
-0.749409
220.753876
-0.751019
236.078949
-0.752092
234.583893
-0.753164
218.627960
-0.753701
209.911850
-0.751555
220.553253
-0.751019
236.100937
-0.751019
234.533463
-0.751555
218.551788
-0.754237
209.855530
-0.753164
220.504974
-0.752092
235.969513
-0.751555
234.561356
-0.751555
218.734177
-0.752628
209.978912
-0.752628
220.460983
-0.751555
235.838623
-0.752628
234.528625
-0.753164
218.732025
-0.752628
209.946182
-0.752628
220.355301
-0.753164
236.109528
-0.751555
234.941696
-0.752628
218.988449
-0.754237
209.812607
-0.753164
220.338135
-0.753164
236.095047
-0.752092
234.948135
-0.751019
218.998108
-0.753164
209.900589
-0.752092
220.358521
-0.750482
236.065536
-0.751555
234.852112
-0.752628
218.956802
-0.753164
209.978378
-0.752092
220.583832
-0.750482
236.818161
-0.750482
235.436829
-0.753701
219.109146
-0.755310
210.117844
-0.754237
220.995819
-0.752092
236.897552
-0.751555
235.878326
-0.752628
219.616623
-0.753701
210.104980
-0.753701
220.705063
-0.752092
236.915802
-0.751555
235.944305
-0.766039
219.406342
-0.891030
209.826019
-0.791252
220.419144
-0.751555
236.786514
-0.751555
235.826279
-0.815928
219.529175
-1.309455
209.988022
-0.944674
220.718475
-0.751555
237.130371
-0.751019
236.228622
-0.921071
219.610718
-1.976252
209.837830
-1.180709
220.542526
-0.752092
236.849823
-0.752092
