133.202713
-242.116165
133.079865
-242.117233
132.901764
-241.973999
132.980621
-241.968109
133.270309
-242.056076
133.447327
-242.014771
133.084702
-241.887100
132.627640
-241.909088
132.613693
-241.866714
132.807892
-241.944504
132.865295
-241.939667
132.761749
-241.964340
132.538589
-241.946106
132.589554
-241.889252
132.770874
-241.999222
132.878708
-242.028183
132.819153
-242.079681
132.583115
-242.134399
132.645355
-242.109726
132.893723
-242.098450
132.978485
-242.072708
132.721527
-242.013168
132.571320
-241.958984
132.557373
-241.873154
132.754776
-241.896759
132.839539
-242.020676
132.698990
-241.998672
132.437744
-241.860275
132.489777
-241.919281
132.768188
-242.048569
132.853485
-242.110794
132.624969
-242.113480
132.318115
-242.061981
132.316513
-242.111328
132.480667
-242.182678
132.594925
-242.317856
132.512848
-242.256714
132.306854
-242.075394
132.260178
-242.084503
132.346008
-242.205215
132.482269
-242.407440
132.413605
-242.406906
132.229599
-242.335571
132.320801
-242.238464
132.543427
-242.227737
132.700607
-242.126892
132.583664
-242.103821
132.283249
-242.019058
132.396973
-241.891388
132.778381
-241.996536
132.904984
-242.014771
132.702744
-241.994385
132.431839
-242.015305
132.567566
-242.046951
132.679688
-242.192871
132.757996
-242.309280
132.700607
-242.217545
132.378204
-242.184280
132.311676
-242.137085
132.576141
-242.079147
132.708649
-242.036224
132.530014
-241.996536
132.309006
-242.051254
132.361038
-242.039978
132.477448
-242.141373
132.577225
-242.183746
132.435059
-242.090408
132.121780
-241.901047
132.117493
-241.883347
132.362106
-241.818970
132.587418
-241.921432
132.457062
-241.945572
132.269302
-241.821655
132.354065
-241.806091
132.525726
-241.795364
132.528397
-241.671448
132.349762
-241.779816
132.133041
-241.886032
132.184006
-241.897293
132.380890
-241.853302
132.502121
-241.830231
132.233368
-241.757278
131.948517
-241.702026
131.943680
-241.719193
132.175430
-241.695587
132.282181
-241.783569
132.246765
-241.808243
132.060623
-241.783035
132.019318
-241.773376
132.077789
-241.781418
132.168991
-241.803421
132.094421
-241.840958
131.770950
-241.833984
131.861069
-241.868317
132.125000
-241.887634
132.231750
-241.946640
132.163086
-241.979370
132.031128
-241.950394
131.964600
-241.961121
132.084763
-241.919815
132.195816
-241.936981
131.930267
-241.979904
131.704971
-241.935913
131.817078
-241.770691
132.085846
-241.663406
132.244095
-241.755127
132.207611
-241.805023
131.908813
-241.781952
131.920074
-241.713821
132.196884
-241.735825
132.346558
-241.834534
132.210831
-241.830231
131.934570
-241.799652
132.012344
-241.679489
132.262863
-241.766937
132.290222
-241.906418
132.182938
-241.929474
131.983917
-241.768539
132.009659
-241.660721
132.225311
-241.538940
132.304703
-241.601715
132.084763
-241.583466
131.730713
-241.452042
131.782745
-241.575958
132.113205
-241.640869
132.314896
-241.702026
132.181870
-241.725632
131.889496
-241.625320
131.966751
-241.590988
132.195816
-241.623169
132.323486
-241.747086
132.182404
-241.757278
131.898621
-241.676819
131.907745
-241.685394
132.143768
-241.768539
132.269836
-241.822189
132.181320
-241.823257
131.812256
-241.695587
131.818695
-241.675735
132.056335
-241.702560
132.147537
-241.724014
132.034348
-241.725632
131.822983
-241.685928
131.788651
-241.563095
131.866974
-241.512665
132.064377
-241.602783
132.059555
-241.711685
131.782745
-241.705246
131.804214
-241.579178
132.095490
-241.654816
132.343338
-241.670914
132.447403
-241.650528
132.504807
-241.631210
132.205460
-241.169876
132.117493
-240.565308
132.475830
-240.455338
132.666275
-240.508438
132.581512
-240.556717
132.715088
-240.514877
132.967743
-240.414566
133.172668
-240.421539
133.110977
-240.416168
132.895874
-240.402771
132.876022
-240.558334
132.955414
-240.604462
133.039627
-240.644699
133.004761
-240.696732
132.785355
-240.580322
132.781067
-240.610901
132.992966
-240.734283
133.158722
-240.740723
133.003693
-240.731598
132.744049
-240.659180
132.744583
-240.593735
132.910355
-240.585693
132.994034
-240.555649
132.901230
-240.518097
132.658752
-240.444077
132.715088
-240.585159
132.991898
-240.616806
133.011734
-240.547607
132.830963
-240.555649
132.591705
-240.636124
132.642136
-240.718185
132.874939
-240.705856
133.012817
-240.666153
132.914108
-240.663483
132.835785
-240.656494
132.939316
-240.537415
133.165695
-240.590515
133.337357
-240.682251
133.184479
-240.639877
132.920547
-240.697815
132.970428
-240.715515
133.139404
-240.720871
133.302490
-240.802948
133.145309
-240.784714
132.929657
-240.670990
132.697388
-240.698349
132.576691
-240.710144
132.635162
-240.633972
132.555756
-240.492355
132.306320
-240.483231
132.332596
-240.490738
132.451691
-240.551361
132.512314
-240.551895
132.401810
-240.561020
132.098175
-240.451050
132.069748
-240.459625
132.247314
-240.440857
132.315979
-240.443527
132.140015
-240.482697
131.906128
-240.559402
131.815475
-240.557266
131.932953
-240.581406
131.932953
-240.525070
131.744125
-240.491821
131.435669
-240.369507
131.209290
-240.382919
131.219482
-240.384521
131.429764
-240.447830
131.378815
-240.451050
131.132050
-240.396866
131.046219
-240.357162
131.126144
-240.477859
131.212509
-240.456406
131.200180
-240.459091
130.908356
-240.425293
130.826813
-240.376480
130.942139
-240.319611
131.108444
-240.411346
130.940002
-240.430664
130.615982
-240.459091
130.573608
-240.464462
130.747955
-240.447830
130.885284
-240.529907
130.683578
-240.461243
130.450226
-240.356094
130.550537
-240.459625
130.640121
-240.508972
130.700211
-240.550293
130.899231
-240.576035
130.922302
-240.468750
131.021545
-240.394180
131.338043
-240.387207
131.541885
-240.399002
131.560669
-240.436554
131.319260
-240.446213
131.158325
-240.422607
131.359497
-240.393646
131.603577
-240.462311
131.533310
-240.587830
131.321411
-240.687622
131.421722
-240.561020
131.654007
-240.533127
131.761826
-240.583008
131.719986
-240.608215
131.544571
-240.542770
131.606262
-240.544388
131.833710
-240.579788
131.878235
-240.569595
131.761292
-240.523468
131.583725
-240.467667
131.612701
-240.480545
131.823517
-240.503616
132.006989
-240.507370
131.895935
-240.478409
131.669556
-240.475723
131.645950
-240.453186
131.829422
-240.457489
131.931885
-240.498795
131.808502
-240.502548
131.529007
-240.293335
131.568710
-240.291183
131.721603
-240.326584
131.862686
-240.349655
131.859467
-240.461777
131.627716
-240.488602
131.692093
-240.487518
131.839615
-240.451584
132.031128
-240.433334
131.984451
-240.440857
131.802597
-240.464996
131.853561
-240.528290
132.025757
-240.543854
132.069748
-240.462311
131.966751
-240.427444
131.797775
-240.368439
131.884674
-240.390961
132.035416
-240.412964
132.285400
-240.528824
132.220490
-240.578186
131.938324
-240.658112
131.986603
-240.821182
132.235504
-240.822266
132.269836
-240.836212
132.039703
-240.830841
131.804214
-240.793289
131.692093
-240.703705
131.749496
-240.676346
131.849274
-240.718735
131.765045
-240.683319
131.517212
-240.626999
131.470535
-240.558868
131.652390
-240.643631
131.849808
-240.621628
131.780075
-240.650070
131.570313
-240.676880
131.545639
-240.610367
131.757538
-240.740723
131.947968
-240.739120
131.970505
-240.707458
131.766663
-240.724625
131.718918
-240.661331
131.894333
-240.748764
132.026825
-240.804016
131.984451
-240.725708
131.809570
-240.662933
131.735001
-240.633438
131.881989
-240.686005
132.038101
-240.801346
131.946365
-240.856064
131.750565
-240.907562
131.861069
-240.844254
132.040237
-240.772903
132.262329
-240.798126
132.135727
-240.845322
131.785431
-240.809387
131.671707
-240.745544
131.839081
-240.747696
131.988205
-240.805099
132.030045
-240.821182
131.813324
-240.661865
131.666336
-240.616272
131.854095
-240.684402
132.009125
-240.735901
131.922760
-240.630753
131.644882
-240.577103
131.590164
-240.633972
131.692093
-240.581406
131.876633
-240.587296
131.786499
-240.514343
131.509171
-240.497711
131.535446
-240.591599
131.756470
-240.539017
131.989822
-240.620560
132.041321
-240.718735
131.816544
-240.783630
131.864822
-240.819580
132.083160
-240.797592
132.150208
-240.864105
132.008591
-240.892532
131.763977
-240.857132
131.751633
-240.782562
131.992493
-240.749298
132.181870
-240.742325
132.100861
-240.706390
131.902374
-240.807236
131.874481
-240.813141
131.936707
-240.799728
131.834244
-240.874298
131.500580
-240.915070
131.224854
-240.865173
131.180862
-240.879654
131.253281
-240.827087
131.407242
-240.801346
131.322479
-240.961197
131.027969
-240.901657
131.029053
-240.792755
131.342865
-240.827621
131.560120
-240.772903
131.547256
-240.696732
131.250595
-240.663483
131.193207
-240.525070
131.369690
-240.517029
131.605728
-240.623245
131.541351
-240.625931
131.305847
-240.522385
131.313904
-240.496643
131.497360
-240.539551
131.717834
-240.484833
131.656693
-240.406525
131.423340
-240.426910
131.426010
-240.338394
131.587479
-240.346436
131.788116
-240.439774
131.599289
-240.499329
131.289230
-240.379166
131.261322
-240.336243
131.369690
-240.255249
131.591248
-240.222519
131.509705
-240.098068
131.169067
-240.118988
131.104156
-240.113083
131.410995
-240.226273
131.654007
-240.271866
131.571930
-240.270264
131.388458
-240.278305
131.264008
-240.272415
131.289764
-240.312103
131.371292
-240.306747
131.294052
-240.296555
131.049973
-240.411346
131.008133
-240.529358
131.193207
-240.536880
131.305847
-240.539017
131.142242
-240.530441
130.870804
-240.518097
130.721664
-240.600174
130.886887
-240.699417
131.144928
-240.782562
131.122925
-240.816895
130.828415
-240.699417
130.747955
-240.687622
130.941071
-240.773453
131.184616
-240.802414
131.045135
-240.680099
130.752243
-240.620026
130.803741
-240.542236
130.916397
-240.482697
131.067139
-240.519165
130.989349
-240.506302
130.701279
-240.402771
130.618668
-240.469818
130.876694
-240.463379
131.145996
-240.404373
131.075714
-240.399551
130.737762
-240.318542
130.683044
-240.350189
130.956100
-240.529358
131.121857
-240.607147
131.016174
-240.612518
130.639587
-240.537949
130.463104
-240.517029
130.683044
-240.525604
130.813400
-240.554581
130.672318
-240.553497
130.393906
-240.572815
130.304321
-240.558334
130.550537
-240.508438
130.825195
-240.584076
130.784439
-240.569061
130.665344
-240.611969
130.548935
-240.629684
130.647110
-240.588379
130.849335
-240.650070
130.813400
-240.549210
130.595612
-240.524002
130.582199
-240.534729
130.869720
-240.535797
131.075714
-240.609833
131.035492
-240.630753
130.799454
-240.580322
130.741516
-240.509521
130.831100
-240.476791
130.900299
-240.464462
130.857391
-240.444611
130.610092
-240.434418
130.464706
-240.353943
130.721130
-240.298691
130.928741
-240.381302
130.810715
-240.475189
130.629395
-240.400085
130.599899
-240.487518
130.842911
-240.577103
130.999542
-240.485382
130.876160
-240.456940
130.569855
-240.470352
130.536057
-240.571213
130.795166
-240.552429
130.942139
-240.585159
130.788193
-240.640411
130.635300
-240.696732
130.647110
-240.606613
130.759216
-240.598572
131.006516
-240.660263
130.911575
-240.630219
130.725418
-240.467667
130.658905
-240.454269
130.812332
-240.438171
130.942139
-240.477325
130.966827
-240.501999
130.809113
-240.507904
130.720596
-240.507370
130.895477
-240.586761
131.093430
-240.665085
130.934631
-240.638794
130.654083
-240.593201
130.712006
-240.628067
130.917999
-240.674210
131.042999
-240.668839
130.950729
-240.326050
130.559662
-239.930695
130.537125
-240.007401
130.760834
-240.299774
130.845047
-240.251495
130.759216
-240.287430
130.585953
-240.357697
130.520508
-240.381836
130.753860
-240.418854
130.912643
-240.389359
130.848267
-240.442993
130.673920
-240.319077
130.671249
-240.219299
130.875092
-240.266510
131.083237
-240.211258
131.104156
-240.264893
130.949112
-240.322296
130.869720
-240.215012
130.947510
-240.056763
131.040314
-240.134003
130.946442
-240.230560
130.583267
-240.094315
130.492615
-240.146881
130.766190
-240.272415
131.057480
-240.279388
131.056412
-240.308884
130.915863
-240.361465
130.783890
-240.291183
130.921768
-240.383987
131.140625
-240.426910
131.080551
-240.481628
130.862747
-240.353409
130.860077
-240.310501
130.896011
-240.291183
130.966827
-240.334641
131.002762
-240.692444
130.855240
-240.923111
130.731323
-240.915604
130.852020
-240.860352
130.977020
-240.804565
130.882599
-240.730530
130.694839
-240.762177
130.711472
-240.738571
130.898163
-240.754669
130.965210
-240.899506
130.867050
-240.926865
130.747421
-240.821732
130.746887
-240.808319
130.852554
-240.786316
131.007599
-240.686005
130.883133
-240.738571
130.703430
-240.640411
130.632080
-240.459091
130.699677
-240.479477
130.882599
-240.549210
130.861145
-240.493958
130.589172
-240.601791
130.494217
-240.468750
130.686798
-240.421005
130.921768
-240.566910
130.750641
-240.567993
130.481873
-240.632904
130.428772
-240.625381
130.574677
-240.698349
130.800522
-240.794373
130.733475
-240.943497
130.451309
-240.874298
130.361710
-240.818512
130.524261
-240.813675
130.657837
-240.835144
130.552155
-240.819580
130.357422
-240.798660
130.449692
-240.741257
130.569855
-240.636124
130.639053
-240.814209
130.551086
-240.767014
130.393372
-240.633438
130.343475
-240.658646
130.445404
-240.686539
130.650864
-240.755737
130.648712
-240.912918
130.403015
-240.830841
130.342407
-240.652206
130.583801
-240.780426
130.761368
-240.942963
130.681976
-240.907013
130.458282
-240.835144
130.501190
-240.874832
130.794083
-240.794907
130.981308
-240.804565
130.815002
-240.772369
130.568253
-240.830307
130.507629
-240.865707
130.607941
-240.865707
130.735611
-240.953156
130.734543
-240.898438
130.564484
-240.834595
130.474365
-240.865707
130.597748
-240.901657
130.844513
-240.883423
130.869720
-240.886093
130.531769
-240.849625
130.427155
-240.745010
130.645493
-240.754135
130.861679
-240.839966
130.803207
-240.828705
130.517822
-240.742325
130.452911
-240.630753
130.656219
-240.623245
130.940002
-240.757355
130.888504
-240.834595
130.667480
-240.749298
130.641739
-240.654892
130.662125
-240.703171
130.887436
-240.806702
130.793549
-240.768616
130.585419
-240.749298
130.646561
-240.620026
130.795700
-240.672058
130.942688
-240.639877
130.835388
-240.709076
130.680359
-240.683853
130.600967
-240.679565
130.589706
-240.671524
130.843979
-240.651138
130.824127
-240.675812
130.607941
-240.600174
130.544647
-240.589447
130.851486
-240.746094
131.364868
-240.843185
131.533844
-240.756821
131.427094
-240.783630
131.355209
-240.856598
131.547256
-240.773453
131.764511
-240.713898
131.681366
-240.719803
131.472687
-240.657043
131.444260
-240.569595
131.654541
-240.550827
131.903992
-240.604462
131.598221
-240.655426
130.977020
-240.636658
130.862747
-240.580322
130.994186
-240.440308
130.971649
-240.079834
130.895477
-239.989700
130.583801
-239.958588
130.378876
-240.022430
130.404099
-240.009018
130.591843
-240.212326
130.452377
-240.259537
130.063995
-240.412415
129.822052
-240.305130
129.889648
-240.253098
130.047363
-240.330887
130.051117
-240.349121
129.958313
-240.371643
129.940613
-240.376480
130.075790
-240.387741
130.291443
-240.364136
130.275345
-240.388275
130.036636
-240.328735
129.958847
-240.289032
130.127289
-240.343750
130.357956
-240.315857
130.272659
-240.279388
130.162689
-240.337311
130.206680
-240.287964
130.355820
-240.301376
130.428772
-240.255783
130.422867
-240.276703
130.211517
-240.263290
130.168594
-240.292252
130.341324
-240.311569
130.550537
-240.515961
130.508698
-240.562622
130.363861
-240.488602
130.390686
-240.345367
130.628860
-240.395248
130.910492
-240.454269
130.740982
-240.446213
130.431992
-240.397400
130.431458
-240.259003
130.706650
-240.255783
130.861145
-240.271332
130.742584
-240.239151
130.484024
-240.245056
130.530701
-240.341080
130.707184
-240.390961
130.929276
-240.421005
130.931412
-240.375946
130.669632
-240.278839
130.747955
-240.297089
131.073578
-240.338928
131.309616
-240.266510
131.228073
-240.108261
130.852554
-240.128113
130.691086
-240.169952
130.882065
-240.237534
131.033875
-240.286896
130.912109
-240.384521
130.643341
-240.434952
130.530151
-240.380234
130.499588
-240.438705
130.463104
-240.464462
130.429306
-240.512741
130.358490
-240.515411
130.363861
-240.515961
130.365463
-240.523468
130.442719
-240.448898
130.501724
-240.491272
130.348312
-240.473572
130.246918
-240.439240
130.429840
-240.451050
130.729721
-240.530975
130.852020
-240.520248
130.677673
-240.565308
130.434128
-240.606613
130.488846
-240.585159
130.652466
-240.574432
130.578979
-240.613052
130.416428
-240.618958
130.335434
-240.566910
130.355820
-240.541168
130.542496
-240.491821
130.533371
-240.530441
130.352600
-240.612518
130.240479
-240.623245
130.459351
-240.584625
130.700745
-240.611435
130.641739
-240.720337
130.484558
-240.713898
130.492615
-240.710678
130.611160
-240.600174
130.778000
-240.594818
130.647644
-240.578720
130.506012
-240.630753
130.519974
-240.627533
130.643341
-240.696198
130.801056
-240.734818
130.698059
-240.720871
130.565033
-240.718185
130.439499
-240.681183
130.500122
-240.732147
130.669632
-240.717117
130.646561
-240.620560
130.463638
-240.650070
130.383713
-240.665619
130.607407
-240.640411
130.783890
-240.609833
130.693771
-240.659180
130.413757
-240.553497
130.276962
-240.422607
130.418045
-240.515411
130.542496
-240.598022
130.501190
-240.624313
130.326309
-240.565842
130.085449
-240.460693
130.208832
-240.412415
130.443253
-240.380768
130.462036
-240.418854
130.313431
-240.432800
130.193802
-240.468750
130.280716
-240.504684
130.427155
-240.491821
130.374054
-240.474640
130.160553
-240.393646
130.094025
-240.269730
130.207764
-240.231644
130.353668
-240.183365
130.282852
-240.189804
130.001770
-240.199448
129.951340
-240.058365
130.460953
-240.149033
131.000076
-240.299225
131.085373
-240.388275
130.862747
-240.377014
130.649780
-240.362534
130.849884
-240.347504
131.146530
-240.421005
131.155106
-240.540100
130.916931
-240.527222
130.830032
-240.569061
130.993103
-240.519714
131.188904
-240.518631
131.176041
-240.562622
130.926056
-240.372192
130.869720
-240.372192
131.007599
-240.326584
131.232361
-240.444611
131.200180
-240.474106
131.019394
-240.563690
130.947510
-240.567459
130.986130
-240.550827
131.100403
-240.529358
131.182465
-240.484833
131.152969
-240.431732
131.169601
-240.355026
131.230759
-240.397934
131.398651
-240.523468
131.372375
-240.632355
131.215729
-240.460159
131.103073
-240.364136
131.265091
-240.442993
131.467865
-240.365219
131.509705
-240.421539
131.213593
-240.476791
131.112198
-240.389893
131.289230
-240.452652
131.461426
-240.543854
131.419586
-240.542770
131.199097
-240.510590
131.026367
-240.442459
131.133652
-240.448364
131.343399
-240.420471
131.283859
-240.454803
130.952332
-240.491821
130.781754
-240.476791
130.945908
-240.493958
131.203934
-240.530441
131.156723
-240.495575
130.924438
-240.427444
130.839142
-240.346970
130.955017
-240.386673
131.157791
-240.315857
131.161545
-240.264359
131.017776
-240.142593
130.922836
-240.040131
131.045685
-240.043884
131.439423
-240.028320
131.431381
-239.971466
131.192657
-240.055145
131.058014
-240.034225
131.166382
-240.036911
131.377197
-239.950012
131.405624
-240.041199
131.249527
-240.077682
131.186234
-240.050858
131.312286
-240.032623
131.439957
-240.110947
131.303177
-240.195694
130.896011
-240.047638
130.715225
-239.993454
130.894943
-240.138840
131.101471
-240.171021
131.065521
-240.311569
130.855774
-240.375412
130.779068
-240.303528
130.865433
-240.285278
131.067139
-240.401688
131.084305
-240.456406
130.830566
-240.417786
130.786041
-240.471436
130.940536
-240.442459
131.111130
-240.418320
131.060165
-240.427444
130.768341
-240.337311
130.656219
-240.216080
130.856308
-240.267578
131.151901
-240.288498
131.067673
-240.252563
130.789261
-240.346970
130.703964
-240.297623
130.931412
-240.419388
131.155106
-240.448898
131.125076
-240.476257
130.972183
-240.562622
130.936783
-240.593201
131.030121
-240.549210
131.239868
-240.561554
131.228607
-240.525604
131.049973
-240.368439
130.901917
-240.364136
130.906738
-240.402222
131.152969
-240.312103
131.162094
-240.448898
130.979156
-240.541168
130.800522
-240.464462
130.735611
-240.481079
130.740982
-240.446213
130.694839
-240.562622
130.350983
-240.643631
130.170746
-240.559937
130.272659
-240.513275
130.317734
-240.476791
130.252823
-240.545456
130.071503
-240.512192
130.015717
-240.453186
130.234039
-240.519165
130.642807
-240.471436
130.576828
-240.357162
130.422867
-240.294403
130.338654
-240.263824
130.334900
-240.247726
130.392288
-240.392029
130.412140
-240.482162
130.177185
-240.342148
130.076324
-240.346436
130.257645
-240.538483
130.342407
-240.526688
130.186829
-240.336243
129.937927
-240.271332
129.838684
-240.217697
129.956161
-240.259537
130.158936
-240.247726
130.184692
-240.270264
129.928268
-240.221985
129.808105
-240.051926
129.855850
-240.031540
129.954559
-240.097534
130.007660
-240.131866
129.834930
-240.090561
129.672394
-239.961807
129.765732
-239.954834
129.955627
-240.128113
129.925049
-240.167267
129.786118
-240.179611
129.730865
-240.241837
129.907349
-240.332489
130.024292
-240.219299
129.880524
-240.278305
129.768951
-240.318542
129.835999
-240.305664
129.915939
-240.279922
129.986206
-240.332489
129.897156
-240.258469
129.690628
-240.221985
129.626251
-240.130783
129.746948
-240.101288
129.844055
-240.108795
129.688477
-240.066956
129.458878
-240.029404
129.312439
-239.989166
129.485168
-239.950012
129.745880
-240.088409
129.783432
-240.098602
129.636978
-239.890991
129.574753
-239.966644
129.794159
-240.007401
130.044144
-240.032623
130.039856
-240.016525
129.884811
-240.085724
129.763046
-240.141510
129.862823
-240.146881
130.435211
-240.262222
130.535522
-240.110397
130.105301
-239.659256
129.869263
-239.128708
130.219559
-238.651276
130.630478
-238.200134
130.635834
-237.674423
130.503342
-236.998505
130.354202
-236.417007
130.656754
-236.005554
130.966827
-235.750748
130.937851
-235.589279
130.928741
-235.615021
130.882065
-235.665451
130.971649
-235.608582
131.189438
-235.608582
131.195877
-235.543137
130.961456
-235.485199
130.784973
-235.454086
130.938385
-235.566742
131.181396
-235.582840
131.254349
-235.596252
131.018860
-235.704071
130.921768
-235.640778
130.918549
-235.609116
131.089127
-235.572113
131.187836
-235.613953
130.966293
-235.551178
130.831635
-235.587128
130.934097
-235.690659
131.177109
-235.735718
131.177643
-235.720703
130.985596
-235.618240
130.696991
-235.507202
130.684647
-235.460526
130.818771
-235.389709
130.761368
-235.430481
130.637985
-235.440674
130.570923
-235.435318
130.668564
-235.506653
130.888504
-235.537231
130.915329
-235.641846
130.780136
-235.681000
130.714691
-235.710510
130.999008
-235.678314
131.284393
-235.827454
131.331070
-235.777557
131.238266
-235.648819
131.062302
-235.565674
131.109512
-235.528122
131.179794
-235.479843
131.093964
-235.514709
130.822525
-235.507736
130.621887
-235.424591
130.867584
-235.501297
131.003830
-235.537231
130.827881
-235.546890
130.632080
-235.518997
130.497437
-235.432098
130.659439
-235.392929
130.941071
-235.501297
130.940002
-235.562454
130.700745
-235.520065
130.581116
-235.529190
130.687866
-235.580688
130.875092
-235.671890
130.818771
-235.667053
130.588089
-235.690659
130.310211
-235.624680
130.334900
-235.531342
130.498505
-235.570496
130.487244
-235.627365
130.332214
-235.619308
130.244766
-235.645065
130.360107
-235.668121
130.552155
-235.696030
130.586487
-235.583374
130.380493
-235.699783
130.253891
-235.740005
130.374054
-235.609650
130.501190
-235.503448
130.611160
-235.659012
130.376205
-235.614487
130.240479
-235.722305
130.260864
-235.799026
130.383179
-235.777557
130.395508
-235.890213
130.201324
-235.796341
130.076859
-235.801697
130.348312
-235.838715
130.593460
-235.800629
130.531769
-235.921326
130.377808
-235.899872
130.305389
-235.740555
130.321487
-235.710510
130.486176
-235.628967
130.556442
-235.724991
130.377274
-235.624146
130.138550
-235.273849
130.268372
-235.279739
130.529083
-235.620392
130.692703
-235.781311
130.421265
-235.641312
130.032333
-235.503448
130.200241
-235.493256
130.437347
-235.521149
130.375122
-235.413849
130.192734
-235.276520
130.113342
-235.388641
130.264084
-235.456238
130.467392
-235.486282
130.465790
-235.588196
130.251205
-235.540985
129.961533
-235.538315
129.889648
-235.550644
130.169662
-235.572647
130.364929
-235.543137
130.143921
-235.425125
129.937927
-235.469116
130.106903
-235.540985
130.232437
-235.571030
130.273743
-235.633255
130.080078
-235.682617
129.927200
-235.655792
130.070969
-235.706757
130.239944
-235.705673
130.224380
-235.620392
130.091354
-235.623611
129.949722
-235.588730
130.012497
-235.624146
130.119781
-235.657394
130.126221
-235.689056
129.895004
-235.585510
129.690628
-235.597321
129.752853
-235.575317
130.023758
-235.639160
129.989426
-235.623062
129.746948
-235.541534
129.549545
-235.597855
129.698135
-235.562988
129.937393
-235.531876
129.947052
-235.687973
129.707794
-235.656860
129.650925
-235.681000
129.814011
-235.718552
130.056473
-235.751282
130.164307
-235.715332
130.029663
-235.690125
129.873550
-235.696564
129.945969
-235.712112
130.142853
-235.793655
130.131042
-235.848373
129.978699
-235.893433
129.786652
-235.815643
129.810257
-235.779709
130.050583
-235.848373
130.058090
-235.899338
129.895004
-235.860168
129.824738
-235.814041
129.938995
-235.815109
130.245850
-235.829056
130.308075
-235.934738
130.063461
-235.843002
129.810257
-235.797943
129.848877
-235.838181
130.044678
-235.811356
130.118713
-235.827454
129.997467
-235.886459
129.850479
-235.804382
129.948120
-235.782394
130.146072
-235.778107
130.161621
-235.763611
129.938995
-235.735718
129.751785
-235.684219
129.955093
-235.683685
130.201859
-235.609116
130.185226
-235.772202
129.926132
-235.714798
129.729782
-235.677780
129.844055
-235.783997
130.116562
-235.721237
130.167526
-235.650421
129.993713
-235.677246
129.784500
-235.568344
129.886429
-235.656860
130.261932
-235.669739
130.611160
-235.757721
130.483490
-235.876801
130.349915
-235.801697
130.548935
-235.821548
130.902451
-235.886993
130.945908
-235.910065
130.779602
-235.860168
130.556976
-235.848907
130.668564
-235.870911
130.927124
-236.012527
131.029053
-235.940643
130.894409
-235.908447
130.685730
-235.932053
130.787109
-235.911133
130.953949
-235.961563
130.853104
-236.039886
130.694839
-236.057053
130.521576
-235.915436
130.643890
-235.772202
130.849884
-235.988922
130.820908
-236.087631
130.595612
-236.048996
130.479736
-236.040421
130.632614
-235.993744
130.851486
-236.027008
130.877243
-236.171844
130.852020
-236.229782
130.688950
-236.171844
130.772629
-236.097824
131.070892
-236.096741
131.172287
-236.157364
130.983994
-236.081726
130.794632
-235.930450
130.919083
-235.977112
131.176575
-236.014664
131.314438
-236.020569
131.163162
-236.064560
130.887436
-236.003937
130.914246
-235.974976
131.021545
-235.917038
131.030655
-235.914886
130.913712
-235.916504
130.769409
-235.867142
130.878311
-235.904694
131.216797
-236.092987
131.230209
-236.194916
130.994720
-236.100494
130.717377
-236.066711
130.744736
-235.985703
130.911026
-235.942780
130.913712
-235.907913
130.680893
-235.939575
130.524796
-235.961029
130.720062
-235.889145
130.938385
-235.883774
130.980240
-235.988922
130.778534
-235.899338
130.677139
-235.867142
130.797302
-235.911133
130.945358
-236.011993
130.957169
-236.127319
130.852554
-236.114441
130.646027
-236.024323
130.680893
-236.048996
130.817688
-236.121964
130.821976
-236.176132
130.640671
-236.197601
130.545181
-236.289322
130.784973
-236.331177
131.015640
-236.252319
131.062851
-236.295227
130.750641
-236.290939
130.487244
-236.254990
130.538742
-236.252853
130.722198
-236.342438
130.632614
-236.465286
130.464172
-236.229782
130.409454
-236.166489
130.483490
-236.280212
130.718445
-236.198669
130.764053
-236.261963
130.506012
-236.295227
130.412674
-236.172379
130.640121
-236.102112
130.832169
-236.083878
130.937851
-236.045776
130.788193
-236.130005
130.495819
-236.199738
130.590775
-236.127853
130.736145
-236.157364
130.686264
-236.175598
130.277496
-236.197067
129.970108
-236.133759
129.955093
-235.962097
130.113342
-235.956741
130.166992
-236.007690
130.011414
-235.983017
129.930954
-235.924011
130.190048
-235.989456
130.416977
-236.111771
130.232971
-236.044174
129.982452
-235.837646
129.788254
-235.892365
129.922913
-235.893967
130.104218
-235.855347
130.162689
-235.859100
130.001770
-235.729813
129.859604
-235.709442
130.083832
-235.862320
130.368683
-235.926697
130.355286
-235.926697
130.106369
-235.976578
129.930420
-235.946548
130.076859
-235.940643
130.369232
-235.890213
130.455063
-236.029160
130.257111
-236.059189
130.020538
-236.000183
130.194885
-236.087631
130.350449
-236.088165
130.420181
-236.115524
130.334351
-236.064560
130.153046
-236.024857
130.191132
-236.061340
130.452377
-236.076355
130.710403
-236.185257
130.761368
-236.123566
130.631012
-235.948151
130.747955
-235.964249
130.927124
-235.943863
130.931961
-235.934738
130.766190
-236.028625
130.572540
-236.034515
130.716843
-235.980331
130.829498
-235.987854
130.750107
-236.079041
130.558060
-236.086014
130.366547
-236.035049
130.472763
-236.018967
130.686264
-236.009842
130.713089
-236.097290
130.511917
-236.049545
130.291977
-235.917038
130.404099
-235.986237
130.596146
-236.043640
130.691086
-236.003937
130.493149
-236.046860
130.295731
-236.045776
130.292511
-235.989990
130.511917
-235.986771
130.622971
-235.997498
130.501190
-235.882172
130.267303
-235.944397
130.440033
-235.947083
130.779602
-235.918106
130.797302
-235.965851
130.658905
-236.067245
130.418045
-236.020569
130.256577
-235.972290
130.341324
-236.068848
130.321487
-236.130005
130.155182
-236.163803
129.942749
-236.036667
130.018387
-236.017349
130.259262
-236.132690
130.264084
-236.189545
130.161087
-236.146637
130.055939
-236.044708
130.067749
-235.981415
130.208832
-236.146637
130.274811
-236.123566
129.971725
-235.988388
129.729248
-235.899338
129.870865
-235.949219
130.051651
-235.977661
130.035553
-236.055435
129.871414
-236.015747
129.723343
-235.886459
129.738907
-235.855347
129.918610
-235.882172
130.057022
-235.943863
129.889648
-235.993744
129.750168
-236.017883
129.913254
-236.097824
130.081161
-236.106400
130.163239
-236.113907
130.060242
-236.142349
129.906281
-236.071533
130.030197
-235.992676
130.200790
-236.046860
130.204544
-236.081192
129.981918
-236.099426
129.760361
-236.024323
129.907349
-235.996964
130.047897
-236.164871
130.085449
-236.166489
129.743729
-236.181503
129.610703
-236.231934
129.738907
-236.272705
129.892868
-236.327957
129.978699
-236.282898
129.856918
-236.258759
129.665955
-236.210464
129.803818
-236.119278
130.165909
-236.197601
130.314514
-236.279129
130.136414
-236.227631
130.021072
-236.171844
130.040924
-236.077972
130.202927
-236.089767
130.273743
-236.213684
130.074722
-236.234070
129.886963
-236.059189
130.003906
-236.108551
130.239410
-236.161118
130.282318
-236.161118
130.121384
-236.168091
129.985672
-236.186874
130.025909
-236.123566
130.185760
-236.157364
130.374588
-236.261963
130.237793
-236.201889
130.107437
-236.135910
130.215271
-236.130005
130.357422
-236.159515
130.379959
-236.327423
130.168060
-236.263046
129.930420
-236.160049
130.091354
-236.325806
130.315048
-236.466888
130.413757
-236.421295
130.284470
-236.435776
130.000153
-236.335464
129.940079
-236.303818
130.060242
-236.257141
129.929886
-236.280212
129.721207
-236.407349
129.574219
-236.362823
129.656296
-236.347260
129.882675
-236.392319
130.032883
-236.335464
129.941681
-236.209396
129.841370
-236.172928
129.886963
-236.184723
130.081161
-236.185791
130.169662
-236.214767
130.127823
-236.142883
130.035553
-236.112305
130.103683
-236.197067
130.339722
-236.200287
130.445404
-236.222275
130.208832
-236.189011
130.061844
-236.084412
130.109055
-236.057053
130.218491
-236.186874
130.260864
-236.163803
130.029663
-236.096741
129.823669
-236.050079
129.862289
-236.126785
130.072571
-236.205643
130.162689
-236.164871
129.956161
-236.115524
129.756073
-236.111237
129.835999
-236.008774
130.058624
-235.991074
130.285538
-236.150925
130.106903
-236.227097
129.736755
-236.171844
129.785583
-236.198669
129.949722
-236.197067
130.031799
-236.203491
129.814545
-236.182571
129.624115
-236.102112
129.794693
-236.135376
130.047897
-236.211014
130.033951
-236.360672
129.965286
-236.254990
129.776459
-236.138596
129.793091
-236.094604
129.961533
-236.068848
130.051117
-236.120880
129.863892
-236.160583
129.661667
-235.978729
129.769485
-236.001266
129.944366
-236.117126
130.006592
-236.110687
129.839752
-236.127853
129.654144
-236.126251
129.697601
-236.172928
129.822052
-236.197601
129.837082
-236.130005
129.731400
-236.128937
129.552765
-236.119278
129.664337
-236.186874
129.898773
-236.187943
130.056473
-236.174530
129.899841
-236.134293
129.653076
-236.116058
129.752853
-236.074219
129.935242
-236.050613
129.943832
-236.030762
129.771637
-236.066162
129.392365
-236.025406
129.405777
-235.991608
129.644485
-236.085480
129.741058
-236.098358
129.483017
-236.045776
129.297409
-235.961029
129.479263
-235.992142
129.694382
-236.064560
129.858002
-236.096741
129.658447
-236.064560
129.447083
-236.021637
129.574219
-235.949768
129.680435
-235.954590
129.662735
-235.967468
129.591919
-235.989456
129.514145
-236.039352
129.636978
-236.038269
129.760895
-235.994827
129.838150
-235.979797
129.705643
-236.008240
129.511993
-235.941177
129.668091
-235.833359
129.929337
-235.896118
130.070435
-235.975510
130.023758
-235.969604
129.773773
-235.870361
129.893936
-235.836029
130.127289
-235.826920
130.066132
-235.836578
129.911102
-235.875732
129.730865
-235.862320
129.765198
-235.788834
129.959915
-235.748062
129.984604
-235.773804
129.734085
-235.647751
129.486237
-235.594101
129.588699
-235.652573
129.759293
-235.793121
129.835464
-235.853745
129.731934
-235.891296
129.577972
-236.058121
129.575821
-236.113907
129.724960
-235.988922
129.873016
-236.076904
129.698669
-236.154678
129.421341
-236.108017
129.460495
-235.984634
129.848343
-235.958878
130.089203
-235.939026
129.981918
-235.864471
129.690628
-235.944397
129.734619
-236.045776
130.095642
-236.054901
130.561813
-236.132690
130.467392
-236.091385
130.254959
-236.028625
130.446472
-235.979797
130.709335
-235.950302
130.756531
-235.910065
130.630478
-235.948151
130.404099
-235.912750
130.514603
-235.948151
130.658905
-236.039352
130.687332
-236.096741
130.577362
-236.116592
130.384247
-236.094070
130.502792
-236.051682
130.732941
-236.043106
130.765121
-236.005554
130.582733
-236.023254
130.355286
-236.004471
130.511917
-235.998581
130.824127
-236.057587
131.041382
-236.103180
130.894943
-236.090302
130.605789
-235.945999
130.676071
-235.898270
130.890106
-235.905243
130.983444
-235.867142
130.853638
-235.859100
130.554840
-235.848907
130.536057
-235.753418
130.820374
-235.735718
131.037628
-235.716415
130.841827
-235.750198
130.636917
-235.825836
130.683578
-235.804382
130.877243
-235.835495
131.009201
-235.986771
130.865967
-235.954590
130.637985
-235.928833
130.713089
-235.927765
130.897079
-236.020035
130.875626
-235.954590
130.736694
-235.832809
130.569321
-235.850525
130.587555
-235.957275
130.688950
-235.967468
130.809113
-236.029694
130.627258
-235.962097
130.353134
-235.906311
130.203461
-235.851593
130.065598
-235.807068
130.037170
-235.735718
129.873550
-235.698166
129.611237
-235.613419
129.654678
-235.684753
129.781815
-235.783997
129.830109
-235.889679
129.794693
-235.941177
129.755539
-236.015213
129.642883
-235.988388
129.832779
-235.951904
129.986206
-236.040421
129.772171
-235.931519
129.565094
-235.764145
129.677750
-235.832275
129.986206
-235.973358
130.150894
-235.989456
130.066132
-235.988922
129.903061
-235.973358
129.933640
-236.013062
130.050049
-236.013596
130.152496
-236.013062
129.927200
-235.916504
129.635910
-235.835495
129.752319
-235.912216
129.943832
-236.080658
130.073105
-236.222809
129.927200
-236.206177
129.605331
-236.170242
129.623566
-236.238373
129.808105
-236.117126
129.850479
-236.086014
129.672394
-236.068848
129.500732
-235.995361
129.466934
-235.939575
129.654144
-235.904694
129.725494
-235.961563
129.595139
-235.928299
129.361786
-236.053299
129.307602
-236.050613
129.492676
-236.006622
129.655762
-235.994293
129.513596
-235.993744
129.256653
-236.047394
129.268982
-236.096741
129.461563
-236.077438
129.658981
-236.130539
129.459961
-236.097290
129.296875
-236.099426
129.351593
-236.148773
129.624649
-236.070999
129.906815
-236.108551
130.086517
-236.243195
129.744278
-236.096741
129.546326
-235.741089
129.928268
-235.536163
130.079544
-235.573715
130.295197
-235.563522
130.253891
-235.399368
130.442184
-235.434235
130.871872
-235.462128
131.130966
-235.489487
131.002228
-235.544754
130.738297
-235.503983
130.854706
-235.560303
130.967896
-235.531342
130.962524
-235.572113
130.834320
-235.548508
130.672852
-235.450867
130.707718
-235.396683
130.939468
-235.495926
130.900299
-235.612869
130.633698
-235.548508
130.441650
-235.576401
130.437897
-235.459991
130.600433
-235.429947
130.673920
-235.497543
130.465790
-235.463211
130.137482
-235.482513
130.092422
-235.545822
130.301636
-235.647751
130.455063
-235.692810
130.252823
-235.573715
130.123001
-235.593033
130.190048
-235.659012
130.343475
-235.632721
130.335968
-235.669205
130.075790
-235.684219
129.825272
-235.694412
129.867111
-235.701385
130.020538
-235.666519
130.105301
-235.669739
130.026978
-235.579086
129.762512
-235.571030
129.809723
-235.596786
130.038773
-235.484131
130.017853
-235.477158
129.823669
-235.545822
129.646103
-235.545288
129.810257
-235.524368
129.991577
-235.570496
130.004440
-235.538849
129.879990
-235.481979
129.635376
-235.518463
129.606400
-235.574249
129.787720
-235.603226
129.960464
-235.675110
129.688477
-235.683151
129.379486
-235.613953
129.421875
-235.547974
129.620895
-235.362900
129.784500
-235.259903
129.701889
-235.241119
129.472290
-235.185867
129.408997
-235.098969
129.464249
-235.189621
129.617142
-235.330704
129.521118
-235.394547
129.166519
-235.360748
129.217484
-235.263657
129.420792
-235.234146
129.540955
-235.321045
129.367691
-235.341431
129.088196
-235.259903
129.082306
-235.317825
129.302246
-235.314621
129.473373
-235.369873
129.348373
-235.442291
129.181015
-235.336609
129.312973
-235.355377
129.418655
-235.351089
129.449768
-235.594635
129.267380
-235.657944
128.983063
-235.448181
129.108047
-235.486816
129.383789
-235.465897
129.441711
-235.534561
129.227142
-235.681000
129.041534
-235.650421
129.122528
-235.756104
129.244308
-235.858566
129.282394
-235.911667
129.037781
-235.897720
128.852173
-235.823700
128.918152
-235.818863
129.071030
-235.860718
129.041000
-235.810822
128.880600
-235.896652
128.654755
-235.893967
128.700897
-235.950302
128.808716
-235.951904
128.848953
-235.938492
128.603790
-235.789368
128.395660
-235.788834
128.486847
-235.995361
128.699814
-235.978729
128.743805
-235.950836
128.502945
-235.848373
128.281387
-235.793655
128.307144
-235.813507
128.495972
-235.757172
128.642426
-235.800095
128.548538
-235.815643
128.200928
-235.755035
128.021759
-235.612869
128.148361
-235.620392
128.233658
-235.662231
128.064133
-235.672424
127.757294
-235.679932
127.847946
-235.688507
128.129578
-235.631653
128.191803
-235.645065
128.071640
-235.655792
127.852242
-235.651505
127.815765
-235.642380
127.934319
-235.656326
128.075943
-235.685303
127.915009
-235.766830
127.655907
-235.809753
127.708473
-235.772202
127.763191
-235.736252
127.837219
-235.764694
127.685410
-235.851593
127.515358
-235.789368
127.593140
-235.691193
127.844193
-235.671341
128.009415
-235.813507
127.794304
-235.829605
127.490677
-235.799026
127.573830
-235.722839
127.781967
-235.715866
127.849556
-235.685303
127.680580
-235.590881
127.593140
-235.768448
127.813614
-235.948685
128.006195
-235.984100
128.057159
-235.877884
127.917686
-235.802780
127.674683
-235.718552
127.704185
-235.663300
127.808250
-235.737335
127.904816
-235.840866
127.850632
-235.771118
127.628006
-235.734650
127.685944
-235.730896
127.876381
-235.745377
127.930023
-235.696564
127.915009
-235.636475
127.735832
-235.664917
127.832390
-235.766830
128.030334
-235.603760
128.201996
-235.693878
128.046967
-235.778641
127.882278
-235.721771
127.974014
-235.804382
128.229889
-235.836029
128.432678
-235.780777
128.354355
-235.799026
128.169815
-235.796875
128.256180
-235.858032
128.527084
-235.924011
128.738983
-235.981415
128.660126
-235.951904
128.372055
-235.934204
128.331284
-235.943863
128.450378
-235.939026
128.556046
-235.916504
128.397797
-235.822083
128.230972
-235.879486
128.265305
-235.817261
128.418182
-235.849976
128.636520
-235.777557
128.575363
-235.720169
128.351135
-235.645065
128.421936
-235.640228
128.602722
-235.682617
128.742737
-235.691727
128.757751
-235.734116
128.654221
-235.819412
128.674072
-235.762543
128.958389
-235.800629
129.158478
-235.756638
128.900452
-235.763611
128.542648
-235.564056
128.409073
-235.537781
128.387604
-235.567810
128.522797
-235.610733
128.698746
-235.655258
128.598434
-235.573715
128.654755
-235.535095
128.977692
-235.526505
129.138092
-235.608047
129.042603
-235.556015
128.890793
-235.611267
128.978775
-235.595169
129.218552
-235.713730
129.382706
-235.752350
129.189056
-235.737869
128.821594
-235.789368
128.871475
-235.647202
129.096252
-235.612335
129.307602
-235.723389
129.176178
-235.810287
128.909027
-235.776489
128.887573
-235.770584
129.093567
-235.696030
129.231964
-235.807602
129.071579
-235.768448
128.848953
-235.660614
128.888107
-235.629501
129.134338
-235.606979
129.285614
-235.687973
129.169739
-235.642914
128.939606
-235.562988
128.899918
-235.558701
129.057632
-235.655258
129.182617
-235.733582
128.968033
-235.713196
128.746490
-235.682083
128.875778
-235.722305
129.062988
-235.642380
129.184219
-235.645599
129.090347
-235.640778
128.825348
-235.618774
128.839294
-235.595703
129.030273
-235.512024
129.117172
-235.486282
128.971802
-235.544754
128.768478
-235.530792
128.879532
-235.604828
129.136490
-235.774338
129.161163
-235.818863
129.001297
-235.812439
128.852707
-235.709976
128.969650
-235.781860
129.176178
-235.812439
129.309753
-235.864471
128.860214
-235.848373
128.284073
-235.824234
128.214874
-235.815109
128.346298
-235.853745
128.530304
-235.980881
128.399414
-236.028625
128.124756
-235.989456
128.127441
-236.023254
128.273880
-236.129471
128.427841
-236.196518
128.371521
-236.243729
128.072189
-236.209396
128.001373
-236.063492
128.182159
-236.086548
128.130112
-236.110687
127.768021
-236.181503
127.676826
-236.805389
127.786797
-237.380981
127.861900
-237.951767
127.867264
-238.568665
127.689697
-239.181824
127.440254
-239.842178
127.373199
-240.475189
127.405922
-241.225128
127.394653
-241.775513
127.227821
-242.359161
126.994469
-243.051712
127.111954
-243.546844
127.309898
-244.068268
127.513748
-244.460953
127.507309
-244.827332
127.389832
-245.349289
127.481026
-245.802582
127.823807
-246.124451
128.123138
-246.597595
128.170883
-246.681808
128.162308
-246.632996
128.453598
-246.496750
128.663345
-246.185608
128.707870
-245.981216
128.480408
-246.047745
128.185379
-246.024673
128.124756
-246.263397
128.293198
-246.486557
128.351669
-246.496750
128.200928
-246.484940
127.964897
-246.394287
127.979378
-246.363174
128.097397
-246.386780
128.185379
-246.233887
127.945045
-246.102997
127.781433
-246.270370
127.793236
-246.265533
127.881744
-246.190979
127.947731
-246.261246
127.874771
-246.217255
127.628548
-246.070267
127.631226
-246.086365
127.859215
-246.138931
128.012100
-246.228516
127.873161
-246.228516
127.602798
-246.213501
127.555588
-246.239258
127.688629
-246.234955
127.820053
-246.348145
127.747635
-246.368530
127.511597
-246.258560
127.500870
-246.187759
127.730469
-246.298264
127.882820
-246.291824
127.718132
-246.397507
127.467613
-246.357803
127.459564
-246.269821
127.645714
-246.230667
127.800209
-246.207596
127.765335
-246.255341
127.719742
-246.240860
127.868332
-246.256958
128.197174
-246.225845
128.413361
-246.096024
128.319489
-245.984985
128.040527
-245.814392
128.088272
-245.938309
128.421402
-245.968353
128.593597
-245.817612
128.342010
-245.507004
128.022827
-245.384705
128.036774
-245.478043
128.210587
-245.520950
128.422485
-245.559036
128.368301
-245.622345
128.088272
-245.490921
128.163910
-245.426544
128.354355
-245.526321
128.533524
-245.673309
128.405319
-245.627167
128.093109
-245.501648
128.113495
-245.509155
128.294800
-245.456589
128.321625
-245.475357
128.107590
-245.421707
127.851707
-245.404541
127.762657
-245.423325
127.931633
-245.264542
128.045898
-245.260788
127.951485
-245.232346
127.779823
-245.174957
127.788940
-245.199631
127.954704
-245.152954
128.044281
-245.109497
127.954163
-245.179779
127.754074
-245.284927
127.768021
-245.279022
128.012100
-245.274185
128.170349
-245.215714
128.073257
-245.190506
127.939682
-245.105209
127.981522
-245.007050
128.178391
-245.073029
128.396729
-245.195877
128.262085
-245.206070
127.948799
-245.216263
127.900520
-245.296722
128.061447
-245.272583
128.312515
-245.259171
128.127441
-245.326233
127.820053
-245.372360
127.799667
-245.342850
127.963821
-245.374512
128.034637
-245.360565
127.889252
-245.320328
127.563637
-245.218933
127.541107
-245.106293
127.785187
-244.953400
127.855995
-244.922287
127.687019
-244.956619
127.403778
-244.823044
127.263763
-244.788712
127.381248
-244.869171
127.499260
-244.832703
127.434357
-244.902969
127.279320
-245.019913
127.167206
-244.910492
127.316872
-244.863815
127.459564
-244.988266
127.291656
-245.008652
127.063675
-244.960373
127.062599
-244.946960
127.231041
-245.009186
127.398949
-244.985580
127.194565
-244.917999
126.940292
-244.843430
126.880211
-244.897079
127.046509
-244.836456
127.216019
-244.819290
127.117317
-244.844498
126.805107
-244.716293
126.742882
-244.765106
126.985886
-244.786026
127.197784
-244.826263
127.111954
-244.757065
126.854462
-244.643875
126.753609
-244.582718
126.965500
-244.558044
127.134483
-244.580032
127.060455
-244.570923
126.850708
-244.683563
126.850166
-244.691086
127.015388
-244.662109
127.207436
-244.695908
127.236404
-244.831635
127.042747
-244.906189
127.084053
-244.965744
127.351738
-245.011337
127.663414
-245.005966
127.631226
-244.993103
127.265373
-244.907806
127.292198
-244.909409
127.487999
-244.887955
127.641953
-244.804276
127.562027
-244.775299
127.292732
-244.708252
127.220848
-244.681427
127.381783
-244.666397
127.520721
-244.752228
127.335648
-244.828949
127.072792
-244.792999
127.052406
-244.714142
127.179008
-244.702881
127.402702
-244.855774
127.286293
-244.901367
126.964432
-244.858444
126.945656
-244.926575
127.146820
-244.911026
127.360321
-245.047272
127.347984
-245.123459
127.137703
-245.067657
127.078690
-244.989349
127.142532
-245.060684
127.250351
-245.093414
127.070107
-245.001678
126.769699
-244.926041
126.806183
-244.760818
127.010025
-244.635834
127.169884
-244.574142
127.008957
-244.595062
126.660271
-244.540344
126.616814
-244.389069
126.812080
-244.496353
126.949944
-244.522644
126.827637
-244.521027
126.564247
-244.560730
126.630226
-244.496353
126.716591
-244.542480
126.808861
-244.651382
126.757896
-244.657288
126.571220
-244.671234
126.536346
-244.650848
126.669388
-244.679810
126.721420
-244.733459
126.560486
-244.754913
126.430130
-244.741501
126.516502
-244.758667
126.743950
-244.686249
126.979988
-244.815536
126.775063
-244.680359
126.305679
-244.531754
126.226288
-244.565018
126.364151
-244.492599
126.587845
-244.619736
126.521332
-244.722733
126.277245
-244.654068
126.311043
-244.685715
126.504700
-244.651382
126.680115
-244.639587
126.615746
-244.686249
126.375420
-244.618118
126.314262
-244.597733
126.509529
-244.745804
126.625397
-244.751160
126.718742
-244.839676
126.812614
-244.782806
126.770241
-244.679276
127.011101
-244.726486
127.322769
-244.694305
127.349060
-244.654068
127.250893
-244.685715
127.232651
-244.648697
127.306679
-244.603104
127.548615
-244.674454
127.452057
-244.691086
127.157547
-244.587540
127.058304
-244.664795
127.182762
-244.650848
127.421478
-244.655670
127.321167
-244.692154
127.099609
-244.622955
126.995544
-244.652451
127.126968
-244.664261
127.291122
-244.642258
127.184906
-244.610077
127.003593
-244.694839
127.051331
-244.758667
127.250893
-244.784958
127.404312
-244.769394
127.405388
-244.866501
127.104980
-244.832703
127.025581
-244.706100
127.169884
-244.556976
127.354424
-244.583786
127.315796
-244.603638
127.066887
-244.648697
126.999298
-244.607391
127.238014
-244.533905
127.556664
-244.584335
127.479416
-244.582184
127.102829
-244.449142
126.992325
-244.499039
127.243378
-244.539261
127.505165
-244.588623
127.385536
-244.603104
127.265373
-244.615448
127.261086
-244.571457
127.313652
-244.684113
127.484245
-244.708786
127.335648
-244.548386
127.072258
-244.487762
127.136093
-244.407837
127.335648
-244.450211
127.335648
-244.549454
127.336182
-244.544632
127.154869
-244.555359
127.098007
-244.492599
127.322769
-244.541412
127.513748
-244.681427
127.444542
-244.697510
127.131798
-244.617050
127.046509
-244.709854
127.167206
-245.039230
127.323311
-245.087509
127.217628
-244.944275
126.962822
-244.784424
126.865189
-244.699127
127.021828
-244.735611
127.271812
-244.667480
127.182228
-244.653000
126.969795
-244.519424
126.997154
-244.434662
127.246597
-244.490448
127.511597
-244.517273
127.463318
-244.520493
127.222992
-244.397110
127.189201
-244.292511
127.409676
-244.288208
127.626938
-244.312881
127.499802
-244.338638
127.217628
-244.351517
127.124290
-244.391739
127.274490
-244.432510
127.560951
-244.508148
127.472443
-244.510300
127.154869
-244.485626
127.096931
-244.423401
127.240700
-244.494202
127.369980
-244.485092
127.301849
-244.352051
127.121071
-244.389069
127.117851
-244.344009
127.275032
-244.444855
127.486389
-244.471146
127.410751
-244.376190
127.187050
-244.317184
127.180618
-244.259781
127.373199
-244.179855
127.459564
-244.206131
127.363541
-244.276413
127.114632
-244.296265
127.023438
-244.178238
127.259476
-244.269440
127.544327
-244.359558
127.447762
-244.352051
127.338333
-244.281235
127.435425
-244.290894
127.633911
-244.364929
127.795914
-244.353653
127.698822
-244.375122
127.483170
-244.440033
127.526619
-244.459869
127.722961
-244.465240
127.926270
-244.488312
127.933777
-244.414276
127.652145
-244.396042
127.322769
-244.399261
127.327599
-244.392822
127.443474
-244.468994
127.396263
-244.419647
127.231041
-244.362244
127.157547
-244.320938
127.269669
-244.343460
127.481026
-244.346146
127.419868
-244.302704
127.212799
-244.296799
127.126968
-244.209351
127.288437
-244.377792
127.415581
-244.428757
127.335648
-244.491516
127.058304
-244.445389
126.887184
-244.402481
127.007881
-244.376190
127.210121
-244.336487
127.204758
-244.290894
126.980522
-244.344009
126.862503
-244.401932
126.988037
-244.477036
127.238548
-244.647095
127.170959
-244.599884
126.902740
-244.597733
126.880211
-244.624023
127.209587
-244.641190
127.486389
-244.810165
127.292198
-244.686783
127.058304
-244.533905
126.963356
-244.473282
127.030411
-244.326294
127.185440
-244.318787
127.165596
-244.286072
126.961212
-244.190582
126.893616
-244.153030
127.095322
-244.190582
127.297028
-244.227051
127.299706
-244.350983
126.982132
-244.332199
126.864113
-244.273193
126.976768
-244.275345
127.060989
-244.261383
126.919907
-244.351517
126.666702
-244.310745
126.569069
-244.317719
126.701035
-244.385315
126.914543
-244.440033
126.824417
-244.528534
126.497726
-244.533371
126.462860
-244.454514
126.645782
-244.467926
126.790085
-244.561798
126.640953
-244.455582
126.329819
-244.390137
126.255257
-244.330048
126.477875
-244.338104
126.799744
-244.320938
126.743416
-244.402481
126.430672
-244.355270
126.454811
-244.370819
126.651688
-244.420715
126.791695
-244.559113
126.639885
-244.508148
126.366837
-244.431976
126.328209
-244.406235
126.423698
-244.408905
126.577118
-244.466843
126.466614
-244.448074
126.330353
-244.310211
126.239159
-244.280167
126.387756
-244.334885
126.701035
-244.411591
126.635590
-244.435196
126.387756
-244.399796
126.340546
-244.392822
126.489677
-244.465240
126.587311
-244.510834
126.478951
-244.523712
126.308365
-244.493668
126.306213
-244.432510
126.523476
-244.434128
126.702644
-244.421783
126.603401
-244.455582
126.353958
-244.343460
126.249352
-244.273193
126.371658
-244.208817
126.605011
-244.245300
126.546005
-244.173950
126.238091
-244.221161
126.127045
-244.312881
126.362541
-244.391205
126.606621
-244.508698
126.537422
-244.472214
126.196243
-244.422318
126.055161
-244.448074
126.199997
-244.565552
126.430130
-244.668015
126.343765
-244.587540
126.139381
-244.529068
126.138306
-244.502258
126.407066
-244.514587
126.591064
-244.546783
126.585167
-244.545700
126.366295
-244.468460
126.262764
-244.438416
126.343231
-244.427689
126.523476
-244.380478
126.513817
-244.364929
126.409210
-244.355270
126.256325
-244.376190
126.343765
-244.445389
126.528305
-244.571457
126.582481
-244.621872
126.279396
-244.485092
126.142601
-244.324158
126.393654
-244.229202
126.664024
-244.291962
126.666168
-244.438416
126.441399
-244.501709
126.374344
-244.471680
126.466614
-244.494736
126.657051
-244.568237
126.560486
-244.533371
126.277786
-244.487762
126.139381
-244.455582
126.243988
-244.482941
126.393654
-244.637970
126.349129
-244.585938
126.119537
-244.490448
125.958069
-244.473282
126.109879
-244.490982
126.329819
-244.375656
126.288513
-244.414276
125.989716
-244.318787
125.951630
-244.202911
126.128654
-244.238327
126.292801
-244.247986
126.184982
-244.269974
125.950554
-244.394424
125.897980
-244.287674
126.076622
-244.116013
126.290123
-244.205063
126.284760
-244.148743
126.066429
-244.113327
125.959671
-244.017303
126.101830
-244.109573
126.345375
-244.265152
126.301392
-244.285522
126.072861
-244.175552
125.892616
-244.151413
125.954849
-244.156784
126.296562
-244.057541
126.601257
-244.094025
126.331429
-244.381546
126.163521
-244.634216
126.697281
-244.798904
127.245529
-245.085907
127.523399
-245.329987
127.535744
-245.582108
127.475121
-245.718903
127.926804
-245.982834
128.273880
-246.133041
128.162842
-246.100845
127.888184
-245.957626
127.854919
-245.971573
127.963821
-245.999466
128.103302
-246.023605
127.893547
-246.032715
127.586700
-245.939911
127.412895
-246.042374
127.533058
-246.203842
127.676826
-246.193649
127.574364
-246.197952
127.259476
-246.077240
127.114632
-246.067047
127.122147
-246.115326
127.187050
-246.162003
127.207436
-246.210815
126.916687
-246.122849
126.708008
-246.062225
127.025581
-246.045059
127.289513
-246.174881
127.192421
-246.159317
126.831932
-246.049881
126.547081
-245.958694
126.644714
-246.099777
126.872696
-246.125519
126.975693
-246.171127
126.736977
-246.088516
126.647926
-246.049347
126.629692
-246.051498
126.699966
-246.021988
126.611450
-246.049347
126.334114
-246.037018
126.242912
-246.149658
126.449448
-246.167374
126.668312
-246.245682
126.584625
-246.227448
126.367905
-246.215118
126.272957
-246.314896
126.534203
-246.373367
126.728935
-246.463486
126.669388
-246.475281
126.547615
-246.499420
126.394730
-246.431839
126.499336
-246.375504
126.757362
-246.221008
126.651688
-246.228516
126.405991
-246.082077
126.323921
-245.944748
126.446762
-245.953857
126.632912
-246.121765
126.492363
-246.325089
126.282074
-246.324005
126.172104
-246.337418
126.327133
-246.422180
126.637733
-246.394821
126.748245
-246.413589
126.691917
-246.444168
126.540108
-246.569702
126.693527
-246.578278
126.858749
-246.586868
126.857681
-246.688248
126.662949
-246.673767
126.465004
-246.648560
126.643105
-246.721512
126.929558
-246.802521
126.858215
-246.875473
126.559952
-246.936096
126.441399
-246.920532
126.662415
-246.840607
126.910782
-246.829330
126.849098
-246.819687
126.653290
-246.713470
126.594284
-246.672165
126.713379
-246.609940
126.883965
-246.591690
126.763802
-246.715073
126.511673
-246.675919
126.418335
-246.621201
126.616814
-246.565414
126.930099
-246.584183
126.952629
-246.651779
126.680115
-246.568085
126.522942
-246.517670
126.748779
-246.516052
127.012177
-246.452759
126.998222
-246.395889
126.810471
-246.488159
126.593216
-246.401794
126.785797
-246.391068
127.093178
-246.437729
126.951553
-246.384094
126.723564
-246.290756
126.668312
-246.170593
126.808327
-246.117477
127.146286
-246.173798
127.257866
-246.229065
127.074402
-246.300949
127.014320
-246.328308
127.181152
-246.258026
127.580803
-246.272507
127.790550
-246.154495
127.600647
-246.085297
127.510529
-246.138931
127.754074
-246.135178
128.058228
-246.202240
128.036774
-246.320251
127.762115
-246.294510
127.702034
-246.211899
127.751923
-246.293427
128.011566
-246.325623
128.077545
-246.404480
127.818443
-246.466705
127.659119
-246.447922
127.802353
-246.293427
127.942360
-246.290756
127.912857
-246.344391
127.828102
-246.241928
127.771240
-246.267151
127.873695
-246.322403
128.098999
-246.310593
127.960602
-246.211899
127.779823
-246.252655
127.663948
-246.149124
127.751389
-246.077240
127.899445
-246.174881
128.009415
-246.214035
127.793236
-246.174347
127.718132
-246.200089
127.906418
-246.291290
128.069504
-246.332062
127.963287
-246.353516
127.736908
-246.199020
127.647324
-246.056320
127.741737
-246.087433
128.070572
-246.190430
128.122070
-246.232819
127.796448
-246.256958
127.655365
-246.278946
127.859749
-246.214035
127.978844
-246.227448
127.872086
-246.197952
127.597427
-246.068130
127.440788
-245.988190
127.520187
-245.983368
127.732613
-246.031647
127.788940
-246.089584
127.668243
-246.093338
127.620499
-246.164688
127.777679
-246.292892
127.788940
-246.278412
127.708473
-246.244080
127.482635
-246.312210
127.298096
-246.290756
127.448303
-246.226379
127.782501
-246.320251
127.766411
-246.415207
127.347984
-246.476898
127.142532
-246.432373
127.193489
-246.455444
127.352814
-246.431305
127.422012
-246.402328
127.146820
-246.409836
126.943512
-246.321320
127.079231
-246.346008
127.231575
-246.294510
127.183296
-246.282700
127.022369
-246.263397
126.897377
-246.232285
127.006271
-246.228516
127.239624
-246.180786
127.271812
-246.272507
127.142532
-246.267685
127.025581
-246.223694
127.135551
-246.209213
127.267517
-246.270370
127.361397
-246.311676
127.187592
-246.383560
127.038460
-246.353516
127.146286
-246.336349
127.311508
-246.341171
127.356033
-246.414124
127.135551
-246.466171
126.995010
-246.399109
127.121605
-246.267685
127.247673
-246.241928
127.219772
-246.224762
127.157013
-246.181320
126.941360
-246.091736
127.064209
-246.140549
127.315262
-246.189896
127.312042
-246.345459
127.051872
-246.375504
126.839973
-246.277344
127.043823
-246.306839
127.345306
-246.310593
127.351738
-246.274124
127.169884
-246.252655
126.953705
-246.247299
127.077621
-246.180786
127.376419
-246.271973
127.443474
-246.297729
127.250351
-246.227448
127.202072
-246.249451
127.438644
-246.384094
127.753532
-246.422180
127.707405
-246.439346
127.486389
-246.384628
127.431671
-246.259644
127.476730
-246.233353
127.630157
-246.258560
127.508385
-246.269821
127.205826
-246.086365
127.158623
-246.061691
127.338867
-246.117477
127.435959
-246.114792
127.401627
-246.155029
127.162910
-246.144836
126.990181
-246.081543
127.057236
-246.148590
127.239090
-246.106750
127.238014
-246.215118
127.082985
-246.072952
126.907028
-246.054184
127.034164
-246.235489
127.305069
-246.261780
127.253036
-246.298264
127.006805
-246.310059
126.900055
-246.291290
127.005737
-246.333664
127.213341
-246.318649
127.277176
-246.373367
127.098541
-246.415741
126.867874
-246.288605
126.916153
-246.275192
127.154327
-246.328308
127.073326
-246.263397
126.787941
-246.151276
126.745026
-246.002136
126.844803
-245.995712
127.093178
-246.057404
127.138771
-246.060074
126.908104
-246.080994
126.723030
-246.162537
126.784187
-246.255875
127.047043
-246.127670
127.094246
-246.081543
126.952629
-246.118011
126.765411
-246.084213
126.833000
-246.104065
127.059380
-246.249985
127.124290
-246.207596
126.908104
-246.208679
126.721954
-246.202240
126.871628
-246.300949
127.093178
-246.504791
127.018074
-246.540192
126.746635
-246.547699
126.640419
-246.510147
126.711227
-246.457581
126.855530
-246.459198
126.848022
-246.479034
126.566391
-246.448456
126.330353
-246.436127
126.502556
-246.429153
126.704254
-246.463486
126.629150
-246.350296
126.309967
-246.293427
126.156013
-246.298264
126.355568
-246.354584
126.617355
-246.563797
126.599648
-246.619583
126.278854
-246.592224
125.990791
-246.598129
126.058914
-246.636215
126.328743
-246.703812
126.396873
-246.741898
126.122215
-246.788025
126.000443
-246.804657
126.190880
-246.937698
126.386147
-246.984909
126.436569
-246.972565
126.268661
-247.086288
126.080376
-247.084152
126.248817
-247.143158
126.511139
-247.166229
126.555664
-247.198944
126.455887
-247.135651
126.368980
-247.121155
126.497192
-247.161926
126.708549
-247.121704
126.716057
-247.016556
126.426376
-246.962906
126.234329
-246.798767
126.427986
-246.680740
126.818520
-246.663040
127.040604
-246.791779
126.923660
-246.614761
126.790085
-246.455444
126.980522
-246.487625
127.198853
-246.498352
127.204758
-246.499420
127.141457
-246.494064
127.173645
-246.460266
127.056702
-246.661438
127.086739
-247.014954
127.220314
-247.385086
127.198853
-247.722519
127.239090
-248.159714
127.665558
-248.654846
127.949875
-249.041092
128.028198
-249.587189
127.934319
-249.927292
127.702576
-250.087677
127.829178
-250.052811
128.063599
-250.144012
128.083450
-250.271149
127.845268
-250.255051
127.656441
-250.208923
127.773918
-250.240036
128.004059
-250.293137
128.029266
-250.207306
127.772850
-250.157425
127.499802
-250.182632
127.520187
-250.136505
127.696671
-250.207306
127.810402
-250.395599
127.623184
-250.489487
127.418259
-250.433151
127.463860
-250.353226
127.700966
-250.339279
127.768555
-250.374146
127.515892
-250.325333
127.366760
-250.289917
127.546471
-250.304947
127.625328
-250.320496
127.509995
-250.442276
127.299171
-250.546875
127.130730
-250.427246
127.210655
-250.439590
127.470833
-250.429932
127.498726
-250.294754
127.272346
-250.272217
127.098541
-250.222870
127.236938
-250.235748
127.586700
-250.285095
127.646248
-250.278656
127.494972
-250.330154
127.331360
-250.258270
127.432205
-250.170303
127.718132
-250.236816
127.757828
-250.213211
127.596893
-250.192291
127.486389
-250.096802
127.647324
-250.164932
127.821663
-250.193359
127.882820
-250.182098
127.766945
-250.122559
127.577049
-250.051208
127.555054
-250.017410
127.779282
-250.086075
127.777138
-250.168152
127.531982
-250.182098
127.294342
-250.133286
127.394653
-250.061401
127.570610
-250.137573
127.595825
-250.153137
127.379097
-250.092514
127.165596
-250.123093
127.184906
-250.183167
127.385002
-250.273834
127.426842
-250.344635
127.201004
-250.340881
126.997688
-250.253983
126.985886
-250.263107
127.054016
-250.147766
127.034706
-250.061401
126.797058
-250.045303
126.665092
-249.984680
126.873772
-250.016342
127.069038
-250.037796
127.053482
-250.089828
126.954773
-250.080704
126.792229
-250.091980
126.867874
-250.099487
127.176323
-250.154739
127.190811
-250.245392
127.054016
-250.279190
126.983208
-250.061935
127.070648
-250.061401
127.344231
-250.153137
127.444008
-250.170303
127.321167
-250.091446
127.246597
-249.976639
127.456886
-250.086075
127.646248
-250.155807
127.590996
-250.085007
127.557198
-249.987900
127.526619
-249.997025
127.639275
-249.982010
127.791626
-249.992737
127.851707
-250.141861
127.547539
-250.036194
127.203148
-249.898865
127.393585
-249.971817
127.621574
-249.981476
127.609230
-249.919235
127.883888
-249.835022
128.104370
-249.838242
128.355423
-249.883835
128.494904
-249.845749
128.782425
-249.865601
129.068893
-249.906906
128.938004
-249.884369
129.066208
-249.861313
129.387543
-249.832336
129.612839
-249.840378
129.487854
-249.850037
129.208359
-249.796402
129.118774
-249.754547
129.010422
-249.701981
128.854843
-249.704666
128.590378
-249.684814
128.339859
-249.609711
128.364014
-249.706268
128.424088
-249.713242
128.284607
-249.792099
127.909103
-249.726654
127.528763
-249.597382
127.508919
-249.467560
127.796989
-249.424637
128.041611
-249.511017
128.030334
-249.558746
127.821663
-249.477219
127.923584
-249.376358
128.177856
-249.459518
128.318939
-249.398895
128.204147
-249.343109
128.127441
-249.357056
128.395660
-249.384949
128.819443
-249.510468
128.994324
-249.628494
128.912781
-249.566269
128.651535
-249.354904
128.717514
-249.357590
128.991104
-249.339890
129.033493
-249.412842
128.762039
-249.446106
128.494904
-249.435364
128.520645
-249.526566
128.752930
-249.485260
128.806030
-249.539978
128.597900
-249.608109
128.501343
-249.567871
128.484177
-249.574844
128.656906
-249.557144
128.678360
-249.571091
128.460037
-249.421417
128.250824
-249.431076
128.317337
-249.444489
128.548004
-249.516373
128.548004
-249.557678
128.175186
-249.426254
127.672531
-249.407471
127.709015
-249.345245
127.835609
-249.332367
127.746025
-249.233139
127.516968
-249.166611
127.357101
-249.050201
127.489067
-249.093124
127.710083
-249.236359
127.711693
-249.324860
127.535202
-249.337738
127.448303
-249.146759
127.564171
-249.192368
127.905884
-249.298584
128.175720
-249.393524
128.041611
-249.498672
127.837753
-249.472916
127.965965
-249.471313
128.136551
-249.482040
128.083984
-249.477753
127.868332
-249.413376
127.727249
-249.428940
127.873695
-249.385483
128.150497
-249.427322
128.307144
-249.461655
128.267990
-249.513153
127.974548
-249.459518
128.014786
-249.425720
128.204147
-249.379044
128.346298
-249.467026
128.151047
-249.477753
127.918762
-249.384949
127.971870
-249.366165
128.190201
-249.451462
128.124756
-249.492767
127.899445
-249.350616
127.803963
-249.360275
127.812546
-249.318970
128.033020
-249.337738
128.049652
-249.471848
127.845802
-249.462189
127.655365
-249.495987
127.764801
-249.578598
127.951485
-249.624207
127.912323
-249.589325
127.757828
-249.522278
127.577049
-249.408554
127.708473
-249.516907
127.923584
-249.549637
127.976158
-249.579132
127.830246
-249.636002
127.617813
-249.654236
127.625328
-249.664963
127.755142
-249.758850
127.809326
-249.769043
127.655907
-249.731491
127.442932
-249.681061
127.534134
-249.715927
127.719742
-249.643509
127.684868
-249.561966
127.525009
-249.561432
127.491753
-249.535156
127.681656
-249.633850
127.896233
-249.734177
127.901596
-249.721298
127.698822
-249.817322
127.585091
-249.839310
127.719742
-249.912811
127.858139
-249.897781
127.861359
-249.909042
127.606552
-249.843063
127.341545
-249.697159
127.468689
-249.756699
127.700966
-249.922455
127.786255
-249.870956
127.620499
-249.778152
127.535744
-249.749191
127.743881
-249.727737
128.011566
-249.715927
128.007813
-249.727737
127.762115
-249.618835
127.617813
-249.523880
127.754608
-249.549103
128.044281
-249.597916
128.117783
-249.617767
127.838829
-249.574310
127.704720
-249.569489
127.917686
-249.584503
128.104904
-249.646194
128.074860
-249.739532
127.883354
-249.822144
127.657516
-249.805511
127.761581
-249.671936
128.028732
-249.667114
128.195557
-249.740601
127.968651
-249.860229
127.593140
-249.750793
127.633369
-249.669266
127.898911
-249.715927
127.990646
-249.795868
127.830780
-249.762604
127.705795
-249.672485
127.768021
-249.687500
127.963821
-249.817856
128.032486
-249.831268
127.794846
-249.640823
127.567924
-249.189148
127.604942
-249.097946
127.849556
-249.230453
127.931633
-249.384949
127.784111
-249.382263
127.615135
-249.346329
127.759972
-249.361877
127.928955
-249.414444
127.957916
-249.384415
127.776604
-249.351685
127.614594
-249.314667
127.732079
-249.323792
127.930565
-249.350082
128.022293
-249.425720
127.987961
-249.550171
127.888184
-249.461655
128.029266
-249.431610
128.109192
-249.524414
128.076477
-249.673553
127.897301
-249.649948
127.687553
-249.565720
127.717590
-249.516373
127.856529
-249.576462
127.871017
-249.594696
127.749245
-249.637070
127.671463
-249.597916
127.681656
-249.488480
127.932709
-249.605957
128.055557
-249.662827
127.839363
-249.549103
127.644104
-249.632782
127.801277
-249.626343
127.972939
-249.522278
127.940750
-249.483658
127.645714
-249.459518
127.508919
-249.491699
127.570076
-249.545883
127.670921
-249.573242
127.645172
-249.656387
127.540031
-249.687500
127.405922
-249.584503
127.410210
-249.598984
127.589386
-249.676239
127.715446
-249.685883
127.482094
-249.718079
127.309898
-249.767960
127.421478
-249.734711
127.679504
-249.701981
127.766411
-249.640823
127.637131
-249.679459
127.406998
-249.609711
127.488533
-249.587189
127.735298
-249.681061
127.834541
-249.634933
127.633369
-249.553391
127.341011
-249.537827
127.459030
-249.534607
127.692383
-249.486328
127.685944
-249.531937
127.550758
-249.589325
127.442932
-249.575912
127.528229
-249.538361
127.770164
-249.593628
127.754074
-249.656387
127.483704
-249.702515
127.421478
-249.646729
127.580261
-249.629562
127.848488
-249.603821
127.930023
-249.736847
127.795914
-249.812485
127.469223
-249.688568
127.443474
-249.685883
127.717056
-249.707886
127.835075
-249.808197
127.605476
-249.816788
127.285759
-249.749191
127.400558
-249.813568
127.669312
-249.826431
127.762657
-249.835022
127.706329
-249.780304
127.550758
-249.675690
127.647324
-249.736847
127.790016
-249.761536
127.729393
-249.722900
127.463318
-249.610245
127.337257
-249.668182
127.531448
-249.845749
127.633911
-249.581284
127.558273
-248.820602
127.417191
-248.468704
127.148430
-248.211746
126.919373
-247.824966
126.768089
-247.289612
126.526154
-246.832550
126.015999
-246.480118
125.424843
-245.955475
125.128189
-245.416885
125.038605
-244.952866
124.884644
-244.575211
124.452271
-244.015167
124.016685
-243.321548
123.862724
-242.714828
123.866478
-242.329666
123.630447
-241.840958
123.312874
-241.352798
123.034454
-240.883423
122.963112
-240.440857
123.097755
-240.146881
123.090782
-239.977371
122.966866
-239.900116
122.794128
-240.039597
122.910538
-240.058365
123.135307
-240.009018
123.205582
-239.933380
123.061279
-239.944641
122.897125
-239.843796
122.995300
-239.863647
123.143356
-240.026718
123.216309
-240.174774
123.070938
-240.110397
122.824173
-239.888321
122.921265
-240.041199
123.224358
-240.285278
123.433571
-240.333023
123.256546
-240.234314
123.060204
-240.152786
123.094002
-240.062119
123.367584
-240.175308
123.517792
-240.168335
123.347740
-240.152252
123.055382
-239.995071
123.030701
-239.962875
123.215240
-239.988632
123.386360
-240.016525
123.267807
-240.054611
123.036064
-240.026184
123.068787
-239.923187
123.246887
-239.944641
123.318771
-239.961807
123.046799
-240.068024
122.718491
-240.027786
122.734047
-239.909775
122.956139
-239.819122
123.124580
-239.954834
122.891228
-240.034225
122.504990
-240.022430
122.459930
-239.933380
122.596718
-240.041199
122.549515
-240.263824
122.393944
-240.175308
122.464752
-240.043350
122.860115
-240.102890
123.178757
-240.213394
123.307503
-240.185501
123.217384
-240.060516
123.070396
-240.062653
123.038216
-240.194092
123.085953
-240.233246
123.216309
-240.251495
123.008171
-240.285278
122.725464
-240.018143
122.835434
-240.232178
123.011391
-240.337860
123.017288
-240.078751
122.880501
-240.211258
122.659485
-240.261139
122.861183
-240.217697
123.068787
-240.409744
123.212021
-240.365219
123.039825
-240.253098
122.999054
-240.130783
123.135307
-240.350723
123.355789
-240.628067
123.451813
-240.569595
123.302681
-240.444611
123.092392
-240.253632
123.154617
-240.305130
123.408890
-240.254166
123.536568
-240.325516
123.443222
-240.199448
123.162666
-240.002579
123.197533
-239.901184
123.396553
-239.995071
123.563385
-239.987564
123.627762
-239.958054
123.441078
-239.779953
123.391724
-239.899048
123.642784
-240.013840
123.694817
-240.196228
123.521545
-240.188721
123.318237
-239.837357
123.455025
-239.582001
123.756508
-239.570740
123.876137
-239.579865
123.789764
-239.513336
123.553734
-239.716660
123.599327
-239.906021
123.891693
-239.948395
123.980202
-239.893143
123.780647
-239.735428
123.567680
-239.716125
123.582703
-239.717194
123.780647
-239.917816
123.845558
-240.089478
123.605766
-240.019745
123.390656
-240.005264
123.133698
-240.028870
123.052162
-240.013840
123.122437
-240.011703
123.061279
-240.028320
122.956673
-239.740799
122.849922
-239.551437
122.875137
-239.688217
122.999054
-239.747772
122.894447
-239.853455
122.659485
-239.774597
122.829536
-239.761719
123.104729
-239.798737
123.283363
-239.903870
123.142281
-239.822327
122.857971
-239.776733
122.920731
-239.836823
123.227043
-239.658188
123.334328
-239.775131
123.022118
-240.011703
122.711517
-239.969849
122.779114
-239.723099
122.971161
-239.820724
122.995834
-239.954834
122.972763
-239.828766
122.926636
-239.836288
123.123505
-239.870071
123.382072
-240.012772
123.558022
-240.007950
123.350418
-239.972000
123.097755
-239.907089
122.938431
-239.109940
123.020508
-238.847626
123.047867
-238.848694
122.818268
-238.850845
122.608521
-238.931839
122.620323
-238.828842
122.797890
-238.797195
122.919662
-238.735504
122.827393
-238.782715
122.665924
-238.601929
122.742096
-238.500549
123.043579
-238.388962
123.391724
-238.612656
123.298386
-238.653961
123.073616
-238.527893
123.125656
-238.576721
123.349884
-238.646454
123.431961
-238.599243
123.365440
-238.526825
123.168030
-238.481232
123.245277
-238.454941
123.429817
-238.377701
123.500092
-238.336395
123.299995
-238.272552
122.994759
-238.189941
123.111168
-238.267731
123.380463
-238.392715
123.465218
-238.382523
123.454491
-238.425980
123.376167
-238.349808
123.325211
-238.335861
123.534424
-238.398087
123.814445
-238.533798
123.636879
-238.641083
123.331108
-238.533264
123.321457
-238.573502
123.526909
-238.611588
123.744705
-238.717804
123.577873
-238.685074
123.374557
-238.584763
123.370270
-238.680786
123.514038
-238.705994
123.688919
-238.748383
123.663170
-238.892151
123.445908
-238.866394
123.391190
-238.715652
123.599327
-238.527359
123.811760
-238.609970
123.614883
-238.560623
123.288193
-238.472107
123.257614
-238.606216
123.469513
-238.805771
123.700714
-238.854599
123.607910
-238.643768
123.431961
-238.659866
123.378319
-238.553650
123.461998
-238.570816
123.546219
-238.744080
123.456635
-238.707611
123.308044
-238.637878
123.351494
-238.557404
123.509743
-238.592270
123.478630
-238.855667
123.380463
-238.740326
123.184128
-238.930237
123.210945
-238.886246
123.303215
-238.694199
123.393875
-238.637878
123.206657
-238.657715
123.045723
-238.778961
123.170715
-238.993530
123.230797
-238.896973
123.201828
-238.741409
123.129410
-238.792358
122.940041
-238.557404
122.969009
-238.521469
123.248497
-238.785385
123.288193
-238.941498
123.267273
-238.823486
123.041428
-238.732285
123.153549
-238.695801
123.386360
-238.320831
123.414261
-237.790833
123.256004
-237.585373
123.099899
-237.527435
123.136383
-237.610580
123.230797
-237.537628
123.161057
-237.400833
123.012466
-237.478088
122.842407
-237.429810
122.800034
-237.522614
123.053230
-237.651352
123.253860
-237.610580
123.028557
-237.602005
122.772675
-237.583755
122.748001
-237.546219
123.009247
-237.519928
123.191635
-237.549423
123.028023
-237.584305
122.675575
-237.516174
122.749603
-237.514557
123.090782
-237.561768
123.214165
-237.679245
122.989395
-237.672272
122.714737
-237.508118
122.688988
-237.451797
122.867622
-237.392258
122.955063
-237.474335
122.682549
-237.394928
122.526443
-237.396011
122.677727
-237.332703
122.934677
-237.411026
123.062889
-237.452866
122.974373
-237.544601
122.653580
-237.615417
122.548439
-237.563385
122.697037
-237.569275
122.852066
-237.626678
122.721176
-237.612732
122.442764
-237.608978
122.451347
-237.629898
122.524300
-237.589127
122.694351
-237.752747
122.502846
-237.839111
122.166496
-237.737183
122.157913
-237.584305
122.274323
-237.460388
122.325821
-237.621857
122.282906
-237.672272
122.057594
-237.706070
122.155762
-237.643845
122.213699
-237.347733
122.173470
-237.500076
122.068863
-237.677643
121.905251
-237.536560
121.898811
-237.548355
122.062424
-237.748444
122.508209
-237.801025
122.502304
-237.806915
122.224968
-237.795654
122.244278
-237.771515
122.485138
-237.855209
122.369804
-237.912598
122.044189
-237.838577
121.601624
-237.623459
121.609665
-237.773132
121.881645
-238.029007
121.953529
-238.122894
121.856430
-238.053680
121.662773
-238.048325
121.696571
-238.121277
121.851067
-238.095535
122.029167
-237.978043
121.965332
-238.008087
121.694427
-238.151855
121.687454
-238.108398
121.908463
-238.096603
122.048477
-238.070847
121.849457
-238.222672
121.481461
-238.283279
121.403137
-238.234467
121.515251
-238.260223
121.692276
-238.181900
121.529205
-238.020432
121.379532
-238.263977
121.477165
-238.305283
121.738411
-238.302597
121.796883
-238.280060
121.608055
-238.409882
121.338768
-238.305283
121.414940
-238.281143
121.723396
-238.369644
121.959961
-238.263977
121.977669
-238.197983
121.736801
-237.924942
121.792061
-238.017212
121.933678
-238.040268
121.938507
-238.107330
121.836044
-237.937820
121.679405
-237.750595
121.667068
-237.836960
121.939583
-237.864853
122.310257
-237.783859
122.332253
-237.603073
122.106415
-237.675491
122.169716
-237.693726
122.466362
-237.910995
122.675041
-238.060120
122.615494
-238.391113
122.679871
-238.435638
122.732437
-238.162048
122.764091
-237.887390
122.882111
-237.966248
122.799500
-238.010773
122.653046
-237.991455
122.797348
-238.035980
123.050552
-238.125031
123.198074
-238.051010
123.043037
-237.827850
122.775352
-237.840179
122.928780
-238.042953
123.118675
-237.975372
123.259224
-237.993073
123.111702
-237.969467
122.769455
-237.979126
122.699181
-237.929764
122.855286
-237.833740
123.084885
-237.858414
122.999054
-237.935669
122.653046
-237.869690
122.707764
-237.924942
122.962036
-238.060120
123.116531
-238.175995
122.969009
-238.120743
122.746925
-238.046707
122.711517
-238.037598
122.830070
-238.005402
122.976524
-238.051010
122.915901
-238.120743
122.667534
-238.127716
122.722244
-238.034378
122.951309
-238.034378
123.286049
-238.215698
123.472191
-238.210861
123.324669
-238.078903
123.342377
-238.101425
123.566071
-238.163651
123.757584
-238.280060
123.679260
-238.232864
123.419624
-238.159897
123.333794
-238.067093
123.494720
-238.047791
123.787621
-238.106796
123.690529
-238.164734
123.430351
-238.091232
123.457176
-237.964630
123.646004
-238.023651
123.885254
-238.167404
123.879890
-238.260757
123.730225
-238.150238
123.735588
-238.111618
123.870232
-238.152924
124.033852
-238.248947
123.989861
-238.231781
123.737732
-238.131470
123.664238
-238.174927
123.783333
-238.121811
123.827316
-238.133072
123.770454
-238.189941
123.732368
-238.123428
123.714668
-238.183502
124.015610
-238.265579
124.223747
-238.201202
124.174934
-238.170090
123.970009
-238.144348
123.990395
-238.141663
124.206047
-238.248413
124.316017
-238.262894
124.188347
-238.244659
124.056915
-238.254852
124.056381
-238.232315
124.246277
-238.322449
124.459244
-238.331024
124.363762
-238.262360
124.082130
-238.276840
124.095535
-238.273087
124.236626
-238.282211
124.358932
-238.195313
124.205513
-238.235535
123.923340
-238.232864
123.882568
-238.130936
124.105728
-238.196915
124.239845
-238.270401
124.202293
-238.331558
123.971619
-238.232864
123.986641
-238.137909
124.268806
-238.213013
124.509132
-238.373947
124.317627
-238.509659
124.218918
-238.539169
124.145966
-238.542923
124.116463
-238.354095
124.289192
-238.325668
124.216774
-238.549362
123.959282
-238.490891
123.955528
-238.447433
124.188881
-238.606216
124.297241
-238.686691
124.255402
-238.649673
124.064964
-238.667374
124.116463
-238.670059
124.422234
-238.702240
124.618034
-238.801483
124.478020
-238.861023
124.199074
-238.831528
124.169571
-238.839035
124.314407
-238.813828
124.439400
-238.865860
124.310120
-238.810074
124.074081
-238.834747
124.179222
-238.898041
124.537033
-238.908768
124.686165
-238.922714
124.690987
-238.949005
124.582626
-238.903946
124.487144
-238.903412
124.620178
-238.891602
124.791840
-238.931305
124.568146
-238.902878
124.331573
-238.873367
124.263443
-238.807388
124.184586
-238.839569
124.154015
-238.863174
123.939972
-238.792358
123.707153
-238.798798
123.791916
-238.824554
124.014000
-238.760178
124.031700
-238.849228
123.846634
-238.986023
123.563385
-238.969391
123.617035
-238.920578
123.795670
-239.008545
123.891693
-239.144272
123.673897
-238.994598
123.356857
-238.923798
123.344521
-238.839035
123.496872
-238.793976
123.624542
-238.896973
123.560173
-238.858887
123.458786
-238.819183
123.452881
-238.862106
123.518326
-238.914139
123.686768
-238.942032
123.615425
-238.870148
123.444298
-238.875519
123.446442
-238.930771
123.598259
-238.858353
123.773674
-238.818115
123.672821
-238.863708
123.406746
-238.900726
123.441620
-238.937210
123.567146
-238.944183
123.764015
-239.078293
123.713593
-239.050934
123.558022
-239.038589
123.479706
-239.119598
123.635269
-239.114227
123.835899
-239.064346
123.767235
-239.069702
123.527985
-239.056839
123.444832
-239.024643
123.548370
-239.179672
123.695892
-239.260681
123.580551
-239.252640
123.297318
-239.090088
123.347740
-239.031616
123.560707
-239.038055
123.761337
-239.036453
123.787621
-238.981201
123.533882
-239.010696
123.543007
-238.966171
123.758652
-238.991928
123.965721
-239.047180
123.975372
-239.131393
123.762947
-239.128708
123.691597
-239.168945
123.874527
-239.100281
123.997910
-239.074539
123.835365
-239.088486
123.602013
-239.002655
123.519936
-238.981201
123.678726
-239.065414
123.885788
-239.104568
123.905106
-239.137299
123.596649
-239.122818
123.522079
-239.174316
123.715202
-239.225281
123.937286
-239.333633
123.808540
-239.312714
123.494186
-239.444672
123.600403
-239.793900
123.922806
-239.702713
124.125046
-239.520325
124.039215
-239.554108
123.864334
-239.435028
123.821953
-239.180756
124.038139
-239.153397
124.125580
-239.244049
123.935143
-239.258530
123.703934
-239.247269
123.661018
-239.280533
123.820343
-239.388351
123.958206
-239.469894
123.876137
-239.445755
123.587532
-239.297699
123.515106
-239.279999
123.684090
-239.352951
123.937828
-239.524612
123.770988
-239.542313
123.572510
-239.535339
123.582161
-239.565918
123.710907
-239.590057
123.840195
-239.650665
123.763481
-239.686615
123.508133
-239.575577
123.478630
-239.614197
123.710907
-239.724167
123.872917
-239.926941
123.752213
-239.828766
123.504379
-239.698410
123.514038
-239.658188
123.655655
-239.680176
123.798347
-239.716125
123.768311
-239.770294
123.488289
-239.722015
123.455566
-239.642624
123.634735
-239.656036
123.828392
-239.791763
123.765625
-239.774048
123.575188
-239.689301
123.577873
-239.613663
123.686768
-239.624924
123.854141
-239.642624
123.742561
-239.591660
123.562317
-239.582550
123.523155
-239.595413
123.599869
-239.570206
123.801033
-239.734894
123.732368
-239.774048
123.572510
-239.720413
123.532272
-239.730072
123.671211
-239.806244
123.878281
-239.826630
123.861649
-239.700027
123.681946
-239.783173
123.610596
-239.832520
123.780647
-239.786926
123.992538
-239.878662
123.935143
-239.839508
123.678726
-239.707001
123.696426
-239.649063
123.904030
-239.738647
124.137917
-239.687149
124.128265
-239.546066
124.050476
-239.681793
124.112701
-240.197311
124.292412
-240.331955
124.388435
-240.319611
124.035461
-240.284744
123.520477
-240.230026
123.407822
-240.063736
123.553734
-240.071777
123.803711
-240.210724
123.770988
-240.172638
123.564461
-240.092163
123.494720
-240.100204
123.556953
-240.283676
123.689453
-240.316391
123.614883
-240.404907
123.374023
-240.410812
123.177689
-240.368973
123.268349
-240.346436
123.469513
-240.362000
123.410500
-240.322830
123.170715
-240.306198
123.078445
-240.280991
123.290878
-240.275635
123.465759
-240.264359
123.329498
-240.182831
123.044647
-240.071777
123.023727
-240.024033
123.168030
-240.143127
123.371346
-240.201065
123.405136
-240.215012
123.276390
-240.047104
123.302139
-240.025116
123.552124
-240.157608
123.610596
-240.237534
123.396553
-240.239151
123.129944
-240.228424
123.181976
-240.261139
123.434647
-240.331955
123.609520
-240.441925
123.572510
-240.542770
123.425522
-240.574966
123.450203
-240.585159
123.620789
-240.699417
123.860039
-240.860886
123.774208
-240.841568
123.516182
-240.787933
123.418015
-240.868927
123.537643
-240.925797
123.629372
-240.931152
123.386902
-240.930084
123.260300
-240.887177
123.267273
-240.779877
123.476486
-240.798660
123.696426
-240.766479
123.618103
-240.613586
123.371346
-240.626465
123.311264
-240.779877
123.641174
-240.810989
123.880966
-240.798126
123.748459
-240.805634
123.407288
-240.648453
123.225967
-240.600708
123.314484
-240.712830
123.451813
-240.843185
123.350960
-240.785248
123.147110
-240.728928
123.122971
-240.706924
123.304291
-240.665619
123.520477
-240.625931
123.567146
-240.748764
123.253326
-240.898972
123.224358
-240.913452
123.376709
-240.945114
123.518326
-241.094772
123.430351
-241.111404
123.246887
-241.079758
123.209877
-240.982117
123.280151
-240.830841
123.438400
-240.888779
123.369194
-240.871078
123.090248
-240.813141
122.990471
-240.786316
123.260834
-240.731598
123.466293
-240.722488
123.349884
-240.749847
123.109558
-240.665619
123.061813
-240.638794
123.232941
-240.626999
123.384750
-240.607681
123.334328
-240.497177
123.154617
-240.498795
123.139603
-240.517029
123.298920
-240.464462
123.420692
-240.529907
123.351494
-240.550827
123.036606
-240.486450
122.936287
-240.454269
123.163200
-240.533127
123.364906
-240.619492
123.298920
-240.680634
123.058060
-240.658112
122.966331
-240.706924
123.112244
-240.790619
123.269417
-240.785248
123.281219
-240.847473
123.094002
-240.932770
123.078445
-240.797592
123.279610
-240.768082
123.503311
-240.784714
123.508133
-240.781494
123.298386
-240.730530
123.212021
-240.599640
123.377243
-240.600174
123.475410
-240.624847
123.347740
-240.680634
123.076302
-240.646851
123.111168
-240.706390
123.293556
-240.734283
123.509743
-240.772903
123.383148
-240.751450
123.140671
-240.738037
123.165352
-240.691376
123.351494
-240.773453
123.559097
-240.889313
123.465759
-240.985870
123.309654
-240.973007
123.305359
-240.907013
123.443764
-240.896820
123.620789
-240.821732
123.460388
-240.809921
123.095612
-240.773453
123.075760
-240.772903
123.244743
-240.755737
123.533882
-240.870010
123.826248
-240.936523
123.735046
-240.922043
123.740952
-240.960663
123.966255
-240.959595
124.166351
-240.971924
124.166885
-241.014847
123.972694
-240.933838
123.956604
-240.822266
124.179222
-240.791687
124.373955
-240.802414
124.296707
-240.849625
124.022049
-240.894150
123.928703
-240.881805
124.049408
-240.880737
124.219460
-240.829239
124.110023
-240.845871
123.830536
-240.829239
123.808540
-240.761108
124.003807
-240.717651
124.189957
-240.808319
124.111633
-240.837814
123.909393
-240.800812
123.917976
-240.808319
124.035461
-240.913986
124.253792
-240.868393
124.224823
-240.819046
123.923340
-240.833527
123.847702
-240.891464
124.011314
-240.880737
124.274712
-240.883423
124.228577
-240.932770
123.904030
-241.055084
123.925484
-241.063126
124.177078
-241.065811
124.370735
-241.108719
124.207123
-241.046494
123.858429
-240.903259
123.820877
-240.858200
124.018295
-240.901657
124.184052
-241.021286
124.059059
-241.038986
123.707153
-240.841034
123.638489
-240.692444
123.788155
-240.683853
124.068718
-240.828156
124.111633
-240.781494
123.971085
-240.777206
123.845024
-240.701019
123.961967
-240.556183
124.127190
-240.607147
123.991470
-240.623245
123.813904
-240.648453
123.865402
-240.672592
124.022049
-240.713898
124.209801
-240.798660
124.161522
-240.797592
123.795135
-240.798126
123.678726
-240.798660
123.785477
-240.899506
123.938896
-240.973541
123.892761
-240.940811
123.673363
-240.906479
123.684090
-240.926331
123.795670
-240.940811
123.911003
-240.906479
123.885254
-240.720871
123.760262
-240.653824
123.669601
-240.624313
123.739342
-240.579788
123.720566
-240.152252
123.526909
-239.955368
123.432495
-240.247192
123.551048
-240.451050
123.607376
-240.369507
123.729149
-240.305130
123.743095
-240.454269
123.375633
-240.346436
123.209335
-240.135620
123.364906
-240.326584
123.493652
-240.456940
123.192169
-240.470886
122.950775
-240.485916
122.824173
-240.416168
122.926636
-240.368973
123.121895
-240.339996
122.997444
-240.359848
122.735657
-240.283676
122.692741
-240.311569
122.844017
-240.288498
122.982422
-240.346436
122.802711
-240.292801
122.548439
-240.272949
122.506599
-240.334106
122.667534
-240.403305
122.847778
-240.525070
122.719566
-240.470352
122.560242
-240.463913
122.559174
-240.517563
122.723854
-240.550827
122.994759
-240.624313
122.877281
-240.638794
122.574730
-240.674744
122.506599
-240.685471
122.621399
-240.676346
122.757652
-240.820114
122.688454
-240.741257
122.416473
-240.635040
122.392334
-240.600708
122.499626
-240.520782
122.731903
-240.513275
122.673965
-240.572281
122.443832
-240.549210
122.441689
-240.447296
122.642319
-240.528290
122.810760
-240.586761
122.753365
-240.639328
122.537178
-240.641479
122.437935
-240.559402
122.683624
-240.578720
122.930389
-240.622711
122.760872
-240.467133
122.489433
-240.495026
122.429352
-240.542236
122.592430
-240.512192
122.843483
-240.530441
122.899811
-240.549744
122.724930
-240.504684
122.618179
-240.416718
122.730293
-240.463379
122.872986
-240.526154
122.900345
-240.517563
122.669678
-240.535797
122.501236
-240.460693
122.612274
-240.392029
122.723854
-240.399002
122.653046
-240.456940
122.405746
-240.468750
122.348885
-240.495575
122.462074
-240.490204
122.665924
-240.570129
122.712059
-240.617874
122.484604
-240.676346
122.323135
-240.657578
122.429886
-240.713898
122.622467
-240.841034
122.547371
-240.819046
122.388580
-240.686005
122.370346
-240.707458
122.497482
-240.743942
122.658409
-240.704788
122.702934
-240.697815
122.540398
-240.663483
122.432571
-240.591049
122.557022
-240.607147
122.738876
-240.574966
122.733513
-240.656494
122.518936
-240.651138
122.493187
-240.661865
122.645004
-240.698349
122.769455
-240.739655
122.825241
-240.788467
122.771065
-240.743408
122.853676
-240.731598
123.076836
-240.729996
123.194855
-240.817963
123.075760
-240.827087
122.803787
-240.765396
122.727074
-240.738037
122.984032
-240.809387
123.267273
-240.807785
123.265663
-240.780960
123.062889
-240.792755
123.026413
-240.763260
123.120827
-240.797592
123.043037
-240.801346
122.886398
-240.814209
122.837044
-240.787399
123.170715
-240.702103
123.624008
-240.720871
123.777428
-240.666687
123.686768
-240.687073
123.280151
-240.591599
122.705078
-239.984344
122.207802
-239.744019
121.956749
-240.037979
121.556023
-240.102890
120.920341
-239.863647
120.402672
-239.431808
120.413406
-239.324524
120.604912
-239.345978
120.303429
-239.342224
119.540077
-239.091171
118.806221
-238.823486
118.627052
-238.872833
118.609352
-238.953293
118.422668
-238.611053
118.175903
-238.385742
118.128159
-238.172775
118.332008
-238.236069
118.477921
-238.388962
118.420525
-238.618027
118.101341
-238.605682
117.940407
-238.385742
118.099190
-238.318695
118.345421
-238.383057
118.291237
-238.420074
118.121719
-238.424362
117.899101
-238.320297
117.828827
-237.883636
117.815414
-237.537628
117.639999
-237.211472
117.332619
-236.950226
117.238739
-236.580612
117.476921
-236.465286
117.794495
-236.588669
117.769279
-236.629425
117.548805
-236.595642
117.503204
-236.600998
117.708130
-236.717407
117.826141
-236.772659
117.809517
-236.820938
117.833115
-236.852051
117.877106
-236.781784
118.018188
-236.857422
118.246712
-236.765686
118.244034
-236.761398
118.107239
-236.823624
118.058426
-236.778030
118.222572
-236.895508
118.478996
-236.974899
118.468803
-236.965775
118.284805
-236.955048
118.227402
-237.016739
118.425888
-237.124039
118.628128
-237.215225
118.609352
-237.246338
118.406570
-237.235611
118.315918
-237.145493
118.457535
-237.172318
118.618469
-237.431946
118.573410
-237.485596
118.329323
-237.382599
118.143181
-237.290329
118.209160
-237.286041
118.394775
-237.372406
118.327713
-237.338608
118.114212
-237.358994
118.040184
-237.351486
118.178589
-237.372940
118.334694
-237.337540
118.323425
-237.336456
118.170540
-237.400299
118.112602
-237.396545
118.259048
-237.358459
118.560532
-237.337540
118.623833
-237.348801
118.487579
-237.311249
118.423203
-237.266190
118.521912
-237.231323
118.686058
-237.236679
118.636169
-237.345047
118.514397
-237.245804
118.433395
-237.163193
118.634026
-237.198059
118.767059
-237.339676
118.624908
-237.387955
118.413010
-237.491501
118.307869
-237.457169
118.506355
-237.514023
118.727364
-237.636871
118.706444
-237.725922
118.512787
-237.684616
118.467728
-237.695877
118.595940
-237.836960
118.713417
-237.921188
118.649582
-237.928162
118.372780
-237.876663
118.252075
-237.955521
118.392624
-237.965179
118.487579
-237.927628
118.464508
-238.005936
118.237061
-237.940491
