215.879135
249.677750
216.428452
249.487305
216.321167
249.544174
216.258942
249.598892
215.979996
249.503403
215.951019
249.652542
216.529846
249.671310
216.379639
249.766266
216.345306
249.806488
216.139313
249.710464
216.154327
249.759827
216.771774
249.842972
216.603867
249.631607
216.567932
249.605331
216.295959
249.539352
216.283615
249.735687
216.739594
249.754990
216.557205
249.631607
216.682724
249.635376
216.385010
249.587097
216.300781
249.644485
216.841507
249.608551
216.623718
249.561874
216.410751
249.634827
216.044357
249.621429
216.087814
249.613373
216.710083
249.549545
216.435425
249.483017
216.364075
249.596741
216.197250
249.531830
216.243912
249.592987
216.634979
249.452438
216.506775
249.288284
216.453674
249.467468
216.195099
249.376266
216.162918
249.551682
216.707947
249.531296
216.632843
249.424545
216.531982
249.554901
216.335114
249.566711
216.455276
249.459946
216.951477
249.469070
216.629623
249.429382
216.565781
249.406845
216.253036
249.372513
216.213348
249.396118
216.729935
249.424011
216.503021
249.350525
216.436493
249.319412
216.080307
249.257721
216.203156
249.273270
216.704727
249.229813
216.513748
249.302780
216.471375
249.323166
216.271820
249.142380
216.295410
249.119843
216.822205
249.177246
216.729935
249.210510
216.729935
249.253952
216.451523
249.265228
216.523407
249.343552
217.095795
249.378952
216.837753
249.370361
216.882278
249.420792
216.536285
249.450836
216.458496
249.527542
217.064133
249.510910
217.032486
249.513062
216.955780
249.519501
216.600647
249.433670
216.588852
249.476044
217.103836
249.424011
216.897308
249.554367
216.856003
249.508774
216.511063
249.451370
216.431137
249.503403
216.867798
249.486237
216.651077
249.466919
216.616745
249.535049
216.351746
249.533981
216.444016
249.649857
217.061462
249.623566
216.982056
249.577972
217.067886
249.572067
216.689697
249.402023
216.704178
249.448151
217.242767
249.546860
217.146210
249.480331
217.123138
249.385925
216.821136
249.355881
216.732620
249.289368
217.213806
249.279709
217.126358
249.344086
217.086670
249.443329
216.831863
249.271667
216.766418
249.162766
217.242233
249.235184
217.109741
249.230362
217.056625
249.208893
216.803421
248.972321
216.780365
249.058701
217.274963
249.105362
217.006744
249.047958
217.108124
249.138626
216.811478
249.059769
216.761047
249.183685
217.367233
249.222839
217.139771
249.133255
217.015320
249.050110
216.581879
249.206223
216.570068
249.353745
217.121002
249.310822
217.016388
249.184753
216.976700
249.278641
216.663956
249.286148
216.659119
249.281311
217.261551
249.211044
217.065750
249.207825
217.009964
249.176178
216.712769
249.101608
216.639816
249.194412
217.127975
249.139160
217.059845
249.111801
216.993866
249.143982
216.731003
249.082291
216.797531
249.116089
217.279251
249.089264
217.243317
249.081223
217.237946
249.031342
216.842056
249.087128
216.777145
249.259323
217.244385
249.218018
217.091492
249.168121
217.064133
249.203003
216.714920
249.262543
216.702042
249.270584
217.226135
249.243225
217.167130
249.294189
217.094177
249.309219
216.800751
249.178864
216.719742
249.354813
217.139236
249.400940
216.980453
249.524323
216.993866
249.489456
216.560959
249.306534
216.516434
249.555969
217.108124
249.675064
216.882813
249.548996
216.842590
249.486771
216.565781
249.398254
216.662872
249.295258
217.110275
249.213730
216.807724
249.279175
216.785187
249.302780
216.586700
249.388611
216.516434
249.538803
216.972412
249.402557
216.884430
249.387527
216.954163
249.480881
216.731003
249.219086
216.845276
249.355881
217.244385
249.565094
217.021759
249.749100
217.146744
249.761429
216.854919
249.627319
216.881210
249.731400
217.490067
249.741043
217.370453
249.726563
217.364548
249.670776
217.206299
249.680435
217.110809
249.692764
217.502411
249.591919
217.300171
249.603714
217.306076
249.672913
217.112961
249.633759
217.094711
249.792542
217.598969
249.650391
217.353287
249.487854
217.305542
249.616058
217.140854
249.436890
217.073257
249.365005
217.614532
249.379486
217.491684
249.352127
217.448227
249.309219
217.077011
249.249664
217.133331
249.310287
217.549622
249.374664
217.332901
249.363922
217.326996
249.380020
217.001373
249.294724
217.018539
249.326385
217.523331
249.372513
217.337723
249.423477
217.342545
249.551682
217.127441
249.457809
217.121002
249.470139
217.681046
249.539886
217.432678
249.553299
217.292664
249.556519
217.063599
249.566711
217.082382
249.707794
217.550690
249.663269
217.328064
249.722809
217.282471
249.752319
217.021759
249.689011
217.063599
249.834930
217.584488
249.876236
217.365616
249.868729
217.352737
249.896622
216.989029
249.818298
217.042679
249.817764
217.478271
249.861755
217.365082
249.896088
217.360794
249.865509
217.064667
249.725494
217.074326
249.800064
217.707870
249.679352
217.460571
249.652542
217.520645
249.586014
217.247604
249.542572
217.347916
249.764114
217.819977
249.667023
217.522797
249.675598
217.457352
249.682037
217.100082
249.575821
217.098999
249.647171
217.629547
249.664871
217.494370
249.601578
217.423019
249.582260
217.176788
249.536133
217.180542
249.500183
217.745422
249.507690
217.642960
249.482483
217.601654
249.337646
217.178940
249.164368
217.270126
249.224991
217.764191
249.203003
217.644028
249.124146
217.402100
249.153641
217.070572
249.219620
217.103836
249.286682
217.608093
249.066742
217.447693
249.072647
217.445007
249.156326
217.230438
249.120392
217.176254
249.327988
217.693924
249.427231
217.580734
249.346771
217.539429
249.412216
217.147293
249.429916
217.149429
249.455124
217.655304
249.377884
217.527084
249.435806
217.608627
249.473907
217.250290
249.415436
217.278183
249.606934
217.907959
249.551147
217.617752
249.261475
217.634918
249.192810
217.281403
249.272736
217.259399
249.522720
217.705719
249.447617
217.492752
249.464783
217.482559
249.490524
217.267456
249.350525
217.387619
249.341934
217.798523
249.298477
217.508850
249.297409
217.368835
249.298477
217.146744
249.231430
217.255646
249.365540
217.790482
249.359100
217.656372
249.155258
217.509384
249.139694
217.146210
249.178864
217.252960
249.053864
217.804428
248.959457
217.479874
249.053329
217.510452
249.101608
217.329681
248.912781
217.313049
248.832855
217.808182
249.007202
217.586639
249.089264
217.543716
249.034012
217.337723
249.001831
217.426773
249.079620
217.994858
248.958374
217.763123
248.984665
217.733078
249.146133
217.428375
249.078537
217.479874
249.157394
217.995941
249.094635
217.738449
249.051178
217.742203
248.928345
217.418732
248.895615
217.403702
249.031342
217.958389
248.917603
217.771164
248.865570
217.800140
248.896683
217.517426
248.828018
217.534058
248.869324
218.052261
248.750244
217.793701
248.826416
217.697144
248.952484
217.324310
248.799591
217.359177
248.956238
217.873093
249.051727
217.516891
249.101074
217.478271
249.064056
217.215408
248.995926
217.301239
249.156326
217.793701
249.121994
217.582336
249.149353
217.505096
249.211578
217.128510
249.121994
217.267456
249.201385
217.814621
249.131119
217.496506
249.196564
217.479340
249.257172
217.158554
249.133789
217.277649
249.127899
217.786728
249.245911
217.541031
249.326920
217.561417
249.156326
217.321091
249.181534
217.278717
249.310822
217.761505
249.297409
217.627396
249.301163
217.648865
249.189590
217.380096
249.022217
217.450378
249.165451
217.927277
249.074783
217.578583
249.055481
217.610779
249.086060
217.362930
249.014175
217.380646
249.083908
217.823196
248.853241
217.550690
248.826416
217.455734
248.822128
217.234192
248.755066
217.362930
248.770630
217.859146
248.819443
217.628479
248.760437
217.540497
248.659042
217.137100
248.669235
217.149963
248.883820
217.821594
248.811935
217.764191
248.610229
217.613449
248.600037
217.451447
248.516357
217.575363
248.575897
218.085526
248.469681
217.947113
248.414963
217.958389
248.308746
217.753998
248.394043
217.736298
248.579651
218.186371
248.622574
218.085526
248.591461
217.940689
248.582336
217.734695
248.476654
217.781357
248.539948
218.143463
248.581268
217.825882
248.633301
217.718063
248.795303
217.506165
248.794235
217.632233
248.849487
218.166519
249.037231
217.915466
249.209976
217.889191
249.303314
217.499725
249.185837
217.634918
249.251816
218.132736
249.289368
217.832321
249.413284
217.825882
249.492142
217.536209
249.506622
217.581268
249.523254
218.149353
249.373047
217.879532
249.300095
217.836609
249.292053
217.591995
249.321014
217.661728
249.398804
218.126831
249.358032
217.807114
249.364471
217.773315
249.365005
217.523865
249.161148
217.503479
249.202454
218.028122
249.221771
217.792633
249.224457
217.741119
249.272736
217.461105
249.220703
217.578049
249.310287
218.056015
249.328522
217.989502
249.329590
217.895081
249.212646
217.566788
249.223389
217.716980
249.558121
218.195496
249.935242
218.029190
250.346695
218.077469
250.427689
217.826416
250.395508
217.883286
250.505478
218.374664
250.485626
218.074265
250.379944
218.000229
250.524246
217.828033
250.587021
217.782974
250.684113
218.264694
250.715225
217.901520
250.792480
217.890259
250.926590
217.653687
251.008667
217.713776
251.099854
218.198715
251.151352
218.017395
251.060699
218.116638
251.013489
217.799057
250.933029
217.731476
251.024750
218.334961
251.029587
218.039932
251.028503
217.954102
251.086441
217.810333
250.970032
217.911713
251.010269
218.384857
251.014023
218.094101
250.896011
218.183685
251.172806
217.876846
251.272583
217.903137
251.424408
218.339264
251.379883
218.042068
251.383636
218.087128
251.356277
217.818375
251.257034
217.830170
251.360031
218.361786
251.373444
218.122543
251.533844
218.056015
251.614838
217.796387
251.512909
217.819977
251.563873
218.164917
251.539200
217.945511
251.645416
217.969116
251.694229
217.630081
251.737686
217.720749
251.827805
218.375732
251.917923
218.083374
251.839615
218.090347
251.696915
217.856461
251.618591
217.911713
251.756454
218.376816
251.731247
218.125214
251.540817
217.927811
251.611618
217.543182
251.497894
217.571075
251.467316
218.122543
251.365387
217.878998
251.412598
217.915466
251.491455
217.763123
251.412064
217.795837
251.563873
218.266846
251.433517
217.951416
251.312820
217.861298
251.370224
217.578583
251.184082
217.711624
251.259720
218.210510
251.104141
217.992188
251.044601
217.993790
251.126144
217.659592
251.283325
217.766876
251.375580
218.185303
251.207138
218.026520
251.277420
217.988968
251.405090
217.681046
251.420105
217.758301
251.412064
218.206757
251.416351
217.865585
251.380951
217.911179
251.310684
217.702499
251.234497
217.801208
251.492523
218.194427
251.585342
218.044220
251.623428
217.967499
251.556900
217.715912
251.667953
217.833389
251.789719
218.398270
251.596603
218.164917
251.615906
218.118774
251.598206
217.826965
251.523102
217.897766
251.709793
218.381638
251.661514
218.089279
251.611618
218.069962
251.680283
217.853775
251.710327
217.917618
251.739288
218.418655
251.806351
218.162766
251.821365
218.118240
251.748413
217.830719
251.673843
217.845734
251.743042
218.375732
251.724808
218.090881
251.688873
218.040466
251.701736
217.702499
251.605179
217.809784
251.723740
218.299026
251.760208
218.103226
251.633621
218.036163
251.545639
217.689087
251.563339
217.880600
251.603577
218.360718
251.485016
218.056015
251.572464
218.050659
251.504868
217.884888
251.490921
217.922440
251.489853
218.446548
251.358414
218.264160
251.315506
218.285614
251.382553
218.017929
251.280106
218.029190
251.470001
218.532913
251.507019
218.359100
251.486633
218.275421
251.535446
217.924591
251.516678
217.961609
251.649170
218.488388
251.600357
218.093567
251.553680
218.079086
251.577820
217.832321
251.579437
217.933167
251.719452
218.546860
251.640045
218.289368
251.655075
218.317795
251.770401
218.013107
251.841217
218.060852
251.978546
218.473907
251.990356
218.287766
251.935089
218.248062
251.905060
217.933167
251.820831
217.910110
251.944214
218.393982
251.933487
218.310822
251.907196
218.181015
251.848190
217.816772
251.936707
217.882217
252.129288
218.494827
252.124466
218.262543
252.089584
218.266846
252.287003
218.028122
252.323486
218.117172
252.234970
218.589783
252.289154
218.307617
252.127686
218.248062
252.152359
218.030273
252.141632
218.090881
252.264465
218.462646
252.148056
218.111801
252.193665
218.088745
252.286469
217.851105
252.111588
217.934250
252.212967
218.406845
252.211365
218.312439
252.209213
218.204071
252.168991
217.905273
251.959229
217.980377
252.030045
218.469086
251.930801
218.281860
252.048828
218.290985
251.979080
218.006668
251.766113
218.161163
251.830490
218.643951
251.890564
218.289902
251.949036
218.199249
251.928665
217.910110
251.723206
217.816772
251.887894
218.310287
251.909882
218.079086
251.919540
218.146683
251.755386
217.879532
251.848724
218.047440
251.921692
218.579590
251.825668
218.364471
251.745728
218.445480
251.752701
218.182617
251.599823
218.228760
251.821899
218.558121
251.854630
218.213196
251.837997
218.233582
251.792938
218.009354
251.782211
218.074799
251.972641
218.581726
251.930801
218.263092
251.979614
218.174576
252.175964
217.894012
252.175415
217.964294
252.337967
218.616608
252.258026
218.371445
252.231216
218.336044
252.189911
217.946579
252.195267
218.047974
252.336349
218.567245
252.270370
218.189590
252.208145
218.054947
252.277344
217.732010
252.229065
217.859680
252.274658
218.443863
252.183472
218.174042
252.164154
217.921906
252.244629
217.575363
252.264465
217.641891
252.326691
218.185303
252.376587
217.887039
252.471542
217.915466
252.459732
217.643494
252.328308
217.722885
252.428085
218.291519
252.258026
218.147751
252.206528
218.140778
252.138412
217.982529
252.112656
217.954102
252.248917
218.382172
252.154495
218.125214
252.048828
218.110733
252.002151
217.860748
251.973175
217.932098
252.039169
218.553299
252.076721
218.331207
252.114807
218.157944
252.209747
217.793701
252.153961
217.828568
252.289154
218.377884
252.199020
218.226608
252.138947
218.170288
252.268768
217.897766
252.179169
217.994858
252.205460
218.517365
252.107300
218.205154
252.063309
218.324234
252.162552
218.014709
252.089050
217.987350
252.110504
218.527557
252.162018
218.190659
252.226913
218.198715
252.239258
217.932098
252.109436
218.062988
252.186691
218.577972
252.237106
218.319412
252.317047
218.248062
252.283783
217.965897
252.121780
218.124680
252.094421
218.712082
252.061157
218.582275
252.172745
218.395584
252.273590
218.088211
252.303101
218.112350
252.362640
218.656830
252.349228
218.463715
252.266083
218.410614
252.280029
218.112885
252.310074
218.194427
252.360489
218.648788
252.360489
218.328537
252.325089
218.261475
252.315430
217.989502
252.319717
218.026520
252.403412
218.614456
252.387314
218.550613
252.330460
218.457275
252.282715
218.155258
252.204391
218.276489
252.358887
218.829025
252.290222
218.584412
252.223160
218.457809
252.043991
218.234650
252.089050
218.321014
252.259644
218.700287
252.013947
218.419189
252.015564
218.412750
251.938309
218.123611
251.872330
218.273819
252.004837
218.724426
251.575684
218.461029
251.744125
218.412216
251.949585
218.062988
251.883591
218.164917
252.041840
218.732468
251.840149
218.536667
251.883057
218.441177
252.063843
218.124680
252.087448
218.262543
252.196350
218.751251
252.137329
218.435822
252.173813
218.432068
252.247833
218.111267
252.253738
218.193878
252.223694
218.850494
252.162018
218.625717
252.180252
218.538284
252.121780
218.244308
252.144836
218.339264
252.325623
218.801666
252.231750
218.501266
252.122314
218.455124
252.205994
218.174042
252.423264
218.314041
252.542877
218.814545
252.466171
218.553833
252.530014
218.513611
252.619064
218.300095
252.593842
218.370377
252.639450
218.898773
252.599213
218.608551
252.633545
218.432068
252.829880
218.146133
252.742981
218.213196
252.830948
218.701355
252.843292
218.415970
252.795013
218.392899
252.755844
218.147751
252.755310
218.266846
252.795013
218.756607
252.710251
218.511993
252.700592
218.507706
252.652847
218.155792
252.543961
218.102158
252.664658
218.620895
252.545029
218.365540
252.380341
218.295273
252.377121
217.872559
252.280029
217.929962
252.330460
218.502869
252.217804
218.198181
252.249985
218.165985
252.389465
217.784042
252.208145
217.878998
252.259644
218.473907
252.120163
218.351593
252.109970
218.348373
252.525711
217.796921
253.256882
217.727722
253.880768
218.286682
254.077637
218.018997
254.526642
217.861832
255.279816
217.323776
255.935883
217.235260
-255.336761
217.663345
-254.640472
217.450378
-254.054138
217.360794
-253.624985
216.871017
-253.204941
216.937531
-252.777405
217.282471
-252.585358
216.955246
-252.599304
217.188599
-252.633636
216.954697
-252.612717
217.013718
-252.632034
217.548538
-252.704453
217.199326
-252.842850
217.024445
-252.738785
216.695068
-252.658310
216.793228
-252.496841
217.407455
-252.330017
217.226685
-252.350937
217.117783
-252.274765
216.783585
-252.400818
216.856537
-252.459824
217.312515
-252.392242
217.091492
-252.282806
217.069504
-252.226471
216.805038
-252.373459
216.984741
-252.233459
217.491684
-252.321960
217.200394
-252.260803
217.282471
-252.369705
217.036774
-252.400818
217.120468
-252.375076
217.610779
-252.336456
217.382782
-252.328934
217.289444
-252.365417
216.869415
-252.344498
216.970261
-252.311768
217.531921
-252.280655
217.224533
-252.340744
217.225601
-252.308014
216.964355
-252.463593
216.989029
-252.432465
217.501877
-252.457687
217.397797
-252.507568
217.428375
-252.524200
217.106522
-252.781693
217.119385
-252.821930
217.580200
-252.925461
217.285156
-252.849823
217.220779
-252.759171
217.080231
-252.753265
217.160690
-252.667969
217.619888
-252.732880
217.404236
-252.892746
217.488998
-252.922775
217.133881
-252.945313
217.123688
-252.829971
217.640274
-252.842850
217.407455
-252.924927
217.301788
-252.873962
216.949875
-252.799393
217.129578
-252.848221
217.735764
-252.961945
217.427307
-253.010757
217.394592
-252.904007
217.184296
-252.996811
217.302856
-252.829971
217.839294
-252.947998
217.545319
-252.985001
217.473450
-252.951218
217.191269
-252.925995
217.302856
-252.893814
217.918152
-252.971588
217.729324
-252.833725
217.630081
-252.821396
217.309830
-252.887375
217.521729
-252.787064
218.000763
-252.860550
217.765274
-252.939407
217.754532
-252.974808
217.384399
-253.099808
217.455734
-252.991974
217.956772
-252.951752
217.703583
-252.870743
217.640274
-252.775787
217.435349
-252.870209
217.382782
-252.737167
217.865585
-252.892746
217.639206
-252.928146
217.685867
-252.842850
217.385468
-252.832123
217.488464
-252.632034
217.911179
-252.657776
217.630081
-252.891663
217.638672
-252.813889
217.368301
-252.844452
217.495438
-252.654556
217.911713
-252.566040
217.718597
-252.615402
217.691238
-252.604675
217.420868
-252.637924
217.498123
-252.564972
217.989502
-252.621841
217.823196
-252.665817
217.747559
-252.762390
217.451447
-252.862701
217.522797
-252.811203
218.016861
-252.930283
217.752930
-252.813339
217.696060
-252.628265
217.436432
-252.874496
217.516891
-252.793503
217.895081
-252.769363
217.753464
-252.759705
217.809250
-252.755951
217.527618
-252.864838
217.636520
-252.842316
218.086060
-252.865921
217.892410
-252.880936
217.951416
-252.750046
217.678894
-252.775787
217.795837
-252.658310
218.214264
-252.887909
217.955704
-252.899719
217.887573
-252.769363
217.552307
-252.806366
217.646179
-252.869675
217.997543
-253.007538
217.723969
-252.878250
217.703033
-252.746292
217.401566
-252.761307
217.485779
-252.592331
217.919769
-252.628265
217.656906
-252.672791
217.593063
-252.732880
217.233124
-252.757019
217.426239
-252.523132
217.903671
-252.590729
217.496506
-252.589645
217.455734
-252.477539
217.128510
-252.623978
217.168747
-252.692642
217.812469
-252.777405
217.564636
-252.759171
217.554977
-252.800476
217.278717
-252.824081
217.425705
-252.851440
218.079086
-252.989838
217.870941
-253.139496
217.927277
-253.167938
217.541031
-253.208160
217.587173
-253.000031
218.094101
-252.879333
217.919769
-252.744141
217.949799
-252.782227
217.756149
-252.907761
217.884354
-252.699081
218.348373
-252.676559
218.189056
-252.656708
218.245926
-252.680313
218.020081
-252.745224
218.096252
-252.744141
218.506622
-252.679230
218.209442
-252.452316
218.156326
-252.555313
217.836075
-252.510788
217.852173
-252.234528
218.384857
-252.343964
218.067825
-252.442123
218.007202
-252.419601
217.694992
-252.587509
217.743805
-252.481293
218.331207
-252.628815
218.016327
-252.568192
218.002914
-252.438370
217.750778
-252.573563
217.801208
-252.420670
218.201935
-252.519913
218.033493
-252.636856
218.009888
-252.538147
217.800140
-252.523132
217.867188
-252.514542
218.388611
-252.637390
218.265762
-252.714645
218.203537
-252.768280
217.832855
-252.746292
218.000763
-252.643295
218.410065
-252.758087
218.179932
-252.646515
218.043137
-252.560150
217.693924
-252.474319
217.770096
-252.247406
218.280792
-252.339127
218.073715
-252.431396
218.039932
-252.387405
217.809784
-252.441055
217.803894
-252.244186
218.322632
-252.119186
218.064072
-252.148697
217.990570
-252.227020
217.705719
-252.111145
217.856461
-252.050522
218.330673
-252.109528
218.181549
-252.025314
218.181549
-252.082718
217.830170
-252.158356
217.844666
-252.084320
218.358566
-252.030670
218.235184
-251.944839
218.284546
-252.070908
217.815689
-252.308014
217.847885
-252.195358
218.304398
-252.202881
218.056549
-252.262955
218.060303
-252.167465
217.716980
-252.063400
217.848419
-251.966843
218.367157
-252.263489
217.997009
-252.176590
218.019547
-252.310165
217.758835
-252.444809
217.784042
-252.421738
218.393982
-252.447495
218.206757
-252.429260
218.219635
-252.449631
217.773315
-252.488800
217.794769
-252.412094
218.275955
-252.377213
218.163300
-252.474854
218.147217
-252.463593
217.821060
-252.456604
217.971802
-252.346634
218.551147
-252.429794
218.130585
-252.478607
218.089279
-252.466263
217.803894
-252.402969
217.891327
-252.371323
218.414902
-252.399216
218.197098
-252.322495
218.191742
-252.320358
217.782974
-252.368103
217.959991
-252.289246
218.554916
-252.311768
218.309753
-252.371323
218.085526
-252.318207
217.717529
-252.346634
217.849487
-252.299973
218.301712
-252.364349
218.203003
-252.370789
218.247528
-252.309631
217.888641
-252.306412
217.993256
-252.239349
218.480347
-252.232910
218.281326
-252.161575
218.249680
-252.116501
217.881134
-252.191071
217.806580
-252.046234
218.396652
-252.121338
218.316193
-252.275833
218.272202
-252.121338
218.037781
-252.056961
218.154724
-252.041412
218.676147
-252.103638
218.426163
-252.034439
218.310822
-251.790344
218.094101
-251.859009
218.171890
-251.829514
218.683121
-251.839706
218.364471
-251.920700
218.301178
-252.036041
217.925659
-252.103638
217.898300
-251.899780
218.406845
-251.905685
218.251816
-251.918564
218.245377
-251.953964
217.875244
-252.066620
217.920837
-252.022095
218.424561
-252.065002
218.194427
-252.076813
218.231430
-252.086472
217.911713
-252.082718
217.879532
-252.035507
218.480347
-252.038727
218.402023
-252.228622
218.315125
-252.117584
217.951416
-252.063934
218.023834
-252.018875
218.588699
-252.063934
218.255035
-251.949677
218.204071
-252.072525
217.758301
-252.172836
217.919220
-251.998489
218.580658
-252.073593
218.357498
-252.211456
218.397202
-252.187317
218.322098
-252.368103
218.587631
-252.424423
218.933640
-252.415848
218.361252
-252.362198
218.079620
-252.263489
217.743805
-252.195358
217.746490
-252.033356
218.197632
-252.094513
217.863434
-252.051605
218.000229
-252.030136
217.836075
-252.219498
217.877914
-252.236664
218.195496
-252.277435
217.927277
-252.290314
217.905807
-252.264023
217.662277
-252.406189
217.679977
-252.225937
218.286682
-252.394928
218.179932
-252.471100
218.131119
-252.493088
217.829636
-252.518845
217.841446
-252.384735
218.399872
-252.441055
218.261475
-252.431396
218.217484
-252.297287
217.859146
-252.276367
217.948730
-252.352005
218.410614
-252.287628
218.192810
-252.294601
218.155792
-252.199127
217.847336
-252.259201
217.895081
-252.297821
218.419189
-252.209305
218.255035
-252.122940
218.297424
-252.061798
218.036163
-252.078415
218.060303
-251.940018
218.524338
-251.891205
218.273819
-251.831650
218.076401
-251.823608
217.734695
-251.931976
217.898300
-251.913727
218.300095
-252.070908
217.975555
-251.930359
217.970184
-251.952362
217.810333
-252.068771
217.935318
-251.962555
218.521118
-251.850433
218.277573
-251.862228
218.154190
-251.981857
217.903137
-251.989914
217.918686
-251.883698
218.483032
-251.897644
218.267914
-251.962006
218.274887
-251.805908
217.919769
-251.916412
217.981445
-251.893890
218.604263
-252.054810
218.426697
-252.165863
218.327454
-252.102554
217.932632
-252.034439
217.963211
-251.994202
218.509842
-252.069305
218.320480
-252.171219
218.310287
-252.196976
218.039383
-252.301575
218.057098
-252.280655
218.598892
-252.217361
218.618210
-252.211456
218.898773
-252.224869
218.454056
-252.523132
218.620361
-252.914200
219.385864
-253.083176
219.461502
-253.373932
219.779602
-253.774109
219.715240
-254.184494
219.992569
-254.178589
220.635223
-254.256912
220.687805
-254.424286
220.718384
-254.605591
220.518829
-254.625443
220.611084
-254.558395
221.071899
-254.591110
220.867508
-254.572876
220.803680
-254.514404
220.483414
-254.739166
220.511307
-254.652802
221.157196
-254.599701
220.777390
-254.619537
220.773102
-254.622223
220.391144
-254.629196
220.447479
-254.622757
220.878769
-254.627060
220.607330
-254.550873
220.626114
-254.447876
220.322479
-254.557312
220.369156
-254.458618
220.985535
-254.497772
220.763443
-254.449493
220.674393
-254.406570
220.471619
-254.510651
220.429230
-254.338989
220.944214
-254.242966
220.941010
-254.342209
220.919540
-254.401749
220.491470
-254.546585
220.563889
-254.384583
221.078873
-254.413010
220.863754
-254.428574
221.011810
-254.373322
220.731247
-254.392090
220.594467
-254.249405
221.112671
-254.233841
221.010208
-254.290176
221.161484
-254.395309
221.007523
-254.497772
221.010742
-254.494019
221.252136
-254.400146
221.234970
-254.341125
221.324554
-254.344345
221.050980
-254.332016
221.090134
-254.293930
221.607269
-254.409256
221.434525
-254.453781
221.562195
-254.513870
221.180252
-254.387802
221.229065
-254.410873
221.779465
-254.607742
221.620132
-254.596481
221.617996
-254.612030
221.266083
-254.570724
221.276276
-254.444672
221.821838
-254.579849
221.678604
-254.637787
221.584198
-254.557861
221.274673
-254.532639
221.410919
-254.312698
221.944687
-254.357758
221.754791
-254.418915
221.656616
-254.441452
221.377136
-254.524597
221.455994
-254.468811
221.972046
-254.376007
221.827209
-254.495087
221.712936
-254.502060
221.218872
-254.303574
221.307388
-254.170547
221.881927
-254.303574
221.656082
-254.329865
221.622818
-254.243500
221.309006
-254.229553
221.402344
-254.080414
221.952194
-254.159821
221.717773
-254.133530
221.744049
-254.154984
221.263397
-254.192535
221.216736
-253.993515
221.772491
-253.955429
221.520355
-254.019272
221.407166
-254.139969
220.946899
-254.193604
221.079407
-254.089539
221.742981
-254.161423
221.508560
-254.149628
221.480133
-254.018188
221.184540
-254.121185
221.268234
-254.108322
221.722061
-254.169464
221.565964
-254.198975
221.443649
-254.139969
221.139481
-254.212921
221.221558
-254.188782
221.527328
-254.141037
221.271454
-254.004242
221.363190
-253.889450
221.146454
-253.953827
221.208679
-253.967224
221.795013
-253.981720
221.621216
-253.964554
221.637299
-254.106705
221.377136
-254.010147
221.374985
-253.959183
221.983841
-254.046082
221.768188
-254.003174
221.591705
-253.979568
221.204926
-254.119583
221.315445
-254.111542
221.851883
-253.904999
221.726883
-254.093292
221.693634
-254.277298
221.276276
-254.232239
221.285934
-254.124405
221.938248
-254.053604
221.592239
-254.179123
221.539139
-254.196289
221.249451
-254.148010
221.339035
-253.960251
221.877090
-254.002640
221.685577
-254.056274
221.749420
-254.047165
221.438828
-254.031067
221.343338
-253.789673
221.834183
-253.849747
221.703827
-253.865311
221.677002
-253.898560
221.283249
-253.988159
221.282715
-253.870132
221.835785
-253.897491
221.661438
-253.875504
221.538055
-253.707596
221.232285
-253.772507
221.337967
-253.620697
221.928055
-253.725830
221.678604
-253.796646
221.531082
-253.716171
221.283249
-253.665756
221.252136
-253.621765
221.695236
-253.708130
221.564346
-253.840637
221.470474
-253.883545
221.143784
-253.882477
221.255890
-253.755341
221.781601
-253.742462
221.605118
-253.726898
221.629791
-253.785919
221.222641
-253.858337
221.269836
-253.827225
221.871735
-253.820786
221.742981
-253.842773
221.659302
-253.796646
221.276810
-253.930756
221.371765
-253.918945
221.780533
-253.944168
221.594391
-254.033752
221.613159
-254.064331
221.302032
-254.218826
221.344940
-254.021942
221.837936
-253.973663
221.594391
-254.066467
221.575073
-254.038040
221.289688
-254.053070
221.267166
-253.859940
221.673782
-253.904999
221.477982
-253.943634
221.565964
-253.869064
221.268234
-254.043945
221.313828
-253.955429
221.832565
-253.921097
221.610489
-253.980637
221.561661
-253.829361
221.273590
-253.834198
221.316513
-253.681305
221.766052
-253.770889
221.640518
-253.848679
221.597076
-253.838486
221.258575
-253.910370
221.281647
-253.811661
221.790192
-253.825073
221.563812
-253.733887
221.577759
-253.717789
221.145920
-253.866913
221.193130
-253.767136
222.071823
-253.924850
222.380280
-253.992447
222.487564
-253.935577
221.878708
-253.983322
221.620667
-253.832047
222.098114
-253.957581
221.927521
-253.981720
221.821838
-253.987610
221.313828
-253.941483
221.275742
-253.858337
221.736008
-253.817566
221.520889
-253.785919
221.543427
-253.678619
221.212982
-253.697937
221.042923
-253.719925
221.510162
-253.648590
221.290756
-253.584747
221.255890
-253.517700
220.914719
-253.593338
220.892715
-253.548813
221.272522
-253.702759
220.931351
-253.276291
220.855179
-252.765060
220.553162
-252.500061
220.465179
-252.213608
220.907745
-252.121338
220.686188
-252.157272
220.746277
-252.266174
220.535446
-252.373993
220.604111
-252.273148
221.138947
-252.396530
220.825668
-252.435684
220.717850
-252.412094
220.417969
-252.539764
220.476974
-252.465729
221.033264
-252.459290
220.814407
-252.566589
220.708191
-252.489868
220.416901
-252.366486
220.623962
-252.448029
221.127686
-252.626663
220.791870
-252.585358
220.754852
-252.617004
220.376663
-252.568192
220.437820
-252.416916
220.966751
-252.344498
220.800461
-252.391708
220.750031
-252.411545
220.349304
-252.437836
220.445328
-252.428711
220.993576
-252.430328
220.826202
-252.483429
220.847656
-252.474854
220.485565
-252.501678
220.499512
-252.498459
221.097641
-252.510254
220.861069
-252.503815
220.932419
-252.555847
220.758606
-252.560150
220.765579
-252.476456
221.111053
-252.584824
220.910431
-252.531708
220.861603
-252.546738
220.481277
-252.567123
220.600891
-252.408325
221.186157
-252.425491
220.934021
-252.444275
220.848740
-252.414764
220.581589
-252.339127
220.803131
-252.278519
221.222641
-252.228622
220.962463
-252.155670
221.048294
-252.161575
220.832642
-252.231308
220.858932
-252.128845
221.339035
-252.154053
221.116959
-252.066086
221.184006
-252.063934
220.774704
-252.135284
220.938858
-252.258133
221.611557
-252.469482
221.241943
-252.559601
221.080475
-252.365952
220.788116
-252.203949
220.853027
-252.142792
221.302032
-252.309097
221.008057
-252.278519
221.002151
-252.318741
220.785965
-252.408325
220.926514
-252.360046
221.452225
-252.368103
221.217270
-252.479675
221.267166
-252.421738
220.880386
-252.405655
221.006454
-252.422821
221.497833
-252.577850
221.322418
-252.434616
221.285400
-252.361130
220.924911
-252.373459
221.093887
-252.445343
221.468323
-252.260803
221.179184
-252.267792
221.194199
-252.236130
220.896484
-252.304260
221.013428
-252.242569
221.444183
-252.239349
221.078873
-252.284943
221.018784
-252.179810
220.798309
-252.280655
220.893799
-252.195908
221.364258
-252.269394
221.073502
-252.382584
220.936172
-252.343430
220.736084
-252.309097
220.807434
-252.217896
221.341721
-252.193222
221.004303
-252.069839
220.868576
-251.996887
220.459808
-251.952896
220.486633
-251.828445
221.083160
-251.904617
220.794556
-251.778549
220.677612
-251.677155
220.203400
-251.861694
220.194275
-251.911057
220.697464
-252.065002
220.622360
-252.104706
220.527939
-251.973816
220.043533
-251.891205
220.101471
-251.907288
220.584274
-251.986145
220.310684
-251.940552
220.169067
-252.025314
219.841827
-252.127777
220.063919
-252.065002
220.470001
-252.191071
220.280106
-252.323044
220.336426
-252.350937
220.085373
-252.383652
220.032806
-252.328400
220.345551
-252.169617
220.198029
-252.112213
220.117569
-252.156204
219.831635
-252.121338
219.979706
-252.060181
220.562805
-252.155670
220.301559
-252.179276
220.278503
-252.152451
219.931412
-252.161575
219.970047
-252.006531
220.582657
-252.185715
220.370758
-252.266708
220.363251
-252.313385
220.137955
-252.371323
220.138489
-252.243637
220.620209
-252.232376
220.530624
-252.268860
220.561737
-252.196976
220.260254
-252.145477
220.322479
-252.069305
220.884674
-252.071976
220.711945
-252.017807
220.575150
-252.095581
220.131516
-252.261887
220.159943
-252.271545
220.619141
-252.436234
220.374527
-252.268860
220.332138
-252.173370
220.049973
-252.167465
220.163162
-251.977570
220.633087
-252.162109
220.424408
-252.296219
220.460892
-252.237213
220.189987
-252.316605
220.297806
-252.261353
220.863220
-252.246857
220.681900
-252.179276
220.720520
-252.139038
220.357361
-252.209854
220.389542
-252.117584
220.914185
-252.285492
220.703888
-252.216278
220.693695
-252.152451
220.379349
-252.236664
220.544571
-252.078949
220.990356
-252.154602
220.728027
-252.212524
220.626648
-252.166931
220.402954
-252.264023
220.443726
-252.212524
220.873947
-252.261353
220.709259
-252.298355
220.608414
-252.216827
220.299423
-252.392776
220.346619
-252.316071
220.757004
-252.185165
220.804214
-252.130997
220.966217
-252.212524
220.655609
-252.134750
220.673859
-252.101486
221.085846
-252.163712
220.741440
-252.171768
220.721054
-252.097733
220.471619
-252.084854
220.518829
-251.953964
221.095505
-252.330017
220.722672
-252.508118
220.717850
-252.487732
220.518280
-252.501129
220.568710
-252.264572
221.001083
-252.202881
220.745209
-252.217361
220.614853
-252.094513
220.368622
-252.045700
220.488251
-251.982391
220.990891
-252.087006
220.675461
-252.066620
220.691025
-252.015656
220.506485
-252.108459
220.656693
-252.168549
221.271454
-252.281189
220.981232
-252.352005
220.937241
-252.337524
220.588562
-252.303192
220.636841
-252.105240
221.157196
-252.127777
220.917938
-252.164795
220.917938
-252.249008
220.636841
-252.212524
220.750565
-252.128845
221.161484
-252.149765
220.951736
-252.114365
220.877701
-252.030136
220.422256
-252.074661
220.593918
-251.966309
221.079941
-251.961472
220.896484
-251.971664
220.937790
-251.950211
220.662048
-252.016724
220.685120
-251.813416
221.231750
-251.855804
221.020401
-251.995270
220.954407
-251.901932
220.688873
-251.897110
220.750565
-251.884766
221.138412
-251.805374
220.995712
-251.829514
221.044006
-251.867065
220.689407
-251.841309
220.722137
-251.839706
221.241943
-251.802155
220.927048
-251.746368
220.923843
-251.793030
220.582657
-251.842392
220.626114
-251.733490
221.304169
-251.746902
221.233368
-251.732956
221.281647
-251.668045
220.939926
-251.789276
221.004303
-251.791962
221.392685
-251.791962
221.045609
-251.738312
220.949585
-251.707199
220.885742
-252.265106
221.211899
-252.500061
221.668411
-252.984467
221.421112
-253.612640
221.602966
-254.291779
221.277893
-254.972519
221.325638
-255.575485
221.758545
255.623672
221.501587
254.802917
221.515533
254.118958
221.244629
253.395294
221.421112
252.773560
221.816483
252.063309
221.695770
251.391678
221.489777
250.825195
221.127151
250.115479
221.263397
249.514664
221.923767
248.889709
221.582047
248.243301
221.548798
247.624786
221.199570
246.981598
221.265549
246.701569
221.796097
246.319092
221.571854
245.975220
221.525726
245.682327
221.192596
245.546066
221.214584
245.378708
221.690414
245.595428
221.554153
245.645309
221.458130
245.615814
221.076187
245.505844
221.050980
245.689301
221.645355
245.462387
221.402344
245.320236
221.342804
245.378708
221.049362
245.402847
221.234436
245.391037
221.663055
245.252640
221.456528
245.347595
221.363724
245.425903
221.195816
245.352417
221.288620
245.464005
221.748352
245.401230
221.461349
245.418930
221.480667
245.461319
221.117493
245.443069
221.123932
245.580399
221.502655
245.481171
221.213516
245.448441
221.082626
245.255325
220.758606
245.274094
220.900772
245.402313
221.439896
245.237076
221.240341
245.241379
221.247849
245.387283
220.994110
245.318085
220.975342
245.442001
221.405029
245.503693
221.092819
245.436096
221.060089
245.386215
220.858383
245.344910
220.930817
245.476334
221.468323
245.512817
221.132507
245.582016
221.132507
245.586304
220.958710
245.563232
221.088531
245.568604
221.531631
245.547150
221.284866
245.540176
221.328308
245.592743
221.113205
245.671600
221.253204
245.709686
221.633011
245.737579
221.480667
245.651749
221.416824
245.641556
221.168991
245.607224
221.359421
245.745636
221.845978
245.668915
221.567566
245.541779
221.485489
245.634583
221.265015
245.691452
221.393219
245.760651
221.777847
245.688766
221.473694
245.764938
221.407166
245.766022
221.115341
245.705399
221.245697
245.826096
221.635696
245.734894
221.439362
245.675888
221.584732
245.811615
221.472076
245.756363
221.531631
245.895828
222.033203
245.985962
221.731186
245.932312
221.672180
245.944107
221.413071
245.914078
221.540207
246.096466
222.014954
246.124359
221.742981
246.070709
221.692017
245.943573
221.473694
245.846481
221.712402
245.913544
222.238647
245.863113
222.067535
245.866867
222.000473
245.820190
221.792328
245.687698
221.854019
245.844879
222.107758
245.826630
221.703827
245.876526
221.794479
245.807327
221.602432
245.768692
221.679688
245.812683
222.153900
245.738663
221.815399
245.663025
221.734940
245.584167
221.373917
245.494034
221.477448
245.697891
222.013885
245.747772
221.622818
245.715057
221.510162
245.701645
221.244095
245.649612
221.336899
245.819656
221.926453
245.780502
221.703827
245.638885
221.603516
245.563782
221.371765
245.630829
221.532700
245.628693
222.039093
245.417862
221.765518
245.405533
221.823456
245.421616
221.583664
245.394791
221.725815
245.476868
222.193588
245.437714
221.787506
245.402313
221.845444
245.458099
221.716156
245.335785
221.821304
245.460785
222.242416
245.446838
221.948441
245.515503
221.817017
245.601868
221.557373
245.553589
221.641602
245.568604
222.096497
245.616882
221.732254
245.630295
221.595459
245.609909
221.398590
245.659805
221.635696
245.751526
222.028900
245.761185
221.630325
245.672668
221.532166
245.718811
221.363724
245.750458
221.556305
245.711838
222.104004
245.569138
221.885681
245.540710
221.788574
245.586304
221.643204
245.570221
221.877625
245.756363
222.267090
245.699493
221.884598
245.612061
221.818619
245.587372
221.721527
245.535339
221.984375
245.568069
222.287476
245.562164
221.930740
245.643707
221.834183
245.665161
221.683975
245.678574
221.908203
245.776749
222.264404
245.741333
221.821838
246.000443
221.765518
246.070175
221.700607
246.098602
222.005844
246.088959
222.320724
246.038528
221.886215
246.110413
221.788040
246.234329
221.766586
246.149567
222.051437
246.201599
222.550323
246.007950
222.159805
245.882965
222.126007
245.959671
222.050369
245.925873
222.299805
246.075546
222.646881
245.960205
222.251526
245.909241
222.228470
245.918365
222.106689
245.834686
222.162476
245.780502
222.551407
245.571823
222.261185
245.580399
222.192520
245.679108
222.052505
245.664627
222.277817
245.688766
222.831955
245.606155
222.478973
245.489746
222.403336
245.539642
222.307861
245.617416
222.398514
245.701111
222.676926
245.815903
222.425873
246.015991
222.395828
246.079834
222.209686
246.142593
222.484344
246.306747
222.892044
246.315872
222.482742
246.266510
222.415146
246.360397
222.237579
246.322311
222.469330
246.459641
222.988068
246.463928
222.492386
246.456421
222.328247
246.491821
222.180176
246.633972
222.394760
246.644699
222.777237
246.624329
222.342194
246.764862
222.376526
246.805634
222.171600
246.700500
222.382416
246.624863
222.861465
246.535812
222.378662
246.467148
222.391006
246.584091
222.299805
246.520782
222.568024
246.548141
222.985382
246.488602
222.511169
246.504700
222.446793
246.652222
222.335220
246.637192
222.520828
246.551895
222.808899
246.318542
222.415146
246.166733
222.364182
246.121140
222.219345
245.994537
222.377060
246.110413
222.555161
246.132401
221.968292
246.235397
221.948441
246.449982
221.917328
246.375946
222.154968
246.449448
222.561600
246.324448
222.175354
246.375946
222.195206
246.461777
222.133514
246.314789
222.202713
246.404373
222.640991
246.504700
222.210754
246.561020
222.225250
246.576035
222.058411
246.322845
222.370621
246.223068
222.717697
246.182831
222.182861
246.346451
222.036423
246.497726
221.855637
246.602325
222.115280
246.858749
222.521896
246.711227
222.151749
246.599640
222.124390
246.574432
221.957565
246.577118
222.188232
246.625931
222.625961
246.540634
222.314301
246.464462
222.252609
246.531525
222.355606
246.461243
222.481659
246.510590
222.724136
246.471436
222.423187
246.367371
222.318054
246.463394
222.138336
246.425308
222.468796
246.452667
222.804062
246.451050
222.221497
246.452118
222.162476
246.403305
222.138870
246.179077
222.342194
246.271347
222.758469
246.140457
222.417831
246.141525
222.333603
246.289047
222.210220
246.273483
222.491852
246.356094
222.818008
246.365753
222.409775
246.353424
222.281036
246.390976
222.086304
246.432281
222.359894
246.457489
222.841080
246.348053
222.389938
246.447296
222.174286
246.502014
222.004227
246.364685
222.234894
246.377563
222.579300
246.464462
222.160339
246.437103
222.115814
246.480560
221.955414
246.598038
222.191986
246.752533
222.677994
246.674210
222.312149
246.541702
222.307312
246.563705
221.926453
246.540634
222.037491
246.647919
222.499359
246.704788
221.906067
246.800812
221.777847
246.908630
221.710266
246.883423
222.000473
246.782578
222.432846
246.727859
222.003693
246.621109
222.038559
246.515961
221.960236
246.444077
222.127609
246.506302
222.554626
246.542786
222.113663
246.597504
221.980087
246.766479
221.850815
246.816360
222.106689
246.723022
222.623825
246.526154
222.187164
246.461777
222.169449
246.447296
222.149063
246.464996
222.527267
246.471970
223.017029
246.523468
222.517609
247.442398
222.441437
248.283005
222.272446
248.877380
222.318588
249.596741
222.630798
250.205078
222.129227
250.984528
221.795547
251.646484
221.431854
252.259644
221.527328
252.833633
221.753708
253.360428
221.192596
253.917252
220.921692
254.335678
220.571930
254.831879
220.724274
255.238510
220.832642
255.569489
220.267761
255.918716
220.110596
-255.745529
219.941605
-255.660782
220.058563
-255.508972
220.419037
-255.442444
220.089127
-255.432251
219.971649
-255.351791
219.919617
-255.254700
220.198029
-255.272934
220.590698
-255.305649
220.143311
-255.326569
220.036026
-255.382370
219.933563
-255.549194
220.188370
-255.415619
220.752182
-255.466583
220.330536
-255.466583
220.272064
-255.534714
220.174423
-255.636642
220.401886
-255.437088
220.836395
-255.460693
220.421188
-255.399536
220.431381
-255.286880
220.281174
-255.361450
220.436752
-255.383438
220.881989
-255.395233
220.531693
-255.399536
220.544037
-255.428497
220.418503
-255.511642
220.469467
-255.457474
220.863754
-255.395233
220.476974
-255.253616
220.399734
-255.311020
220.163162
-255.352859
220.278503
-255.198364
220.721603
-255.243423
220.392761
-255.253082
220.358429
-255.097519
220.111130
-255.142044
220.216812
-255.109848
220.805817
-255.124878
220.460892
-255.174759
220.401886
-255.157593
220.251678
-255.152771
220.493073
-255.151154
220.960846
-255.144714
220.672775
-255.176910
220.648636
-255.184418
220.365936
-255.271851
220.486633
-255.123795
220.978012
-255.130768
220.595535
-255.112534
220.551010
-255.026169
220.253281
-254.919418
220.447479
-254.850754
220.958710
-254.881332
220.722137
-254.821243
220.733398
-254.831970
220.510773
-254.978424
220.662582
-255.014908
221.156647
-254.982178
220.904526
-255.006317
220.975876
-254.927994
220.601440
-255.019730
220.701218
-255.022415
221.141098
-255.018127
220.841217
-255.091080
220.891113
-255.136673
220.689941
-255.240738
220.723740
-255.263275
221.160400
-255.337845
220.830490
-255.285812
220.807968
-255.374313
220.549942
-255.360901
220.607880
-255.231628
221.092285
-255.254700
220.790268
-255.338913
220.803131
-255.328720
220.577835
-255.250397
220.779541
-255.030457
221.145386
-255.057816
220.928665
-255.130768
220.861603
-255.137741
220.677078
-255.125946
220.928665
-254.923706
221.414673
-254.980576
221.181335
-255.136673
221.135193
-255.034210
220.941010
-254.990219
221.082626
-254.864166
221.560059
-254.940872
221.230682
-254.869522
221.206543
-254.817490
221.016647
-254.765991
221.025757
-254.635101
221.484955
-254.740784
221.199570
-254.837341
221.248383
-254.830368
221.144318
-254.908691
221.230682
-254.726837
221.558990
-254.737030
221.265549
-254.771362
221.175430
-254.713959
220.685120
-254.125488
220.558517
-253.495163
220.807434
-253.314911
220.265091
-252.925995
219.855240
-252.326263
219.500656
-252.257599
219.568253
-252.063934
219.907272
-251.927673
219.706116
-251.886917
219.609558
-251.838623
219.355820
-251.805374
219.418045
-251.757095
219.760300
-251.752808
219.263550
-251.816635
219.221176
-251.951279
219.070435
-251.981857
219.210983
-251.850967
219.745804
-251.902466
219.575760
-251.896027
219.583801
-251.889053
219.276962
-251.952896
219.346161
-251.782837
219.827881
-251.894424
219.605255
-251.980255
219.611694
-251.951279
219.378342
-252.028000
219.522110
-252.009750
220.038712
-252.033356
219.746353
-252.050522
219.655685
-252.177658
219.489929
-252.118652
219.576828
-252.001175
220.049438
-252.071976
219.774246
-252.087540
219.759750
-252.074661
219.516754
-252.074661
219.651932
-251.951279
220.145996
-251.986145
219.791946
-251.988831
219.735077
-251.928223
219.521042
-251.950745
219.636383
-251.799469
220.106842
-251.879395
219.832184
-252.032288
219.835938
-251.911591
219.580048
-251.968979
219.604721
-251.960403
220.124542
-251.919098
219.917465
-251.968445
219.845047
-251.893890
219.427704
-251.995804
219.533386
-251.862778
220.047287
-251.811279
219.823059
-251.908371
219.781754
-251.951279
219.584885
-251.943237
219.716309
-251.824677
220.232361
-251.968445
219.907272
-252.079498
219.659973
-251.925003
219.440033
-251.917480
219.594528
-251.780151
220.176041
-251.766205
219.883682
-251.825760
219.881531
-251.766754
219.624039
-251.656784
219.723816
-251.502289
220.172287
-251.642288
219.804276
-251.535004
219.732941
-251.205627
219.374588
-251.013580
219.562347
-251.225479
220.017792
-251.437912
219.479202
-251.261963
219.322556
-251.131607
219.136414
-251.398743
219.386932
-251.482971
219.761368
-251.485123
219.417511
-251.309692
219.410538
-251.296295
219.177185
-251.421280
219.350449
-251.389633
219.759750
-251.296829
219.469009
-251.320969
219.385864
-251.334381
219.216873
-251.513550
219.297348
-251.442734
219.707184
-251.291992
219.396057
-251.350464
219.407852
-251.500671
219.223846
-251.316132
219.315582
-251.113358
219.775314
-251.251221
219.435211
-251.228165
219.366547
-250.998032
219.126755
-250.972809
219.106903
-250.977646
219.603653
-250.961014
219.346161
-250.976028
219.349915
-251.120865
219.133728
-251.080643
219.249603
-250.883759
219.640671
-250.820999
219.370300
-250.800079
219.362793
-250.750732
219.147675
-250.773254
219.319870
-250.694931
219.822525
-250.873032
219.610626
-251.025925
219.532837
-250.915955
219.251205
-250.895569
219.346161
-250.893951
219.907272
-251.035034
219.607941
-250.942230
219.532837
-250.958862
219.286072
-250.977646
219.354736
-250.802231
219.803741
-250.832809
219.687332
-251.010361
219.649246
-251.134277
219.475449
-251.183105
219.554306
-251.212601
220.019928
-251.327942
219.649780
-251.300583
219.536057
-251.196503
219.269455
-251.242645
219.347229
-251.150375
219.874557
-251.052750
219.600967
-251.084396
219.382095
-251.037720
219.201324
-251.132141
219.354202
-250.926147
219.901382
-250.944382
219.603653
-251.067230
219.537140
-250.867676
219.249603
-250.881088
219.322556
-250.733566
219.803207
-250.746979
219.495285
-250.730347
219.450226
-250.767899
219.196487
-250.817780
219.255508
-250.775406
219.664810
-250.826904
219.346695
-250.785599
219.306458
-250.822617
219.054871
-250.923996
219.260864
-250.867142
219.875626
-250.962082
219.500656
-251.114441
219.392288
-251.015732
219.196487
-251.008759
219.338654
-250.788284
219.765656
-250.736237
219.463104
-250.753403
219.515137
-250.814560
219.337036
-250.851578
219.499054
-250.728195
219.960922
-250.800613
219.637451
-250.815643
219.616531
-250.624130
219.331680
-250.621979
219.404099
-250.577988
219.905670
-250.736786
219.656219
-250.830658
219.577911
-250.926147
219.318268
-250.714249
219.489929
-250.714783
219.907272
-250.932587
219.633698
-250.784515
219.594528
-250.611786
219.322021
-250.639679
219.364395
-250.463730
219.992035
-250.601059
219.629395
-250.739990
219.547867
-250.749649
219.371918
-250.910049
219.453979
-250.785599
219.902451
-250.789886
219.593460
-250.855331
219.499054
-250.835480
219.260330
-250.911652
219.389069
-250.750732
220.028519
-250.905762
219.715240
-250.849976
219.676605
-250.779160
219.384781
-250.779694
219.563950
-250.709427
220.007599
-250.712646
219.698059
-250.659531
219.624039
-250.683670
219.303253
-250.599457
219.460419
-250.577988
219.891190
-250.656311
219.516754
-250.744293
219.495834
-250.743210
219.221710
-250.816711
219.327927
-250.773788
219.818771
-250.802231
219.573608
-250.824753
219.622421
-250.839783
219.319870
-250.735168
219.412140
-250.590332
219.868652
-250.711029
219.487778
-250.614471
219.492065
-250.647736
219.286072
-250.793640
219.374054
-250.628952
219.876160
-250.678314
219.548935
-250.680984
219.560730
-250.628952
219.401413
-250.693329
219.410538
-250.654709
219.871338
-250.698685
219.642807
-250.728729
219.601501
-250.699234
219.356354
-250.750183
219.697525
-250.683670
220.476974
-251.038254
220.106293
-251.472244
220.156723
-251.614395
220.160477
-252.041412
220.624496
-252.352539
221.536987
-252.744141
221.332611
-253.292923
221.644272
-253.931824
221.602966
-254.278900
222.048218
-254.341675
222.743988
-254.624374
222.650635
-254.875961
222.682831
-255.047089
222.463959
-255.168854
222.597534
-255.141510
223.169922
-255.085175
222.756851
-255.103958
222.662979
-255.076599
222.386719
-255.136673
222.433380
-255.128098
222.976807
-255.186035
222.698929
-255.210175
222.685516
-255.195679
222.433914
-255.305649
222.546570
-255.069626
223.066925
-255.142044
222.784760
-255.256836
222.583054
-255.204803
222.372772
-255.295456
222.410858
-255.149017
222.861465
-255.073914
222.573929
-255.135071
222.566422
-255.152237
222.272980
-255.231094
222.389389
-255.136139
223.072281
-255.201050
222.899017
-255.168854
222.822296
-255.147400
222.535843
-255.313171
222.549255
-255.179047
223.059418
-255.194077
222.949448
-255.309402
223.018646
-255.297607
222.846451
-255.380219
222.952118
-255.238602
223.445114
-255.219818
223.124313
-255.181732
223.103943
-255.091080
222.827667
-255.201050
222.848053
-255.197830
223.476761
-255.178513
223.244476
-255.160812
223.115204
-255.161880
222.898483
-255.309402
222.989136
-255.211243
223.507874
-255.228943
223.260574
-255.311554
223.143097
-255.382370
222.985916
-255.486435
223.017029
-255.363052
223.394150
-255.351257
223.219269
-255.285812
223.253601
-255.272934
222.989670
-255.253616
223.080872
-255.129700
223.460663
-255.182266
223.181183
-255.168854
223.065308
-255.106628
222.848053
-255.239136
222.973038
-255.101273
223.578690
-255.160812
223.329773
-255.206406
223.255219
-255.162430
222.955338
-255.099121
223.030441
-254.935516
223.542740
-254.920486
223.287933
-255.052994
223.230530
-254.991837
222.946762
-255.163498
223.132904
-255.094833
223.565811
-255.217148
223.218201
-255.263809
223.187622
-255.312622
222.945145
-255.441910
223.022400
-255.250931
223.541672
-255.255234
223.186005
-255.227875
223.094818
-255.219284
222.828201
-255.309402
222.913498
-255.208557
223.484802
-255.238068
223.117889
-255.287415
223.039566
-255.256302
222.745056
-255.290634
222.813187
-255.267563
223.344269
-255.221436
223.136658
-255.246109
223.150070
-255.221436
222.944077
-255.345886
223.030441
-255.222504
223.500366
-255.239136
223.173676
-255.263809
223.151672
-255.239670
222.964996
-255.287415
223.023468
-255.278839
223.607117
-255.453171
223.379669
-255.439758
223.240723
-255.399002
223.019714
-255.652725
223.067459
-255.523987
223.765900
-255.651657
223.375916
-255.107712
223.489105
-254.639923
223.492859
-254.497772
223.860855
-254.343277
224.335602
-254.047699
224.719696
-253.933975
225.409027
-253.879257
225.638626
-253.681305
226.120346
-252.946915
226.929840
-252.363266
227.103104
-251.861160
227.082184
-251.120865
226.563980
-250.388626
226.577927
-249.880615
227.040878
-249.773865
226.565598
-249.638153
226.275375
-249.381195
225.719620
-249.135498
225.580154
-249.125839
225.788284
-249.283020
225.007767
-249.146759
224.465424
-249.063080
223.981552
-249.621521
223.617844
-249.728806
223.435989
-249.759918
222.639908
-249.962158
222.404419
-250.145081
221.895874
-250.719070
221.120178
-250.939011
220.805817
-251.102097
220.105759
-251.440048
219.583267
-251.159500
219.064529
-251.125168
218.855316
-251.399292
219.447556
-251.694321
219.435211
-251.780701
219.539810
-251.959869
218.889648
-252.089142
218.402023
-251.761917
218.788803
-251.617615
218.803284
-251.666962
218.773239
-251.562363
218.352676
-251.709885
218.149902
-251.570953
218.789337
-251.460434
218.726578
-251.541977
218.805420
-251.565048
218.198181
-251.708282
217.819977
-251.619232
218.384857
-251.738312
218.416504
-251.837555
218.483566
-251.790894
217.959991
-251.786591
217.774384
-251.537689
218.400955
-251.367630
218.460495
-251.332764
218.528091
-251.460434
217.891327
-251.515152
217.610229
-251.402496
218.116638
-251.393387
217.986282
-251.599915
217.767944
-251.663208
217.037323
-251.705597
216.652145
-251.548416
217.063599
-251.456680
217.204681
-251.625122
217.185913
-251.652481
216.554520
-251.478683
216.237488
-251.374603
216.953629
-251.377289
217.022827
-251.518372
217.116165
-251.647125
216.622116
-251.675018
216.422546
-251.712570
216.998154
-251.696472
217.065216
-251.642822
217.156937
-251.762985
216.669846
-251.901398
216.284149
-251.894424
216.849030
-251.809128
216.994400
-251.723831
217.071106
-251.585434
216.688095
-251.597229
216.416122
-251.457764
216.994934
-251.567734
217.043747
-251.796783
216.980453
-251.782303
216.512146
-251.857941
216.225143
-251.705597
216.800751
-251.635849
217.013168
-251.725983
217.068970
-251.670181
216.455276
-251.685211
216.195099
-251.575775
216.921448
-251.570404
217.224533
-251.706665
217.316269
-251.627808
216.631760
-251.853119
216.337799
-251.787140
217.020142
-251.698090
217.121536
-251.715790
217.152115
-251.713638
216.505707
-251.727585
216.208511
-251.590256
216.785721
-251.553238
217.030334
-251.646591
217.220779
-251.641220
216.805573
-251.802689
216.398407
-251.764603
217.006195
-251.691650
217.125290
-251.817703
217.256714
-251.881546
216.691315
-251.989914
216.317947
-251.803757
216.932709
-251.699692
217.105988
-251.764603
217.280853
-251.861160
216.695068
-251.968979
216.256790
-251.839706
216.883896
-251.784988
217.196640
-251.857941
217.448761
-251.854721
216.880142
-251.986145
216.381790
-251.787140
217.041077
-251.853653
217.397263
-251.975418
217.619354
-252.001175
216.854385
-251.883698
216.353348
-251.745819
217.121536
-251.754410
217.419266
-251.739395
217.609695
-251.726517
216.897308
-251.855255
216.498184
-251.670731
217.230438
-251.688431
217.475586
-251.742065
217.519577
-251.800003
216.825424
-251.984543
216.299713
-251.915344
216.881744
-251.875107
217.272812
-251.883148
217.445007
-251.937866
216.700424
-251.967377
216.176331
-251.825226
216.944504
-251.772644
217.266373
-251.899246
217.461105
-252.047302
216.770706
-252.073593
216.355499
-252.015656
216.943436
-251.933578
217.301788
-252.009216
217.514206
-252.051056
216.889252
-252.081635
216.317947
-252.057495
217.001907
-251.909439
217.445007
-252.119186
217.654755
-252.049454
216.996002
-251.999023
216.327606
-251.812347
217.049118
-251.728119
217.360260
-251.824142
217.402100
-251.928757
216.625870
-251.951279
216.136093
-251.742065
216.939682
-251.741531
217.263687
-251.759232
217.470230
-251.709351
216.674683
-251.740463
216.118927
-251.581680
216.831329
-251.521057
217.114029
-251.676620
217.281403
-251.831650
216.511063
-251.835953
215.944046
-251.782303
216.650543
-251.775864
217.209518
-251.893890
217.326996
-251.915344
216.449371
-251.945923
