-63.554508
52.782127
-56.413933
47.802868
-57.433708
49.848862
-64.170883
54.885513
-68.081543
56.431541
-63.333496
51.524708
-56.107086
46.990162
-57.218594
49.327442
-64.000832
54.626411
-67.934021
55.942307
-63.197777
51.197475
-55.953129
46.666687
-57.025475
49.268967
-63.820583
54.643578
-67.800446
56.164391
-62.957451
51.370747
-55.744453
47.000889
-56.854351
49.720654
-63.752991
54.846355
-67.781670
56.444950
-63.012703
51.831551
-55.871590
47.205273
-57.067318
49.888557
-63.906414
55.199867
-67.810104
56.847816
-63.019138
52.063293
-55.992825
47.209026
-57.176750
49.639114
-64.082901
55.021770
-68.258568
56.572624
-63.643021
51.714069
-56.492252
47.271793
-57.615025
49.929863
-64.452515
55.095798
-68.325623
56.551167
-63.537342
51.642723
-56.409103
46.998745
-57.607513
49.523777
-64.449295
54.980465
-68.259102
56.512543
-63.381237
51.631458
-56.281429
46.924713
-57.468575
49.469063
-64.235252
55.131741
-68.251595
57.083855
-63.538414
52.151806
-56.323273
47.324364
-57.332855
49.625168
-64.120995
54.868347
-67.961380
56.572086
-63.178463
51.796684
-56.038960
47.151093
-57.181580
49.616585
-64.039986
55.027134
-68.073494
56.674549
-63.334568
52.052567
-56.247635
47.556107
-57.547432
50.107964
-64.380630
55.428394
-68.281097
56.906826
-63.448292
52.130348
-56.369942
47.495487
-57.581764
50.069340
-64.482018
55.408546
-68.442032
56.761452
-63.658043
51.993557
-56.523903
47.490662
-57.625217
50.273186
-64.486847
55.473991
-68.393753
56.918091
-63.555580
52.067585
-56.398376
47.377472
-57.523830
49.881050
-64.452515
55.261024
-68.414673
56.637535
-63.559872
51.863739
-56.370480
47.342602
-57.598396
49.923428
-64.421936
55.043228
-68.299873
56.505032
-63.338322
51.544556
-56.220276
46.966019
-57.432098
49.635895
-64.270660
54.747650
-68.207069
56.326397
-63.523396
51.643795
-56.473476
47.093693
-57.719093
49.720654
-64.639191
55.101166
-68.639977
56.730873
-63.793224
51.887341
-56.684834
47.292175
-57.925625
49.917526
-64.762573
55.267460
-68.603500
56.830116
-63.793224
52.031643
-56.742771
47.570591
-57.931526
50.483475
-64.771698
55.707344
-68.711861
56.974419
-63.675743
52.015015
-56.530876
47.402683
-57.811897
50.019451
-64.750237
55.300720
-68.781601
56.693321
-63.970253
51.753769
-56.754036
47.313633
-57.993752
49.871391
-64.876839
55.298576
-68.915710
56.770569
-64.046425
51.894314
-57.038349
47.339920
-58.289867
49.898216
-65.228210
55.288383
-69.160324
56.707272
-64.176247
51.867493
-57.039421
47.374790
-58.287724
49.933620
-65.139694
55.310375
-68.975250
56.797394
-64.044815
51.777908
-56.804462
47.321682
-57.943329
49.948105
-64.801735
55.235275
-68.541275
56.889126
-63.594204
52.158779
-56.505127
47.563080
-57.764694
50.110107
-64.650993
55.385479
-68.457054
56.485184
-63.501938
51.148659
-56.522831
46.248260
-57.974976
48.621483
-64.954620
54.093727
-69.004219
55.710026
-64.394043
50.677666
-57.620388
46.088402
-59.224350
48.784561
-66.467926
53.820141
-70.696159
55.073807
-66.089195
50.216324
-59.346123
45.918884
-60.941502
48.635429
-68.115334
54.022915
-72.277054
55.566795
-67.626640
50.705025
-60.796661
46.334629
-62.385067
49.198696
-69.596451
54.614613
-73.729202
56.106991
-68.990273
51.115402
-62.131329
46.604458
-63.644096
49.354797
-70.707420
54.613003
-74.734489
55.975029
-69.931190
51.033863
-63.066345
46.532574
-64.565704
49.186356
-71.567337
54.411835
-75.549881
55.704662
-70.678993
50.673908
-63.802879
46.198372
-65.181000
48.736282
-72.118805
54.155418
-75.982796
55.729874
-71.087227
50.833771
-64.122597
46.294933
-65.468536
48.939594
-72.346252
54.408619
-76.188789
55.847355
-71.222946
51.024742
-64.188583
46.508972
-65.607475
49.115547
-72.523819
54.736382
-76.395317
56.260952
-71.487946
51.373966
-64.410133
46.756809
-65.745872
49.499104
-72.643982
54.893562
-76.340599
56.262562
-71.381195
51.302620
-64.358635
46.793823
-65.670769
49.464771
-72.543129
54.697224
-76.320213
56.121475
-71.339355
51.111645
-64.271729
46.555107
-65.612839
49.246437
-72.440666
54.582424
-76.216682
55.910118
-71.347939
50.798901
-64.344688
46.377007
-65.618202
49.224445
-72.542595
54.592617
-76.285881
56.020088
-71.240112
51.090725
-64.190727
46.640938
-65.530762
49.353191
-72.372002
54.581886
-76.203804
56.123085
-71.194511
51.107891
-64.225060
46.712818
-65.583870
49.252338
-72.428329
54.639286
-76.243500
56.037254
-71.281952
51.045662
-64.362389
46.583538
-65.715836
49.325294
-72.565125
54.876396
-76.389954
56.135422
-71.401581
51.018841
-64.351662
46.581390
-65.676140
49.373039
-72.558151
54.593155
-76.341133
55.832333
-71.322189
50.864346
-64.328056
46.552959
-65.744804
49.293110
-72.583359
54.661282
-76.373322
55.998631
-71.365105
50.983974
-64.306602
46.659176
-65.660042
49.417564
-72.526497
54.707417
-76.240822
56.043694
-71.213287
51.098236
-64.181076
46.536331
-65.622490
49.336559
-72.496994
54.704197
-76.327187
56.226620
-71.342033
51.201233
-64.338783
46.728912
-65.683113
49.216934
-72.503433
54.662891
-76.209709
56.129524
-71.254593
51.141151
-64.269051
46.648983
-65.689545
49.411663
-72.647194
54.702587
-76.431259
56.057102
-71.449326
51.002747
-64.405304
46.660248
-65.789864
49.293110
-72.825829
54.792175
-76.708061
56.282410
-71.728271
50.875610
-64.699814
45.939808
-66.108505
48.541016
-73.307556
53.635067
-77.281517
54.586182
-72.310310
49.072632
-65.377335
44.002178
-66.935699
46.291176
-73.959335
51.379330
-77.901108
52.458115
-72.975502
46.997135
-65.990494
42.015198
-67.407234
44.432941
-74.305878
49.765713
-78.074379
51.312275
-73.155205
46.286350
-66.164299
41.796329
-67.601959
44.472637
-74.581604
49.626774
-78.218147
51.009724
-73.167549
46.198910
-66.127281
41.720158
-67.529541
44.384663
-74.453934
49.547920
-78.059357
50.774761
-72.971207
45.785847
-65.972786
41.473930
-67.449074
44.387882
-74.495239
49.739429
-78.183815
51.003284
-73.173447
46.062115
-66.067200
41.654709
-67.454437
44.399147
-74.341278
49.633213
-77.992836
50.945351
-72.876259
46.011154
-65.957230
41.635399
-67.451225
44.269329
-74.430870
49.676128
-78.063652
50.964661
-72.965843
45.949463
-65.971176
41.466419
-67.489311
44.289177
-74.291389
49.653599
-77.970848
50.955544
-72.974426
46.076599
-65.970642
41.604820
-67.364853
44.423286
-74.203415
49.824184
-77.933296
51.112183
-72.887520
46.046558
-65.834389
41.488949
-67.260788
44.352474
-74.243645
49.672371
-77.891449
50.897606
-72.751801
46.083038
-65.855843
41.804379
-67.333206
44.648056
-74.347183
49.982437
-78.085648
51.279015
-73.011978
46.279911
-66.031258
41.830662
-67.452293
44.352474
-74.275299
49.518414
-78.011078
50.838062
-72.935265
45.827152
-65.891785
41.470173
-67.278488
44.239285
-74.202339
49.665936
-77.970848
51.132568
-72.881622
46.133461
-65.785568
41.517918
-67.252739
44.202271
-74.163719
49.480862
-77.988548
50.930328
-72.933121
45.904938
-65.907875
41.537228
-67.330521
44.333698
-74.342888
49.743183
-78.131775
51.128277
-73.041481
46.153309
-65.952400
41.636471
-67.394897
44.234459
-74.334305
49.770004
-78.052925
51.186749
-72.927223
46.203201
-65.809708
41.607502
-67.199631
44.078892
-74.241501
49.553284
-78.023956
50.853619
-72.826904
45.788532
-65.728706
41.306561
-67.132576
44.027393
-74.159424
49.539871
-77.941338
50.912628
-72.904152
45.955898
-65.783424
41.418140
-67.150276
44.334774
-74.127777
49.758202
-77.885551
51.111645
-72.653633
46.084110
-65.513596
41.608040
-66.979691
44.209248
-74.008148
49.624630
-77.654343
50.976997
-72.481972
46.015446
-65.415962
41.478756
-66.931412
44.158821
-73.952896
49.582787
-77.736420
50.835381
-72.624664
45.774582
-65.588158
41.182106
-67.107903
44.084255
-74.074135
49.676666
-77.775047
50.974316
-72.656319
45.855587
-65.505547
41.478222
-66.923363
44.341209
-73.973282
49.570450
-77.683311
50.933010
-72.520058
46.054607
-65.407913
41.635933
-66.942673
44.424358
-73.963623
49.837059
-77.882866
51.145977
-72.763069
45.924252
-65.745338
41.568878
-67.244690
44.414165
-74.306412
49.793610
-77.962265
51.111111
-72.775940
46.044415
-65.560799
41.651493
-66.983444
44.596020
-73.997421
50.082752
-77.710670
51.413662
-72.476608
46.321217
-65.454048
41.883236
-66.927116
44.656639
-73.977570
50.153561
-77.977821
51.536507
-72.979790
46.507362
-65.816681
42.022709
-67.218407
44.744080
-74.074669
50.137466
-77.757339
51.350899
-72.509865
46.164040
-65.548462
41.901474
-67.229134
45.029465
-74.188934
50.550529
-77.626984
51.787025
-72.183174
46.955292
-64.965347
42.946461
-66.486160
46.270790
-73.583290
52.141079
-77.562614
53.930649
-72.411697
48.927792
-65.231422
44.273083
-66.598282
46.930080
-73.482437
52.525169
-77.185493
53.910801
-72.021706
48.896141
-65.093559
44.435623
-66.598282
47.234776
-73.613327
52.653381
-77.370567
54.068512
-72.195511
48.901505
-65.120384
44.372326
-66.690010
47.202053
-73.737785
52.617973
-77.357689
53.961761
-72.192291
48.949249
-65.159004
44.303661
-66.679283
47.208492
-73.636398
52.727943
-77.252014
54.049736
-72.124702
49.035618
-65.067276
44.469955
-66.577896
47.299152
-73.718468
52.764961
-77.431725
54.047054
-72.125237
48.837669
-65.318329
44.548275
-67.112190
47.505146
-74.010292
52.816994
-77.594803
54.045982
-72.374687
48.904190
-65.388069
44.319218
-66.948578
47.219757
-74.010834
52.777836
-77.810989
54.057785
-72.824226
49.149342
-66.018921
44.721012
-67.423866
47.434872
-74.211998
52.733845
-77.818497
53.959618
-72.550636
48.792610
-65.730850
44.588509
-67.326233
47.579174
-74.333771
53.127060
-78.004105
54.265923
-72.665970
49.166508
-65.649315
44.790749
-67.295654
47.703629
-74.247940
52.905506
-77.837807
54.198868
-72.451935
49.028641
-65.375191
44.645374
-67.054794
47.994381
-74.149231
53.598053
-77.779869
55.147297
-72.479294
50.303764
-65.502869
46.096447
-67.184608
49.217468
-74.190002
54.637680
-77.904327
55.839844
-72.724442
50.842888
-65.745872
46.507362
-67.305313
49.391815
-74.305878
54.869423
-77.913445
56.100018
-72.542053
50.913700
-65.494820
46.578175
-67.174957
49.470135
-74.280663
54.896244
-77.929543
56.081242
-72.669731
50.889023
-65.604790
46.465519
-67.287605
49.358555
-74.413162
54.575989
-78.040581
55.617222
-72.777016
50.538727
-65.746948
46.250942
-67.351982
49.270576
-74.441597
54.704735
-77.945633
55.877396
-72.671875
50.772614
-65.702423
46.331409
-67.316040
49.228737
-74.439987
54.695076
-78.024490
55.880615
-72.690651
50.754375
-65.723343
46.391491
-67.326233
49.215862
-74.352547
54.606564
-77.951530
55.774399
-72.672409
50.648697
-65.668091
46.138828
-67.373436
49.043663
-74.460907
54.509468
-78.032539
55.609711
-72.712105
50.440559
-65.724953
46.235386
-67.313354
49.102135
-74.400826
54.556675
-78.052925
55.728264
-72.716400
50.691612
-65.684181
46.181744
-67.339645
49.152023
-74.380440
54.558285
-77.995522
55.826969
-72.704597
50.734528
-65.763573
46.407047
-67.343399
49.420246
-74.373466
54.777153
-77.984261
55.920845
-72.613403
50.608463
-65.551147
46.106640
-67.274193
49.091942
-74.298363
54.477818
-77.869995
55.625267
-72.515770
50.396034
-65.581718
46.205883
-67.354660
49.367676
-74.457153
54.793247
-78.058289
55.897243
-72.647194
50.744720
-65.711540
46.444061
-67.421715
49.364990
-74.464127
54.875858
-77.996597
56.089291
-72.708885
50.826797
-65.733002
46.396320
-67.431908
49.319393
-74.446426
54.810947
-78.030930
55.927284
-72.678848
50.690540
-65.674530
46.387737
-67.361099
49.331734
-74.367569
54.763206
-77.965485
55.956787
-72.689575
50.763496
-65.736214
46.336239
-67.421181
49.394497
-74.426575
55.050201
-78.051315
56.134350
-72.668121
50.655136
-65.697060
46.241287
-67.363243
49.281845
-74.383125
54.558285
-77.909691
55.642433
-72.546349
50.595589
-65.590309
46.284740
-67.253815
49.223907
-74.289246
54.705807
-77.821175
55.779228
-72.395607
50.416416
-65.418648
46.101810
-67.176567
49.107498
-74.202881
54.538437
-77.676338
55.631168
-72.288315
50.339169
-65.340324
46.087864
-67.210899
49.111790
-74.336449
54.607101
-77.820641
55.874714
-72.483582
50.815529
-65.512520
46.490734
-67.370216
49.542553
-74.497383
54.899998
-77.969772
55.900463
-72.521133
50.663181
-65.521645
46.448891
-67.307457
49.441704
-74.291931
54.816315
-77.809380
55.837700
-72.378441
50.605782
-65.419716
46.275082
-67.092880
49.312958
-74.221657
54.766426
-77.755196
55.883297
-72.354301
50.570911
-65.398796
46.224121
-67.163155
49.286671
-74.215218
54.726727
-77.698868
55.777081
-72.257202
50.469524
-65.319405
46.318535
-67.169052
49.675056
-74.200729
55.228836
-77.627525
56.505569
-72.280273
51.494667
-65.428833
47.216003
-67.264000
50.321468
-74.315529
55.786201
-77.798111
56.770035
-72.529182
51.736065
-65.871399
47.609215
-67.655609
50.438412
-74.565514
55.664429
-77.905403
56.537754
-72.443352
51.282234
-65.484093
46.939198
-67.307991
49.942204
-74.465736
55.413372
-77.970848
56.523808
-72.523277
51.324615
-65.570457
47.034683
-67.421715
50.118156
-74.490410
55.678913
-77.992836
56.724972
-72.539909
51.390060
-65.586014
47.193470
-67.425476
50.211498
-74.552635
55.567867
-77.999817
56.634315
-72.566193
51.412590
-65.658432
47.065262
-67.493065
50.158390
-74.529572
55.514759
-77.909691
56.650944
-72.393463
51.503784
-65.488380
47.071697
-67.424400
50.185749
-74.497383
55.655846
-77.868919
56.698689
-72.469101
51.416344
-65.569382
47.191326
-67.355202
50.193794
-74.372932
55.418739
-77.774506
56.475529
-72.329620
51.217861
-65.446541
46.895210
-67.373436
50.097771
-74.470024
55.527634
-77.823860
56.464264
-72.309776
51.248440
-65.502869
47.031467
-67.408310
49.997456
-74.476463
55.349537
-77.839951
56.364483
-72.450859
50.841278
-65.668091
46.081963
-67.438347
48.804947
-74.518845
53.773472
-77.881264
54.386086
-72.387024
48.737892
-65.516273
43.901863
-67.439423
46.444061
-74.450714
51.166363
-77.800255
51.679737
-72.295830
46.309952
-65.396111
41.927757
-67.297264
44.988159
-74.433014
50.496883
-77.845322
51.426537
-72.214828
46.049778
-65.227135
41.782383
-67.169594
44.891064
-74.210388
50.134251
-77.517014
51.199623
-71.994881
46.007935
-65.258781
41.752880
-67.238792
44.834736
-74.371857
50.293037
-77.649513
51.235027
-72.065697
45.928005
-65.215332
41.812424
-67.180855
44.990841
-74.264572
50.359016
-77.504143
51.300472
-71.921928
45.963947
-65.113945
41.801159
-67.049965
45.078819
-74.114365
50.454506
-77.524529
51.372356
-71.993813
46.106106
-65.210503
41.900936
-67.179245
44.911449
-74.280128
50.380478
-77.562080
51.371284
-72.070518
46.152237
-65.201385
41.871433
-67.162613
44.896965
-74.292465
50.318249
-77.643616
51.331589
-72.143478
46.105030
-65.391823
41.910057
-67.387383
45.127636
-74.457153
50.418026
-77.757339
51.293499
-72.216972
46.037975
-65.420250
41.854267
-67.410988
45.040195
-74.504356
50.329514
-77.747147
51.206596
-72.191223
45.814816
-65.461555
41.346256
-67.395966
44.163647
-74.451248
49.534508
-77.651665
50.621876
-72.021172
45.377079
-65.255028
41.173523
-67.179245
44.282738
-74.269394
49.749084
-77.450500
50.481327
-71.895645
45.410339
-65.134331
41.244331
-67.169594
44.281666
-74.237213
49.553284
-77.414558
50.398716
-71.812492
45.179668
-65.017921
41.028683
-67.009727
44.105175
-74.098274
49.594589
-77.325508
50.570911
-71.764214
45.279446
-65.056549
41.014198
-67.104141
44.199589
-74.147621
49.567768
-77.407585
50.408371
-71.807663
45.174839
-65.042595
41.108612
-67.200706
44.256451
-74.313919
49.629993
-77.517555
50.530678
-71.822685
45.124950
-65.058159
41.014736
-67.118629
44.191544
-74.215752
49.573132
-77.420990
50.450748
-71.782990
45.018738
-65.043137
41.016880
-67.101463
44.200665
-74.186783
49.594051
-77.442451
50.463623
-71.798012
44.992989
-65.045280
41.006153
-67.047821
44.217831
-74.190002
49.639114
-77.449425
50.443775
-71.760460
45.041805
-65.096245
41.026001
-67.141693
44.185104
-74.245255
49.461552
-77.439766
50.246365
-71.804985
45.029465
-65.110191
41.021709
-67.354126
44.230701
-74.517769
49.540943
-77.677414
50.304302
-71.942848
45.013371
-65.263077
41.399899
-67.356270
45.008545
-74.490944
50.405689
-77.637177
51.240929
-71.986839
45.877579
-65.337639
41.822079
-67.522034
45.285885
-74.642227
50.730236
-77.791672
51.533291
-72.110756
46.335163
-65.502869
42.237286
-67.723198
45.417313
-74.812813
50.747940
-77.945633
51.457649
-72.189079
46.035294
-65.456192
41.958874
-67.632538
45.192005
-74.795647
50.642258
-77.941879
51.313885
-72.272224
45.988087
-65.562408
41.970673
-67.724274
45.061115
-74.886841
50.524242
-77.965485
51.223763
-72.213219
45.875435
-65.516273
41.901474
-67.782745
45.363132
-74.951218
50.681957
-77.909157
51.326221
-72.091980
46.007935
-65.397720
41.919712
-67.714081
45.344894
-74.912056
50.753304
-77.972458
51.444241
-72.271149
46.166721
-65.606934
42.143944
-67.831024
45.436089
-74.984474
50.837524
-78.047554
51.479111
-72.330162
46.068554
-65.697060
42.017879
-67.853020
45.261208
-74.924927
50.522633
-78.012688
51.242538
-72.207848
45.812134
-65.608009
41.912739
-67.902908
45.394245
-74.972672
50.808556
-78.043800
51.524708
-72.271149
46.028320
-65.673454
42.075279
-67.825661
45.500462
-74.942093
50.901897
-77.986404
51.626095
-72.145622
46.249870
-65.561340
42.284492
-67.805275
45.457546
-74.726982
50.731846
-77.740173
51.274723
-71.711105
45.562687
-64.879517
41.339283
-66.871864
44.342819
-73.710426
49.537189
-76.259598
50.065048
-69.865211
44.510727
-62.575500
40.450397
-64.192871
43.706600
-70.553467
49.196548
-72.767899
49.919136
-66.310745
44.463520
-59.297844
40.364567
-61.247272
43.652420
-68.070808
49.129494
-70.920387
50.029106
-65.068344
44.671658
-58.601540
40.898865
-61.054153
44.376080
-68.406624
49.916992
-71.614014
50.773689
-65.997467
45.293396
-59.651360
41.446571
-62.328201
44.915741
-69.845901
50.301620
-72.998032
50.906189
-67.436203
45.584682
-61.109406
41.809204
-63.706860
45.330944
-71.158569
50.689468
-74.251694
51.439949
-68.491920
46.011692
-62.090023
42.144482
-64.659042
45.656029
-71.937485
51.029572
-75.004326
51.633068
-69.318039
46.212318
-62.904343
42.380516
-65.399330
45.863632
-72.709961
51.195332
-75.805229
51.884121
-70.129677
46.419922
-63.752991
42.624596
-66.246910
45.874363
-73.444885
51.202305
-76.385658
51.789707
-70.535225
46.198910
-64.037308
42.420750
-66.583794
45.955898
-73.775871
51.269897
-76.690361
51.806339
-70.834023
46.299221
-64.407448
42.636936
-66.967354
45.975212
-74.068771
51.196941
-76.896889
51.768250
-71.116730
46.387737
-64.646706
42.636936
-67.091805
46.130779
-74.257599
51.407761
-77.061577
51.882515
-71.139793
46.493950
-64.837677
42.804306
-67.354660
46.229485
-74.546204
51.167435
-77.404900
51.208740
-71.480972
45.677486
-65.058693
42.174522
-67.590698
45.480076
-74.797256
50.168045
-77.542229
50.583786
-71.508331
45.232239
-65.129501
41.624668
-67.708717
45.088474
-74.827293
50.280163
-77.525063
50.794071
-71.583435
45.423748
-65.230354
41.696552
-67.799911
45.351330
-74.930290
50.665325
-77.729446
51.214642
-71.806595
45.684998
-65.407379
41.823689
-67.939919
45.137825
-75.042412
50.254948
-77.768074
50.735600
-71.784599
45.144802
-65.360710
41.357521
-67.843361
44.836346
-74.886841
50.083824
-77.644150
50.592369
-71.668190
45.108860
-65.324226
41.376297
-67.722664
44.934513
-74.887917
50.273186
-77.761635
50.841816
-71.734177
45.387810
-65.248055
41.654175
-67.829948
45.324509
-74.974281
50.677666
-77.652199
51.099308
-71.544273
45.634037
-65.235718
42.017879
-67.838531
45.555180
-74.941559
50.690002
-77.563683
51.067657
-71.493309
45.591122
-65.135399
41.954582
-67.770943
45.533722
-74.969994
50.907261
-77.724617
51.370213
-71.738998
45.771366
-65.340858
42.067768
-67.932945
45.525673
-75.104637
50.774761
-77.676338
51.038155
-71.618301
45.531574
-65.251808
41.854267
-67.775772
45.254772
-74.848221
50.534435
-77.513794
50.847717
-71.586655
45.277836
-65.255028
41.624134
-67.842827
45.063259
-74.971596
50.141758
-77.647369
50.554821
-71.523354
44.907692
-65.168663
41.355911
-67.829948
45.021420
-74.928146
50.271042
-77.525063
50.745255
-71.475075
45.261745
-65.226601
41.718548
-67.828339
45.210247
-74.992523
50.439484
-77.654884
50.799973
-71.607033
45.234921
-65.200851
41.555470
-67.765038
45.092228
-74.907761
50.402470
-77.632347
50.739891
-71.571098
45.154457
-65.317795
41.669193
-68.009659
45.225266
-75.180809
50.551064
-77.779335
50.849861
-71.660141
45.396927
-65.314041
41.691723
-67.953331
45.409801
-75.095520
50.686783
-77.741249
50.644943
-71.793716
44.450108
-65.573677
40.477757
-68.139473
43.887917
-75.296684
49.260384
-77.767532
50.195938
-71.667656
45.155529
-65.389137
41.649345
-68.108360
45.203808
-75.312775
50.626167
-77.916664
50.917992
-71.799622
45.249943
-65.619270
41.603210
-68.315964
45.194691
-75.482292
50.486691
-77.966019
50.812847
-71.767433
45.277302
-65.509300
41.740005
-68.247841
45.445744
-75.470490
50.768860
-77.952072
51.077850
-71.810349
45.549812
-65.584404
42.161110
-68.365852
45.895817
-75.501068
50.943741
-77.996597
51.178165
-71.921394
45.591656
-65.716370
42.050602
-68.434517
45.543377
-75.577240
50.760277
-78.036827
51.002747
-71.785133
45.277836
-65.528618
41.531864
-68.210289
45.020882
-75.217827
50.163216
-77.532570
50.242611
-71.213821
44.534328
-64.935310
40.926220
-67.663651
44.618015
-74.709816
49.797901
-77.131317
50.034470
-70.918243
44.530575
-64.833923
41.004005
-67.696915
44.722084
-74.846611
50.036079
-77.315849
50.274796
-71.072205
44.681850
-64.894005
41.177277
-67.694229
44.856194
-74.875580
49.994240
-77.242897
50.141758
-70.987984
44.524136
-64.951942
41.100029
-67.757530
44.642689
-74.907761
49.942741
-77.305656
50.149807
-71.151062
44.437771
-65.033478
40.984695
-67.892174
44.732815
-74.921707
49.912697
-77.228409
50.110645
-70.935410
44.572418
-64.749168
41.123096
-67.545639
44.948997
-74.665825
50.208817
-76.938194
50.289280
-70.677917
44.502678
-64.574821
41.158501
-67.397041
44.857265
-74.621300
50.032326
-77.022957
50.172874
-70.695625
44.383591
-64.578575
40.820541
-67.435661
44.552032
-74.511871
49.914307
-76.796577
50.077385
-70.474609
44.377689
-64.427834
41.008835
-67.293510
44.807377
-74.481293
50.041443
-76.932831
50.258167
-70.652710
44.679169
-64.500793
41.265789
-67.419037
44.939342
-74.558540
50.131031
-76.742928
50.274796
-70.425789
44.670048
-64.505623
41.382198
-67.434059
45.175377
-74.605743
50.400860
-77.001495
50.582714
-70.683823
44.795578
-64.579109
41.362350
-67.443710
45.017662
-74.501678
50.184139
-76.740250
50.247974
-70.376442
44.524673
-64.380630
41.128460
-67.372902
44.984940
-74.498459
50.194332
-76.729523
50.179310
-70.309387
44.519844
-64.294800
41.208927
-67.289215
45.028393
-74.376686
50.329514
-76.626526
50.516197
-70.260033
44.793430
-64.336639
41.487877
-67.346077
45.336311
-74.397072
50.424465
-76.596481
50.311275
-70.213898
44.597630
-64.359169
41.397217
-67.430298
45.220974
-74.546204
50.325760
-76.759560
50.232418
-70.305626
44.405582
-64.273338
41.294758
-67.274193
45.040195
-74.419067
50.100452
-76.564293
50.190041
-70.137184
44.354084
-64.186440
41.266327
-67.286537
45.162502
-74.505432
50.337563
-76.706451
50.258705
-70.208534
44.387344
-64.229355
41.102711
-67.321404
44.905010
-74.554245
50.127274
-76.688751
50.084896
-70.310455
44.306343
-64.349518
41.121487
-67.367538
44.913593
-74.567123
49.937912
-76.708595
49.906799
-70.235893
44.255379
-64.330742
41.007763
-67.420647
44.854584
-74.509186
50.069340
-76.681778
50.038227
-70.227844
44.281128
-64.345757
41.037266
-67.407234
44.817570
-74.475929
49.964195
-76.416771
49.866566
-69.913490
44.159355
-64.105972
41.125240
-67.242012
45.068089
-74.348793
50.144440
-76.413017
49.928791
-69.946213
44.078354
-64.106506
41.073208
-67.340179
44.900719
-74.465202
49.878902
-76.514404
49.882122
-70.026146
44.108395
-64.165520
40.914421
-67.365929
44.793430
-74.482903
49.898216
-76.440910
49.804337
-69.910271
44.108395
-64.151031
41.030293
-67.277954
44.955975
-74.492020
50.130493
-76.577171
50.062366
-70.048134
44.397537
-64.294800
41.305485
-67.517204
45.130318
-74.738785
50.097771
-76.673195
49.855835
-70.075493
44.076206
-64.306061
41.110760
-67.675987
45.107784
-74.813889
50.112793
-76.803551
49.948639
-70.248230
44.112148
-64.442856
40.989521
-67.697449
44.994061
-74.841248
50.186283
-76.813202
50.070950
-70.243935
44.364277
-64.391357
41.250233
-67.548317
45.168941
-74.706596
50.250122
-76.575027
50.060219
-70.018631
44.336384
-64.313034
41.357521
-67.656143
45.343285
-74.822472
50.216324
-76.659248
50.142834
-70.049744
44.461910
-64.314644
41.307095
-67.508621
45.238140
-74.626671
50.345070
-76.628670
50.099918
-70.109825
44.407192
-64.440712
41.284565
-67.753242
45.296612
-74.902931
50.577888
-76.642082
50.276943
-69.951042
44.417923
-64.281921
41.369324
-67.644875
45.270329
-74.832123
50.432510
-76.660858
50.117619
-69.964455
44.252697
-64.215942
41.198734
-67.545639
45.100811
-74.702843
50.139614
-76.498314
49.935230
-69.910271
44.244652
-64.361855
41.259888
-67.735535
45.281055
-74.876114
50.518879
-76.643692
50.190041
-70.011658
44.340137
-64.346298
41.321579
-67.675453
45.387810
-74.894890
50.518879
-76.679634
50.288208
-70.010582
44.520382
-64.404236
41.496998
-67.799911
45.592728
-74.875580
50.731846
-76.578239
50.419636
-69.804054
44.443134
-64.151566
41.374687
-67.528473
45.499390
-74.623985
50.566620
-76.348106
50.150879
-69.701057
44.373398
-64.197701
41.520061
-67.610008
45.606678
-74.714104
50.634750
-76.394241
50.264069
-69.689796
44.432941
-64.042671
41.472855
-67.430298
45.561077
-74.556931
50.709850
-76.176445
50.296791
-69.399040
44.358913
-63.779278
41.525429
-67.306923
45.576099
-74.645439
50.331123
-76.356689
49.544701
-69.610397
43.347183
-64.195023
40.262642
-67.730705
43.990376
-74.830513
48.697121
-76.501534
48.102207
-69.723587
42.190079
-64.166054
39.395752
-67.587479
44.132534
-74.752731
49.709389
-76.457542
49.483543
-69.698914
43.634182
-64.203064
40.843609
-67.735001
45.040730
-74.899719
50.154099
-76.525673
49.848328
-69.790642
44.104103
-64.344688
41.237896
-67.863747
45.222050
-74.967842
50.236172
-76.632423
49.856373
-69.776161
44.027927
-64.306061
41.308170
-67.799370
45.374397
-74.938873
50.478645
-76.550346
50.060757
-69.770256
44.168476
-64.199852
41.262035
-67.731781
45.412483
-74.859482
50.376720
-76.408730
49.985657
-69.630249
44.276836
-64.190727
41.371468
-67.732857
45.485977
-74.776337
50.543018
-76.259056
49.945957
-69.404404
43.978039
-64.066277
41.205708
-67.690475
45.090084
-74.827293
50.291428
-76.356155
49.888557
-69.519203
44.032757
-64.048569
41.341427
-67.613762
45.493488
-74.854118
50.567696
-76.458618
49.944347
-69.632927
44.061726
-64.262611
41.361813
-67.840141
45.519238
-75.068161
50.628849
-76.648514
50.097237
-69.786354
44.280056
-64.373116
41.506653
-67.973183
45.682850
-75.099808
50.711460
-76.658707
50.131569
-69.831947
44.211391
-64.414421
41.366642
-68.065445
45.643154
-75.112686
50.666935
-76.498314
50.060219
-69.576065
44.049385
-64.241692
41.415455
-67.893250
45.548740
-75.094444
50.634212
-76.568047
50.062904
-69.706421
44.210854
-64.384384
41.537228
-67.961380
45.632961
-75.103027
50.689468
-76.555176
50.138004
-69.602890
44.077282
-64.320015
41.480904
-68.072418
45.600777
-75.234459
50.497421
-76.592728
49.955612
-69.659752
43.988232
-64.337715
41.297977
-68.111580
45.676952
-75.238213
50.690540
-76.631348
50.162144
-69.834099
44.219437
-64.574821
41.730347
-68.254814
45.930687
-75.333694
50.903507
-76.702164
50.229198
-69.822296
44.287567
-64.588768
41.711575
-68.312744
45.900646
-75.412552
50.700733
-76.658173
50.029106
-69.709641
44.067089
-64.446075
41.506653
-68.267151
45.630817
-75.504822
50.590759
-76.786385
49.854763
-69.743973
43.877724
-64.475044
41.281345
-68.190437
45.611504
-75.340134
50.590759
-76.595947
49.860126
-69.553001
43.868069
-64.288895
41.371468
-68.084763
45.602921
-75.266640
50.649769
-76.560539
50.030716
-69.567482
43.996815
-64.425156
41.458908
-68.237648
45.607212
-75.327797
50.510296
-76.605598
49.701340
-69.530472
43.618622
-64.382240
41.079643
-68.168983
45.381908
-75.285957
50.497421
-76.544983
49.627850
-69.583580
43.832127
-64.454124
41.451935
-68.253204
45.690899
-75.458687
50.609535
-76.731667
49.870319
-69.698914
43.871288
-64.575897
41.363956
-68.423790
45.533722
-75.554176
50.481327
-76.724693
49.816677
-69.716614
43.671196
-64.516884
41.163864
-68.340645
45.443062
-75.430794
50.454506
-76.570732
49.749619
-69.532082
43.839638
-64.463776
41.567806
-68.289680
45.840565
-75.298294
50.768860
-76.416771
49.930401
-69.399040
43.910446
-64.278702
41.491631
-68.178101
45.831448
-75.306343
50.764568
-76.378151
49.937912
-69.307312
43.902939
-64.284607
41.573708
-68.336891
45.952145
-75.459229
50.894386
-76.506897
49.957222
-69.393677
44.019344
-64.332352
41.642910
-68.286995
45.907085
-75.506432
50.858982
-76.594872
50.010330
-69.476288
44.048313
-64.471825
41.763073
-68.388924
46.070164
-75.463516
50.880440
-76.450035
49.952930
-69.330376
43.963554
-64.329132
41.657928
-68.342255
45.993988
-75.341209
50.712532
-76.278374
49.787708
-69.071815
43.846611
-64.056084
41.479832
-68.043991
45.761173
-75.230164
50.637432
-76.292854
49.788780
-69.180710
43.788677
-64.230423
41.442280
-68.280563
45.870068
-75.377686
50.795147
-76.325577
49.832233
-69.108292
43.834274
-64.266365
41.572098
-68.229065
45.817497
-75.256989
50.769398
-76.282661
49.820969
-69.093269
43.913666
-64.176781
41.632717
-68.086372
46.056751
-75.113220
50.941059
-76.099197
49.940594
-68.994568
44.054214
-64.217018
41.878941
-68.266075
46.200520
-75.304192
51.037079
-76.304123
50.333805
-69.191978
44.390564
-64.400475
42.223873
-68.438278
46.682777
-75.538620
51.555820
-76.428574
50.426075
-69.260643
44.496777
-64.474510
42.327946
-68.552002
46.624844
-75.672729
51.447460
-76.613647
50.632603
-69.744514
44.884624
-64.955696
42.669659
-68.778381
46.802940
-75.525208
51.292427
-76.235992
50.151417
-68.961845
44.011837
-64.053398
41.818859
-68.108360
46.164577
-75.263420
51.127739
-76.571266
50.477036
-69.445709
44.497314
-64.484161
42.234604
-68.449005
46.444599
-75.256447
51.115402
-75.924858
49.952396
-68.639977
43.899719
-63.717587
41.680996
-67.803131
46.042805
-74.803696
50.815529
-75.676483
49.704021
-68.519279
43.757561
-63.910172
41.712109
-68.164688
46.230022
-75.248405
51.051029
-75.980644
49.920746
-68.871719
43.952827
-64.114021
41.884308
-68.223701
46.349648
-75.256447
51.164753
-76.027855
50.092407
-68.904442
44.099812
-64.281387
41.949215
-68.460808
46.358768
-75.427040
51.174408
-76.109390
49.893925
-68.910881
43.790283
-64.228813
41.758778
-68.413063
46.317997
-75.451180
51.026890
-76.241356
49.826866
-69.050354
44.046703
-64.435883
41.964237
-68.621201
46.276691
-75.546669
50.941059
-76.097588
49.569374
-68.815392
43.501678
-64.239548
41.499680
-68.435593
45.974140
-75.337456
50.667473
-75.929688
49.452969
-68.715614
43.492558
-64.212189
41.528645
-68.481194
46.031540
-75.520912
50.935692
-76.263885
49.730309
-69.028900
43.738785
-64.501328
41.876259
-68.681282
46.377007
-75.532715
51.096626
-76.064865
49.848862
-68.813248
43.885235
-64.311966
41.896107
-68.606178
46.380764
-75.535934
51.051563
-76.059502
49.824184
-68.789642
43.839100
-64.354347
42.002861
-68.655533
46.614651
-75.577240
51.452824
-76.080963
50.172874
-68.823441
44.126633
-64.248131
42.186859
-68.504257
46.767536
-75.491409
51.344997
-76.006393
50.213642
-68.735466
44.105713
-64.197166
42.195442
-68.546638
46.693508
-75.436691
51.272041
-75.925392
50.017303
-68.630859
44.098202
-64.223450
42.297905
-68.569168
46.924179
-75.495705
51.438339
-75.894814
50.054855
-68.573456
44.135754
-64.144058
42.285564
-68.361565
46.832981
-75.289177
51.446922
-75.728516
50.043053
-68.369614
44.094448
-64.077538
42.217976
-68.517128
46.656494
-75.394852
51.284382
-75.812737
49.910015
-68.449539
43.900257
-64.081291
42.003399
-68.480118
46.303516
-75.359985
50.928719
-75.748901
49.509830
-68.387314
43.473785
-63.891930
41.689041
-68.231209
46.276157
-75.298828
51.033863
-75.741928
49.690075
-68.365852
43.761318
-64.009415
41.954044
-68.401794
46.447281
-75.371246
51.246830
-75.806305
49.909481
-68.465630
43.819790
-64.070564
42.110149
-68.513374
46.589439
-75.533257
51.135788
-75.865311
49.807018
-68.427544
43.735031
-64.226669
42.015736
-68.744049
46.429577
-75.715111
51.001141
-76.041801
49.594589
-68.652855
43.540840
-64.384384
41.743221
-68.922684
46.393635
-75.765533
50.980217
-76.043945
49.699730
-68.663582
43.787067
-64.377945
41.975502
-68.881378
46.599628
-75.814346
51.216251
-75.984398
49.712605
-68.535370
43.691578
-64.290504
42.104786
-68.812714
46.742859
-75.711349
51.347145
-75.920563
49.680954
-68.430229
43.569805
-64.164978
41.841393
-68.668945
46.559933
-75.516624
51.103600
-75.682388
49.479256
-68.250519
43.358448
-64.102753
41.809742
-68.634613
46.552425
-75.644836
51.196941
-75.890526
49.656281
-68.582039
43.559078
-64.461632
41.961555
-69.013878
46.626453
-75.885162
51.187820
-76.075600
49.631065
-68.663582
43.691578
-64.570526
42.194370
-69.085762
46.772900
-75.925392
51.236099
-76.037506
49.642868
-68.600815
43.581608
-64.485771
42.043629
-69.052498
46.677952
-75.896965
51.154026
-75.901787
49.477646
-68.434517
43.457691
-64.365074
41.854801
-68.928047
46.479465
-75.815956
51.071411
-75.860481
49.456188
-68.324547
43.353622
-64.267975
41.879478
-68.904976
46.562614
-75.727448
51.060684
-75.797180
49.533970
-68.436127
43.438377
-64.417641
41.782921
-69.009583
46.367886
-75.811668
50.691612
-75.732811
49.080139
-68.173271
43.048386
-64.153175
41.628426
-68.833633
46.468201
-75.686676
51.023132
-75.757484
49.405762
-68.283241
43.379372
-64.435883
42.008762
-69.174271
46.798115
-76.031075
51.207134
-75.958115
49.494274
-68.454903
43.542450
-64.493279
42.024853
-69.070206
46.612507
-75.928612
51.147587
-75.892670
49.356945
-68.379799
43.288712
-64.564095
42.042557
-69.279419
46.712818
-76.106171
51.077850
-76.002640
49.367138
-68.547173
43.336990
-64.541023
41.957798
-69.246696
46.739643
-76.120125
51.139542
-76.034828
49.371964
-68.437737
43.323582
-64.490601
41.921322
-69.172127
46.528820
-75.925392
50.902435
-75.786453
49.011475
-68.224770
42.966309
-64.440712
41.556541
-69.179100
46.279373
-76.032684
50.781734
-75.851898
48.949787
-68.331520
42.890671
-64.484161
41.619305
-69.238106
46.388809
-76.008003
50.928719
-75.759636
49.248047
-68.192047
43.179813
-64.353806
41.960484
-69.183929
46.777729
-76.038048
51.112720
-75.881401
49.220154
-68.333672
43.156746
-64.608078
41.895035
-69.368462
46.564224
-76.116905
50.947495
-76.062187
49.247513
-68.613693
43.282276
-64.810852
41.940632
-69.555145
46.712284
-76.319145
51.041374
-76.039658
49.199230
-68.452225
43.189468
-64.736824
41.964771
-69.500969
46.683853
-76.238678
51.036545
-76.033218
49.290962
-68.523033
43.282276
-64.854843
42.041485
-69.716614
46.660248
-76.506363
50.975391
-76.219902
49.109646
-68.602425
42.981869
-64.917068
41.766289
-69.758461
46.636646
-76.488121
51.141151
-76.239746
49.240536
-68.683426
43.158894
-64.980904
41.934196
-69.821220
46.699944
-76.633499
51.067123
-76.243500
49.071556
-68.628716
43.088619
-64.942818
41.853729
-69.764359
46.711208
-76.445740
51.064438
-76.055214
49.211033
-68.378731
43.202881
-64.739510
42.032364
-69.650635
46.904331
-76.414093
51.223225
-75.910912
49.193867
-68.278412
43.228630
-64.714836
42.170765
-69.659752
46.954220
-76.389412
51.270969
-75.933441
49.207813
-68.329910
43.221657
-64.836601
42.132679
-69.755241
46.857658
-76.362053
51.093945
-75.902863
49.043125
-68.330986
43.023708
-64.769012
41.980331
-69.679062
46.803478
-76.308952
50.996311
-75.864777
48.910625
-68.320259
42.958263
-64.863426
42.022709
-69.855019
46.762173
-76.600235
51.076778
-76.158211
49.136467
-68.608864
43.251160
-65.130035
42.203491
-69.998245
46.925251
-76.592728
51.201767
-76.112610
49.178848
-68.524109
43.125095
-65.027039
42.090302
-70.058327
46.830837
-76.669975
51.009724
-76.087936
48.901505
-68.500504
42.994205
-65.081223
42.060261
-70.064232
46.934906
-76.777260
51.178703
-76.192543
49.116081
-68.509621
43.040874
-64.962669
42.006081
-69.964455
46.823864
-76.591118
51.008114
-75.915199
48.887558
-68.264465
42.874577
-64.831238
41.995350
-69.908661
46.944561
-76.557320
51.057465
-75.951675
48.965878
-68.267151
42.863312
-64.870934
41.970139
-69.910271
46.799725
-76.526741
50.995239
-75.916809
48.905262
-68.358345
42.910519
-65.002365
41.954582
-70.010582
46.929543
-76.644760
51.123985
-76.039658
48.989483
-68.438278
43.069305
-65.213722
42.251770
-70.319038
47.184353
-76.987549
51.382011
-76.215607
49.051708
-68.473679
43.082180
-65.163834
42.204025
-70.197807
47.078674
-76.725227
51.259167
-75.944702
49.070484
-68.260178
43.120804
-64.999680
42.236214
-70.049210
47.031467
-76.677483
51.162071
-75.936661
49.082287
-68.269829
43.067162
-65.099464
42.259815
-70.191902
47.111931
-76.728981
51.317638
-75.965088
49.075851
-68.228523
42.987232
-64.993248
42.258743
-70.199951
47.188644
-76.851830
51.404545
-76.005325
49.138615
-68.330986
43.165329
-65.032402
42.359058
-70.096954
47.181133
-76.716110
51.376648
-75.883553
49.169727
-68.269295
43.154602
-65.167587
42.357986
-70.231598
47.307735
-76.660858
51.330513
-75.792892
49.050636
-68.202774
43.118660
-65.083366
42.493168
-70.234283
47.445599
-76.776726
51.455505
-75.990303
49.137005
-68.296654
43.107395
-65.222305
42.328480
-70.456367
47.233170
-77.012222
51.245220
-76.234383
48.905262
-68.553612
42.835957
-65.282921
42.191689
-70.479973
47.055607
-76.892601
51.104671
-75.908760
48.796898
-68.197411
42.778019
-65.170273
42.120876
-70.289536
46.961727
-76.700012
51.084824
-75.676483
48.860737
-67.922218
42.920712
-64.942284
42.359592
-70.211754
47.310951
-76.790672
51.339634
-75.798256
48.995918
-68.046669
43.122414
-65.037773
42.566124
-70.288460
47.538403
-76.813744
51.528461
-75.854584
49.080677
-68.124458
43.091301
-65.178322
42.383198
-70.397896
47.268036
-76.947853
51.337486
-75.876579
48.832840
-68.093880
42.795185
-65.189049
42.325798
-70.573311
47.549667
-77.034752
51.466232
-75.904472
49.128956
-68.265541
43.239361
-65.335495
42.734032
-70.533615
47.626381
-76.926392
51.373966
-75.631958
49.042053
-67.913101
43.751125
-65.126282
43.584827
-70.260567
48.950859
-76.539085
53.374359
-75.343887
51.597126
-67.554756
46.322826
-64.693909
46.381298
-69.878624
51.900215
-76.252625
56.355366
-75.056358
54.324394
-67.214111
48.850544
-64.337715
48.561939
-69.621666
53.706413
-76.045555
57.726509
-74.873428
55.244930
-67.148132
49.413273
-64.293190
48.920818
-69.655998
53.975708
-76.021416
57.846138
-74.822472
55.325932
-67.096634
49.368748
-64.353271
48.986801
-69.698914
53.981071
-76.161430
57.940014
-74.978035
55.432148
-67.202850
49.480328
-64.428909
49.002892
-69.930122
54.134495
-76.365814
57.982929
-75.072449
55.257805
-67.299408
49.234634
-64.587692
49.023277
-69.994492
54.167755
-76.322899
58.091827
-75.007538
55.464336
-67.177635
49.415955
-64.420860
48.996456
-69.827660
54.103920
-76.198441
58.097191
-74.920639
55.583961
-67.112190
49.679882
-64.377945
49.275406
-69.784744
54.089970
-76.293388
57.609566
-75.068161
54.329762
-67.147057
47.886017
-64.432663
47.732059
-69.939240
53.084145
-76.091156
57.253368
-74.516159
55.598984
-66.614372
50.668545
-63.801273
50.955006
-69.205383
56.552776
-75.599236
60.859329
-74.169617
58.509178
-66.360634
52.755302
-63.772842
52.661427
-69.256348
57.697540
-75.627129
61.592648
-74.290855
59.017189
-66.435204
52.972027
-63.725098
52.700050
-69.144768
57.691105
-75.542374
61.520226
-74.165329
58.887905
-66.324692
52.950031
-63.875839
52.659279
-69.445175
57.889587
-75.781090
61.684380
-74.297295
58.994659
-66.542488
53.139397
-64.031944
52.939838
-69.603424
58.020481
-76.062721
61.954208
-74.585899
59.299892
-66.663185
53.358803
-64.063057
52.955399
-69.661896
58.087536
-76.014442
61.966011
-74.517769
59.234447
-66.633682
53.256878
-64.228813
53.006897
-69.915100
57.958790
-76.270859
61.810978
-74.740929
59.077808
-66.901909
53.073414
-64.410133
52.880295
-69.903831
57.934650
-76.145874
61.746067
-74.532257
58.963547
-66.704498
53.087360
-64.188583
52.928574
-69.798157
58.050522
-76.136215
61.903782
-74.487732
59.093899
-66.609009
53.215572
-64.279243
53.268677
-69.860916
58.407253
-76.183418
62.234230
-74.505966
59.506962
-66.603645
53.559967
-64.290504
53.526169
-69.862526
58.600372
-76.058968
62.200970
-74.419067
59.290775
-66.590767
53.303009
-64.357559
53.216106
-69.905441
58.391697
-76.049850
62.160736
-74.249016
59.278435
-66.346687
53.368458
-64.117775
53.448921
-69.873795
58.617004
-76.107246
62.478310
-74.443741
59.545586
-66.571991
53.466087
-64.277092
53.442486
-69.917778
58.540291
-76.112076
62.195606
-74.264572
59.320278
-66.436813
53.373821
-64.376335
53.574451
-70.050819
58.831581
-76.071304
62.452026
-74.248474
59.584743
-66.417496
53.809410
-64.204674
53.852325
-69.869499
59.081024
-76.068085
62.675720
-74.336449
59.691498
-66.548927
53.920990
-64.413887
53.922066
-70.201561
59.076199
-76.303581
62.670357
-74.328407
59.489796
-66.410522
53.540653
-64.299629
53.797611
-70.010582
58.854649
-76.217216
62.515862
-74.327873
59.530029
-66.449150
53.650089
-64.355949
53.924747
-70.178490
59.006462
-76.235992
62.158054
-74.245796
58.920631
-66.338638
53.057320
-64.180534
53.329296
-69.893639
58.609493
-75.985474
62.249786
-73.939484
59.233376
-66.055397
53.378113
-64.010483
53.595371
-69.804588
58.865376
-76.043945
62.536247
-74.064476
59.258587
-66.212578
53.349682
-64.198242
53.466087
-70.007904
58.623978
-76.077744
62.214920
-74.109001
58.914730
-66.198631
52.997238
-64.173027
53.218254
-69.959084
58.390625
-75.972603
61.875889
-73.908371
58.708736
-66.033409
52.841133
-64.120453
53.249905
-69.953720
58.486649
-75.984398
61.968693
-73.908905
58.878788
-66.128891
53.125984
-64.337181
53.479500
-70.140938
58.729656
-76.168938
62.268028
-74.039261
59.064396
-66.172348
53.168365
-64.404236
53.468235
-70.195656
58.617538
-76.135681
62.052376
-74.087547
58.875031
-66.219017
53.139931
-64.379021
53.501495
-70.201019
58.693714
-76.110466
62.229401
-73.908371
59.059566
-66.113335
53.226299
-64.302849
53.681202
-70.111435
58.913654
-76.101349
62.205799
-73.920708
59.052059
-66.037697
53.281555
-64.203606
53.633995
-70.103928
58.909363
-76.015518
62.271244
-73.835953
59.128769
-65.961525
53.264923
-64.192337
53.530464
-70.076035
58.739311
-75.976357
62.191315
-73.715790
58.934040
-65.879448
53.182312
-64.181076
53.668865
-70.092659
58.880398
-76.031609
62.288948
-73.767822
58.934040
-65.947037
53.138859
-64.333420
53.580887
-70.326012
58.902927
-76.275688
62.277145
-74.048920
58.915802
-66.169662
53.103455
-64.534050
53.705341
-70.479973
59.205479
-76.349716
62.457390
-73.921249
58.923847
-66.032333
53.080925
-64.429985
53.530998
-70.462273
58.780617
-76.354012
62.121578
-73.935730
58.707127
-65.992638
53.036934
-64.420326
53.653843
-70.425789
58.956570
-76.313240
62.342590
-73.982941
59.001095
-66.126213
53.213963
-64.544777
53.702660
-70.498215
59.031136
-76.227943
62.375313
-73.855263
58.907219
-66.024826
53.225227
-64.478264
53.822289
-70.441887
59.005386
-76.249939
62.191315
-73.809669
58.795639
-65.896080
52.976852
-64.251350
53.616829
-70.206924
58.954426
-76.042336
62.339909
-73.640686
59.016117
-65.798447
53.297112
-64.399406
53.938156
-70.420425
59.231766
-76.184494
62.477238
-73.725983
59.007534
-65.874084
53.215572
-64.437492
53.845890
-70.563660
59.140572
-76.307343
62.356541
-73.705063
58.892735
-65.744804
53.190357
-64.463242
54.057785
-70.520203
59.311695
-76.227943
62.428421
-73.570412
58.850357
-65.720123
53.129204
-64.396721
53.902218
-70.438133
59.150227
-76.120125
62.393555
-73.544662
58.900246
-65.693306
53.151199
-64.322693
53.805122
-70.358734
59.034893
-76.082573
62.408573
-73.447571
59.063324
-65.612839
53.434975
-64.277092
54.080853
-70.465492
59.564362
-76.178596
62.706837
-73.472244
59.038109
-65.541489
53.189285
-64.302849
53.954250
-70.514839
59.339592
-76.230629
62.677330
-73.507111
59.105701
-65.713684
53.344318
-64.595741
54.115185
-70.798622
59.471554
-76.385124
62.682159
-73.608498
59.104630
-65.721199
53.211281
-64.600571
53.942986
-70.869965
59.335300
-76.466125
62.544830
-73.603134
59.040257
-65.722809
53.311592
-64.522789
54.115719
-70.786819
59.564896
-76.415161
62.597939
-73.558075
58.856792
-65.701347
53.031570
-64.588768
53.858227
-70.802910
59.222645
-76.382980
62.247643
-73.609039
58.807976
-65.710472
53.274044
-64.665482
54.181702
-70.823296
59.501595
-76.382439
62.659630
-73.573631
59.111065
-65.725487
53.370068
-64.570526
54.176876
-70.821152
59.580990
-76.331482
62.537857
-73.406265
58.854111
-65.810249
53.295502
-64.683182
53.960152
-70.820610
59.107311
-76.314316
62.004635
-73.360130
58.193752
-65.507690
52.486546
-64.522789
53.432831
-70.802910
58.865913
-76.354012
61.998196
-73.334381
58.271000
-65.501259
52.779980
-64.578575
53.858227
-70.791107
59.269318
-76.285347
62.296459
-73.324188
58.488258
-65.458878
52.928040
-64.532440
54.040619
-70.808273
59.394306
-76.215607
62.397846
-73.268936
58.731804
-65.575821
53.190357
-64.731461
54.308304
-71.021782
59.663601
-76.473099
62.556095
-73.400902
58.794567
-65.648781
53.342709
-64.838753
54.493912
-71.102242
59.851891
-76.543907
62.708447
-73.478683
58.744675
-65.670235
53.193039
-64.730927
54.252514
-71.049675
59.502132
-76.596481
62.411793
-73.607430
58.616467
-65.712074
52.946815
-64.850555
53.974636
-71.159645
59.379288
-76.517090
62.249252
-73.420212
58.420128
-65.697060
52.978462
-64.957840
54.207989
-71.313606
59.675404
-76.665680
62.527126
-73.474930
58.634705
-65.695984
53.114182
-64.953011
54.346390
-71.271225
59.768208
-76.724152
62.722931
-73.458298
58.942085
-65.570992
53.343243
-64.840897
54.456898
-71.141403
59.903927
-76.424820
62.757263
-73.252838
58.816025
-65.485703
53.234344
-64.831238
54.316887
-71.116196
59.609959
-76.461296
62.599010
-73.437912
58.765598
-65.685791
53.179630
-64.991096
54.407543
-71.382271
59.836334
-76.614182
62.563606
-73.337601
58.721073
-65.560265
53.179630
-64.994316
54.477283
-71.452003
60.013363
-76.825539
62.816269
-73.578461
58.289238
-65.789864
52.119621
-65.261467
53.086288
-71.681602
58.356293
-77.154915
60.889908
-74.055893
56.399353
-66.502258
50.431976
-66.107437
51.208740
-72.709961
56.105385
-78.043266
58.487720
-74.885231
53.956932
-67.422256
47.948780
-66.958229
48.870930
-73.416458
54.094799
-78.832375
56.620903
-75.572952
52.501568
-67.821365
46.951000
-67.309601
48.366673
-73.826836
53.736992
-79.192863
56.475529
-75.870674
52.416809
-68.092804
46.930080
-67.581581
48.335022
-74.018883
53.583035
-79.284058
56.281334
-75.956505
52.371750
-68.134651
46.809917
-67.604111
48.119373
-73.921249
53.469845
-79.251869
56.263634
-75.909836
52.253731
-68.137329
46.816353
-67.613762
48.154243
-74.105782
53.580887
-79.248116
56.290455
-75.809525
52.359947
-67.879303
46.897354
-67.340179
48.348434
-73.768364
53.687641
-78.973457
56.431541
-75.564903
52.430756
-67.842827
46.975140
-67.517204
48.450893
-74.163185
54.045982
-79.497025
56.805439
-76.100273
52.770859
-68.209213
47.108715
-67.733925
48.385986
-74.279053
53.827114
-79.499702
56.395061
-76.031609
52.386230
-68.376587
47.023956
-67.997322
48.501320
-74.426575
53.842136
-79.584465
56.501812
-76.097588
52.506393
-68.354057
47.025566
-67.990883
48.458942
-74.491486
53.973564
-79.604309
56.598907
-76.003716
52.497810
-68.212433
47.058289
-67.814392
48.524387
-74.289780
53.853935
-79.397781
56.464798
-75.748901
52.437195
-67.849800
46.878582
-67.439423
48.314102
-73.929832
53.848572
-79.045341
56.376823
-75.409874
52.114258
-67.628784
46.704235
-67.376656
48.367744
-73.914276
53.793320
-79.076454
56.509323
-75.658783
52.356728
-67.843361
46.928471
-67.523102
48.317856
-74.017273
53.592690
-79.043732
56.105385
-75.406120
52.118546
-67.647560
46.741253
-67.378799
48.334488
-74.011368
53.925285
-79.153160
56.413300
-75.558464
52.273579
-67.796150
46.782021
-67.606789
48.319466
-74.162109
53.752548
-79.393486
56.391308
-75.756416
52.175945
-67.931335
46.759491
-67.656677
48.331268
-74.345039
53.871639
-79.397247
56.358047
-75.628204
52.093872
-67.857841
46.799725
-67.722122
48.541553
-74.338600
53.999313
-79.436943
56.580135
-75.802551
52.382477
-68.020386
46.883945
-67.804741
48.539406
-74.319824
53.937084
-79.356476
56.451389
-75.692574
52.158779
-67.946358
46.777729
-67.818687
48.564621
-74.449638
53.989655
-79.295860
56.365021
-75.553101
52.221008
-67.816002
46.836201
-67.722664
48.574276
-74.300514
54.124302
-79.242752
56.548485
-75.409874
52.308983
-67.614838
46.953682
-67.527931
48.662254
-74.268860
54.057247
-79.157990
56.448708
-75.297218
52.212425
-67.583183
46.845322
-67.576752
48.667080
-74.251160
54.193504
-79.233093
56.421883
-75.436691
52.163071
-67.708176
46.783092
-67.738754
48.488445
-74.400291
53.791710
-79.171936
56.131134
-75.295609
51.923283
-67.675453
46.690289
-67.739830
48.387596
-74.372932
53.870029
-79.181061
56.207844
-75.194756
51.888412
-67.464096
46.667221
-67.558510
48.531361
-74.312851
53.947815
-79.258308
56.317814
-75.399681
51.964588
-67.682968
46.637718
-67.731781
48.489517
-74.409409
53.809948
-79.129562
56.023308
-75.111610
51.686176
-67.397575
46.477859
-67.494141
48.383305
-74.150307
53.807266
-78.915520
56.204086
-75.025780
51.965660
-67.391144
46.798649
-67.567093
48.614510
-74.208244
54.065830
-78.938583
56.322105
-74.910980
51.948494
-67.384163
47.035759
-67.675987
49.044735
-74.460373
54.133423
-79.197151
55.818386
-75.174377
50.990948
-67.630394
45.303051
-67.901833
46.835667
-74.592873
51.883587
-79.414413
53.512222
-75.393776
48.513657
-67.906128
43.161575
-68.166832
45.049850
-74.879868
50.238319
-79.584465
52.359409
-75.584213
47.863487
-67.978546
42.590801
-68.212967
44.335846
-75.007538
49.729771
-79.792068
51.922745
-75.657707
47.410194
-68.033264
42.278591
-68.355659
44.258598
-75.122337
49.695438
-79.755051
51.831551
-75.608353
47.368889
-68.113731
42.373543
-68.449539
44.390564
-75.209244
49.739429
-79.892914
52.021988
-75.781090
47.607605
-68.153961
42.485657
-68.376587
44.510189
-75.050453
49.989944
-79.615044
52.149124
-75.387878
47.684853
-67.910950
42.075279
-68.405556
43.269398
-75.057426
48.249191
-79.640785
50.184673
-75.398605
45.549278
-67.794006
40.307167
-68.106216
42.332237
-74.790283
48.804947
-79.455177
51.532753
-75.275764
47.233170
-67.723198
42.304878
-68.203316
44.515018
-75.057426
50.037155
-79.694435
52.315422
-75.331017
47.925179
-67.808495
42.834347
-68.417351
44.834736
-75.209778
50.303764
-79.753441
52.383549
-75.530571
47.905865
-68.369072
43.033901
-69.337349
45.309486
-76.314850
50.835915
-80.786095
52.805729
-76.413017
48.131714
-68.667336
42.888527
-68.948433
45.019810
-75.694725
50.668545
-80.211029
52.862591
-75.869606
48.352188
-68.333130
43.349331
-68.947891
45.609360
-75.952751
51.292427
-80.769997
53.458042
-76.629738
49.010403
-68.903374
43.794041
-69.255272
45.700554
-76.071304
51.223763
-80.771072
53.399570
-76.222046
48.738964
-68.399651
43.442669
-68.554680
45.362061
-75.077812
50.654060
-79.479858
52.725800
-74.784920
48.055000
-66.722198
42.776409
-67.189438
44.871216
-74.165863
50.484009
-78.818962
52.666256
-74.354156
48.135468
-66.593452
42.867603
-67.169052
45.008007
-74.218971
50.851471
-79.097908
53.102917
-74.704453
48.261532
-66.979156
43.263500
-67.836922
45.894211
-75.236603
51.613754
-80.166504
53.796539
-75.838493
49.162754
-68.344933
44.098740
-69.264931
46.295467
-76.614182
52.122303
-81.500633
54.456360
-77.115219
49.860126
-69.527252
44.775730
-70.283638
47.180595
-77.514870
53.176411
-82.235558
55.353828
-77.706917
50.557503
-69.946747
45.293396
-70.587799
47.533039
-77.592651
53.260094
-82.120224
55.294281
-77.466591
50.385841
-69.668335
45.117977
-70.366783
47.259453
-77.468201
53.049274
-82.088036
55.155346
-77.417778
50.379402
-69.606644
45.046631
-70.255737
47.155384
-77.456398
52.975246
-82.092331
54.928967
-77.192467
49.989944
-69.367928
44.876579
-70.095879
47.179523
-77.219292
52.970955
-81.706093
55.024990
-76.992378
50.090260
-69.306236
44.923248
-70.117874
47.091011
-77.331947
52.801975
-81.876144
54.691322
-77.095375
49.708313
-69.314285
44.478004
-70.115189
46.935978
-77.313705
52.601345
-81.809090
54.505714
-77.151695
49.678272
-69.476830
44.616405
-70.206390
46.929543
-77.394173
52.707024
-81.890091
54.674694
-77.015976
49.663788
-69.217186
44.617477
-70.077644
47.113007
-77.351791
52.824505
-81.927101
54.617828
-77.083572
49.559719
-69.338425
44.387344
-70.239113
46.729984
-77.435478
52.411446
-81.821426
54.367847
-77.029388
49.564011
-69.336815
44.203346
-70.183319
46.199982
-77.348038
51.507004
-81.809624
53.287991
-76.968239
48.189110
-69.129211
42.761391
-70.053505
44.982796
-77.279907
50.397644
-81.655128
51.995167
-76.681778
47.267502
-69.101318
42.383736
-70.140404
44.791821
-77.456398
50.509224
-81.979141
52.331516
-77.140968
47.213856
-69.514374
42.232456
-70.470314
44.756954
-77.733742
50.502785
-82.065506
52.226910
-77.052994
47.105495
-69.389389
42.163258
-70.391457
44.770901
-77.683311
50.496346
-82.073013
52.156097
-77.037971
47.054531
-69.390457
42.190079
-70.485336
44.905010
-77.809380
50.700195
-82.015083
52.276798
-76.884018
46.993916
