-178.661545
-245.792938
-169.670792
-245.492523
-178.095062
-245.584793
-213.235779
-246.256958
-215.316635
-246.254272
-178.788681
-245.405090
-169.606949
-245.100922
-177.895508
-245.182999
-212.978287
-245.863205
-215.496338
-245.869110
-178.950150
-245.009720
-169.589249
-244.701279
-177.699707
-244.791931
-212.675186
-245.468384
-215.633667
-245.486084
-179.067093
-244.633148
-169.552231
-244.319321
-177.489960
-244.396576
-212.376389
-245.071411
-215.831085
-245.097702
-179.227493
-244.244766
-169.513611
-243.922897
-177.302750
-243.996918
-212.093155
-244.669083
-215.995239
-244.702347
-179.378235
-243.850479
-169.480347
-243.528076
-177.117126
-243.603180
-211.836731
-244.275879
-216.194794
-244.319321
-179.550430
-243.467453
-169.435287
-243.142914
-176.900406
-243.216934
-211.530960
-243.887497
-216.368057
-243.935226
-179.687759
-243.083893
-169.387543
-242.753983
-176.729828
-242.817291
-211.278305
-243.489456
-216.536499
-243.555435
-179.870148
-242.703033
-169.378418
-242.366684
-176.564056
-242.431046
-210.995590
-243.093552
-216.696899
-243.165970
-180.011780
-242.318405
-169.345169
-241.976151
-176.351624
-242.033005
-210.684998
-242.693909
-216.847641
-242.778122
-180.139450
-241.932159
-169.287766
-241.585617
-176.161728
-241.639267
-210.379761
-242.297470
-216.998917
-242.393494
-180.318619
-241.537338
-169.264694
-241.195618
-175.976120
-241.250885
-210.072906
-241.910172
-217.167358
-242.008331
-180.470963
-241.161835
-169.214813
-240.810989
-175.798019
-240.855515
-209.768219
-241.512131
-217.343842
-241.619949
-180.665161
-240.773987
-169.195496
-240.416718
-175.653717
-240.462845
-209.494095
-241.115158
-217.407150
-241.230499
-180.752060
-240.386673
-169.126297
-240.032623
-175.455780
-240.074463
-209.164185
-240.717651
-217.532669
-240.846405
-180.900650
-240.004730
-169.103760
-239.645309
-175.280899
-239.684998
-208.845535
-240.330887
-217.653915
-240.468750
-181.048721
-239.622238
-169.044754
-239.252640
-175.077042
-239.289642
-208.492020
-239.937134
-217.789093
-240.085190
-181.209641
-239.241364
-168.970184
-238.874985
-174.894119
-238.909317
-208.183563
-239.542313
-217.906036
-239.696274
-181.385071
-238.860489
-168.938004
-238.484451
-174.724060
-238.513947
-207.871887
-239.144272
-218.019226
-239.307343
-181.549210
-238.465668
-168.899384
-238.088013
-174.544357
-238.115906
-207.563980
-238.749985
-218.147430
-238.926483
-181.747162
-238.088562
-168.915482
-237.702850
-174.456375
-237.726990
-207.337067
-238.356781
-218.284225
-238.539169
-181.915070
-237.704468
-168.873093
-237.319839
-174.279358
-237.340225
-206.998032
-237.968933
-218.423706
-238.159363
-182.105499
-237.325195
-168.809799
-236.928238
-174.076584
-236.944855
-206.676697
-237.568741
-218.541183
-237.770447
-182.266968
-236.940567
-168.767960
-236.542526
-173.934967
-236.559158
-206.354294
-237.178741
-218.614670
-237.379913
-182.441849
-236.548965
-168.773849
-236.146637
-173.826599
-236.159515
-206.115585
-236.781250
-218.727325
-237.004410
-182.612442
-236.174530
-168.694458
-235.765228
-173.602371
-235.777023
-205.728806
-236.389099
-218.830322
-236.616028
-182.785172
-235.784531
-168.636520
-235.381668
-173.432312
-235.382202
-205.402115
-235.998581
-218.923660
-236.241592
-182.954163
-235.412247
-168.609695
-234.994888
-173.282654
-235.004013
-205.090439
-235.613953
-219.006287
-235.852661
-183.141907
-235.034592
-168.600052
-234.610260
-173.145859
-234.609726
-204.773941
-235.213226
-219.071182
-235.468033
-183.305527
-234.646744
-168.578049
-234.220276
-172.983307
-234.220810
-204.436523
-234.824310
-219.186523
-235.083939
-183.510986
-234.264801
-168.559814
-233.836182
-172.863693
-233.837250
-204.131287
-234.434311
-219.269669
-234.705750
-183.701416
-233.884460
-168.550156
-233.450485
-172.733337
-233.446716
-203.821762
-234.044861
-219.388229
-234.318985
-183.931015
-233.499298
-168.537277
-233.064774
-172.600830
-233.058868
-203.526184
-233.655930
-219.482635
-233.940247
-184.125214
-233.131836
-168.518509
-232.684982
-172.450623
-232.671570
-203.219864
-233.261108
-219.605484
-233.554016
-184.375732
-232.748276
-168.516357
-232.304642
-172.363190
-232.285858
-202.943604
-232.871124
-219.683807
-233.174210
-184.576889
-232.370087
-168.494904
-231.914642
-172.214584
-231.897476
-202.612076
-232.480591
-219.730469
-232.785828
-184.740509
-231.984924
-168.484177
-231.530548
-172.097107
-231.511780
-202.308456
-232.087387
-219.850632
-232.406021
-185.000687
-231.606186
-168.486862
-231.147537
-171.994110
-231.126617
-201.990341
-231.690414
-219.913406
-232.016571
-185.202377
-231.227463
-168.446625
-230.767197
-171.828354
-230.739838
-201.674911
-231.305786
-219.935928
-231.642670
-185.357422
-230.853027
-168.401031
-230.382034
-171.694778
-230.355209
-201.324615
-230.920090
-219.994400
-231.256439
-185.563416
-230.462494
-168.391373
-229.986679
-171.592850
-229.959854
-200.995789
-230.521500
-220.061462
-230.873947
-185.781204
-230.087524
-168.373672
-229.604721
-171.446945
-229.574692
-200.667480
-230.133118
-220.137634
-230.490936
-186.047287
-229.709335
-168.428925
-229.225998
-171.378281
-229.190063
-200.350983
-229.735077
-220.202011
-230.103622
-186.262924
-229.330612
-168.378494
-228.841904
-171.248459
-228.807571
-200.052185
-229.352600
-220.284088
-229.725967
-186.557968
-228.951340
-168.349533
-228.450836
-171.117569
-228.415970
-199.707779
-228.958313
-220.297501
-229.342941
-186.759140
-228.576370
-168.359177
-228.071045
-171.014572
-228.027054
-199.396652
-228.565643
-220.305008
-228.950806
-186.928116
-228.188522
-168.345779
-227.686951
-170.890656
-227.648865
-199.084442
-228.175644
-220.405319
-228.570999
-187.232285
-227.814087
-168.320557
-227.306076
-170.742065
-227.255646
-198.753998
-227.788879
-220.390305
-228.189590
-187.423248
-227.439117
-168.305542
-226.924667
-170.647110
-226.877457
-198.421402
-227.400482
-220.397812
-227.802826
-187.609940
-227.056625
-168.303925
-226.535736
-170.516754
-226.488541
-198.063049
-227.011032
-220.465942
-227.427307
-168.330750
-226.153793
-170.450241
-226.101761
-197.787857
-226.616211
-220.536209
-227.037323
-188.173203
-226.304535
-168.343094
-225.782578
-170.333298
-225.723572
-197.468140
-226.231049
-220.539429
-226.659668
-188.383484
-225.926880
-168.350067
-225.392044
-170.239410
-225.334106
-197.137161
-225.839981
-220.592545
-226.282013
-188.662430
-225.553513
-168.345779
-225.013855
-170.149826
-224.951096
-196.841583
-225.449982
-220.631699
-225.901672
-188.882370
-225.177475
-168.329147
-224.629761
-170.054337
-224.575592
-196.551361
-225.069107
-220.642960
-225.517578
-189.135574
-224.801971
-168.364548
-224.249435
-169.978699
-224.181839
-196.247192
-224.673218
-220.686417
-225.136169
-189.432220
-224.422165
-168.368835
-223.863724
-169.889648
-223.803116
-195.943039
-224.290741
-220.710556
-224.757446
-189.656464
-224.050949
-168.374207
-223.490356
-169.802750
-223.424377
-195.643173
-223.904495
-220.705185
-224.378708
-189.893036
-223.674896
-168.379562
-223.105728
-169.707794
-223.034393
-195.327744
-223.515579
-220.690170
-223.993011
-190.131744
-223.300995
-168.360260
-222.732376
-169.612320
-222.658875
-194.997284
-223.127197
-220.674072
-223.609451
-190.340424
-222.917450
-168.346313
-222.345596
-169.500198
-222.271027
-194.677032
-222.742035
-220.628479
-223.237167
-190.589340
-222.546219
-168.349533
-221.965256
-169.404175
-221.891769
-194.369659
-222.353104
-220.644577
-222.850922
-190.817856
-222.168030
-168.339340
-221.579559
-169.312973
-221.501236
-194.055832
-221.958817
-220.565186
-222.465759
-191.041550
-221.787155
-168.318954
-221.195999
-169.192810
-221.118759
-193.729141
-221.575806
-220.571609
-222.087036
-191.315140
-221.417557
-168.316803
-220.819962
-169.112350
-220.738419
-193.425522
-221.186340
-220.502945
-221.697037
-191.545273
-221.040970
-168.327530
-220.440689
-168.992188
-220.353790
-193.077362
-220.800644
-220.462723
-221.318848
-191.748581
-220.662781
-168.352753
-220.058746
-168.915482
-219.971848
-192.765152
-220.408508
-220.438583
-220.940125
-192.002869
-220.284058
-168.359177
-219.674652
-168.843597
-219.594727
-192.521072
-220.030853
-220.443405
-220.565689
-192.278061
-219.927322
-168.398346
-219.307190
-168.767960
-219.208481
-192.179901
-219.640320
-220.411224
-220.176224
-192.515167
-219.536789
-168.386536
-218.923630
-168.671936
-218.832977
-191.882156
-219.256226
-220.386551
-219.796967
-192.771057
-219.162354
-168.406387
-218.537399
-168.588776
-218.444061
-191.552780
-218.871063
-220.307144
-219.418228
-192.988312
-218.794357
-168.410141
-218.164032
-168.488464
-218.059433
-191.262573
-218.477844
-220.268524
-219.039505
-193.281219
-218.419922
-168.410141
-217.792282
-168.400497
-217.686066
-190.941772
-218.089996
-220.204697
-218.652191
-193.515640
-218.045486
-168.427841
-217.402817
-168.328613
-217.299286
-190.640823
-217.707520
-220.145142
-218.275620
-193.746307
-217.673721
-168.454132
-217.028381
-168.231506
-216.918411
-190.322189
-217.318604
-220.111343
-217.896347
-194.029556
-217.298218
-168.504028
-216.649658
-168.202011
-216.539154
-190.035187
-216.938797
-220.088287
-217.516541
-194.358917
-216.923782
-168.559280
-216.273071
-168.150513
-216.161499
-189.743362
-216.556854
-220.027664
-217.144257
-194.647537
-216.561142
-168.605942
-215.899170
-168.109207
-215.780624
-189.464417
-216.166321
-219.958466
-216.755875
-194.909317
-216.179733
-168.631699
-215.520981
-168.053406
-215.412628
-189.180634
-215.791351
-219.880142
-216.384659
-195.165192
-215.817093
-168.647247
-215.143326
-167.983139
-215.024780
-188.884521
-215.405106
-219.807724
-216.001633
-195.445755
-215.443207
-168.699829
-214.765671
-167.920380
-214.645508
-188.607178
-215.014587
-219.740662
-215.621841
-195.688766
-215.068222
-168.737381
-214.391235
-167.883362
-214.270004
-188.355057
-214.636398
-219.667709
-215.238815
-195.931229
-214.693787
-168.772247
-214.013046
-167.809326
-213.886444
-188.053040
-214.249084
-219.593140
-214.857941
-196.304062
-214.321503
-168.810333
-213.628952
-167.709015
-213.502350
-187.736542
-213.861237
-219.472977
-214.484039
-196.512207
-213.953506
-168.847351
-213.258804
-167.640350
-213.131134
-187.483871
-213.482498
-219.396271
-214.097809
-196.728928
-213.574234
-168.869873
-212.880615
-167.584564
-212.747574
-187.156113
-213.092514
-219.282013
-213.717468
-196.994461
-213.203552
-168.910110
-212.501358
-167.507309
-212.374222
-186.862137
-212.710571
-219.190811
-213.334442
-197.305603
-212.829117
-168.972336
-212.124771
-167.469757
-211.993347
-186.612686
-212.332367
-219.100159
-212.961624
-197.577576
-212.463806
-169.020081
-211.756241
-167.399490
-211.616226
-186.302094
-211.948822
-218.995544
-212.584503
-197.919281
-212.093124
-169.103226
-211.377502
-167.364090
-211.236420
-186.047287
-211.563110
-218.884506
-212.202560
-198.152634
-211.721909
-169.163849
-211.003601
-167.324921
-210.863602
-185.776382
-211.188141
-218.789551
-211.821686
-198.384918
-211.345322
-169.250214
-210.627563
-167.318481
-210.480576
-185.447540
-210.797607
-218.762192
-211.440811
-198.644562
-210.973572
-169.322098
-210.248840
-167.363007
-210.106674
-185.232956
-210.416199
-218.685486
-211.065292
-199.109650
-210.608246
-169.468002
-209.880295
-167.262695
-209.730637
-185.023743
-210.034256
-218.441406
-210.683884
-199.234100
-210.235962
-169.387543
-209.502640
-167.096405
-209.357269
-184.635895
-209.655533
-218.278870
-210.301941
-199.479797
-209.864746
-169.476593
-209.131424
-167.145218
-208.976929
-184.419174
-209.264999
-218.236481
-209.925903
-199.841888
-209.494598
-169.603195
-208.755920
-167.139847
-208.597672
-184.238937
-208.889496
-218.174789
-209.553604
-200.132111
-209.124451
-169.647720
-208.376648
-167.092651
-208.216797
-183.926727
-208.503250
-217.995087
-209.170593
-200.391205
-208.755386
-169.726044
-208.002747
-167.042221
-207.842361
-183.703568
-208.123459
-217.866882
-208.788635
-200.639053
-208.381485
-169.780212
-207.630463
-166.967651
-207.466309
-183.406372
-207.742035
-217.716675
-208.409378
-200.875626
-208.012405
-165.749390
-187.728455
-172.403961
-187.780487
-206.370392
-188.449966
-213.619324
-188.556183
-176.991608
-187.701630
-165.758514
-187.358841
-172.261795
-187.413025
-206.083389
-188.077682
-213.786163
-188.185501
-177.163269
-187.340607
-165.709167
-186.992462
-172.089066
-187.034302
-205.769043
-187.696274
-213.953003
-187.823410
-177.367645
-186.975296
-165.738663
-186.626068
-171.968369
-186.667908
-205.522812
-187.321289
-214.132172
-187.458618
-177.559158
-186.610504
-165.722580
-186.254318
-171.847122
-186.292404
-205.303406
-186.949005
-214.260376
-187.093842
-177.740479
-186.245193
-165.716141
-185.880951
-171.687805
-185.916351
-205.008362
-186.570816
-214.443848
-186.721558
-177.963104
-185.880417
-165.724716
-185.514023
-171.569794
-185.551575
-204.755173
-186.201202
-214.652512
-186.365891
-178.210938
-185.522614
-165.738663
-185.149246
-171.431931
-185.180359
-204.500351
-185.823013
-214.803253
-185.991989
-178.389038
-185.155685
-165.720428
-184.779099
-171.295135
-184.808060
-204.214966
-185.454483
-214.956146
-185.633652
-178.611130
-184.789825
-165.746170
-184.414856
-171.189453
-184.439529
-203.982697
-185.080582
-215.131561
-185.267792
-178.791367
-184.429337
-165.760117
-184.042023
-171.076263
-184.064560
-203.727875
-184.703461
-215.306442
-184.903549
-179.030090
-184.065628
-165.803040
-183.679398
-170.983994
-183.698166
-203.477356
-184.331177
-215.487762
-184.547897
-179.292938
-183.706757
-165.852921
-183.303879
-170.895477
-183.328568
-203.205383
-183.962631
-215.634735
-184.178818
-179.515030
-183.347870
-165.869019
-182.946075
-170.770493
-182.959488
-202.903366
-183.588196
-215.764557
-183.810287
-179.714050
-182.977188
-165.862045
-182.573257
-170.693237
-182.595779
-202.651245
-183.218048
-215.956604
-183.446579
-179.974228
-182.619385
-165.880280
-182.211151
-170.570938
-182.217590
-202.373901
-182.844696
-216.135773
-183.081253
-180.218307
-182.252457
-165.875458
-181.840469
-170.456665
-181.854416
-202.085297
-182.477768
-216.262375
-182.723450
-180.480087
-181.898941
-165.936081
-181.480515
-170.388000
-181.488571
-201.856232
-182.099030
-216.354111
-182.359741
-180.673737
-181.540604
-165.913010
-181.119492
-170.251221
-181.115738
-201.549393
-181.721375
-216.479645
-181.989609
-180.885635
-181.173141
-165.882965
-180.741837
-170.098862
-180.742905
-201.226456
-181.350693
-216.633057
-181.627502
-181.139908
-180.810501
-165.880280
-180.380814
-169.979233
-180.371155
-200.935699
-180.971970
-216.703339
-181.257889
-181.329269
-180.447327
-165.903351
-180.010666
-169.877319
-180.005310
-200.605255
-180.604507
-216.837448
-180.900620
-181.586227
-180.090591
-165.942520
-179.649643
-169.836548
-179.639984
-200.408920
-180.225784
-216.962433
-180.524048
-181.846939
-179.716690
-165.992935
-179.274673
-169.739456
-179.259644
-200.088120
-179.857239
-217.096542
-180.168915
-182.101212
-179.362106
-165.997772
-178.912567
-169.658981
-178.899155
-199.849945
-179.480133
-217.232803
-179.798233
-182.369965
-178.998398
-166.031570
-178.544571
-169.559204
-178.530090
-199.543091
-179.114807
-217.334732
-179.440430
-182.601181
-178.646500
-166.042831
-178.186768
-169.480347
-178.163162
-199.294189
-178.740906
-217.440399
-179.075653
-182.843109
-178.280640
-166.021378
-177.818222
-169.376282
-177.799454
-199.015244
-178.375595
-217.513367
-178.715698
-183.078079
-177.924988
-166.050339
-177.453979
-169.262009
-177.427170
-198.715363
-178.001694
-217.609924
-178.351456
-183.330734
-177.561813
-166.084671
-177.088669
-169.179947
-177.061844
-198.405304
-177.628860
-217.741882
-177.992569
-183.607010
-177.204010
-166.111496
-176.720673
-169.076950
-176.693848
-198.111877
-177.251755
-217.848099
-177.617599
-183.890778
-176.837616
-166.107208
-176.358566
-168.978241
-176.331757
-197.804489
-176.888580
-217.899597
-177.259796
-184.101074
-176.482483
-166.139389
-175.995407
-168.894547
-175.960526
-197.521790
-176.510391
-218.004211
-176.896622
-184.361237
-176.125214
-166.154404
-175.627396
-168.815689
-175.592529
-197.263214
-176.138626
-218.064285
-176.525940
-184.595673
-175.759903
-166.150116
-175.259399
-168.716995
-175.227753
-196.922043
-175.770096
-218.152802
-176.165985
-184.906799
-175.406921
-166.183380
-174.899979
-168.576447
-174.860291
-196.563705
-175.398880
-218.245605
-175.806030
-185.070953
-175.047501
-166.279938
-174.538956
-168.598969
-174.496582
-196.348587
-175.029266
-218.425308
-175.448227
-185.431976
-174.689163
-166.386688
-174.181686
-168.590927
-174.135025
-196.153854
-174.656448
-218.563171
-175.085602
-185.766190
-174.337799
-166.480560
-173.816910
-168.571609
-173.765945
-195.918365
-174.290588
-218.651154
-174.719742
-186.054260
-173.974091
-166.506317
-173.449982
-168.502945
-173.397415
-195.641556
-173.917755
-218.699966
-174.359253
-186.319260
-173.618958
-166.496658
-173.090561
-168.384933
-173.037994
-195.320770
-173.549759
-218.731628
-173.989105
-186.545639
-173.256866
-166.477341
-172.724182
-168.298035
-172.668930
-194.978516
-173.178543
-218.767029
-173.629150
-186.847656
-172.895844
-166.506851
-172.360474
-168.222397
-172.302002
-194.647537
-172.803574
-218.764343
-173.269745
-187.046127
-172.543396
-166.502029
-171.993546
-168.123154
-171.934006
-194.346588
-172.432358
-218.820129
-172.895844
-187.333130
-172.177002
-166.514893
-171.630905
-168.050735
-171.569214
-194.051010
-172.060593
-218.823349
-172.537491
-187.581497
-171.819199
-166.521332
-171.272568
-167.950958
-171.208725
-193.725388
-171.696350
-218.853394
-172.175934
-187.867432
-171.466217
-166.550842
-170.905106
-167.884964
-170.841797
-193.465744
-171.328354
-218.874313
-171.818665
-188.144226
-171.119141
-166.593750
-170.546219
-167.836685
-170.473267
-193.157837
-170.953918
-218.909180
-171.446915
-188.447861
-170.755432
-166.632919
-170.177689
-167.768555
-170.112778
-192.861176
-170.585922
-218.917770
-171.088028
-188.719299
-170.399780
-166.666168
-169.823105
-167.707413
-169.744247
-192.621384
-170.212555
-218.952637
-170.724854
-189.027206
-170.044647
-205.589340
-149.182968
-171.328384
-148.358994
-166.029419
-148.149246
-178.146561
-148.331100
-213.954071
-149.040268
-205.867218
-148.829987
-171.416367
-148.007629
-165.990250
-147.787140
-177.963104
-147.968460
-213.784012
-148.680313
-206.086075
-148.474869
-171.541351
-147.649811
-165.959686
-147.431488
-177.737793
-147.606369
-213.572128
-148.315536
-206.344101
-148.122421
-171.680832
-147.300049
-165.940369
-147.076889
-177.535019
-147.251770
-213.390274
-147.966858
-206.640762
-147.783386
-171.834259
-146.955124
-165.965042
-146.726593
-177.362289
-146.894501
-213.228271
-147.604218
-206.887527
-147.421829
-171.968369
-146.590347
-165.977386
-146.367722
-177.207260
-146.527573
-213.063583
-147.240509
-207.160568
-147.070999
-172.093887
-146.244873
-165.914612
-146.009384
-176.978195
-146.169235
-212.855438
-146.883774
-207.397141
-146.726593
-172.223175
-145.892975
-165.931244
-145.660156
-176.790970
-145.807678
-212.627991
-146.523285
-207.609039
-146.375229
-172.378204
-145.537842
-165.950562
-145.295914
-176.611801
-145.447189
-212.429504
-146.161194
-207.880478
-146.020111
-172.519821
-145.181107
-165.934464
-144.943466
-176.469650
-145.093674
-212.279297
-145.803925
-208.128311
-145.673569
-172.689346
-144.836716
-165.959137
-144.594238
-176.313004
-144.738007
-212.124802
-145.450943
-208.387421
-145.329163
-172.856705
-144.486420
-165.951630
-144.235901
-176.120422
-144.372162
-211.913986
-145.080261
-208.663681
-144.972977
-172.992432
-144.134506
-165.954315
-143.877014
-175.956802
-144.010590
-211.708527
-144.719772
-208.825150
-144.618912
-173.123856
-143.779922
-165.959137
-143.528870
-175.783539
-143.661911
-211.496094
-144.372162
-209.095520
-144.273453
-173.264938
-143.426941
-165.937683
-143.168915
-175.617249
-143.297668
-211.289566
-144.006836
-209.273621
-143.926910
-173.410324
-143.077728
-165.958069
-142.818619
-175.465424
-142.950592
-211.091080
-143.663513
-209.557922
-143.585190
-173.600754
-142.729034
-166.012253
-142.465637
-175.343658
-142.585266
-210.926926
-143.291229
-209.804153
-143.230072
-173.778320
-142.379807
-166.045517
-142.107834
-175.237976
-142.222641
-210.756882
-142.935562
-210.101349
-142.886215
-173.962326
-142.034348
-166.029953
-141.756470
-175.076508
-141.864288
-210.542831
-142.568100
-210.300369
-142.530014
-174.108765
-141.680298
-166.017609
-141.395447
-174.898407
-141.509705
-210.296082
-142.212982
-210.510117
-142.173813
-174.224106
-141.319260
-165.983276
-141.045151
-174.721924
-141.150818
-210.085251
-141.853027
-210.682846
-141.826736
-174.376984
-140.978088
-165.902817
-140.689484
-174.634476
-140.793015
-209.760712
-141.494141
-210.756348
-141.474838
-174.403809
-140.620819
-165.596512
-140.327927
-174.210693
-140.430374
-209.388947
-141.128830
-210.830902
-141.118637
-174.465500
-140.263550
-165.643723
-139.975479
-174.073898
-140.079544
-209.211929
-140.776382
-211.077667
-140.772629
-174.688660
-139.918076
-165.748322
-139.617676
-174.025085
-139.709946
-209.108932
-140.412674
-211.431183
-140.423401
-174.920944
-139.568314
-165.765488
-139.271667
-173.901703
-139.359100
-208.884689
-140.057556
-211.626984
-140.076324
-175.125320
-139.218018
-165.768173
-138.912781
-173.772949
-139.000229
-208.635254
-139.698135
-211.790604
-139.722275
-175.251389
-138.862900
-165.725784
-138.554977
-173.595932
-138.646713
-208.385803
-139.341400
-211.992310
-139.370911
-175.428955
-138.512604
-165.734909
-138.206833
-173.452164
-138.290512
-208.153519
-138.982529
-212.184891
-139.027588
-175.624222
-138.165527
-165.767639
-137.854385
-173.359894
-137.932709
-207.966843
-138.623642
-212.408051
-138.675140
-175.848984
-137.816833
-165.804108
-137.505707
-173.236511
-137.576508
-207.776413
-138.256180
-212.573807
-138.320557
-175.997040
-137.470291
-165.805191
-137.151657
-173.102936
-137.219772
-207.570419
-137.901596
-212.773895
-137.974014
-176.178894
-137.120529
-165.774612
-136.797592
-172.906601
-136.870010
-207.261963
-137.546463
-212.947174
-137.624786
-176.316223
-136.767563
-165.805725
-136.439255
-172.839554
-136.511673
-207.106934
-137.195633
-213.129028
-137.275024
-176.507202
-136.428528
-165.816452
-136.098618
-172.695236
-136.156021
-206.855331
-136.829254
-213.301758
-136.923660
-176.702469
-136.073395
-165.827713
-135.740265
-172.583664
-135.800354
-206.641296
-136.469833
-213.441238
-136.578186
-176.846237
-135.727402
-165.837906
-135.387833
-172.459747
-135.445221
-206.417603
-136.114700
-213.611282
-136.224686
-177.008240
-135.377106
-165.816452
-135.032166
-172.317047
-135.091721
-206.159576
-135.761734
-213.778122
-135.880814
-177.179367
-135.028946
-165.813766
-134.684555
-172.188309
-134.737656
-205.882767
-135.409821
-213.984650
-135.533737
-177.394470
-134.678116
-165.849716
-134.322449
-172.116959
-134.375031
-205.710571
-135.041290
-214.153091
-135.181305
-177.567215
-134.335327
-165.852386
-133.982346
-171.966751
-134.023651
-205.467560
-134.683487
-214.314560
-134.832611
-177.766220
-133.986099
-165.842194
-133.626694
-171.866974
-133.670685
-205.243332
-134.329971
-214.491592
-134.489288
-177.955063
-133.643326
-165.845947
-133.277466
-171.736084
-133.312866
-205.011581
-133.974304
-214.629456
-134.137924
-178.127792
-133.294632
-165.878143
-132.927704
-171.656158
-132.961502
-204.781982
-133.611130
-214.808090
-133.783875
-178.324661
-132.941650
-165.894241
-132.571503
-171.552628
-132.606918
-204.512695
-133.259766
-215.008179
-133.429810
-178.573044
-132.585999
-165.919449
-132.215851
-171.472687
-132.255005
-204.338882
-132.904099
-215.105804
-133.092392
-178.706604
-132.250717
-165.897446
-131.874130
-171.341263
-131.898819
-204.076035
-132.550049
-215.275330
-132.744781
-178.845016
-131.902573
-165.969879
-131.521698
-171.217880
-131.545303
-203.851257
-132.200287
-215.538727
-132.406281
-179.151855
-131.566223
-166.051407
-131.183197
-171.202332
-131.200897
-203.687653
-131.838196
-215.759201
-132.050095
-179.437241
-131.206802
-166.149048
-130.823242
-171.162094
-130.845779
-203.503113
-131.483612
-190.724518
-112.724770
-219.645187
-113.290184
-192.293625
-112.658257
-167.817383
-112.034904
-167.901596
-111.949615
-190.529251
-112.376083
-219.640884
-112.944176
-192.599396
-112.324585
-167.867264
-111.693192
-167.862976
-111.601997
-190.265320
-112.023109
-219.577591
-112.595490
-192.803772
-111.981796
-167.930038
-111.348259
-167.838303
-111.254387
-190.068985
-111.669052
-219.606552
-112.246803
-193.060730
-111.640083
-167.994934
-111.007088
-167.831863
-110.906235
-189.843674
-111.319298
-219.611389
-111.902946
-193.348801
-111.298912
-168.052872
-110.663223
-167.809326
-110.563988
-189.659683
-110.968994
-219.588318
-111.557472
-193.590744
-110.962021
-168.081314
-110.318291
-167.746033
-110.216904
-189.382874
-110.616554
-219.541107
-111.213615
-193.813370
-110.620308
-168.127975
-109.967461
-167.715454
-109.870361
-189.199417
-110.268944
-219.508926
-110.862785
-194.044037
-110.281281
-168.176254
-109.628433
-167.689163
-109.519531
-188.941925
-109.920792
-219.392517
-110.526436
-194.295624
-109.943321
-168.073257
-109.284569
-167.424698
-109.180504
-188.625961
-109.566742
-219.137177
-110.164337
-194.333710
-109.597855
-167.984741
-108.933205
-167.354431
-108.827522
-188.326614
-109.216980
-219.181152
-109.822624
-194.619629
-109.259361
-168.138702
-108.588272
-167.437576
-108.480980
-188.186081
-108.862389
-219.287369
-109.478760
-194.893753
-108.916039
-168.261551
-108.250313
-167.515366
-108.140877
-188.062698
-108.519066
-219.317413
-109.136513
-195.275162
-108.585587
-168.359726
-107.908058
-167.485855
-107.786827
-187.859909
-108.162872
-219.263779
-108.785683
-195.535873
-108.242264
-168.403168
-107.564201
-167.452057
-107.452621
-187.642654
-107.821693
-219.165070
-108.446114
-195.742950
-107.908058
-168.453064
-107.232147
-167.416122
-107.107689
-187.470459
-107.468178
-219.146820
-108.086159
-195.970932
-107.558304
-168.553375
-106.878090
-167.412369
-106.754173
-187.208145
-107.113052
-219.214951
-107.743912
-196.290115
-107.217659
-168.646713
-106.528336
-167.467621
-106.407631
-187.066513
-106.768661
-219.213882
-107.404877
-196.545990
-106.881851
-168.782974
-106.193054
-167.522339
-106.066460
-186.943130
-106.418365
-219.231049
-107.056190
-196.842651
-106.543350
-168.894012
-105.844910
-167.552917
-105.722595
-186.753769
-106.074501
-219.163986
-106.716621
-197.113556
-106.212372
-168.975021
-105.512314
-167.502487
-105.381958
-186.548309
-105.723671
-219.108200
-106.370079
-197.339401
-105.867973
-168.997543
-105.166306
-167.459564
-105.034882
-186.317642
-105.381424
-219.042221
-106.032127
-197.583481
-105.533234
-169.059784
-104.830498
-167.413437
-104.698532
-186.112732
-105.030586
-218.954239
-105.678612
-197.777664
-105.190445
-169.100540
-104.483955
-167.396271
-104.355209
-185.915314
-104.688339
-218.901138
-105.341721
-198.025497
-104.858391
-169.166534
-104.144386
-167.369446
-104.006523
-185.717361
-104.336967
-218.842133
-104.996254
-198.266907
-104.516678
-169.252365
-103.801064
-167.380173
-103.665344
-185.552673
-103.986137
-218.799210
-104.648102
-198.530838
-104.183006
-169.299026
-103.460419
-167.330826
-103.319336
-185.349899
-103.639595
-218.728409
-104.298882
-198.723419
-103.834862
-169.332291
-103.112274
-167.321167
-102.977623
-185.121384
-103.295197
-218.615753
-103.956635
-198.968567
-103.497971
-169.417587
-102.776993
-167.284698
-102.632690
-184.890182
-102.940071
-218.521332
-103.618134
-199.192261
-103.168594
-169.448700
-102.435280
-167.256256
-102.282928
-184.705643
-102.597824
-218.439255
-103.267303
-199.509308
-102.824203
-169.473907
-102.090889
-167.044373
-101.943901
-184.458878
-102.245918
-218.054092
-102.908958
-199.428833
-102.474976
-169.309753
-101.745415
-166.879684
-101.593605
-184.129501
-101.891327
-217.967728
-102.565102
-199.611221
-102.137558
-169.369843
-101.401024
-166.920441
-101.248138
-183.919220
-101.544250
-217.969879
-102.224998
-199.980301
-101.803352
-169.532913
-101.058769
-167.005737
-100.909637
-183.840897
-101.203072
-217.988113
-101.883820
-200.265152
-101.470222
-169.637527
-100.720276
-167.000381
-100.568466
-183.662262
-100.856537
-217.875458
-101.538353
-200.553757
-101.134949
-169.745346
-100.380707
-166.971405
-100.222992
-183.494888
-100.514282
-217.765488
-101.198784
-200.708252
-100.795380
-169.776459
-100.041679
-166.931183
-99.881279
-183.314102
-100.163986
-217.640503
-100.844734
-200.912628
-100.450981
-169.856400
-99.695137
-166.919373
-99.537422
-183.070023
-99.813690
-217.509064
-100.497650
-201.165298
-100.113022
-169.922379
-99.358253
-166.887192
-99.197319
-182.895691
-99.475731
-217.437729
-100.160233
-201.401871
-99.780968
-170.008743
-99.026733
-166.873245
-98.859894
-182.735825
-99.128120
-217.354034
-99.817986
-201.586411
-99.442474
-170.071503
-98.682869
-166.842133
-98.514427
-182.496033
-98.776749
-217.204910
-99.467682
-201.883057
-99.109344
-170.187378
-98.339546
-166.858749
-98.170570
-182.356567
-98.428596
-217.143753
-99.123291
-202.113190
-98.766022
-170.274277
-97.997833
-166.833542
-97.826714
-182.175781
-98.092789
-217.026276
-98.785866
-202.334198
-98.433426
-170.361725
-97.659340
-166.805649
-97.487679
-181.978363
-97.741951
-216.951706
-98.439865
-202.576675
-98.097076
-170.455597
-97.321915
-166.817993
-97.147041
-181.797058
-97.398094
-216.821884
-98.096542
-202.799301
-97.760727
-170.526413
-96.981277
-166.782043
-96.804253
-181.600174
-97.055305
-216.702805
-97.750534
-203.067520
-97.423843
-170.636383
-96.640640
-166.789017
-96.459854
-181.409210
-96.699646
-216.593369
-97.403992
-203.318573
-97.084808
-170.752792
-96.299461
-166.817993
-96.113312
-181.249344
-96.353104
-216.486618
-97.060669
-203.556213
-96.745781
-170.839157
-95.963638
-166.817444
-95.779106
-181.102356
-96.004951
-216.371811
-96.709839
-203.756851
-96.409966
-170.905670
-95.619247
-166.784729
-95.437393
-180.911926
-95.666451
-216.228043
-96.375099
-203.937088
-96.078979
-170.989365
-95.282356
-166.754150
-95.087631
-177.510880
-77.781479
-166.921524
-77.456398
-173.911362
-77.523453
-208.191071
-78.209564
-214.264664
-78.300224
-177.627823
-77.449959
-166.909180
-77.122192
-173.819092
-77.184959
-208.012970
-77.864098
-214.447601
-77.966553
-177.776413
-77.120049
-166.888260
-76.785843
-173.684448
-76.849144
-207.756027
-77.529892
-214.565613
-77.630203
-177.921265
-76.784775
-166.916153
-76.447350
-173.600220
-76.507973
-207.627808
-77.183884
-214.682022
-77.295464
-178.050003
-76.444672
-166.925812
-76.112610
-173.503662
-76.173767
-207.419144
-76.851830
-214.805939
-76.967697
-178.177139
-76.121193
-166.920441
-75.782700
-173.396912
-75.836884
-207.212601
-76.510651
-215.019440
-76.639931
-178.370255
-75.790207
-166.937607
-75.445816
-173.331467
-75.501602
-207.078491
-76.173225
-215.126190
-76.301979
-178.516708
-75.451714
-166.960144
-75.103561
-173.224716
-75.154526
-206.866608
-75.826691
-215.261383
-75.963478
-178.670670
-75.114296
-166.992874
-74.769897
-173.157120
-74.820320
-206.700302
-75.488190
-215.430359
-75.636253
-178.870758
-74.787064
-167.007355
-74.435692
-173.081482
-74.485580
-206.535614
-75.148087
-215.562866
-75.298294
-178.998978
-74.456078
-166.989655
-74.095589
-172.944153
-74.139580
-206.276520
-74.808525
-215.670151
-74.966232
-179.137375
-74.116508
-166.993408
-73.764069
-172.871735
-73.804298
-206.161179
-74.463593
-215.815521
-74.629349
-179.303665
-73.783379
-166.995544
-73.425041
-172.774094
-73.463661
-205.912811
-74.129921
-215.936218
-74.296753
-179.458694
-73.447571
-167.008423
-73.081718
-172.710266
-73.123024
-205.733093
-73.782845
-216.121826
-73.960945
-179.686157
-73.121414
-167.075485
-72.751266
-172.676468
-72.792572
-205.604355
-73.450790
-216.261841
-73.631035
-179.837433
-72.786133
-167.069046
-72.415451
-172.584732
-72.450859
-205.432159
-73.104248
-216.349289
-73.295753
-179.991928
-72.456223
-167.126984
-72.078568
-172.541824
-72.111832
-205.267471
-72.760925
-216.526840
-72.963699
-180.188263
-72.124168
-167.130203
-71.745438
-172.471008
-71.776550
-205.064163
-72.427254
-216.564392
-72.629494
-180.301987
-71.793182
-167.121613
-71.411774
-172.365326
-71.440742
-204.868362
-72.085007
-216.732834
-72.302269
-180.475800
-71.462730
-167.109268
-71.077568
-172.273056
-71.105461
-204.655930
-71.752953
-216.810623
-71.971283
-180.598648
-71.129066
-167.101227
-70.740150
-172.187241
-70.765358
-204.457977
-71.406944
-216.971558
-71.632790
-180.836823
-70.801834
-167.169357
-70.405945
-172.142166
-70.431160
-204.310455
-71.066841
-217.041824
-71.299652
-180.980591
-70.469780
-167.154877
-70.073883
-172.055267
-70.090515
-204.101242
-70.725662
-217.156631
-70.961700
-181.136154
-70.135574
-167.161316
-69.736465
-171.972122
-69.748802
-203.941391
-70.388237
-217.271957
-70.633934
-181.290649
-69.806198
-167.174728
-69.397972
-171.914185
-69.422646
-203.773483
-70.054039
-217.384079
-70.307236
-181.465530
-69.477898
-167.211731
-69.071815
-171.859467
-69.089516
-203.607178
-69.718758
-217.534821
-69.969276
-181.672058
-69.145302
-167.265915
-68.734924
-171.814941
-68.749413
-203.443573
-69.377045
-217.608856
-69.635078
-181.818512
-68.811104
-167.278793
-68.403404
-171.710876
-68.411987
-203.187149
-69.033722
-217.692535
-69.302483
-181.957977
-68.480118
-167.273422
-68.067596
-171.615387
-68.074570
-202.989197
-68.694695
-217.810013
-68.973106
-182.133408
-68.151276
-167.306686
-67.733391
-171.553696
-67.740364
-202.792328
-68.354057
-217.932861
-68.636757
-182.231567
-67.819756
-167.385544
-67.400261
-171.493607
-67.405624
-202.636765
-68.021996
-218.187668
-68.310600
-182.515350
-67.493065
-167.457962
-67.068741
-171.479660
-67.073570
-202.499969
-67.689941
-218.336807
-67.988197
-182.746552
-67.165833
-167.573837
-66.740974
-171.517212
-66.735611
-202.365326
-67.344467
-218.518646
-67.645950
-183.016922
-66.830559
-167.610855
-66.403015
-171.478058
-66.401405
-202.181854
-67.002754
-218.544403
-67.309601
-183.164444
-66.502258
-167.612457
-66.070419
-171.395447
-66.065590
-201.954941
-66.669624
-218.638824
-66.983444
-183.353271
-66.173416
-167.612457
-65.741585
-171.331070
-65.729782
-201.812790
-66.330597
-218.671005
-66.644951
-183.445541
-65.841896
-167.571152
-65.404694
-171.324097
-65.403625
-201.594986
-65.996391
-218.559418
-66.310211
-183.574280
-65.505547
-167.320633
-65.053329
-170.943222
-65.046890
-201.122375
-65.643951
-218.454819
-65.976540
-183.590378
-65.178856
-167.271286
-64.726097
-170.862762
-64.718590
-200.945358
-65.311890
-218.649002
-65.646629
-183.823196
-64.846260
-167.424698
-64.394043
-170.944839
-64.384384
-200.911026
-64.976082
-218.833542
-65.312965
-184.084442
-64.517960
-167.539505
-64.062523
-170.981842
-64.049110
-200.784424
-64.637047
-218.936539
-64.980904
-184.302765
-64.190193
-167.535751
-63.733143
-170.909424
-63.716515
-200.631531
-64.298553
-219.022369
-64.644562
-184.484085
-63.857063
-167.588852
-63.400013
-170.882614
-63.386604
-200.488312
-63.970253
-219.111420
-64.318405
-184.624634
-63.527149
-167.577057
-63.064201
-170.801071
-63.038986
-200.264069
-63.620491
-219.242310
-63.983124
-184.890182
-63.197777
-167.625336
-62.725708
-170.771561
-62.709076
-200.100998
-63.286823
-219.272888
-63.653214
-185.026962
-62.872154
-167.654297
-62.405449
-170.736694
-62.380775
-199.938995
-62.949402
-219.389297
-63.322227
-185.237259
-62.538486
-167.707413
-62.065884
-170.699677
-62.041744
-199.746414
-62.612518
-219.473526
-62.985344
-185.416428
-62.206966
-167.734222
-61.731678
-170.674469
-61.711296
-199.621948
-62.280460
-219.553452
-62.661331
-185.596664
-61.886711
-167.746033
-61.402840
-170.592392
-61.376556
-199.370895
-61.940353
-219.592072
-62.326057
-185.768326
-61.551434
-167.737991
-61.071320
-170.499588
-61.036449
-199.170273
-61.596497
-219.674149
-61.986488
-168.944977
-43.799500
-190.333450
-44.191639
-220.730942
-44.798889
-195.465607
-44.223289
-169.465866
-43.570976
-168.939621
-43.469585
-190.173584
-43.866016
-220.707870
-44.470589
-195.673203
-43.896057
-169.496979
-43.244282
-168.861832
-43.138603
-189.906448
-43.525379
-220.741669
-44.145504
-195.848618
-43.574730
-169.558136
-42.912224
-168.953568
-42.813519
-189.846893
-43.205120
-220.830185
-43.820957
-196.068558
-43.256084
-169.705658
-42.594112
-169.052811
-42.484680
-189.793793
-42.868771
-220.914398
-43.491581
-196.376480
-42.929928
-169.824738
-42.269566
-169.102692
-42.156914
-189.752487
-42.541542
-220.960541
-43.161671
-196.609299
-42.608597
-169.851028
-41.936436
-169.022232
-41.827003
-189.536301
-42.212170
-220.858612
-42.839268
-196.709076
-42.278687
-169.896088
-41.604916
-169.025986
-41.499775
-189.379654
-41.884403
-220.802826
-42.505600
-196.874832
-41.957359
-169.904129
-41.288952
-168.940155
-41.174690
-189.211212
-41.544834
-220.770630
-42.174618
-196.971939
-41.629593
-169.869263
-40.957432
-168.872559
-40.839413
-189.014877
-41.209023
-220.716461
-41.846851
-197.120529
-41.307728
-169.910568
-40.629665
-168.876312
-40.511112
-188.860916
-40.883938
-220.706268
-41.519623
-197.354950
-40.988007
-169.980316
-40.302433
-168.882217
-40.182808
-188.743973
-40.548660
-220.688019
-41.191319
-197.530365
-40.657024
-170.007675
-39.974670
-168.853790
-39.856651
-188.593231
-40.219288
-220.635452
-40.857651
-197.674133
-40.336231
-170.037170
-39.650120
-168.824814
-39.528351
-188.453751
-39.884548
-220.601120
-40.528812
-197.858673
-40.011684
-170.097260
-39.319138
-168.825348
-39.200047
-188.260101
-39.563755
-220.488464
-40.195683
-198.054474
-39.681770
-170.020004
-38.996201
-168.596298
-38.874428
-188.049286
-39.224186
-220.220245
-39.863625
-198.005661
-39.357761
-169.918625
-38.664677
-168.485245
-38.539150
-187.810562
-38.890522
-220.219177
-39.540150
-198.200378
-39.035896
-170.017868
-38.335838
-168.581802
-38.210312
-187.735458
-38.562756
-220.268524
-39.204338
-198.474503
-38.701694
-170.179337
-38.010220
-168.673538
-37.888985
-187.661438
-38.229088
-220.278717
-38.883011
-198.712692
-38.385727
-170.239944
-37.682991
-168.637054
-37.555851
-187.552536
-37.900249
-220.195038
-38.553097
-198.806564
-38.063862
-170.249069
-37.362736
-168.598434
-37.233452
-187.409302
-37.567654
-220.152649
-38.223186
-198.996460
-37.740925
-170.291443
-37.033894
-168.576447
-36.906223
-187.264999
-37.242035
-220.137634
-37.896492
-199.174026
-37.415840
-170.328995
-36.708275
-168.569473
-36.576847
-187.138931
-36.909977
-220.100616
-37.568729
-199.295258
-37.092903
-170.360641
-36.378365
-168.568390
-36.248009
-186.976395
-36.583820
-220.068970
-37.250080
-199.472824
-36.769966
-170.396057
-36.057034
-168.551224
-35.922924
-186.811707
-36.252834
-220.000839
-36.917488
-199.667023
-36.444881
-170.467407
-35.726051
-168.545868
-35.591938
-186.681351
-35.926144
-219.959534
-36.590260
-199.897690
-36.124626
-170.519974
-35.403111
-168.544250
-35.263100
-186.574066
-35.589794
-219.924133
-36.259808
-200.021606
-35.798470
-170.602585
-35.076954
-168.568390
-34.941772
-186.443710
-35.263638
-219.911789
-35.939552
-200.257095
-35.483044
-170.685196
-34.756165
-168.578583
-34.616154
-186.321396
-34.929970
-219.874786
-35.600521
-200.440567
-35.152592
-170.742599
-34.428932
-168.560883
-34.286240
-186.182999
-34.597912
-219.824890
-35.273293
-200.607941
-34.831802
-170.823593
-34.103313
-168.580734
-33.963840
-186.055328
-34.273365
-219.793777
-34.949818
-200.831635
-34.507790
-170.853104
-33.773937
-168.571609
-33.636074
-185.937851
-33.948280
-219.788406
-34.622589
-200.992035
-34.185390
-170.955566
-33.457439
-168.663345
-33.312061
-185.823044
-33.610859
-219.866730
-34.288921
-201.229675
-33.860844
-171.085922
-33.129673
-168.748108
-32.986443
-185.751694
-33.285240
-219.874237
-33.963840
-201.520416
-33.540585
-171.233444
-32.802979
-168.808182
-32.654385
-185.678741
-32.955326
-219.843124
-33.647339
-201.754318
-33.221401
-171.310684
-32.481651
-168.764191
-32.328228
-185.550537
-32.626488
-219.781433
-33.306160
-201.892181
-32.895245
-171.333221
-32.158176
-168.722885
-32.006363
-185.384232
-32.298187
-219.684341
-32.989658
-202.007507
-32.574455
-171.386322
-31.833092
-168.720215
-31.685034
-185.267838
-31.972567
-219.626938
-32.664040
-202.141617
-32.255272
-171.391693
-31.504789
-168.667633
-31.358341
-185.094559
-31.643192
-219.520721
-32.330372
-202.292358
-31.927505
-171.437820
-31.178633
-168.651016
-31.024673
-184.961517
-31.313280
-219.477814
-32.006901
-202.502106
-31.609396
-171.496292
-30.849258
-168.660660
-30.695835
-184.847794
-30.982832
-219.417725
-31.673769
-202.657684
-31.282166
-171.549942
-30.527929
-168.632233
-30.372898
-184.701889
-30.652920
-219.354431
-31.348684
-202.803055
-30.962446
-171.610016
-30.203918
-168.647247
-30.047277
-184.588699
-30.324081
-219.279327
-31.020382
-202.919464
-30.638973
-171.642746
-29.878834
-168.616684
-29.720585
-184.424011
-29.996851
-219.186523
-30.695835
-203.054108
-30.321400
-171.679764
-29.562870
-168.602188
-29.397646
-184.309204
-29.669622
-219.062607
-30.367533
-203.261169
-29.997925
-171.660980
-29.235104
-168.361862
-29.070415
-184.091949
-29.342392
-218.744492
-30.038158
-203.152817
-29.661575
-171.531158
-28.901438
-168.262619
-28.741577
-183.866104
-29.008726
-218.700500
-29.704491
-203.396362
-29.347757
-171.662598
-28.581181
-168.382782
-28.420250
-183.837677
-28.687933
-218.767563
-29.385307
-203.647949
-29.024818
-171.824600
-28.264681
-168.482559
-28.093019
-183.855377
-28.355339
-218.782043
-29.054323
-203.856094
-28.701344
-171.905060
-27.932087
-168.441803
-27.767937
-183.749161
-28.029182
-218.725723
-28.733532
-204.052429
-28.385380
-171.954422
-27.614513
-175.908524
-10.895228
-168.532455
-10.643638
-178.400299
-10.773993
-214.136459
-11.498189
-211.980499
-11.418260
-176.044785
-10.577655
-168.556595
-10.320700
-178.319305
-10.451055
-214.032394
-11.169887
-212.100128
-11.098004
-176.104874
-10.256864
-168.528702
-9.994543
-178.202896
-10.125435
-213.912231
-10.854459
-212.202591
-10.777748
-176.173538
-9.930707
-168.527084
-9.676433
-178.098816
-9.811080
-213.807617
-10.530985
-212.327042
-10.466075
-176.225037
-9.617961
-168.507782
-9.359396
-177.989929
-9.484387
-213.653656
-10.202146
-212.463837
-10.145284
-176.310867
-9.297169
-168.501343
-9.032166
-177.908386
-9.163058
-213.557098
-9.885109
-212.535187
-9.829319
-176.407425
-8.982278
-168.546402
-8.718884
-177.834885
-8.844949
-213.433716
-9.558415
-212.726685
-9.510673
-176.527588
-8.663630
-168.567322
-8.398629
-177.760864
-8.523084
-213.309799
-9.232796
-212.853287
-9.186662
-176.627899
-8.346594
-168.587173
-8.079446
-177.701859
-8.193172
-213.230942
-8.909858
-213.017975
-8.866942
-176.724991
-8.021510
-168.580200
-7.753826
-177.618164
-7.872916
-213.083969
-8.590674
-213.138672
-8.560634
-176.782928
-7.707692
-168.559814
-7.434643
-177.515717
-7.553733
-212.968094
-8.265592
-213.268494
-8.230186
-176.877350
-7.384754
-168.553375
-7.113851
-177.442215
-7.230258
-212.846848
-7.941580
-213.358627
-7.922268
-177.029160
-7.078445
-168.598434
-6.798423
-177.382675
-6.910003
-212.762100
-7.618642
-213.480392
-7.600403
-177.109619
-6.749070
-168.603806
-6.471730
-177.307037
-6.580627
-212.640854
-7.289804
-213.653656
-7.281220
-177.225494
-6.431497
-168.619354
-6.147182
-177.249100
-6.258226
-212.563080
-6.970084
-213.766312
-6.967402
-177.305420
-6.116069
-168.622574
-5.829608
-177.184189
-5.940115
-212.465988
-6.656266
-213.870392
-6.648756
-177.409500
-5.799031
-168.607025
-5.512571
-177.118744
-5.616105
-212.355469
-6.325818
-214.024887
-6.331718
-177.505524
-5.481994
-168.607559
-5.189633
-176.982483
-5.292094
-212.189178
-6.000197
-214.148804
-6.009853
-177.615494
-5.160129
-168.615067
-4.872060
-176.930450
-4.975593
-212.103348
-5.685306
-214.213165
-5.699790
-177.620316
-4.846311
-168.541031
-4.553950
-176.795807
-4.654264
-211.912903
-5.361831
-214.298996
-5.379534
-177.730286
-4.524446
-168.551773
-4.235303
-176.719101
-4.336691
-211.813126
-5.040503
-214.423996
-5.063570
-177.810211
-4.210627
-168.552841
-3.920949
-176.610733
-4.017508
-211.667221
-4.719710
-214.544159
-4.749751
-177.907318
-3.896272
-168.549622
-3.596401
-176.515244
-3.687060
-211.531494
-4.391408
-214.625702
-4.423594
-178.016739
-3.569043
-168.597366
-3.274000
-176.493256
-3.370559
-211.461761
-4.077053
-214.783951
-4.106021
-178.126175
-3.257370
-168.573761
-2.957499
-176.369873
-3.043330
-211.280441
-3.745532
-214.890167
-3.791666
-178.211472
-2.939260
-168.583420
-2.633488
-176.313538
-2.725219
-211.184952
-3.427422
-214.984039
-3.468192
-178.293015
-2.618468
-168.568390
-2.320206
-176.189087
-2.409792
-210.979507
-3.106093
-215.102600
-3.162956
-178.420151
-2.306795
-168.615601
-1.995122
-176.171921
-2.079880
-210.938202
-2.777254
-215.232407
-2.833581
-178.519394
-1.982784
-168.619888
-1.676476
-176.120422
-1.759088
-210.790680
-2.453243
-215.378326
-2.514934
-178.633652
-1.664138
-168.599503
-1.356756
-176.026016
-1.438295
-210.667297
-2.134597
-215.478638
-2.203798
-178.740936
-1.353538
-168.620438
-1.040792
-175.957886
-1.121795
-210.558929
-1.812196
-215.525314
-1.882469
-178.824097
-1.032745
-168.656906
-0.718391
-175.928909
-0.797248
-210.444672
-1.487648
-215.634735
-1.567042
-178.940506
-0.718391
-168.665497
-0.400281
-175.867767
-0.480747
-210.349716
-1.172220
-215.760803
-1.246249
-179.070313
-0.393307
-168.702499
-0.074660
-175.841476
-0.150299
-210.261749
-0.844991
-215.883652
-0.929212
-179.162048
-0.080025
-168.716995
0.231648
-175.788910
0.162983
-210.174835
-0.527417
-216.031708
-0.616467
-179.271484
0.238085
-168.720215
0.559950
-175.705750
0.484849
-210.024628
-0.206625
-216.134705
-0.298357
-179.428131
0.555659
-168.770096
0.877524
-175.685913
0.809396
-209.926468
0.121677
-216.198547
0.019753
-179.513962
0.864113
-168.807114
1.192415
-175.638168
1.126969
-209.832047
0.438715
-216.408295
0.337327
-179.630356
1.187051
-168.770096
1.518572
-175.548584
1.451517
-209.691498
0.762189
-216.484467
0.651146
-179.719406
1.500333
-168.760986
1.829172
-175.484207
1.764262
-209.551498
1.081372
-216.542404
0.963891
-179.797195
1.814152
-168.730408
2.153719
-175.375839
2.081836
-209.385193
1.399482
-216.568146
1.281465
-179.854599
2.128506
-168.746490
2.467538
-175.331314
2.403701
-209.327789
1.720274
-216.696365
1.595820
-179.951691
2.454663
-168.726105
2.794767
-175.265869
2.725566
-209.237671
2.043749
-216.785416
1.917148
-180.055756
2.759898
-168.738983
3.098930
-175.196136
3.042603
-209.106781
2.358640
-216.847641
2.229357
-180.143204
3.071571
-168.760986
3.414894
-175.159119
3.359104
-208.979645
2.682651
-216.943130
2.550150
-180.224197
3.392900
-168.747574
3.736759
-175.079727
3.679896
-208.858948
3.001297
-217.015549
2.863968
-180.318619
3.706182
-168.741135
4.052187
-174.996582
3.999616
-208.711960
3.324235
-217.093323
3.177787
-180.398544
4.021073
-168.752396
4.367078
-174.974579
4.316653
-208.633102
3.643418
-217.204376
3.499652
-180.532120
4.343475
-168.767410
4.689480
-174.910217
4.637981
-208.497925
3.965820
-217.289673
3.816689
-180.642624
4.659439
-168.802826
5.007053
-174.871582
4.956628
-208.382050
4.288221
-217.360474
4.133726
-172.844910
21.450605
-202.589020
20.862665
-221.234665
20.500031
-186.445862
21.288599
-169.641815
21.748331
-172.831497
21.766033
-202.490311
21.176483
-221.326385
20.810631
-186.582108
21.604565
-169.641281
22.059467
-172.771957
22.077705
-202.358337
21.493521
-221.380035
21.125521
-186.694763
21.913019
-169.668106
22.376505
-172.749420
22.394743
-202.213501
21.813240
-221.425629
21.437731
-186.803131
22.221472
-169.678833
22.687639
-172.720459
22.703197
-202.104065
22.121157
-221.497513
21.753159
-186.942596
22.537973
-169.704041
23.002531
-172.723145
23.021843
-202.026291
22.445705
-221.578522
22.065905
-187.091202
22.851255
-169.738907
23.322250
-172.701141
23.335125
-201.897537
22.757914
-221.606415
22.381332
-187.149673
23.170975
-169.692245
23.634996
-172.619064
23.653772
-201.746262
23.079243
-221.629486
22.689787
-187.264999
23.470846
-169.716385
23.945059
-172.611557
23.974028
-201.619659
23.399498
-221.658447
23.006287
-187.376053
23.790028
-169.718521
24.264244
-172.533768
24.289457
-201.441559
23.714390
-221.632156
23.322250
-187.519806
24.092583
-169.520050
24.574308
-172.312759
24.604349
-201.142227
24.030891
-221.380035
23.640898
-187.398575
24.412838
-169.410080
24.894028
-172.229614
24.919777
-201.016708
24.350613
-221.483032
23.951498
-187.548248
24.722902
-169.518967
25.207310
-172.294525
25.233595
-201.000076
24.663895
-221.663818
24.262634
-187.764435
25.034039
-169.614990
25.518982
-172.346024
25.549023
-201.001678
24.979858
-221.749100
24.570553
-187.901230
25.335518
-169.667023
25.824753
-172.336365
25.854794
-200.849869
25.295822
-221.777542
24.884907
-188.055176
25.647192
-169.696533
26.138573
-172.320801
26.168076
-200.729706
25.609640
-221.815094
25.197117
-188.184998
25.964766
-169.709412
26.452391
-172.303101
26.474922
-200.671234
25.920240
-221.843521
25.515226
-188.293365
26.281265
-169.749100
26.769428
-172.273605
26.801079
-200.542496
26.248543
-221.889648
25.826363
-188.415665
26.584892
-169.776993
27.081636
-172.285934
27.112751
-200.430374
26.554852
-221.940079
26.139109
-188.565872
26.898710
-169.812943
27.394382
-172.267166
27.428179
-200.344543
26.878862
-222.007675
26.455072
-188.693008
27.205019
-169.834396
27.708200
-172.253754
27.736633
-200.230286
27.188389
-222.032349
26.761917
-188.774551
27.516691
-169.804901
28.023092
-172.188843
28.048841
-200.123535
27.502743
-222.060776
27.071445
-188.875397
27.821926
-169.822601
28.329937
-172.150757
28.365341
-199.970642
27.820854
-222.090286
27.386335
-188.980011
28.136818
-169.807037
28.645365
-172.097641
28.683989
-199.834915
28.137890
-222.123001
27.700153
-189.109283
28.445808
-169.823135
28.957573
-172.072433
28.989761
-199.721191
28.450100
-222.113358
28.015045
-189.146301
28.764454
-169.830643
29.274075
-172.049911
29.310017
-199.584946
28.763918
-222.166992
28.316526
-189.321182
29.062717
-169.874634
29.575018
-172.044540
29.621689
-199.482483
29.084711
-222.222244
28.635708
-189.466553
29.382435
-169.904129
29.897957
-172.031128
29.934971
-199.362854
29.395309
-222.276962
28.938263
-189.609253
29.684990
-169.932571
30.203728
-172.002701
30.247181
-199.263611
29.712347
-222.301636
29.264956
-189.714401
30.002563
-169.918625
30.522911
-171.958710
30.558853
-199.149887
30.020266
-222.333832
29.571262
-189.858170
30.309944
-169.920227
30.829756
-171.905594
30.871597
-199.001831
30.340521
-222.335434
29.880791
-189.934875
30.614643
-169.940079
31.141428
-171.864838
31.187027
-198.837143
30.660776
-222.387466
30.201046
-190.088837
30.927387
-169.996399
31.457394
-171.885757
31.495480
-198.722336
30.971376
-222.439514
30.510036
-190.260498
31.240133
-170.039322
31.762629
-171.884674
31.811981
-198.673523
31.291632
-222.483490
30.825464
-190.381729
31.548052
-170.019470
32.076984
-171.829422
32.124191
-198.530838
31.607059
-222.459351
31.136065
-190.487946
31.862406
-170.067749
32.389729
-171.833176
32.440155
-198.420319
31.917124
-222.496902
31.443981
-190.621521
32.163887
-170.092972
32.700329
-171.820847
32.756119
-198.329132
32.240597
-222.538742
31.762629
-190.761002
32.482533
-170.088135
33.016293
-171.776321
33.067253
-198.197708
32.549053
-222.547333
32.068401
-190.856476
32.789379
-170.140701
33.333866
-171.784363
33.388046
-198.102219
32.866089
-222.583817
32.380608
-190.995422
33.101585
-170.151978
33.642857
-171.739838
33.690601
-198.006729
33.182053
-222.622437
32.692818
-191.098953
33.410042
-170.165390
33.955067
-171.726959
34.004955
-197.906418
33.489433
-222.641739
33.000198
-191.223404
33.710449
-170.195419
34.258694
-171.735016
34.311798
-197.814148
33.804863
-222.662125
33.315090
-191.350006
34.025341
-170.204544
34.578411
-171.682434
34.625618
-197.642487
34.115997
-222.675003
33.624081
-191.477142
34.327892
-170.230301
34.879890
-171.662598
34.938900
-197.523926
34.428207
-222.668030
33.930927
-191.538834
34.637421
-170.238876
35.189419
-171.625046
35.245209
-197.373734
34.745243
-222.705582
34.239918
-191.700836
34.945873
-170.260330
35.506992
-171.626114
35.561172
-197.320618
35.066574
-222.744202
34.563927
-191.843536
35.255402
-170.262482
35.813301
-171.600372
35.866943
-197.199387
35.376637
-222.713623
34.873455
-191.926682
35.567074
-170.310226
36.123901
-171.571396
36.186127
-197.044891
35.692600
-222.733475
35.189953
-192.050079
35.880894
-170.293594
36.436108
-171.531708
36.499947
-196.896301
36.005882
-222.731339
35.489288
-192.156296
36.183983
-170.325775
36.749390
-171.510239
36.805717
-196.813141
36.317554
-222.763519
35.804718
-192.275391
36.498337
-170.341339
37.056774
-191.317291
52.546532
-222.883682
51.907093
-198.583405
52.463387
-171.637924
53.128571
-170.775848
53.229424
-191.230377
52.852306
-222.856857
52.217159
-198.685333
52.764328
-171.689407
53.429516
-170.793015
53.537342
-191.149918
53.161831
-222.835938
52.526150
-198.808167
53.068489
-171.706039
53.741726
-170.747955
53.845795
-190.991669
53.470821
-222.798386
52.837822
-198.937988
53.379627
-171.775787
54.056080
-170.787125
54.162296
-190.944458
53.784103
-222.790344
53.141449
-199.044205
53.683254
-171.797241
54.360779
-170.773178
54.470749
-190.825897
54.095776
-222.787125
53.448830
-199.224457
53.986343
-171.826202
54.663334
-170.756546
54.774376
-190.734711
54.410667
-222.745285
53.766403
-199.285599
54.296406
-171.806900
54.971786
-170.736160
55.079613
-190.638687
54.714294
-222.715240
54.070026
-199.405762
54.601105
-171.850342
55.275948
-170.712555
55.390747
-190.508331
55.024357
-222.686813
54.379555
-199.533981
54.903660
-171.872879
55.585476
-170.699142
55.699738
-190.419815
55.330666
-222.669647
54.682644
-199.616058
55.206211
-171.897552
55.890175
-170.706116
56.003899
-190.350082
55.640728
-222.653015
54.995392
-199.734604
55.515739
-171.922760
56.195946
-170.699142
56.308064
-190.236893
55.951328
-222.617065
55.293652
-199.853699
55.815071
-171.969437
56.503864
-170.678223
56.619198
-190.130676
56.253883
-222.609558
55.602104
-199.999603
56.121380
-171.996262
56.810173
-170.650864
56.933556
-190.109756
56.573067
-222.382111
55.917534
-199.947571
56.428226
-171.797775
57.120773
-170.376205
57.241470
-189.789505
56.881519
-222.256577
56.229744
-199.965271
56.736145
-171.829956
57.429764
-170.441650
57.547779
-189.705276
57.195873
-222.367081
56.534977
-200.244232
57.038162
-171.946365
57.734997
-170.528015
57.846577
-189.661285
57.491455
-222.424484
56.841286
-200.451828
57.347687
-172.037033
58.040771
-170.600967
58.161469
-189.677383
57.809029
-222.429855
57.148132
-200.587021
57.645412
-172.092819
58.341179
-170.568253
58.463486
-189.569016
58.113728
-222.354752
57.454437
-200.688934
57.947430
-172.067612
58.652851
-170.496368
58.775158
-189.393066
58.425400
-222.290909
57.761284
-200.774765
58.260712
-172.075119
58.963451
-170.486176
59.078247
-189.310989
58.736000
-222.278580
58.069202
-200.874008
58.559509
-172.117493
59.268150
-170.501190
59.391529
-189.255203
59.041771
-222.287155
58.376045
-201.065521
58.864746
-172.170059
59.573383
-170.497971
59.695156
-189.140945
59.355053
-222.223328
58.694695
-201.118088
59.169445
-172.187775
59.873791
-170.463104
60.001465
-189.022919
59.660286
-222.199188
58.990273
-201.280090
59.473068
-172.269852
60.183853
-170.510849
60.310993
-188.971954
59.966595
-222.176651
59.299263
-201.415817
59.777767
-172.337433
60.484798
-170.521042
60.604961
-188.879700
60.272903
-222.142853
59.603424
-201.593384
60.074959
-172.356216
60.790569
-170.485641
60.917171
-188.781525
60.584042
-222.120865
59.917778
-201.687790
60.384483
-172.363724
61.102779
-170.445938
61.229916
-188.655991
60.897324
-222.059708
60.223015
-201.814926
60.686501
-172.420044
61.399967
-170.455063
61.531933
-188.564270
61.204704
-222.024841
60.532543
-201.887878
60.995491
-172.432388
61.702522
-170.439499
61.830196
-188.473602
61.508865
-221.991043
60.843678
-201.997849
61.297508
-172.482819
62.003464
-170.446472
62.136505
-188.356125
61.816246
-221.943298
61.138721
-202.105148
61.594162
-172.520370
62.314602
-170.456131
62.453541
-188.314819
62.131676
-221.935791
61.453075
-202.230133
61.903687
-172.570251
62.624664
-170.464722
62.755020
-188.191437
62.437447
-221.902527
61.763676
-202.419495
62.206242
-172.633560
62.924000
-170.471695
63.063477
-188.118484
62.749657
-221.874100
62.067841
-202.490311
62.509331
-172.627655
63.233528
-170.430923
63.365490
-187.981155
63.058109
-221.822067
62.378437
-202.604568
62.823685
-172.676468
63.549492
-170.441650
63.681458
-187.897461
63.366566
-221.807571
62.683136
-202.778915
63.115509
-172.736557
63.848824
-170.460434
63.986153
-187.825043
63.669655
-221.778076
62.987301
-202.856705
63.417526
-172.743530
64.144402
-170.429855
64.282272
-187.714539
63.975426
-221.737305
63.288242
-203.022461
63.713642
-172.821838
64.447495
-170.456665
64.591263
-187.636215
64.287102
-221.708344
63.596699
-203.189835
64.022095
-172.869583
64.760239
-170.455597
64.900787
-187.552536
64.595016
-221.679901
63.911053
-203.327698
64.328407
-172.932358
65.063332
-170.461502
65.208702
-187.458664
64.905083
-221.671326
64.217896
-203.527252
64.632027
-173.002625
65.373932
-170.507095
65.514481
-187.428619
65.213531
-221.669708
64.518845
-203.606644
64.928680
-173.043396
65.668976
-170.495834
65.811668
-187.328842
65.513939
-221.629486
64.829445
-203.719833
65.243576
-173.079330
65.980110
-170.492081
66.123337
-187.194199
65.827225
-221.580658
65.130386
-203.862534
65.533791
-173.136200
66.278374
-170.487778
66.422676
-187.070816
66.123878
-221.575302
65.431862
-203.973572
65.839561
-173.193604
66.580391
-170.573624
66.718254
-187.010727
66.433937
-221.618744
65.737640
-204.146835
66.146408
-173.277283
66.888306
-170.612244
67.029388
-186.942596
66.747223
-221.610703
66.045021
-204.322800
66.443062
-173.375992
67.185493
-170.659988
67.336235
-186.900223
67.048164
-221.634842
66.339523
-204.554535
66.739708
-173.483810
67.493950
-170.706116
67.642006
-186.861603
67.359840
-221.604797
66.656563
-204.693481
67.046555
-173.524048
67.797577
-170.667496
67.946701
-186.748947
67.666145
-221.509857
66.958046
-204.724594
67.349106
-173.542816
68.104958
-170.651932
68.253548
-219.168289
84.022789
-212.203659
84.201965
-176.008850
85.046326
-170.103699
85.264122
-181.859818
85.086021
-219.106598
84.336075
-212.302902
84.503983
-176.136520
85.346191
-170.157867
85.563988
-181.802414
85.386429
-218.984283
84.635406
-212.414490
84.809219
-176.239517
85.649284
-170.164307
85.863861
-181.700485
85.687904
-218.833542
84.943329
-212.507294
85.103188
-176.315689
85.948082
-170.179871
86.168022
-181.651672
85.991531
-218.798141
85.238373
-212.647293
85.396080
-176.372009
86.242050
-170.186844
86.465752
-181.615204
86.293015
-218.743423
85.544144
-212.836670
85.698097
-176.484131
86.546211
-170.203476
86.774200
-181.554047
86.596642
-218.654373
85.843475
-212.925705
85.997437
-176.554947
86.844475
-170.221176
87.070320
-181.487518
86.901337
-218.564789
86.156219
-212.984726
86.300522
-176.597855
87.143272
-170.206696
87.375557
-181.405991
87.203354
-218.488083
86.454483
-213.178375
86.596107
-176.698166
87.445824
-170.216888
87.680252
-181.341080
87.511276
-218.424240
86.763474
-213.293167
86.897583
-176.781860
87.746239
-170.243698
87.975296
-181.284744
87.810608
-218.349136
87.056908
-213.363983
87.191551
-176.852661
88.047180
-170.256577
88.276237
-181.197311
88.109940
-218.218246
87.363754
-213.451965
87.497322
-176.900940
88.344902
-170.212051
88.572357
-181.081970
88.414108
-218.134567
87.672745
-213.576416
87.793442
-176.994293
88.641556
-170.272675
88.878662
-181.040131
88.715584
-218.035324
87.968857
-213.724472
88.089561
-177.110703
88.941429
-170.304321
89.177460
-180.977905
89.023506
-217.970947
88.276237
-213.887558
88.385674
-177.224960
89.242371
-170.319336
89.480553
-180.928009
89.327126
-217.938766
88.575577
-214.030243
88.685005
-177.310791
89.536880
-170.339722
89.780418
-180.834137
89.625389
-217.828247
88.877594
-214.233017
88.985954
-177.423981
89.839432
-170.384247
90.071709
-180.784256
89.922043
-217.729553
89.178535
-214.347824
89.280457
-177.517319
90.136086
-170.403030
90.377480
-180.700562
90.235863
-217.637817
89.489136
-214.493729
89.578186
-177.624603
90.437027
-170.407318
90.685402
-180.612045
90.540024
-217.533203
89.791687
-214.587067
89.876984
-177.701324
90.731537
-170.435211
90.982590
-180.542847
90.838287
-217.420013
90.092628
-214.697037
90.184364
-177.761398
91.037842
-170.420197
91.281387
-180.461319
91.138695
-217.319702
90.391426
-214.817200
90.471893
-177.826843
91.329132
-170.400345
91.580719
-180.371185
91.446075
-217.211884
90.697739
-214.921280
90.777130
-177.923935
91.630608
-170.425552
91.884346
-180.279465
91.745949
-217.080994
91.004044
-215.052170
91.075394
-178.003342
91.935310
-170.406250
92.189583
-180.190948
92.050110
-216.980682
91.306602
-215.158386
91.372581
-178.066635
92.232498
-170.406250
92.490524
-180.109940
92.355881
-216.889481
91.611298
-215.373489
91.672989
-178.192703
92.529152
-170.253357
92.781815
-180.017670
92.649849
-216.589615
91.912781
-215.180908
91.972862
-178.052689
92.831703
-170.068817
93.092415
-179.747849
92.963135
-216.394882
92.223381
-215.312881
92.274879
-178.131546
93.132645
-170.194885
93.392288
-179.757492
93.256027
-216.434570
92.521637
-215.478638
92.568314
-178.262970
93.426079
-170.362259
93.685722
-179.789154
93.560730
-216.464615
92.824730
-215.700729
92.861748
-178.460388
93.723267
-170.403564
93.988274
-179.829376
93.859528
-216.397568
93.117630
-215.861664
93.159470
-178.591812
94.022064
-170.378357
94.289749
-179.784851
94.161003
-216.312805
93.421791
-215.963043
93.458801
-178.665848
94.320869
-170.356354
94.590157
-179.669525
94.464096
-216.173325
93.722733
-216.012939
93.755455
-178.710907
94.618057
-170.377274
94.889496
-179.605682
94.760750
-216.062286
94.022606
-216.162598
94.053719
-178.830521
94.918465
-170.413757
95.188293
-179.542923
95.065987
-215.974304
94.328377
-216.260239
94.351440
-178.901337
95.218330
-170.391769
95.486557
-179.473190
95.368538
-215.891693
94.634682
-216.397568
94.646484
-179.011307
95.511765
-170.417511
95.788033
-179.412033
95.670555
-215.789780
94.934555
-216.553131
94.950111
-179.123962
95.812172
-170.449692
96.095963
-179.340149
95.972572
-215.693756
95.240326
-216.679733
95.239250
-179.224808
96.109367
-170.451309
96.392075
-179.281677
96.274597
-215.583252
95.540733
-216.860519
95.536446
-179.352493
96.404953
-170.494766
96.688194
-179.253250
96.565880
-215.510818
95.837921
-216.959747
95.841141
-179.419006
96.700531
-170.451843
96.981628
-179.137909
96.868439
-215.372955
96.141556
-217.060608
96.140488
-179.483917
97.007370
-170.430923
97.291687
-179.054764
97.176888
-215.261383
96.442497
-217.153946
96.431236
-179.538635
97.293831
-170.405167
97.581902
-178.948547
97.477837
-215.131561
96.742371
-217.212952
96.724136
-179.642166
97.591560
-170.437363
97.877480
-178.889008
97.769119
-215.020523
97.043312
-217.380859
97.020782
-179.782181
97.887672
-170.476517
98.180573
-178.846619
98.078651
-214.913223
97.344261
-217.480637
97.316902
-179.868546
98.184326
-170.490463
98.479370
-178.763474
98.380127
-214.773758
97.655930
-217.618500
97.627502
-179.967255
98.487419
-170.458282
98.782463
-178.674957
98.680000
-214.674515
97.952049
-217.709167
97.915573
-180.021423
98.782463
-170.428238
99.076431
-178.585373
98.981476
-214.577957
98.254066
-217.786942
98.219193
-180.099747
99.089302
-170.450775
99.378983
-178.519928
99.281891
-214.458328
98.559303
-217.880829
98.514236
-180.190948
99.383812
-170.453995
99.682076
-178.467896
99.586586
-214.364441
98.857559
-217.962357
98.811424
-180.260147
99.678856
-170.460434
99.983017
-178.389038
99.888603
