154.296677
204.411713
154.314911
205.421295
154.123398
206.583771
153.779541
206.518326
153.914200
205.907318
154.092285
205.265198
154.226395
205.312408
154.034897
206.175537
153.651337
206.891144
153.787598
207.350342
154.351929
205.666992
154.672714
202.945084
154.536469
202.071228
154.379288
201.989151
154.552017
202.441895
154.848145
203.318451
155.002640
203.838791
154.946838
203.298065
154.867447
202.702606
154.954361
202.294922
155.166779
202.152222
155.324493
202.008453
155.018723
202.705826
154.644821
203.611343
154.760162
203.567886
155.024628
203.216522
155.002640
203.136063
154.644287
203.544296
154.343353
204.721786
154.287018
205.949692
154.535385
206.346664
154.613174
206.468964
154.293457
206.251175
153.990906
205.850449
154.076202
205.800568
154.190460
205.764084
154.177048
206.077911
154.048309
206.360611
153.888977
206.823563
153.995193
206.945328
154.346024
205.882645
154.798782
203.943939
154.644287
202.898956
154.348175
202.311554
154.265030
202.271851
154.458679
203.854889
154.556320
204.812973
154.388412
204.356995
154.266098
203.530334
154.556320
202.672028
154.918411
201.954269
155.001556
201.780472
154.620148
203.646210
154.173828
206.118668
154.268250
206.159973
154.707596
204.705154
154.973129
203.210083
154.840088
203.104401
154.437225
204.057663
154.429718
203.362976
154.668427
202.762161
154.792343
202.845840
154.579910
203.471863
154.356216
203.521225
154.619080
203.161804
155.009613
201.795486
155.107773
200.996735
154.775711
201.527802
154.439911
201.663528
154.514465
201.445190
154.749435
200.138962
154.883011
199.581055
154.615326
199.853027
154.182953
200.855103
154.304184
201.351852
154.724762
200.417374
154.910904
200.214066
154.606201
200.963470
154.293457
201.628662
154.378220
201.626511
154.688812
201.055206
154.932892
201.163559
154.712418
201.321808
154.404495
201.321274
154.427567
200.893738
154.697403
200.534317
154.738708
200.112137
154.438293
199.209305
154.186172
198.880997
154.297211
199.421204
154.420059
200.212982
154.558456
201.040710
154.484970
201.667816
154.418442
201.872742
154.545044
202.159729
154.825607
202.276672
154.996735
202.057266
154.785370
202.312622
154.665207
201.717163
154.874420
200.246246
154.973663
199.532776
155.010681
199.275284
154.928070
199.149216
154.471024
200.097656
154.540222
201.108841
154.983856
201.218277
155.077728
203.725067
154.994583
204.076447
154.967758
202.392548
154.909286
202.551331
155.167862
203.177368
155.342209
203.331863
155.225250
202.507355
155.160889
200.277893
155.199509
199.295670
155.303574
199.334290
155.407654
199.495758
155.091690
199.776855
154.747818
199.735550
154.781616
199.829437
155.085785
199.821381
155.330399
199.066605
155.134064
198.815018
154.926453
198.806976
155.088470
198.596680
155.117432
198.990433
155.160355
199.108994
154.896957
199.421204
154.530029
200.007523
154.528412
200.849747
154.776794
201.645279
155.036972
200.710800
155.087387
198.675537
154.847595
198.204010
154.919479
197.748032
155.126556
196.826431
155.336304
196.282471
155.277832
195.671463
155.077728
194.804581
155.318054
194.227371
155.648514
193.877609
155.781006
193.710770
155.488113
194.103989
155.130844
194.933868
155.203796
196.190750
155.375992
196.274963
155.426956
196.138168
155.316452
195.718674
155.092758
195.209061
155.120651
194.949951
155.397461
194.900604
155.627594
194.485397
155.392090
194.281006
155.099731
193.952179
155.182343
193.910324
155.427490
194.209671
155.416763
195.132889
155.238129
194.691391
154.914658
194.644714
154.847595
194.309448
155.043396
193.924820
155.181274
193.761734
155.005310
193.990799
154.681305
194.526169
154.706512
194.958008
155.087387
194.577133
155.369019
194.122757
155.110458
194.592148
154.762314
195.006287
154.829895
195.147369
155.175369
194.602875
155.345963
194.079849
155.285873
194.185532
155.163025
194.443558
155.273544
194.948883
155.538010
195.408081
155.755264
195.158096
155.656021
194.713928
155.443588
194.036926
155.651733
192.839600
155.988617
192.130951
156.019730
191.908859
155.745605
192.227509
155.340591
193.067581
155.397461
192.399170
155.764374
191.354706
155.924240
191.224884
155.750977
191.122971
155.489182
190.771057
155.509567
190.355850
155.636703
190.104797
155.768143
189.989456
155.680695
190.051147
155.428024
190.433640
155.515472
190.706146
155.732193
190.744232
155.831970
190.720627
155.732727
191.077362
155.807831
192.221619
156.098587
193.027344
156.559921
192.869629
156.802399
192.415802
156.615173
192.463547
156.224655
192.188354
156.261658
192.062820
156.440842
193.330444
156.707443
192.589615
156.508957
192.316025
156.181198
193.346527
156.306183
193.778900
156.591568
192.770935
156.802933
191.746841
156.532562
191.916367
156.124329
192.683487
156.200516
192.990326
156.525055
192.526306
156.773422
192.246826
156.628052
192.861588
156.321747
193.913544
156.361435
195.112503
156.717102
194.379181
156.904312
193.333649
156.568512
193.386765
156.348022
193.389450
156.572266
193.749405
156.682236
194.592148
156.748749
194.561569
156.507355
194.512756
156.098587
194.982147
156.106628
195.850098
156.466583
195.441330
156.672577
194.076630
156.467117
193.244614
156.061569
193.734375
156.093750
194.396881
156.308334
194.513290
156.374847
194.886124
156.211777
195.562042
156.049774
195.171509
156.217667
194.063751
156.440292
193.055237
156.506287
192.733383
156.366806
193.058456
156.107697
193.008041
156.322815
192.259705
156.589432
192.526855
156.711197
193.262848
156.683304
193.957535
156.608200
193.985962
156.765915
193.303619
157.043793
193.039154
157.075439
192.943665
156.757339
193.448456
156.493408
194.053024
156.472488
194.392059
156.703690
194.524017
156.930603
193.512299
156.818497
192.942596
156.660782
192.230194
156.668823
192.001129
156.783615
192.378784
156.890366
193.450607
156.701004
194.352356
156.642532
194.552460
156.747681
193.567551
157.120499
191.684082
157.312546
190.986176
157.006241
191.765091
156.738022
192.159378
156.932755
191.461456
157.301285
189.867157
157.330261
188.847916
157.023941
188.703079
156.777725
188.823776
156.794891
188.660156
156.784164
189.556549
156.859802
190.873520
156.671509
192.204453
156.483749
192.862122
156.676331
193.247833
156.998734
192.524170
157.150543
192.358948
156.861404
193.061676
156.643616
193.568085
156.738022
193.576660
156.963867
193.583633
157.125336
193.514435
157.031464
193.021454
156.791672
192.565475
157.075974
191.783859
157.368347
191.819809
157.505676
191.481842
157.340454
190.788757
157.001953
190.495331
156.941864
190.258759
156.951523
190.145035
156.937042
190.623535
156.797028
190.704544
156.506287
190.393402
156.508957
189.814041
156.641998
190.076370
156.773422
190.030228
156.640396
190.045258
156.316910
190.046860
156.375381
190.046326
156.643066
190.082260
156.821701
189.453018
156.682236
189.144028
156.503067
189.544754
156.660782
189.907928
156.866226
190.207260
157.084564
190.605301
156.968689
190.669128
156.600693
190.743164
156.616791
191.329498
156.878036
190.727066
156.974594
189.875732
156.796494
189.199814
156.479996
189.131149
156.507355
188.919800
156.750366
188.779785
156.917191
188.848450
156.698318
189.060883
156.431183
189.059814
156.586746
188.905319
156.964935
188.769592
157.156448
188.718628
156.895203
189.219131
156.642532
189.629517
156.729980
189.846237
156.993362
189.820480
157.283051
189.438538
157.086166
189.167099
156.674179
189.057663
156.665604
188.866684
156.751968
189.527054
156.930069
189.906845
156.749832
190.068863
156.438690
190.177216
156.637177
189.764160
157.029312
189.051758
157.169861
188.873657
156.994980
188.777100
156.713348
188.719711
156.837799
188.311478
157.031998
188.130692
157.178436
187.928452
156.974060
187.596390
156.631271
187.790054
156.613037
188.322739
156.766449
188.991684
156.798645
189.799561
156.591034
190.923401
156.267563
191.444290
156.419373
191.571960
156.681702
191.374557
156.740707
191.028015
156.590500
190.989395
156.300293
191.321991
156.423126
190.407349
156.859253
189.203583
156.982101
188.205795
156.680618
187.814728
156.432785
187.370010
156.587280
187.417221
156.841019
187.362503
157.053452
186.967148
156.779327
187.043320
156.437622
187.696716
156.500916
187.836182
156.647369
187.761627
156.639847
188.619385
156.448883
189.431030
156.225723
189.920792
156.339981
190.316696
156.671509
190.090317
156.791672
189.459457
156.648438
188.614563
156.497162
188.126404
156.597473
187.512711
156.863007
186.975739
156.842636
186.853958
156.582458
187.212311
156.244492
188.125320
156.357681
188.156448
156.628586
188.096893
156.762161
188.077042
156.521835
187.891434
156.239670
187.623215
156.336227
187.789520
156.598541
187.806137
156.730515
187.393082
156.635559
187.283646
156.459610
187.409180
156.564209
187.798096
156.663452
188.523361
156.812592
189.071075
156.617859
189.221817
156.517548
189.282974
156.793808
188.662842
157.124268
187.868378
157.237457
187.456390
157.058823
187.161880
156.804001
187.227325
156.811508
187.359818
156.947769
187.409714
157.005707
187.388794
156.753586
187.499832
156.476776
188.582916
156.696716
188.727219
157.053452
188.062027
157.235840
187.853882
156.998199
187.962250
156.700470
187.586746
156.824387
186.857712
157.097977
186.439835
157.160736
186.621140
156.900558
187.205338
156.628052
187.668808
156.786301
188.084015
157.156448
188.190231
157.360291
188.053986
157.130157
187.990143
156.796494
188.008926
156.967087
187.821167
157.215454
187.557236
157.241211
187.556168
157.073303
187.529877
156.866776
187.591568
156.999268
187.516464
157.246033
187.377533
157.262131
187.410782
157.127487
187.389328
156.913971
187.713882
157.035751
187.448334
157.271790
187.188156
157.379074
187.131836
157.250854
187.283112
156.876968
187.081955
156.920410
187.213379
157.126404
188.233154
157.172546
188.327560
157.047012
187.299744
156.956894
186.207550
157.089935
185.756393
157.315231
185.718857
157.330795
186.145859
157.022873
187.150620
156.875351
187.273453
157.143036
186.637772
157.402145
186.270309
157.447739
186.070755
157.209549
186.291229
156.918274
186.759018
156.948837
187.370560
157.101730
188.482605
157.281433
188.312012
157.163956
186.943542
156.877502
186.457001
156.996582
186.365799
157.227798
186.142105
157.110306
186.002625
156.736954
186.796021
156.536316
186.993439
156.945084
185.695251
157.262665
185.008606
157.332932
184.501663
157.052383
184.202332
156.778259
184.298889
156.803467
185.185623
157.009460
185.784836
157.150543
184.715698
157.037888
184.338043
156.902176
184.735016
157.059891
185.416290
157.207947
185.504272
157.384964
185.147537
157.330795
184.261871
157.137131
183.890656
157.193466
183.686813
157.419846
183.510315
157.464905
183.826813
157.208481
184.287628
156.998199
184.302109
157.102264
183.949661
157.301819
184.242569
157.402145
184.392761
157.145721
184.302643
156.859802
184.401886
157.050232
184.162628
157.229401
183.962540
157.329712
183.996338
157.042191
183.670181
156.703156
183.804825
156.710129
183.985611
157.002487
184.327850
157.269104
184.620758
157.263733
184.620224
157.086166
184.453918
157.071152
185.041321
157.252472
185.079941
157.281433
183.986679
157.067932
183.593460
156.907532
183.835403
157.056137
183.868118
157.243881
183.893341
157.388733
183.975952
157.212234
183.978638
157.042725
183.962540
157.126938
184.176041
157.324356
183.878311
157.445587
182.733017
157.336685
181.910110
157.191315
181.997559
157.276077
182.268997
157.474014
182.062469
157.697174
181.338272
157.483673
181.255112
157.184875
181.703583
157.245499
182.913803
157.476166
183.164856
157.586670
181.933182
157.544296
181.546402
157.347427
181.749710
157.433258
181.795319
157.752975
181.894562
157.813049
182.490540
157.564682
183.133194
157.515869
182.606415
157.744919
182.094650
157.875275
182.287766
157.930527
182.701904
157.765305
182.590851
157.528198
182.680450
157.574341
183.254440
157.799103
183.493149
157.988464
182.940079
157.696106
182.904144
157.295380
183.089752
157.359756
183.304321
157.650513
184.008667
157.736877
185.028992
157.731506
183.921234
157.612427
182.392380
157.723465
181.689636
157.788376
181.766876
157.832901
181.958389
157.686447
182.214813
157.459534
182.496445
157.533569
182.619827
157.706833
182.443878
157.835052
182.145615
157.678406
181.998627
157.295380
182.418655
157.422516
182.975479
157.754578
183.310760
157.763168
183.650864
157.578094
183.743668
157.300751
183.815018
157.375320
183.938400
157.632813
184.154053
157.809830
184.164246
157.627441
184.476456
157.397308
184.839081
157.642471
184.877167
157.826462
185.287552
157.797501
186.051987
157.682159
186.343811
157.501373
186.318588
157.654800
186.286942
157.828613
186.681229
157.832901
187.052444
157.818954
186.094360
157.551270
185.512314
157.603302
185.247849
157.818954
184.950668
157.888687
184.713562
157.640320
184.856781
157.477234
184.998413
157.527130
185.054199
157.991684
184.005447
158.296921
183.521042
158.219131
184.456604
157.953064
185.852417
158.255081
185.861542
158.608063
185.264481
158.683701
185.062775
158.504532
184.655624
158.292633
184.725357
158.502914
184.478058
158.802780
184.177109
158.881638
184.334824
158.681549
185.023087
158.404755
184.989822
158.591431
184.799393
158.871445
184.490936
159.050095
184.147614
158.774353
184.122406
158.639175
183.398743
158.758804
183.084381
158.858582
183.251755
158.999664
183.271072
158.969620
182.625183
158.586594
182.594070
158.626297
183.095642
158.929382
182.805435
158.987320
182.117172
158.745392
181.603271
158.495407
181.359192
158.588745
182.297958
158.697113
182.161163
158.403137
181.624725
158.091995
182.237885
157.865616
181.760452
158.034073
181.064682
158.193390
182.168137
158.297989
182.925598
158.220749
181.834473
157.941269
182.011505
158.138138
181.879532
158.417618
181.356506
158.336624
182.081238
157.980423
183.529099
157.789444
183.276962
158.064102
182.594620
158.310867
182.356964
158.274933
183.512466
158.062500
185.245178
157.917664
184.706589
158.052307
183.672867
158.425125
182.815094
158.451416
183.788727
158.254547
184.027985
158.079132
183.648178
158.097900
185.070297
158.336624
185.708664
158.466980
185.758011
158.337158
185.807358
158.102188
185.212448
158.196075
185.630875
158.300140
187.225708
158.475555
187.209091
158.441223
186.637772
158.354324
185.393234
158.339294
184.736618
158.338760
186.790665
158.409576
187.359818
158.152084
186.434464
157.965942
186.448944
158.161209
185.882996
158.361298
185.661453
158.449814
186.252075
158.245422
185.919479
157.939117
185.741913
158.039429
185.758011
158.148331
186.615250
158.152618
186.837326
158.056061
186.662445
157.888687
185.976349
158.080734
186.178040
158.316238
186.662994
158.418701
185.962387
158.320526
184.862686
158.050156
184.804214
158.170853
184.760757
158.349487
185.984924
158.416550
186.862015
158.359680
186.080414
158.012604
186.188766
158.134384
185.513931
158.210022
185.910355
158.280823
185.131989
158.108627
185.841156
157.857040
186.235977
157.987930
186.165710
158.329117
185.897491
158.573196
184.390625
158.154770
185.639450
157.824860
186.671570
158.087173
186.272461
158.369873
185.437759
158.466980
185.302032
158.391876
185.357819
158.105942
185.525192
158.269028
185.708115
158.509354
185.683441
158.494339
185.734406
158.258835
185.610489
158.002945
185.629257
157.901031
186.605591
158.106491
186.232758
158.274933
185.425415
158.130630
184.906677
157.896744
184.919556
157.992767
185.615311
158.229324
185.889969
158.309265
185.937714
158.330185
184.869659
158.082886
183.869736
157.998657
184.909363
158.224503
185.753723
158.397232
186.051987
158.296387
185.225327
158.112381
184.294067
158.213776
184.021545
158.347885
184.838013
158.286194
185.245712
158.145111
184.308548
157.894058
183.973801
157.985245
184.038712
158.105942
185.106232
158.209488
185.491928
158.044800
184.292450
157.850067
184.068222
157.847916
185.110519
158.044266
184.853027
158.237381
183.427170
157.938583
182.920776
157.458466
183.662674
157.631195
182.991577
158.051239
181.285690
158.102188
180.363556
157.828079
180.943451
157.467590
182.038315
157.550201
182.689026
157.762619
183.755478
157.904251
184.146545
157.740097
183.413757
157.439682
183.009277
157.612427
183.008209
157.958969
183.023224
157.982025
182.796844
157.651047
182.396133
157.366196
181.947128
157.474564
181.997009
157.799637
183.293594
157.902100
183.078476
157.680008
182.397736
157.590958
181.925674
157.684845
181.816772
157.891907
181.632767
157.949844
181.676758
157.720245
182.082306
157.462219
182.218567
157.587204
182.374130
157.733658
182.186920
157.933746
181.464325
157.803940
181.072189
157.526596
182.457825
157.625290
183.256042
157.961639
183.221176
158.122574
182.555450
157.876358
182.542038
157.536789
182.567261
157.596863
182.862839
157.874207
182.660599
158.079132
182.414902
158.008316
181.901535
157.821640
181.404785
157.982574
180.232666
158.146713
179.812088
158.182663
179.588928
157.993835
179.227371
157.722397
179.802429
157.779251
180.979919
157.931610
182.101624
158.124725
181.497055
158.036743
180.533066
157.502457
182.691177
157.682693
183.430389
158.064636
182.480347
158.283508
181.198792
158.071075
180.259476
157.803940
179.341629
157.955750
179.521881
158.233093
179.645248
158.175690
179.319092
157.832901
180.420944
157.602234
180.580276
157.888153
180.026672
158.197678
179.035858
158.061966
180.197784
157.771210
181.045364
157.636566
181.206299
157.777649
181.678909
158.027634
181.558212
157.950912
182.433685
157.779800
182.274887
157.611893
182.111816
157.632278
182.800613
157.870453
183.008743
157.993835
182.247528
157.804474
181.667099
157.546448
181.968582
157.789444
181.259949
157.988464
181.079163
158.036743
180.983673
157.898346
180.581345
157.824310
179.779907
157.887619
179.989120
158.086639
180.221924
158.252930
180.254120
158.126328
179.909180
157.997589
179.240784
158.131699
177.803650
158.331253
177.222153
158.392944
176.900284
157.994904
178.043976
157.704147
179.094330
157.781937
179.388306
157.926239
180.357117
157.960037
181.056091
157.864548
181.167679
157.688065
181.137634
157.774429
180.922531
158.081802
180.830795
158.170853
180.586716
158.001877
181.043228
157.756195
182.174576
157.832367
182.955643
158.020660
183.164307
158.104874
183.367096
157.894592
183.707199
157.723465
183.816086
157.926239
183.682510
158.160126
184.345016
158.208405
184.239883
158.008316
184.606262
157.779800
184.777390
157.888687
184.501129
158.154770
184.267242
158.343063
183.421265
158.204651
182.570480
157.929993
182.850494
158.008316
183.567184
158.297455
183.186310
158.405823
182.338196
158.249176
182.040466
158.025482
181.837158
158.292633
180.582413
158.412262
180.246063
158.289948
181.237411
158.021194
182.385406
157.745468
183.025375
157.870453
183.364944
158.276535
182.509857
158.524368
181.605408
158.252930
181.663345
157.981491
181.999161
158.037827
182.580124
158.259369
183.295212
158.330719
183.958786
157.950912
184.861618
157.786224
185.653946
158.012070
186.106705
158.259903
186.599152
158.465897
185.634628
158.299606
184.105774
158.207336
182.869278
158.362366
182.982468
158.586060
183.667496
158.633270
184.295135
158.409042
184.373993
158.292099
183.921768
158.427811
184.120789
158.608063
184.758621
158.599472
185.149689
158.366653
185.309540
158.213242
185.494080
158.522766
185.284866
158.843552
185.673782
158.780792
185.852417
158.517929
185.507492
158.190704
185.138962
158.309799
185.318130
158.519547
185.175964
158.522232
185.391617
158.227188
186.069687
158.061432
185.074585
158.247574
183.968979
158.380600
184.091827
158.398315
183.510849
158.034073
183.798920
157.890839
184.007065
158.144577
184.327316
158.465897
184.354675
158.663849
184.249542
158.632736
183.975952
158.701935
183.601517
159.044724
183.015717
159.360153
182.645569
159.508743
181.918167
159.375702
181.418198
159.108566
181.322174
159.275391
181.146759
159.562927
181.373138
159.667526
181.566788
159.208344
181.866119
158.635956
182.344101
158.972839
182.134338
159.424530
181.963760
159.412186
183.142853
159.288269
183.141785
159.224426
182.488403
159.369812
182.416519
159.672363
182.108063
159.665924
182.012573
159.350494
182.331223
159.080658
183.290909
159.085495
183.954498
159.105881
184.585342
159.176147
184.983383
159.036682
185.170609
158.760406
185.645889
158.819946
185.547729
159.117142
185.068680
159.266266
183.687347
159.152542
182.884827
158.905777
182.551163
158.943329
181.710022
159.169708
181.396194
159.271637
181.126907
158.979279
181.399414
158.552811
182.820984
158.557632
183.996338
158.799576
184.297272
158.956741
183.700760
158.677795
183.948059
158.485748
183.421799
158.622543
183.661591
158.934219
184.017258
158.993225
185.182938
158.819946
185.351929
158.672440
184.664200
158.854828
184.113815
159.099442
183.675537
159.215851
182.955109
158.969086
183.026443
158.672974
183.231369
158.745926
182.860153
158.973907
182.418655
159.159515
181.612381
159.016830
181.320023
158.649902
181.587708
158.697647
181.976639
158.906860
182.178864
158.962646
182.577988
158.818344
182.359650
158.685837
181.789948
158.791519
182.364487
158.990005
182.721207
159.193314
181.381714
159.021118
180.926285
158.729294
181.723969
158.861252
181.674622
159.087631
181.547485
159.098373
181.865051
158.698715
182.076416
158.445511
182.089279
158.632202
182.168671
159.014145
181.064682
158.925095
181.787811
158.697647
182.582809
158.558167
182.201935
158.757187
181.522797
159.131622
180.809341
159.171860
181.091507
158.895050
181.376892
158.772751
181.379028
158.900955
181.072189
159.094604
181.016403
159.074234
180.928955
158.831757
181.203613
158.640244
181.396744
158.769531
181.318420
159.024872
180.865662
159.057068
181.358109
158.827469
181.456284
158.693359
180.632309
158.793137
180.206375
159.005020
180.420410
159.075302
180.940231
158.836044
181.336121
158.584991
182.105911
158.786697
182.090897
159.203506
180.680054
159.078522
180.868881
158.694962
182.709412
158.374710
185.188309
158.492722
186.554092
158.816742
187.628052
158.941193
188.330780
158.697113
188.881714
158.596252
189.101654
158.814056
189.221283
159.068863
189.237915
159.176147
189.202499
158.954071
189.234146
158.654724
189.116669
158.766312
189.043716
159.001801
188.397308
159.064041
187.942398
158.966400
187.650040
158.652588
186.623825
158.704620
186.366867
158.892380
187.234299
158.939041
188.251389
158.682617
189.304428
158.491119
189.348419
158.712662
189.154221
158.933136
189.003479
158.983032
189.187485
158.751282
189.842484
158.576950
190.093536
158.837112
188.703079
159.233017
187.331390
159.314560
185.821304
159.077438
183.917480
158.892914
182.354828
158.966934
182.384323
159.061356
182.924530
159.034531
182.811874
158.796356
183.157883
158.484680
185.039185
158.567291
187.048157
158.809219
187.997116
158.842484
189.483597
158.823715
188.917648
158.713196
187.424194
158.939041
186.494537
159.189560
186.238663
159.292557
186.840012
159.071548
187.228928
158.680481
187.136124
158.910080
186.293915
159.174011
185.601364
159.290955
185.056885
159.099442
184.833191
158.865021
184.593933
158.998047
184.174438
159.122513
184.202866
159.191177
184.230759
159.055984
184.348770
158.877350
184.469482
158.959961
185.337433
159.190628
185.907135
159.190628
186.238663
159.045258
186.230621
158.937973
185.615311
159.063492
185.425415
159.170792
185.759613
159.170242
186.050903
158.968552
185.844376
158.803329
185.518753
159.000732
185.691498
159.202438
185.645889
159.311874
185.626587
159.169708
185.534317
158.951385
185.487640
159.117142
185.400742
159.354782
185.606201
159.416473
185.827744
159.215851
185.451706
159.043655
185.332611
159.131088
185.800919
159.420761
186.133514
159.357468
185.914108
159.160065
185.464035
158.924026
185.479599
159.101044
185.445267
159.324203
184.805832
159.329575
184.280655
159.054382
183.849884
158.736267
183.810196
158.902023
183.983994
159.256622
183.694321
159.289871
183.408936
159.161667
183.194885
158.920807
182.983002
159.090851
182.893951
159.369263
182.318344
159.418625
181.711090
159.358536
180.765350
158.932068
181.299637
158.957825
181.530853
159.247498
181.727188
159.300598
181.568405
159.113922
181.215424
158.874664
180.719208
158.984100
180.822205
159.184738
181.295349
159.243210
181.401031
159.069397
181.641891
158.971237
181.171967
159.184738
180.410217
159.471725
179.423706
159.514114
179.313202
159.316162
179.482712
158.992691
180.203690
159.087097
180.458496
159.465836
180.549164
159.585999
181.104919
159.315628
181.462189
159.109100
181.094193
159.196533
180.860840
159.375168
180.672546
159.433640
180.652695
159.213699
180.777679
158.931534
180.848495
159.119827
181.186447
159.348343
181.356506
159.448669
181.031952
159.360153
180.754623
159.090317
181.012650
159.195465
181.481491
159.585449
181.229904
159.625687
181.089890
159.544144
181.022842
159.453491
181.085602
159.632126
181.117783
159.931458
181.088821
160.106873
180.743881
160.281754
180.549698
160.139603
180.426315
160.223282
180.478882
160.471664
180.331894
160.593964
179.951569
160.465225
179.800827
160.109558
179.639893
160.235626
179.639893
160.459854
179.221466
160.508133
178.478500
160.397095
177.923279
160.013000
178.108887
160.057526
177.927032
160.364365
177.376114
160.429276
176.768860
160.264587
176.505997
160.074692
176.876144
160.298920
177.388977
160.593964
177.819214
160.725388
177.423309
160.458252
177.273117
160.214172
177.664719
160.337540
177.925964
160.489365
177.924347
160.548370
177.559570
160.347198
176.642258
159.713135
175.741562
159.543076
176.218460
159.645538
177.307983
159.539856
177.678116
159.305435
177.813843
159.030243
178.231735
159.162735
178.327225
159.537720
177.847107
159.753357
178.175949
159.603165
178.389984
159.301147
178.024124
159.474411
177.911469
159.808075
177.862656
159.841873
177.332657
159.663239
176.931396
159.466370
176.324142
159.608521
175.488373
159.743164
175.348892
159.751755
175.361771
159.481918
175.740494
159.338699
175.101059
159.580627
174.072693
159.859573
173.523376
159.867081
173.433258
159.661087
173.587753
159.333328
173.836121
159.599411
173.738495
159.842941
173.880112
159.756042
174.289963
159.516251
174.814590
159.361755
174.972855
159.475479
174.421921
159.788773
174.109177
159.870850
174.465912
159.618713
173.496567
159.401459
172.678482
159.524841
172.593735
159.655731
172.869995
159.672897
172.853897
159.631592
172.698334
159.501236
172.508972
159.624619
172.548660
159.936295
172.569595
159.928238
172.479996
159.624619
172.618408
159.374634
172.753586
159.364975
173.065796
159.547897
173.693970
159.758728
172.548126
159.616028
170.240356
159.439545
169.588577
159.508743
171.291779
159.566147
173.675201
159.559174
174.618790
159.395020
174.992157
159.257690
175.422928
159.381607
175.164886
159.627838
175.127350
159.634811
175.763565
159.486221
176.132095
159.298462
176.799438
159.420227
176.183594
159.704010
175.146652
159.734055
175.224976
159.483536
175.286133
159.391800
175.072632
159.738342
175.571518
160.021576
176.291962
160.070938
176.278015
159.831146
176.326294
159.572052
176.311264
159.714737
176.539795
159.898209
177.488754
159.845627
177.280624
159.613892
175.802185
159.548981
173.103348
159.615494
172.550812
159.572052
174.809769
159.604767
175.937363
159.467438
175.972778
159.275391
175.861191
159.265732
175.934158
159.533951
176.070404
159.590820
175.995300
159.346741
175.980286
159.198685
175.348892
159.454559
175.132706
159.717957
175.536118
159.735657
175.480850
159.572586
175.501785
159.197067
175.593506
159.349960
174.914917
159.657883
174.889694
159.647141
174.981964
159.357468
175.148804
159.170792
175.444916
159.536102
175.024887
159.754974
174.278687
159.553268
175.242142
159.331726
176.008713
159.149872
176.533356
159.237839
177.061218
159.529129
176.753830
159.595108
176.170715
159.415405
176.087570
159.304367
175.669144
159.494797
175.131638
159.619781
175.642334
159.532883
176.718964
159.458313
175.290955
159.258224
174.523315
159.268417
175.258774
159.503387
175.171860
159.580627
175.766785
159.346741
176.832687
159.174011
176.983429
159.344055
176.769394
159.525909
177.274719
159.511429
177.137924
159.369263
176.670685
159.265198
175.614975
159.364441
175.632141
159.540924
176.022125
159.590820
175.860657
159.425598
175.721725
159.173462
175.691147
159.334396
175.398239
159.574188
175.548447
159.573120
175.488373
159.472809
175.053848
159.310257
175.359085
159.522156
175.301682
159.844559
173.882797
159.893906
172.873215
159.579025
173.421463
159.222824
173.985260
159.239456
174.051773
159.549515
173.747620
159.645004
173.673584
159.340302
173.413406
159.134842
173.653198
159.291489
174.493271
159.716888
174.965866
159.703476
176.640640
159.380005
177.454422
159.257156
177.704407
159.286652
178.094940
159.447052
178.666779
159.767303
178.735443
159.759796
178.738663
159.486755
179.705872
159.501770
180.117325
159.745316
180.466019
159.869766
181.479889
159.783936
181.448242
159.616562
180.686493
159.761414
181.238495
159.925552
182.268997
159.962036
182.284546
159.754440
182.661667
159.535568
182.800064
159.716888
182.079086
159.923416
181.626877
159.954529
181.183777
159.732437
180.887650
159.490509
181.284622
159.657883
182.240021
159.920731
182.954025
160.164276
181.918701
160.050018
180.781433
159.722778
180.199402
159.875671
179.580887
160.100983
179.441940
160.016220
180.066360
159.728683
181.096329
159.443298
182.287231
159.721176
181.682663
159.981354
180.571686
160.043045
179.536896
159.768921
179.495056
159.484604
180.519653
159.460999
182.668640
159.787689
182.546326
159.940582
182.336044
159.739410
182.853714
159.614960
182.964752
159.786621
182.999619
159.988327
183.145538
159.801102
184.577301
159.506592
184.280655
159.354782
183.684662
159.552200
184.308548
159.624619
185.064926
159.638031
185.790192
159.526443
186.307327
159.281296
186.740768
159.388046
187.113602
159.704544
186.985931
159.873520
186.577164
159.656265
186.450027
159.376236
186.396912
159.494797
186.447876
159.741028
186.880783
159.880493
187.282043
159.502838
187.750885
159.341370
187.600693
159.544693
187.371094
159.778580
187.240204
159.815048
187.329788
159.549515
188.158585
159.325287
188.382813
159.553268
187.586197
159.811829
187.204788
159.771606
188.175751
159.470123
188.590958
159.269485
188.624756
159.405746
188.952515
159.607986
189.544220
159.747467
189.886459
159.546295
190.221207
159.298996
190.166489
159.581161
189.953522
159.882645
189.581238
159.950241
189.335541
159.706696
189.378998
159.470657
189.258835
159.586533
188.921402
159.754440
189.073761
159.766769
189.176758
159.457779
188.862930
159.233017
188.499771
159.327957
188.688599
159.640167
188.735260
159.664307
188.373703
159.440613
187.764832
159.207260
187.376999
159.312943
187.918793
159.477631
189.343048
159.585449
189.336075
159.422379
188.537308
159.065109
189.421371
159.177765
189.372559
159.526443
188.894043
159.641251
188.608658
159.340836
188.898880
159.218536
188.698242
159.654114
187.421509
159.979736
187.008987
160.048401
186.754181
159.750687
186.439285
159.420227
185.932358
159.598862
185.576157
159.862793
185.850815
159.918045
186.691956
159.847778
186.338974
159.728683
184.634705
159.824173
185.002167
159.849380
186.058960
159.728683
186.975739
159.599945
187.904312
159.429352
188.837189
159.732971
188.477234
160.038208
187.991211
160.039825
188.238510
159.772141
188.445053
159.389648
189.928848
159.504456
190.883713
159.772675
191.253326
159.966324
190.337082
159.987793
189.560303
159.921799
189.396698
160.031769
188.778183
160.554276
187.713333
160.894913
187.875885
160.585388
188.901016
160.202362
190.133224
160.390656
191.490967
160.742554
193.229584
160.841797
194.329834
160.770996
194.981064
160.721634
194.992874
160.923874
194.951569
161.174393
194.923676
161.303680
194.306229
160.963043
194.574448
160.254395
195.030960
160.332184
193.663025
160.618103
192.937759
160.517792
192.887878
160.289810
193.187210
160.122971
192.653442
160.313400
191.389038
160.597183
191.044113
160.602554
190.838120
160.380463
191.226501
160.250107
190.301666
160.563919
188.180588
160.739883
187.843689
160.656189
189.456238
160.272095
191.050003
159.927704
191.206116
160.240982
190.123032
160.586990
189.601074
160.443222
191.583237
160.047867
193.444168
159.815048
195.273972
159.982422
196.369385
160.346664
196.204163
160.416946
195.866730
160.257080
194.763809
160.146576
193.903900
160.262985
193.474747
160.592896
192.088577
160.592896
191.274780
160.345596
191.654037
160.212555
191.076294
160.323593
190.524826
160.431427
190.959351
160.415863
191.222748
160.222214
191.180359
160.136383
191.676041
160.436783
191.989853
160.659409
191.657791
160.730225
190.383743
160.449127
190.900345
160.186264
191.961960
160.514572
190.665375
160.775818
189.983032
160.780106
189.961029
160.510284
189.420837
160.217926
189.346802
160.184662
190.273773
160.276398
191.404053
160.274246
191.741486
160.229187
191.237762
159.970078
190.914825
160.062881
191.236160
160.259232
191.859497
160.297852
191.643845
160.152481
191.171249
160.008179
190.912140
160.286591
190.558090
160.613815
190.289337
160.459854
190.120361
160.132629
190.524826
159.966873
190.331177
160.171783
189.751816
160.302139
190.822021
160.418015
191.221130
160.300537
190.799484
160.156769
190.575256
160.390121
190.090317
160.649750
189.548508
160.630981
189.138672
160.489365
188.741165
160.305359
188.760468
160.395477
189.156906
160.749527
188.623138
160.928177
188.059875
160.581085
189.146179
160.412643
188.988464
160.609528
188.929459
160.866486
188.861862
161.056915
187.214981
160.859512
186.328781
160.549973
186.887222
160.671753
187.346420
160.954987
187.227859
160.952316
187.294922
160.740417
186.135666
160.493118
185.656082
160.769913
185.032745
161.058517
184.584274
161.167419
183.945374
160.974838
182.485718
160.742554
181.836624
160.862183
182.040466
161.020432
182.244308
161.030090
182.664886
160.744705
183.015182
160.583237
182.898239
160.618637
183.940002
160.865936
184.695862
161.005951
185.159348
160.868622
184.890579
160.536026
185.224792
160.855743
184.250610
161.196930
183.378891
161.035995
184.154587
160.770996
183.609558
160.767776
181.823746
160.944794
180.854935
161.175476
180.660202
161.151337
180.809341
160.961426
181.082916
160.832153
181.194504
160.970551
180.946671
161.120758
181.242783
161.251114
181.410690
161.106812
181.422485
160.798889
181.898849
160.827850
183.482422
160.986099
184.555313
161.162598
184.248459
161.203903
183.017334
161.175476
181.835541
161.442612
181.067902
161.563858
181.007813
161.554199
180.476746
161.285980
180.411301
161.010788
180.817917
161.161514
180.254654
161.464615
179.706940
161.528992
179.336807
161.308502
179.740738
161.093399
179.970337
161.273636
179.164063
161.525772
179.103989
161.481247
179.307831
161.438858
178.546616
161.285980
178.535355
161.353027
178.913544
161.555801
179.145294
161.641098
178.972015
161.388443
180.140930
161.162064
180.792709
161.222672
180.139313
161.366440
179.929565
161.407745
179.858765
161.129333
180.619431
160.875595
181.257263
161.042969
181.333435
161.376099
180.976166
161.441010
180.008957
161.254868
178.550385
161.071396
178.124985
161.172256
177.803116
161.278473
178.011795
161.220535
178.705948
160.960358
179.236481
160.801575
178.818604
160.997375
178.958069
161.315475
178.891556
161.318161
179.835159
161.145966
179.735916
160.981812
179.828186
161.145966
179.653305
161.451736
178.388916
161.537033
178.154480
161.264511
178.726868
160.981277
179.534210
161.184052
180.782516
161.523087
180.762665
161.491440
180.404327
161.407211
179.575516
161.355713
178.332581
161.433502
177.865875
161.722107
177.443695
161.671677
177.385223
161.371811
177.410980
161.040283
177.441010
161.171173
177.327820
161.473724
177.615356
161.493042
177.727478
161.274704
178.029495
161.154541
178.109955
161.408829
178.273575
161.663635
178.510681
161.622864
178.472061
161.419022
178.161987
161.236084
177.464081
161.400238
176.169647
161.546158
176.339706
161.542389
176.382080
161.429749
175.686310
161.160446
176.099915
161.233398
177.368591
161.487686
178.270889
161.474808
178.580948
161.242523
179.003128
161.036530
179.577133
161.260757
180.078171
161.574585
181.363480
161.540787
182.392914
161.426529
182.324783
161.277924
183.127838
161.512360
183.688950
161.755905
184.054276
161.747314
184.283875
161.505920
184.353607
161.296707
184.393295
161.549362
184.305862
161.847092
184.483429
161.929703
184.060715
161.631989
183.139099
161.478561
183.020004
161.611053
183.244247
161.859970
183.576294
161.842804
184.448563
161.574585
184.332687
161.327820
184.355209
161.402924
184.928131
161.625015
185.543976
161.756973
185.474228
161.649689
184.548874
161.328888
185.102478
161.472122
185.459213
161.883041
184.557983
161.859436
184.006531
161.510208
184.514542
161.332108
185.558456
161.656662
184.834793
161.896454
184.179794
161.833145
184.347168
161.649155
184.373993
161.424377
184.688889
161.538101
184.840164
161.900208
184.783829
161.941513
184.964615
161.650757
184.626648
161.654510
184.063385
161.790771
183.780685
162.130341
183.377823
162.244064
183.022156
162.035385
182.637527
161.945801
181.743286
162.197388
180.578659
162.328278
180.395737
162.466141
179.448914
162.302536
178.460251
161.976913
178.239777
162.108871
177.935623
162.352966
177.982285
162.440933
178.012329
162.317551
177.388443
162.026260
177.027954
162.181305
176.683029
162.351883
177.142761
162.256943
177.996231
162.032166
177.402390
161.852997
177.091797
162.029480
177.251648
162.299316
177.090179
162.358322
176.699661
162.126587
176.230804
161.870697
176.461472
161.979065
177.798828
162.141602
179.767563
162.142670
180.106598
162.009644
178.905502
161.667923
179.116318
161.894836
179.023514
162.236557
179.580887
162.311661
180.296494
162.119614
180.500885
161.939896
180.734238
162.218307
181.219711
162.756897
182.157944
162.845947
183.254440
162.705399
183.612778
162.565933
183.054337
162.864182
182.363937
163.071259
182.474991
162.992935
183.387466
162.688232
183.993652
162.454346
184.214661
162.659271
184.653473
163.032089
184.704437
163.180695
184.025833
162.973083
183.426636
162.786942
183.072586
163.058914
182.667038
163.239700
182.848343
163.270813
182.650406
163.129730
182.450851
163.007950
181.526016
163.099686
181.246536
163.218246
181.386551
163.286362
181.185379
163.218246
181.419266
162.960205
182.440125
163.141525
183.026443
163.338943
183.232971
163.313721
183.517288
162.879211
183.447556
162.466690
184.099869
162.779434
184.010818
163.493439
182.612320
163.521866
181.957321
163.331436
181.318954
163.052475
181.358109
163.031021
181.295883
163.306747
180.361938
163.548691
178.844879
163.375412
178.061142
163.153870
177.121826
163.433350
175.969025
163.875381
174.641327
164.002518
173.641403
163.783646
171.970917
163.317474
170.341202
163.350204
169.741470
163.695679
169.282806
163.639877
168.580612
163.338943
168.404648
163.060532
168.935196
163.130264
168.510330
163.194641
168.478149
163.013321
167.940094
162.589523
167.575851
162.252640
167.403122
162.373337
166.851654
162.666245
165.364105
162.570221
164.748810
162.232803
164.151749
161.913620
163.973114
161.818130
165.368393
161.843872
167.399902
161.792908
168.094055
161.508606
168.760315
161.412033
168.563980
161.862656
167.196594
162.127121
167.105927
162.080978
167.809738
161.909851
168.101563
161.932388
167.382202
162.417862
166.017487
162.601868
166.237427
162.561630
165.324936
162.335800
164.198944
162.133560
163.675919
162.185059
163.739761
162.384079
164.652786
162.382462
164.738617
162.249969
164.250992
162.024124
163.795013
162.230118
162.597137
162.569138
162.326233
162.757431
162.495743
162.681793
161.831635
162.409821
161.970566
162.471512
162.780060
162.761734
162.470001
162.755829
162.602493
162.500473
163.486023
162.267670
163.757462
162.497269
164.173203
162.545547
165.628571
162.445770
166.239578
162.507462
165.000397
162.333649
164.440887
162.387299
165.500900
162.626541
166.260498
162.737595
165.971359
162.608307
165.271301
162.472580
163.613159
162.719879
161.591843
162.989182
160.125748
163.084671
159.034088
162.814835
159.083984
162.464539
159.120987
162.649612
158.911774
162.763870
158.705780
162.690384
158.629074
162.358856
159.191269
162.092255
159.501862
162.262299
159.717514
162.453278
159.726105
162.451660
159.563553
162.349197
158.743332
162.124435
158.682724
162.353500
158.998688
162.535889
159.508835
162.414108
160.050644
162.134094
159.963745
161.968338
159.828552
162.056839
160.639130
162.187195
161.281784
162.173782
161.070419
161.998367
161.054871
161.902878
161.288757
162.100830
160.631607
162.327744
159.560867
162.266052
159.890793
161.987640
160.236252
161.687775
161.016235
161.965118
161.606323
162.223679
161.039307
162.370667
159.714294
162.171112
159.177322
161.886261
160.581726
162.134094
160.639664
162.445221
160.448151
162.485992
159.645096
162.122818
159.573212
161.947403
158.618347
162.287506
157.661331
162.587387
157.307816
162.497803
157.394730
162.246201
157.864639
162.179153
157.889862
162.443085
157.476257
162.744019
157.561020
162.695740
157.701035
162.477417
157.386673
162.197388
157.256851
162.201675
158.228897
162.530518
157.636658
162.609375
157.765945
162.399094
158.580261
162.182907
159.021744
162.397476
158.515884
162.716660
158.618881
162.929642
157.169418
162.834686
156.407135
162.518723
156.397476
162.587387
156.880814
162.826645
157.265442
162.811615
157.437103
162.660873
158.254105
162.569687
158.200989
162.823959
157.221985
163.117920
157.360397
163.071793
158.223526
162.794449
158.722946
162.507462
159.090958
162.700577
158.696136
163.070724
157.556732
163.225754
156.891541
163.022980
157.010635
162.920517
155.891083
163.042816
155.555267
163.179077
156.491348
163.056229
157.284210
162.848099
157.136154
162.818054
155.999435
163.051941
154.328415
163.439789
153.088699
163.521332
153.181503
163.321777
152.948151
163.085739
153.540924
163.210190
154.148712
163.338943
155.469971
163.249893
156.423233
163.049255
156.546616
162.915680
157.095932
163.134552
157.436569
163.390442
156.406601
163.296555
156.307892
163.094864
155.440994
162.963974
154.036057
163.124893
153.715805
163.387756
153.152008
163.400635
151.731506
162.947876
152.873062
162.754761
153.703461
162.962891
153.558624
163.181229
153.704544
163.128113
154.721100
162.783722
156.049332
162.631912
156.625458
162.947342
156.487061
163.330887
155.894302
163.436569
154.450195
163.083054
154.462524
162.868484
155.204437
162.970947
155.907700
163.343765
155.787003
163.610382
155.196915
163.315872
156.445755
163.020294
156.703781
163.256866
156.070251
163.636658
155.431885
163.616821
155.472122
163.440857
156.091705
163.172638
157.000977
163.335190
156.277847
163.573898
156.106720
163.564240
156.224747
163.232193
157.840500
163.065353
157.946716
163.438721
154.937286
163.682266
154.097748
163.571213
155.301529
163.237015
156.441467
163.129196
155.929169
163.434433
154.864868
163.623795
154.936752
163.487000
156.069168
163.271881
156.359390
163.279388
155.569748
163.452133
155.506989
163.629684
155.173325
163.718201
154.296234
163.568542
153.917511
163.221451
154.671738
163.281540
155.226425
163.451599
156.437714
163.438721
157.336258
163.128647
157.997681
162.957535
158.175247
163.217163
158.081909
163.556732
157.880203
163.690308
157.630219
163.502548
157.616272
163.445160
157.443542
163.610382
156.615814
163.789551
157.036911
163.807785
157.399551
163.654373
156.909775
163.416718
157.078217
163.470367
158.145203
163.693527
159.015854
163.729462
158.957916
163.673141
157.609299
163.435501
157.710144
163.562103
157.328201
163.652756
157.896835
163.589462
158.486923
163.449448
158.296478
163.210724
158.013245
163.352356
158.005722
163.693527
157.722488
163.737518
157.368439
163.458572
157.558334
163.348602
157.883423
163.571213
158.065277
163.833008
158.463852
163.822815
159.112411
163.599655
159.285141
163.486465
159.476654
163.709625
158.986877
163.999298
158.684326
164.100693
158.327057
163.775604
158.698807
163.445160
159.461090
163.430130
159.867188
163.710693
159.983597
163.751465
160.357498
163.506851
160.381638
163.392044
159.963211
163.657043
158.239075
163.859283
157.788467
163.982132
157.215012
163.852844
156.410355
163.592133
156.035385
163.650620
155.964035
163.940292
155.447433
163.765411
156.115845
163.435501
156.770309
163.144745
157.636658
163.253113
158.022354
163.528305
158.655899
163.627014
159.214340
163.506851
159.127960
163.326065
159.016922
163.585709
159.360245
163.930634
158.823273
163.939224
158.361923
163.757370
157.879135
163.643631
157.353409
163.795456
156.549286
163.864120
155.944183
163.751465
156.390503
163.560486
156.143738
163.316406
155.944183
163.555130
155.282745
163.758438
155.296692
163.826035
155.199600
163.643097
154.746307
163.484848
153.555405
163.837830
151.632797
164.193497
150.284729
164.069031
151.219208
163.773453
152.101654
163.481094
151.963791
163.596970
151.844696
163.801346
151.832352
163.721954
152.195526
163.491821
151.828064
163.342163
150.886612
163.435501
150.317978
163.527237
150.484818
163.650070
150.069611
163.467682
151.378525
163.272415
152.351089
163.577652
152.044250
163.777206
153.047394
163.828171
153.948624
163.521332
154.471115
163.327133
154.475403
163.521332
153.962570
163.856064
152.571579
163.988571
151.327026
163.694061
151.247635
163.401169
150.651642
163.644714
149.892044
163.911865
150.808823
163.854462
151.590958
163.598572
151.374771
163.342163
151.894043
163.466614
152.150467
163.843201
151.926239
164.437576
151.317368
164.395737
150.924698
164.230499
150.690811
164.454742
149.924774
164.681656
149.438751
164.744949
149.280502
164.577591
149.431244
164.284683
150.370560
164.439178
150.519684
164.695068
150.957962
164.650009
151.007843
164.550232
150.411316
164.319550
150.282043
164.440262
150.316910
164.648392
149.517609
164.637665
149.100266
164.357101
149.517609
164.167740
149.998260
164.396271
150.485352
164.684875
150.755722
164.704178
150.441360
164.478348
149.693558
164.229965
149.699997
164.333496
150.816879
164.641418
150.560455
164.619965
150.905930
164.016464
152.358612
163.735901
152.571579
163.740204
153.032913
163.768631
153.588135
163.602325
154.331100
163.296555
154.956055
162.867401
155.859421
162.805176
155.884644
162.894760
155.614807
162.523544
156.557877
161.936142
157.310501
161.539169
157.284744
161.491440
157.449982
161.578339
158.217087
161.274704
158.577576
160.925491
158.669312
160.521011
158.976151
160.641708
159.588226
160.751144
159.645630
160.787079
158.388748
160.525299
157.605545
160.200211
157.350739
160.349884
157.399551
160.751144
156.878662
160.883102
157.074463
160.710373
156.784256
160.515106
156.735428
160.506531
157.356628
160.827316
157.354492
160.952316
157.393646
160.714661
157.475189
160.638489
156.691452
160.951767
156.367966
161.267731
155.730682
161.281143
154.802094
161.007034
154.906174
160.500626
156.862579
160.376709
159.482010
160.541397
160.531296
160.657272
160.592453
160.555878
160.480331
160.434113
161.077393
160.753296
160.662720
161.170639
160.118774
161.016678
160.479797
160.777435
160.834381
160.544083
160.878372
160.746323
160.278641
160.962509
160.361252
160.768311
161.247452
160.577332
160.709930
160.469513
159.916000
160.554276
159.911179
160.759186
160.452972
160.860046
160.172424
160.556412
161.356888
160.348816
162.381485
160.589676
162.714081
160.904037
162.858917
161.034927
162.195877
160.794052
162.071960
160.566605
161.264084
160.844482
159.284073
161.050476
158.378021
160.961960
159.993790
160.622391
161.548386
160.380463
162.827805
160.203979
164.164078
160.279068
164.452148
160.179291
165.038483
159.930923
165.319580
159.954529
164.154419
160.223282
163.656601
160.610062
163.594910
160.764023
162.510239
160.545685
161.602036
160.341843
161.355270
160.453415
161.604721
160.605774
162.259720
160.619186
162.899155
160.345062
163.651779
160.184128
164.071274
160.319839
162.952789
160.370270
163.022537
160.365982
163.481186
160.059128
163.705429
160.024261
163.977936
160.526382
163.796616
160.847168
162.689941
160.789230
163.287003
160.506531
163.914093
160.403000
163.046677
160.629913
163.217255
160.998978
163.038620
160.953384
162.901840
160.700180
163.476898
160.428741
164.068054
160.696960
163.214050
160.985565
164.003143
161.055847
164.577148
160.751144
165.611404
160.664780
164.634003
160.841797
163.738678
161.066040
163.663040
161.059067
164.708572
160.771530
165.494461
160.622391
165.970810
161.018295
164.767044
161.513962
163.195267
161.784332
161.200241
161.580490
159.929947
161.126648
161.287674
161.218384
161.294113
161.447983
161.826263
161.339615
162.679214
161.238770
162.412064
161.126114
161.967896
161.484467
161.741516
161.726929
162.243088
161.847626
161.403015
161.603546
161.917465
161.495193
161.937851
161.685623
161.948044
161.818130
161.714691
161.866943
161.351517
161.708160
159.813004
161.384140
159.346832
161.387894
159.789398
161.614273
160.064056
161.738190
159.647247
161.690994
158.796448
161.401840
159.273880
161.368057
160.091415
161.444229
161.520493
161.335327
162.627182
161.082123
162.788101
160.899734
162.129364
161.129333
162.018311
161.348740
162.153503
161.465683
162.064987
161.209259
162.221619
160.965179
162.875015
161.004349
163.882980
161.120758
164.793335
161.157227
164.899002
160.914215
164.425858
160.719498
163.809494
160.753296
163.650711
161.003815
163.063309
160.937820
162.775772
160.611130
163.101395
160.311798
163.209213
160.397629
163.263931
160.696960
163.672699
160.768311
165.195129
160.349350
165.758392
160.119217
164.908127
160.252792
164.034805
160.288193
166.730423
160.483459
166.655319
160.516724
165.931122
160.267273
166.418747
160.275864
166.286240
160.622940
165.092667
160.695892
164.424255
160.402451
164.936020
160.149796
165.751953
160.226501
166.947678
160.634201
165.821686
160.678192
165.938095
160.548370
166.501358
160.134232
168.066696
160.219528
168.684677
160.718414
167.273300
160.828384
167.254517
160.644928
167.047455
160.507599
167.178345
160.662628
167.472855
160.890076
168.050064
160.817123
168.436310
160.568222
168.315063
160.386368
168.950211
160.573044
170.099274
160.990402
170.156677
160.803177
170.146484
160.436783
170.953827
160.258698
170.595490
160.374023
170.815430
160.688385
170.155594
160.756516
170.334778
160.529587
171.418915
160.302673
171.963943
160.445374
171.791748
160.728073
171.619553
160.718414
171.742401
160.538712
171.505295
160.348816
171.481689
160.446442
172.007935
160.836975
172.328186
160.981812
172.866241
160.738800
172.749832
160.459320
173.179520
160.683014
174.093079
160.946945
174.291565
160.851456
174.710526
160.477554
175.345139
160.245285
176.225433
160.382065
176.437866
160.570892
176.558029
160.630447
176.156235
160.377243
175.800583
160.069870
176.383682
160.328430
176.877213
160.753296
176.825714
160.910461
176.804794
160.741486
176.576813
160.468445
176.729691
160.659943
176.700729
161.085342
176.315018
161.083740
176.556961
160.887939
176.659958
160.679260
176.687317
160.802109
177.383087
161.067108
177.309052
161.102509
177.126663
160.828934
177.943130
160.611664
177.867493
160.753830
178.573975
160.979126
178.774078
161.174927
178.642105
160.884720
179.356110
160.662094
179.829254
160.981812
179.084671
161.393265
178.489761
161.191559
179.888794
160.774750
181.384933
160.556412
182.106445
160.893845
181.635452
161.157227
182.010422
161.156158
182.768417
160.718414
183.055420
160.350418
182.567795
160.504379
181.346848
160.600937
180.946671
160.445374
181.144608
160.177689
180.767487
159.881042
180.643570
159.892838
181.527634
160.098297
181.655304
160.096680
181.573761
160.015686
180.312592
160.158371
178.617966
160.312866
177.685104
160.000122
177.692078
159.894989
177.699051
159.746384
177.423843
159.528061
177.257019
159.620331
177.638428
159.934677
177.407761
160.055374
176.340240
159.865479
175.786636
159.666992
175.305435
159.758728
174.567841
159.992081
174.793137
159.943268
175.528061
159.730835
175.768387
159.479233
176.169113
159.434174
177.091797
159.787689
176.509750
159.824173
176.664780
159.488892
178.093323
159.217987
178.895844
159.471725
178.843277
159.793060
178.867416
159.997986
178.158234
159.841873
177.969955
159.666458
177.431366
159.994766
177.003815
160.308044
177.192642
160.390656
177.288132
160.172867
177.439941
159.877823
177.696899
160.024796
177.814377
160.308578
178.025742
160.460922
178.133026
160.445374
176.319321
160.303757
174.784027
160.439468
174.357544
160.683548
174.432114
160.546753
175.330124
160.251724
175.317780
160.075226
175.155243
160.215240
175.074768
160.455566
174.924561
160.457718
175.962051
160.309647
176.446991
160.238312
175.759277
160.423386
174.979279
160.750076
173.552353
160.825180
172.441376
160.561783
172.030472
160.383682
172.347504
160.431961
173.292175
160.501160
175.582245
160.526917
177.273651
160.389587
178.423782
160.146042
180.076553
160.302673
180.219788
160.606308
179.731628
160.742020
177.791855
160.530136
176.765106
160.270493
176.375641
160.345596
176.355255
160.644394
175.295792
160.821960
174.195007
160.502777
174.510437
160.282837
174.858047
160.206116
175.570450
160.342377
176.644943
160.483994
175.819351
160.314484
175.781799
160.041428
175.744247
160.025879
177.282227
160.043579
178.843811
160.249573
178.813232
160.231873
178.573441
160.097763
178.617966
160.281754
178.704330
160.529587
179.528854
160.427673
181.250824
160.434647
181.266388
160.195389
181.254578
160.246353
181.064682
160.514572
180.499268
160.383682
180.341019
160.000122
180.412903
159.673431
181.421951
160.041428
180.269669
160.469513
178.847565
160.419617
177.007568
159.947556
176.321457
159.582779
175.640717
159.528061
174.756119
159.474411
175.281296
159.071014
175.778046
158.546371
175.874603
158.007248
175.894455
157.762085
176.169647
157.800720
176.692673
157.508347
176.421783
157.341522
175.023270
156.748749
175.717422
156.608734
176.794601
156.835114
176.004959
156.812057
175.682022
156.569046
175.306519
156.307800
176.094009
156.387192
177.884109
156.898956
177.921127
156.798645
177.418488
156.007385
177.627167
155.297134
177.949570
155.224182
178.480103
155.441437
178.933929
155.681229
176.608994
155.633484
175.097839
155.681763
174.663864
155.803543
174.943344
156.003632
175.456711
156.199966
176.040359
155.772964
175.287201
154.970978
174.713211
154.835266
174.016907
154.882477
174.028717
154.783768
175.215851
154.339050
178.612610
154.065475
181.288376
154.494629
181.524414
155.108856
179.826569
155.213455
178.768707
155.111526
178.153946
154.910370
177.744644
155.076126
177.427063
155.128159
177.840134
155.156052
179.539581
154.916809
181.807114
154.604050
183.908890
155.077728
183.720062
155.623840
181.661743
155.587891
182.134888
155.315384
183.653549
155.223114
183.333298
155.366882
183.356354
155.811050
183.773712
156.074448
184.445343
155.742920
186.487564
155.540680
187.291153
155.978424
186.134048
156.401138
185.121246
156.394699
184.805832
156.309402
183.571472
156.261124
183.774246
156.727829
183.099945
157.030380
183.521591
157.162354
184.503265
157.045410
186.071823
156.942413
184.924377
157.382294
182.404709
157.834503
181.620438
157.731506
182.080704
157.580231
181.720215
157.484207
182.404175
157.769058
181.998093
158.162811
181.055557
158.396164
181.559814
158.235229
181.828033
158.261520
180.971878
158.122040
182.204620
158.237915
182.986221
158.344666
183.715240
158.210556
184.053192
158.085022
183.446487
158.276535
182.498047
