117.232933
121.281998
101.739426
84.408051
90.449997
110.931885
116.696495
101.287201
87.539803
97.191467
121.346367
130.217514
115.722313
100.934219
107.914940
128.286850
135.028320
117.991463
101.127876
106.295959
126.137329
133.031143
117.940498
101.770538
106.932716
127.844826
133.384125
118.748383
104.849174
112.503128
133.490875
138.731369
123.133797
104.281082
108.320488
126.727417
130.302795
112.535851
95.855186
102.776367
123.543098
129.174133
113.548119
99.570053
106.116791
126.164688
131.075272
117.092926
100.409042
103.025810
120.637192
123.890717
107.916550
93.944382
102.075768
122.498650
128.252518
112.262802
96.778946
103.502708
125.737144
130.236816
112.675858
96.296684
102.880432
122.739510
129.399963
112.066460
94.597763
101.019516
120.548141
123.045280
106.204224
91.214424
98.907013
121.285751
126.577751
111.040253
94.545197
99.124268
118.502151
125.880913
114.231544
101.868164
109.769958
128.797012
134.155533
119.391037
103.800964
108.454063
127.563728
130.890213
113.344269
96.921104
100.903107
117.784393
116.334396
96.767677
78.626816
82.489197
102.442162
108.307617
96.045090
83.357697
93.400963
112.978951
117.030693
101.288811
85.413345
90.790634
111.546654
118.600327
107.795853
98.695114
105.745567
125.320869
130.137039
114.914429
101.177231
107.036781
126.742439
131.072067
110.969978
95.263489
104.948418
125.238258
133.251617
116.466362
96.752121
99.335091
117.740410
124.511909
109.014107
93.314598
98.623764
117.999512
121.540558
104.635674
90.168365
97.400146
118.452263
124.755455
110.011353
92.424103
96.611038
116.459381
124.463631
109.433067
92.405327
98.526138
119.797127
127.287460
112.208084
96.016121
101.994766
123.103218
130.223404
116.008774
100.336624
104.333115
123.905731
129.662827
113.291695
97.450569
104.798752
126.470459
136.113007
124.924973
108.114494
112.268700
132.738785
138.189026
121.543777
103.633598
111.387329
133.551498
139.014618
123.779137
109.133202
115.782928
135.306732
138.778580
119.667847
98.388809
98.687065
114.382820
117.305893
101.343529
85.753983
92.769035
113.187088
118.693665
105.669395
92.202019
99.350647
120.431740
126.399117
113.404884
99.602776
106.209053
124.718979
127.817467
111.203865
93.747505
99.823250
120.234329
125.306923
111.118034
97.149628
105.211807
126.057404
130.329086
115.675644
101.093010
106.713844
123.388069
123.213188
107.132271
95.369171
104.823425
128.338348
132.560684
115.340370
100.819962
106.665565
125.350906
127.306236
108.749107
94.874565
102.408905
122.177315
123.074783
102.236702
85.763107
93.510399
113.703682
116.642845
100.944412
89.740822
98.445129
116.469574
118.096603
101.878357
90.122231
97.525673
115.892365
122.255104
109.908356
96.725304
101.044731
120.073929
125.957085
107.175186
91.374825
99.767998
120.914001
127.577675
114.498154
98.721939
102.632599
122.278168
128.983688
112.976265
99.020737
105.576050
122.610229
124.384239
106.796455
90.040688
94.516762
114.270706
119.588448
106.134491
91.366241
95.065002
115.507202
123.230354
107.681053
90.713387
95.457146
114.564674
120.150101
108.513069
96.110001
103.215714
123.266296
128.646271
111.886215
93.191750
96.505898
115.519539
118.495178
103.244141
90.630775
97.410339
117.292480
122.427834
106.828110
92.438583
99.825394
119.726318
125.499504
111.252144
96.223190
101.034538
121.284676
129.264786
118.154541
104.718285
109.381569
126.895859
131.033966
117.251709
103.669006
108.336044
126.601891
131.621384
116.731361
101.339233
108.629478
129.444489
134.527817
117.793518
100.753975
104.654984
122.272804
126.120163
110.914185
93.687424
96.758560
113.909142
116.979195
103.127731
88.946884
96.385193
118.924873
126.255882
109.399811
92.007286
96.879257
117.325203
122.398331
105.416733
87.631531
93.232521
115.707291
123.864426
109.764587
93.005066
98.024025
116.098358
120.699959
104.316490
87.568230
91.022919
108.719604
114.277679
100.464302
85.052322
91.435440
111.296669
115.844086
101.819351
86.089264
89.529465
108.441727
112.453239
96.268250
80.204491
85.932083
107.601120
115.076973
100.820496
85.104889
92.302864
113.000412
119.406059
105.780441
90.996094
97.855583
115.280823
118.898582
103.502167
88.268288
93.437981
113.498764
119.592209
105.174255
91.003601
97.332016
120.106651
131.154129
119.639412
106.888725
115.370407
136.910156
144.396744
131.196518
114.924622
117.320908
134.321823
139.362762
125.377731
109.338120
113.471939
130.475540
133.711349
119.606689
106.653763
113.302422
133.973129
141.061676
128.051361
114.756721
120.212868
136.638718
138.894989
123.841896
110.603584
117.693199
136.075455
140.434036
123.898224
106.521263
111.316521
131.060257
136.514267
120.550827
101.763565
103.845490
121.108192
125.418503
109.890656
94.546806
101.646614
120.555656
125.936165
112.122253
94.828438
98.452644
116.732437
121.189194
106.616211
90.477356
94.698616
114.026619
121.220306
108.328003
93.195503
98.238068
117.735046
124.840218
111.815407
94.649261
98.339989
118.564384
125.453903
111.413078
95.486115
100.985718
120.051399
122.201996
105.341629
90.904366
99.921417
122.130646
127.796547
112.317520
94.540367
96.167404
114.320053
117.547287
100.168182
84.121056
90.085213
112.150681
119.498329
105.345917
90.559433
95.982323
115.522224
121.291115
108.421875
95.624512
101.866562
122.304993
128.525574
113.295448
98.526138
103.644867
123.431519
129.934799
114.720238
99.169327
103.411514
120.159225
124.765114
110.866440
94.641212
98.740715
117.001190
120.414574
103.145973
88.450676
94.423958
114.532486
119.796593
103.648079
88.836914
96.752121
115.297989
119.121742
104.476349
90.212891
96.210320
115.331245
122.396187
109.753326
92.082390
93.868736
111.715630
117.103653
104.027885
90.880760
97.261208
113.881783
118.308502
105.541718
91.901070
99.122658
119.715584
126.618523
112.342194
95.252220
99.286270
116.918579
122.800667
107.425705
90.616829
93.248611
109.624046
114.173073
99.156990
82.673737
88.791855
108.890190
115.001869
101.640182
86.216400
91.255196
110.631485
118.920578
107.934792
95.245789
102.032852
121.408600
128.764816
116.302208
102.762955
107.850029
123.788788
126.258034
112.724144
98.786308
103.960831
125.216263
131.840775
118.197456
101.005569
103.704407
121.479408
126.751022
112.968758
95.649727
96.529495
112.130302
116.321518
102.343994
88.137932
94.152519
113.336220
119.193626
104.673759
90.219864
96.964020
116.854744
124.521568
112.277283
97.363129
99.510506
115.243271
120.446754
108.527557
93.273293
95.943161
113.534164
120.599640
107.315735
92.270142
97.647446
116.070999
121.670380
107.970734
92.958397
97.276764
113.688660
117.651894
101.859047
85.791000
92.401039
113.853889
121.962738
110.141708
92.701439
94.121941
110.629875
115.744308
100.792068
82.811600
85.686394
104.134636
110.604660
94.575233
78.654175
83.386131
102.193253
111.138954
97.317535
84.359772
94.071518
114.922478
122.786713
110.090210
95.177124
98.736420
117.551582
121.971321
106.491226
89.032715
91.669327
112.704292
121.445610
104.997231
87.157852
90.496132
110.928673
115.516319
98.199440
80.940491
85.814064
105.043365
112.870056
102.170181
87.985046
91.363022
109.657837
116.181511
104.873848
91.101776
96.383591
114.926231
121.701492
108.295815
92.646729
97.124413
116.887466
124.678749
112.577690
96.562759
99.048096
115.354317
120.527222
106.788948
93.007751
99.099052
117.949623
124.281776
112.088997
97.232239
102.137459
121.598495
128.115189
111.334221
93.282944
99.086716
121.586159
132.861099
122.304459
107.654228
110.756470
129.346863
132.956039
116.363899
99.216003
104.273575
125.054253
132.324112
117.213089
98.486435
101.506607
121.109261
126.006439
110.443726
95.295677
100.765244
118.975296
123.331207
108.638062
90.885048
90.132423
104.632988
106.714920
90.719826
76.648422
84.197769
106.172577
115.404205
103.342308
88.210350
91.388771
109.805901
116.632652
103.167969
87.167511
90.494522
108.207298
112.621147
96.017731
79.266792
83.052467
101.905716
108.408463
94.154129
78.139732
82.332024
101.050095
109.254974
96.089081
79.915352
84.484230
104.258018
113.483742
103.291351
90.277260
95.854645
114.081879
119.820732
105.568542
89.379799
93.893417
111.785904
117.703392
102.788704
83.805092
84.952003
102.848244
110.592857
98.264351
85.522781
92.034645
111.703827
118.089096
102.215248
82.619553
84.119980
102.889015
112.188232
99.228874
81.434555
81.876587
97.209167
102.718430
90.468773
76.207466
81.985481
100.071091
106.682732
93.852112
79.794655
88.620728
111.549866
119.882423
105.456963
90.078239
97.459686
116.944862
122.522789
112.997726
99.211708
103.414192
121.809319
127.324478
113.928986
99.173622
102.767784
119.929092
124.793007
110.132057
92.871498
94.139641
112.209160
120.015991
106.123222
83.750908
80.119736
95.390625
102.169113
90.142082
73.270981
74.087982
91.429543
99.577560
91.387161
79.065628
83.908089
102.035538
108.365555
95.740921
77.778702
79.889069
97.752586
104.093330
91.619438
76.106613
81.205498
101.584930
110.876099
96.407188
78.354309
81.774658
98.822784
105.650620
94.668037
80.874512
89.025742
110.801537
118.602470
106.642502
91.614075
96.494095
114.921410
122.028725
109.173965
92.230980
94.815559
114.819481
124.371368
113.821167
100.382759
104.099762
119.698418
125.089661
113.250923
98.787384
101.979210
118.585304
123.721199
110.405106
92.051277
92.203087
108.842987
116.110695
103.571907
87.717896
90.625946
107.164459
114.816261
106.724579
93.733017
99.822182
120.993927
128.862991
113.530411
93.889122
99.073845
119.372261
126.845436
112.996651
95.290848
95.147621
110.434608
118.381454
109.559669
96.136284
100.449814
117.893829
122.235794
107.321098
89.343857
91.970810
109.349922
113.653793
100.335556
85.600563
91.131279
112.556770
122.469681
108.145073
89.711853
92.327003
111.521973
117.333786
103.209808
87.512978
91.831337
112.598610
122.533516
110.738235
92.969666
96.819176
114.706833
124.679283
113.320129
95.108994
96.045090
110.854645
115.255074
100.995377
85.574814
91.033646
113.150078
122.626320
109.718994
92.531929
95.977493
115.708900
123.878914
111.856712
97.259064
100.853218
118.635727
122.198242
106.931107
89.200089
91.966515
111.510170
119.463997
107.039467
91.986900
96.067619
113.429565
119.788010
107.668716
93.019020
97.595406
117.792442
128.242325
118.598717
102.281761
102.802650
117.513496
124.331665
113.907532
97.542839
101.185280
119.533730
126.973648
115.178902
98.893600
99.559860
119.008018
129.748657
121.406990
108.333900
110.260803
124.718979
130.796860
116.179359
97.962334
100.912766
119.372261
124.591309
109.552162
92.794785
95.532784
113.850670
120.380775
107.107597
94.179878
98.508972
115.375771
119.309502
104.734909
88.215179
90.274582
105.065361
110.598755
98.699944
83.853371
86.500175
103.519333
113.827065
105.172653
91.514832
95.771500
114.025551
121.505157
109.097794
95.092361
100.393486
119.896904
128.847977
116.185799
101.329041
106.734772
127.292824
137.676727
128.322800
111.836327
111.416298
126.023605
130.445496
116.783394
102.477570
107.108131
126.178635
133.814346
122.786179
107.442871
110.404030
127.383484
133.515015
120.212334
103.792923
104.393196
122.455734
131.057037
118.730141
101.059212
104.345459
121.778206
128.670944
116.260902
100.439621
104.154480
122.213799
129.615616
117.914215
103.072479
105.498268
122.714836
128.412384
111.938789
93.030815
93.956177
111.168457
119.764938
108.499664
92.143547
95.362190
114.102257
122.859673
110.353607
93.716393
97.972527
115.671349
121.677887
107.929962
92.580742
95.096657
114.348488
123.820442
114.106018
100.315704
103.909866
123.369827
131.247482
118.818657
101.550598
103.832619
121.681107
128.560440
115.738403
98.953682
101.469589
121.182220
128.410767
113.214981
95.006531
97.716110
115.459991
122.874153
111.582054
94.202408
94.984001
111.570251
119.701103
108.605881
92.660675
95.146545
113.638771
122.778671
111.632484
96.223190
99.914444
116.987778
123.007729
108.446014
90.680130
92.914948
110.303177
117.554260
105.972481
90.063759
93.634850
111.439896
119.225281
108.795776
94.293602
97.144798
113.686516
119.889931
108.834938
93.831192
95.266708
110.540825
115.489502
103.572441
89.236565
91.767494
109.009819
118.001122
106.759979
90.595909
93.651482
110.969978
118.596031
104.872780
88.034935
89.906578
108.023834
116.160583
105.443550
91.977249
95.648117
115.659554
124.579506
112.163025
95.455002
98.054604
113.885536
120.704247
111.026306
96.356232
99.591507
115.022797
120.742874
108.008278
92.423569
96.054749
113.873734
121.421471
108.935791
91.966515
93.827972
111.344414
118.167419
107.177330
92.970200
96.868530
113.566353
118.738190
103.651840
85.874146
88.930794
106.972412
115.286186
104.020370
88.833694
92.908508
111.130905
118.805244
108.065681
91.581352
92.340950
108.914330
114.331322
102.923889
87.765106
92.691254
112.733261
121.989563
110.715164
93.698151
96.031143
114.618851
121.141983
109.061852
94.154129
95.496841
112.769203
122.384384
114.162338
101.480858
103.330505
117.523148
121.693985
108.737305
93.937401
96.005936
113.967079
122.512054
112.769737
96.906616
98.707451
116.125183
123.463707
112.844841
97.358299
99.185425
115.889145
122.806030
109.286087
92.793175
93.877861
110.070366
115.670815
102.154091
84.169868
85.433731
103.496269
111.636772
100.429428
85.039978
88.634140
107.714844
114.951447
102.493126
85.461624
85.449287
101.437408
109.223862
101.325287
88.941521
93.153664
112.702682
121.321693
109.377815
92.327003
94.737236
114.051300
122.236862
111.260727
97.285347
101.038826
118.295090
124.765114
112.418365
95.335907
97.450569
113.724068
119.825020
107.298569
91.412376
92.326469
108.768951
117.433029
107.380646
91.843132
93.497520
111.742455
120.851768
108.437973
91.153809
90.460724
106.654305
115.125252
104.536964
90.202164
94.127838
113.154907
122.501328
111.230690
94.183632
95.430321
112.431778
119.165733
106.298637
90.790634
94.714172
112.279434
119.952698
108.378960
92.131203
92.589325
108.250755
116.171852
105.589462
89.554138
92.392448
110.162628
119.121742
110.831039
98.346428
101.563469
118.564919
126.660896
116.148788
102.656738
106.935936
124.957161
132.429260
120.669380
103.098228
103.317635
120.576042
129.011047
117.978050
100.985184
103.178162
121.465462
129.100098
118.110016
101.912689
103.370743
120.702637
128.059937
115.426735
98.020805
99.335091
115.562988
120.965500
107.267456
87.680351
86.837059
103.307976
110.045151
97.601845
81.294006
84.087257
102.632065
111.267700
101.746933
87.099915
89.399109
108.223930
116.396088
104.814842
88.260780
89.324539
107.831795
119.369583
110.760765
96.642151
99.277687
115.670280
124.287140
117.880417
104.749931
104.542870
118.835823
125.120239
112.301964
94.612785
94.017334
108.606949
116.233009
106.247139
91.757843
94.809120
112.861473
120.679039
108.010429
92.079704
94.407326
110.446945
119.143204
109.908356
93.674545
96.160431
114.294846
122.619881
112.684982
98.551346
103.344452
120.802414
127.774017
115.219131
99.901573
104.204910
120.642021
128.072281
116.911606
100.863953
102.644402
120.775597
129.373688
118.559555
101.355865
100.499168
115.100044
121.888710
110.270996
94.171829
95.821922
112.332001
120.006340
110.506493
93.477676
91.600662
105.606094
112.775101
104.089035
90.520805
90.903290
106.556671
114.001945
103.724258
88.799904
90.873787
109.422874
118.264511
108.334976
94.428246
98.144188
117.498474
127.771332
118.917358
102.586998
101.713669
116.841866
124.302162
114.251389
99.256767
100.372566
117.042496
124.186295
112.190918
94.075272
93.589790
109.036102
117.368652
107.940689
92.917625
93.341415
108.369308
116.031303
104.864197
89.847572
92.056641
109.815552
117.978592
107.893478
91.329758
90.916161
106.431679
113.590492
102.154091
86.276482
86.942207
103.209808
111.244637
100.426208
84.027718
86.949715
106.271820
115.295303
104.891556
89.207062
90.752014
107.622581
117.487206
106.423096
89.298256
89.975784
106.051880
114.273384
102.561790
85.934769
85.249191
100.694435
108.197105
95.888443
78.920792
81.024178
99.291641
106.406464
95.436226
79.702385
82.210785
101.777512
113.137741
105.191963
88.655602
86.220154
99.088860
105.291740
93.187996
75.845901
76.531479
91.816315
99.512115
88.510757
72.909958
76.289543
95.435150
108.782364
103.450668
87.432510
86.817749
102.411049
109.997940
99.133926
83.731064
87.631531
106.676834
115.634872
105.942444
89.830406
88.807945
101.937904
108.980850
98.205345
81.693657
84.255165
102.724327
112.158195
102.991478
90.043373
94.771034
112.233833
121.733681
113.354462
96.673805
95.861084
110.699074
117.584305
105.843201
88.253265
89.128204
105.532600
113.897339
104.438797
88.622337
88.251122
103.433502
111.764450
102.863266
86.844574
88.656670
106.932716
117.691589
110.851959
96.797722
98.992844
115.125252
121.288437
110.716774
94.388016
98.629135
118.424911
128.331909
118.324593
102.996307
105.209129
122.981445
131.746368
118.741943
97.799255
95.882545
111.096573
117.248489
106.096405
88.193184
87.620262
104.739738
114.964859
106.701508
91.405937
93.724434
110.224861
119.901733
110.030128
93.332832
94.252296
110.500587
120.914001
113.641991
98.064262
95.954430
114.169312
127.414597
120.059982
106.851715
108.680977
124.118164
128.496063
112.839478
94.383720
93.296356
105.926353
112.345947
101.070480
87.027496
94.686279
115.022255
124.797836
114.881706
98.149551
100.012619
116.969543
122.887032
110.766129
93.881615
94.132133
110.669571
118.423836
108.571007
93.229836
95.260269
111.841690
119.008560
107.817307
91.125374
91.561501
109.075798
118.711365
108.300102
91.807732
94.124626
112.588959
125.270439
117.117065
102.821426
104.452209
119.794983
128.132355
117.891151
100.172478
100.698189
118.094460
127.492386
116.802170
98.241821
97.171623
112.170532
119.418938
108.672394
88.939911
87.286064
103.843880
112.929596
102.608459
84.115692
82.474182
93.323181
97.785843
86.892311
71.668098
73.218414
90.185532
99.825394
90.969269
75.374908
74.749954
91.356583
101.465302
95.594475
85.873077
91.585640
111.407715
122.862892
112.948372
90.064835
86.006645
100.234169
108.505028
97.649055
80.743080
81.059044
98.496628
109.661057
101.566154
88.123451
90.046593
105.830330
114.770668
106.524483
97.296074
104.676979
123.605865
130.221802
113.442970
92.860764
90.470383
104.217781
113.033134
103.539185
86.410591
85.778122
100.643471
109.499588
100.505066
89.228516
94.157349
113.051369
124.905663
116.827385
101.127342
96.503212
106.854393
113.747673
103.914696
87.910484
86.976540
103.013474
113.162949
104.841667
87.074165
85.203598
101.053848
111.001091
102.046806
87.144981
87.278015
104.092255
118.040276
114.147324
100.831764
99.596336
112.135124
120.214478
108.707268
90.740746
89.470993
104.225296
113.174751
103.941513
89.152344
89.980614
105.431747
114.236374
104.843811
91.413445
96.980644
116.969002
128.173660
119.216698
98.703163
93.420815
106.403786
114.648895
105.525627
90.451607
90.745575
105.533142
113.119499
102.990402
86.375183
87.803726
108.005066
123.934700
117.184120
101.815063
102.387444
114.679474
119.175926
106.216026
88.081604
88.355194
104.275185
112.393692
101.995308
84.807167
84.067947
98.985863
108.769493
99.551811
84.375862
89.745651
111.623360
123.823654
114.836113
98.169403
93.859085
108.284546
119.722557
111.525192
92.592545
91.735847
107.064140
116.938431
108.109665
89.864204
88.441559
103.495193
115.468040
112.055733
98.636642
99.268036
116.923409
124.550537
111.267166
92.037865
91.433296
107.011032
115.299065
105.771858
89.098160
89.274117
105.831940
115.855354
107.447159
92.643509
93.044228
108.369308
115.557091
104.999916
89.190971
89.729553
106.270744
113.963318
104.768173
89.828796
90.886124
108.355362
118.535416
108.674004
92.929970
92.913338
107.418732
113.584061
102.603096
89.611534
93.491081
112.304108
122.158005
112.571793
96.371246
96.214073
112.366333
121.724022
107.647789
87.332199
84.533043
100.276009
110.729111
101.445992
84.196693
83.319611
99.080276
108.901993
99.765854
83.520241
83.878044
100.567299
110.570328
100.850540
85.020134
86.310272
102.259232
115.348953
111.773567
98.799721
100.381149
114.901024
123.148811
114.171463
96.467812
91.827576
103.119690
110.548332
100.785629
83.778809
84.259995
100.842491
110.177650
101.252335
82.998283
80.424438
97.744003
110.475380
102.108490
85.451965
85.082893
100.829620
111.075119
102.834839
86.830086
87.514587
104.661957
112.733795
103.682953
87.720047
86.814529
102.827866
113.444580
103.587463
88.348221
91.336739
110.766129
121.197777
111.836327
94.207771
94.562363
108.817238
116.006088
107.112961
91.241249
87.684639
99.869919
107.523872
99.595802
86.564011
89.383553
104.954857
113.590492
108.921303
96.013977
97.126022
113.769669
123.021675
110.039246
88.288139
85.992165
100.695503
110.748962
105.246681
89.238708
86.535583
101.226044
111.595467
105.600731
92.999168
94.198654
106.408615
114.632797
106.817917
97.532112
103.578880
122.397797
132.171234
120.481087
97.543907
91.392525
105.397957
113.945618
102.513504
82.655495
80.110085
96.115906
106.010574
100.394562
89.841133
92.884369
112.867371
125.186760
112.796021
91.804512
87.085434
98.983185
106.857613
99.470276
83.809921
83.749840
100.764709
112.309471
105.307297
92.457359
93.440659
110.347168
120.495575
111.069214
93.524879
92.322182
107.801216
118.621246
110.743599
90.036934
85.133858
99.204201
109.802139
101.154701
83.575493
83.614655
99.900497
111.635696
103.693680
86.069412
84.256775
100.163895
112.608803
110.020477
98.850685
101.595116
118.361069
129.081863
120.513275
100.107567
91.573303
102.220612
110.744133
102.404610
86.383766
87.544090
104.340088
114.843620
106.908577
91.563110
96.462440
118.754822
132.452332
127.364174
111.203865
106.549698
118.092316
126.370148
117.609512
100.056068
97.783165
110.997871
118.965103
108.614998
92.292671
95.981781
115.409035
127.783669
122.088806
104.870094
98.307266
108.266312
114.435387
103.626625
86.198692
85.846252
101.995842
113.242882
105.268669
90.624336
95.005997
114.622070
126.583649
118.555260
100.991089
93.748039
102.596123
109.751183
101.918060
86.914848
87.119232
103.607849
114.614029
105.797607
91.409157
95.500061
116.708298
129.014801
120.211258
103.722649
101.970627
116.535561
126.129288
117.489349
96.254303
90.995560
104.302002
113.892509
105.392593
87.315567
84.314713
98.356621
108.665955
101.192253
87.935692
91.641434
109.853104
122.153717
114.499763
96.612648
91.729408
104.674835
113.364655
102.752762
84.971855
84.397858
99.026634
108.120399
99.209023
84.683784
85.990021
106.984215
122.495430
118.434563
104.283768
102.384224
112.632942
118.094994
106.965439
89.833092
89.328835
106.391983
118.208183
109.125153
91.926285
90.910797
107.551765
122.051254
115.057663
98.997131
99.108711
115.072685
123.494286
113.015968
95.648117
94.007675
107.862907
118.300987
111.089600
93.082855
89.995628
103.804726
114.066856
106.739059
90.521339
88.703880
103.619652
114.158585
107.727722
91.687569
86.933617
99.359230
110.463577
106.286842
93.681519
93.138641
109.515144
123.789322
120.357704
103.149193
97.002106
106.260017
112.947838
104.887802
85.839813
79.513557
91.907509
101.462082
93.270607
77.461128
78.862320
96.909836
108.130051
99.566299
84.460091
84.743332
99.336166
108.846207
101.128418
85.154243
83.600708
98.197296
110.133667
106.373207
92.348999
91.635536
106.282547
117.084343
112.094360
98.275620
99.798042
115.067856
123.656822
113.993896
94.147156
91.312592
105.101303
114.463287
105.956924
90.954254
88.848717
100.151550
110.707657
104.618507
89.748329
90.130814
105.820137
116.044716
108.788269
92.303406
91.225151
106.783585
117.565529
110.939400
97.301437
96.666290
111.597076
122.063057
114.701462
97.823936
96.118050
109.661591
118.045647
109.238342
91.910194
91.352295
104.558426
112.823380
106.000381
92.333977
91.619438
106.394127
115.952988
108.187454
92.058250
89.643723
103.062286
114.369942
107.260483
91.545410
90.949425
104.708092
114.413399
106.757301
90.132423
87.227051
101.765167
113.831894
107.489540
91.607101
89.715607
105.000992
118.486061
111.589569
94.837555
91.396278
103.881432
113.981026
106.973488
90.403328
87.570374
99.391418
108.945442
102.141220
85.794754
84.374794
100.976601
111.858856
103.473206
85.193939
83.042274
97.825005
107.609169
99.987938
84.709000
84.568451
98.991768
109.833794
102.755440
84.922501
82.472031
95.218964
105.976242
100.555496
84.069023
81.950073
97.872749
109.858467
102.527458
84.507828
82.757957
98.469810
108.835472
101.597801
85.161217
84.523384
99.065262
110.000626
102.426605
84.546455
82.856667
98.371643
106.932175
99.644615
84.316856
80.975899
94.154129
105.676903
99.040581
83.480011
82.178062
95.234520
105.498268
100.448204
87.537117
87.315033
103.443695
114.207939
107.371521
92.662819
92.970200
105.267601
111.144318
101.785553
83.981583
81.547211
96.056892
105.940834
99.066330
84.703094
82.384590
98.211777
109.151436
102.172333
88.920067
88.628777
103.645401
117.103119
111.862076
95.257591
93.536682
108.304398
118.582619
111.786980
95.274757
92.143547
105.760056
115.973366
109.079018
92.821068
90.848572
105.420486
116.338684
108.201401
92.104919
90.954254
105.515976
115.607513
106.288452
89.429688
87.091331
99.644615
109.230835
103.148117
87.892242
86.824722
101.140755
113.035812
107.328606
90.708023
88.622879
100.868774
110.427094
102.703407
86.636971
86.299011
102.350967
113.181190
107.036781
91.470306
89.185600
103.739815
114.214912
108.127373
91.739067
90.115791
106.150581
116.993141
110.492004
94.257660
91.794853
105.805649
116.114990
107.097404
89.025742
86.792534
101.750153
111.730652
103.662567
87.174484
83.831917
98.551888
110.636307
105.637207
90.734848
87.758133
101.120903
111.939865
106.303467
91.707413
90.130814
103.245750
113.450485
107.641357
93.251297
90.282623
103.710846
113.909142
107.288910
91.682205
88.840134
101.024345
111.176506
104.165215
88.616974
89.494591
107.154266
118.755356
111.064392
94.453461
90.816383
104.761200
117.003876
111.706512
96.011299
92.489548
107.002449
117.496330
107.957855
91.273972
91.793785
105.681732
113.263268
104.404999
87.103676
82.693581
96.009689
107.944977
100.771141
83.177452
83.106110
99.479393
110.061241
103.318710
89.597588
88.001137
102.433044
114.401054
109.421265
93.137573
88.424927
101.135391
110.392761
103.516655
87.334343
85.738968
102.314484
115.605370
109.051125
90.697830
86.966347
100.368813
110.489326
103.672760
89.534294
89.941452
101.521088
109.534454
101.417557
86.434731
87.810699
101.206200
112.126007
105.926888
91.532539
89.015015
103.083206
115.414932
111.899628
95.601448
92.385475
106.746033
119.144279
111.574547
94.093506
92.191826
109.274818
120.688690
114.374237
97.818031
97.084183
114.371552
124.378876
116.417542
102.919594
104.756905
120.530975
131.850433
123.527008
107.566788
106.307762
119.082047
128.900543
121.339935
104.023590
102.365982
117.519394
125.685112
115.570503
98.663467
95.774719
111.604584
122.010483
113.663986
97.811058
96.985474
112.075043
121.672523
114.309326
98.926323
97.349716
109.482422
119.947327
114.703613
100.148338
97.168404
110.368088
122.755600
115.168709
96.416847
92.548019
107.144073
120.007950
112.212914
94.069366
90.157639
104.518188
116.278603
112.629189
97.466660
92.853256
105.396881
115.788834
108.418655
94.139641
91.226227
103.117004
112.380821
106.758911
92.221329
87.361168
100.313560
111.501053
104.623871
89.243004
88.604103
104.043442
114.830750
108.569397
94.108528
92.926750
105.281013
117.218987
110.488785
93.509323
90.632927
103.880363
113.487495
104.346527
88.033325
85.954613
102.025345
117.092384
113.249313
97.982185
94.878326
109.455063
117.706078
105.861977
86.002357
81.077286
95.356293
107.860222
99.854904
82.855591
78.814575
91.622124
104.177017
97.859879
81.524681
78.890213
93.142937
105.614677
100.391342
83.410805
80.492027
96.582603
110.464111
106.396271
92.000313
87.528000
98.756805
110.678688
104.870636
88.980682
84.166115
95.433006
106.739594
101.523773
86.125740
85.466454
101.193863
110.342339
101.868706
84.349579
81.321365
96.601921
108.050659
100.064651
83.085724
82.886703
98.633957
111.437752
104.806793
87.478645
83.177452
97.892059
110.730721
103.587463
85.456795
82.696800
99.558784
113.279358
107.286232
88.442093
83.948318
95.937798
104.220467
97.017128
79.899261
79.970604
95.049446
103.544014
95.677086
80.222198
79.243187
92.088829
101.735130
96.283272
80.925468
77.526039
89.556824
100.293709
93.547409
78.104858
76.190300
90.713928
103.819740
96.150772
79.252846
76.946686
93.905754
108.846207
103.294029
84.138222
79.947540
91.639824
101.625694
95.884155
81.012375
77.928375
89.827721
97.854507
90.957474
75.525116
74.268227
91.408081
101.483002
93.731949
76.918785
74.244087
89.426468
101.202446
94.843452
80.246872
78.438530
91.732094
100.751297
95.147621
78.759857
74.704353
88.019913
101.272720
93.583893
77.451477
73.348228
86.720116
96.734421
89.223152
73.967819
74.897476
89.844887
101.520554
95.828896
81.366425
77.881165
89.126595
98.096985
90.485939
73.207146
68.819588
81.951149
94.420738
92.749725
80.114372
77.220268
88.347145
97.724693
92.419273
77.579147
73.850876
87.402473
98.398460
92.447166
76.504120
75.989670
90.689247
100.814598
93.383797
77.169304
73.743050
85.507759
96.138969
92.700371
77.028221
74.017708
88.928108
103.321922
100.557640
85.958908
82.127098
94.935188
106.694534
101.222832
85.484154
84.694511
96.702232
106.806648
99.078674
83.839958
80.983406
92.227226
102.349358
97.800865
84.003578
81.545601
96.520920
110.021545
106.726181
90.620049
85.607002
98.923103
109.272141
100.265816
81.469963
78.036736
92.026062
102.115471
96.119118
79.668053
74.515526
88.047813
101.012009
94.655701
76.646278
71.019005
83.701019
92.849503
85.937447
71.746414
68.304070
81.950073
94.091362
89.024132
71.903595
69.191879
85.059830
97.772438
91.877464
75.339500
71.612846
85.783485
97.339523
93.342491
80.158363
78.186935
90.417274
98.790604
91.263779
74.865288
70.830177
83.679565
95.904533
90.215569
74.719376
71.684189
85.355942
98.449959
93.118256
76.164551
72.924980
87.325760
98.773972
91.653770
74.556831
71.079086
83.342140
94.642288
88.155632
72.129974
68.745026
82.116371
94.713638
90.057320
73.557442
69.779823
83.068558
94.205086
88.997314
73.791870
70.374733
84.041664
98.030464
94.142326
78.215370
75.398514
88.180847
98.696724
92.821602
76.726746
73.376663
86.596733
98.790062
94.771034
79.277519
76.832420
91.405403
104.144287
99.067940
82.771904
78.979797
91.395210
102.198082
96.026314
80.088089
77.137123
89.452217
100.559784
96.092300
79.885315
76.136116
90.695152
102.237244
97.534790
82.090088
78.817795
92.642967
104.346527
98.916664
83.308350
80.774193
93.620903
105.684952
98.999817
82.773514
79.106400
92.600594
106.709557
101.874069
84.850082
81.966171
95.032822
108.916473
104.041290
86.648773
82.360451
93.983536
104.872238
100.174622
85.909554
83.068024
95.940475
107.801216
102.199692
85.630600
82.657104
95.781693
106.777145
98.744469
80.111153
75.139946
89.733849
103.090721
99.096375
83.257919
79.550575
93.156883
104.468842
98.805084
82.347046
77.826988
90.776688
102.604706
97.277832
81.763397
78.198738
91.744431
103.582100
99.174156
83.864098
80.079506
93.174583
104.551987
98.780411
82.886703
78.854805
90.837845
102.405144
96.783775
81.093376
77.339897
89.975243
101.072090
95.466797
79.526970
75.171600
87.353119
97.981644
91.871567
76.593170
73.858925
88.656670
101.642326
97.383514
83.070168
81.054222
94.152519
106.284691
101.068871
86.061905
81.495712
94.336517
105.435509
99.204735
81.833130
77.150528
89.676445
101.516266
95.417450
79.268944
75.385101
88.069801
99.166107
92.327545
76.364647
72.506554
86.242683
99.306122
94.510323
77.393005
72.473831
84.738503
96.741394
90.897926
75.282104
72.825737
86.516266
98.495560
92.383873
75.924225
72.427162
85.586617
97.905472
93.736237
78.512558
76.326553
90.140472
101.688995
96.495705
80.851440
77.434311
89.966660
101.647156
95.015656
77.232071
73.619133
86.018990
98.380760
93.483574
76.813110
72.763512
84.972923
96.515549
92.514221
76.893578
74.445793
88.312279
99.949852
94.857399
77.917107
73.814934
87.483475
100.144577
96.210320
81.373398
78.692802
91.841530
103.876602
98.461761
82.083115
77.783531
89.640503
98.883942
91.329224
73.618065
68.523476
80.217903
91.269142
86.290962
70.595749
66.622864
79.968460
92.300720
87.728630
72.707184
70.436424
86.230881
98.730522
93.026527
77.137123
72.442719
84.563622
96.708672
93.583893
79.204567
75.673706
87.885803
99.143044
93.243782
77.211685
73.001694
85.183746
95.380966
89.118011
72.855240
69.018608
81.938271
95.080559
90.903290
75.594315
73.052650
86.289894
99.212784
94.061859
77.527115
73.343941
84.606537
95.939941
90.121696
73.357887
70.149429
83.541702
94.713638
87.722725
72.547325
72.214729
85.133858
97.399605
92.499741
76.154358
72.602577
85.604317
98.918808
93.984612
76.286324
71.873016
84.456329
96.583679
90.831940
73.570320
69.290047
82.317535
95.163177
91.139320
76.049217
74.567024
88.866417
101.245361
97.660316
82.022499
77.778702
90.271896
100.568367
93.547951
76.555084
71.220703
83.790070
96.246262
93.758232
81.315468
79.779099
91.433830
101.242676
96.294540
80.238823
74.686653
86.498032
99.486900
94.623512
78.911667
75.301956
87.684639
101.239456
99.781410
86.629456
81.925934
92.549629
102.202911
95.455002
78.792046
74.814323
86.414345
98.689751
94.708275
79.536621
75.394760
88.733383
102.891159
100.344673
84.222443
78.809212
91.026672
103.378250
98.385590
82.509048
78.881630
91.501419
103.550987
98.587830
82.591125
79.807526
95.398674
108.638062
102.830009
84.928940
79.838638
92.097412
103.809013
98.979431
83.976753
80.457695
93.274361
105.576591
101.253944
84.926254
82.313782
95.954430
108.419731
102.019447
84.811996
79.822548
90.766495
101.022202
95.926529
80.246338
76.706360
90.534218
104.573441
100.521698
85.169800
81.903938
94.290916
105.452675
99.745468
83.874290
79.772125
92.928360
105.221466
100.580704
85.196625
82.286964
95.430855
108.103233
103.690994
89.938766
86.678276
100.289955
111.473694
105.389374
88.494133
83.395790
94.221184
106.567398
102.284447
86.550064
82.531044
96.123413
107.265846
99.345284
80.878799
74.921082
85.574814
97.417847
92.119400
76.155434
72.946976
85.670303
98.110390
93.728729
80.115448
77.901550
91.725655
105.085213
99.351723
82.997749
77.950905
89.504250
101.498024
95.990364
79.272697
74.521965
86.872467
98.846924
95.100945
79.796265
75.896332
89.032715
101.524307
95.229156
76.066383
70.908493
82.753128
92.538368
87.509224
73.115417
69.916077
82.663544
94.650337
89.589005
74.162552
71.463173
85.272263
98.784164
95.508644
80.202347
80.335388
90.865204
98.278297
91.127525
74.371765
70.257790
82.224731
94.224937
89.959152
75.146385
72.879921
87.278015
100.909546
94.897102
77.231537
71.867119
82.580399
94.393913
89.387840
74.253746
70.764191
84.687004
101.402534
96.816498
81.425438
77.169304
89.421104
102.921204
98.367348
81.201202
77.456841
88.070343
97.950531
91.320107
75.230072
70.865044
83.782028
96.313850
91.916092
76.620529
72.705574
85.890244
99.847389
98.600166
84.850616
77.882240
88.059074
99.446671
93.272751
76.294373
71.332283
82.911919
95.542976
92.727730
77.807137
74.267159
88.221077
100.569443
94.594009
78.771126
74.508018
87.505470
100.682632
97.255844
81.704384
76.328163
88.323006
101.632668
99.096909
83.817429
78.915428
90.989120
103.778976
101.157921
83.046028
76.206390
86.375725
98.513794
95.816025
80.832130
76.706360
88.901825
101.730301
97.959656
81.141655
76.180641
89.279480
100.627380
96.883011
80.376694
75.288002
89.225304
101.919662
97.246719
80.620773
75.137802
86.307594
97.720398
93.734627
79.053291
75.762222
89.122307
102.498489
101.016296
88.634140
81.859421
91.278259
102.251724
96.633568
80.603607
75.278885
87.031250
98.581390
94.045769
77.234749
72.488319
84.671982
97.636719
94.438438
80.469498
77.642982
89.681808
103.120758
97.988083
79.186867
73.344475
85.170876
98.124878
94.583817
79.306488
74.190445
85.121521
97.470421
94.306480
79.769440
75.420509
88.354652
101.429359
97.326118
80.372940
74.878166
87.227592
99.479393
95.276901
78.743225
73.395973
84.235321
96.950073
92.343102
77.264793
74.578827
87.782806
100.235779
95.046227
78.263115
73.539742
85.458405
98.798645
95.897560
81.673805
78.640228
89.960228
101.512505
97.360451
82.325050
78.386490
89.520340
102.440552
98.645760
83.250412
78.293152
90.042297
102.494736
99.120514
84.000359
80.479691
94.893341
111.636238
111.211372
98.021881
94.458290
104.987038
115.576935
110.475380
94.157349
88.504326
98.842102
110.605194
105.807259
90.009041
86.369820
99.426285
111.134666
106.820061
91.176872
85.811386
96.520920
108.257187
103.788094
88.419029
83.286888
94.685204
107.771713
104.114250
88.933479
83.394714
94.033424
105.951027
101.130562
84.266434
77.896187
89.340637
101.949707
98.217682
82.600777
76.523964
87.057541
98.805618
94.396599
79.118736
74.243019
84.928398
95.012436
89.939301
73.980698
70.299629
82.611511
95.367020
91.720825
76.072823
71.483025
83.721947
97.639931
93.926140
77.895653
73.762367
86.655746
99.398392
95.389015
79.784462
75.382957
88.234489
101.153625
98.175842
83.372719
78.417610
92.553383
106.913940
104.105133
89.178627
85.119911
97.890450
109.290375
102.917984
86.922890
81.559547
91.916092
102.984505
97.694115
81.052071
76.388786
88.391136
101.298470
97.079353
80.516701
75.085228
86.774834
100.217537
97.921562
83.396324
78.279205
88.993019
99.543228
95.110603
79.370331
75.035881
86.483543
98.794891
95.227013
80.058586
74.821838
86.883194
99.787308
95.893272
81.207108
77.482590
89.372818
102.618652
99.562538
83.892532
79.386955
92.415520
105.401176
101.398247
87.002823
82.868462
94.627266
106.791634
103.902359
88.743042
82.654427
92.362411
104.829330
101.582245
86.434731
80.899727
92.545341
105.046585
101.490509
86.184212
81.180283
92.905830
104.948418
100.951927
86.538795
83.088402
96.035973
108.591393
103.082138
85.081284
79.646057
91.628563
104.145363
100.615578
84.495491
77.929443
89.143227
99.660713
93.919701
77.464890
73.116486
86.454575
101.114464
98.631813
85.345757
81.460304
91.463875
102.848785
98.920418
83.378082
79.018959
91.690247
104.098160
100.005646
84.347969
79.661079
92.644577
106.647331
102.293564
84.094231
77.875801
89.437729
101.305977
97.534790
82.561081
77.226707
89.730629
103.379326
100.509895
83.153313
79.933594
94.235664
105.514900
101.029175
84.235321
78.684753
90.526711
103.049416
99.929466
86.601563
83.904335
96.054214
109.304321
105.706406
90.151199
87.398712
98.446205
109.602051
106.312592
91.020233
84.822723
95.841240
108.115036
103.505386
88.051025
83.460693
95.258125
107.137100
103.337479
88.494667
83.236465
94.571480
107.360260
103.709770
87.667473
82.496712
94.154129
106.791634
103.408829
87.919067
83.335709
94.150909
105.375961
101.228195
85.482544
80.001183
91.096413
102.873993
97.918350
81.815964
77.037880
89.732773
103.563324
100.725548
85.354874
78.998573
89.345467
100.690681
96.747292
81.891602
77.429482
88.653450
100.926712
96.446884
80.369720
78.505585
93.325325
106.893555
103.578346
86.869247
79.633720
89.190971
100.481468
95.034431
77.130150
68.858215
77.921936
90.649017
88.882515
74.539131
69.871552
81.229637
94.986145
91.648941
76.329773
71.371445
82.683395
95.321426
92.513153
77.579681
73.469467
85.191261
98.836197
96.429184
81.214615
75.870583
85.603249
97.241898
93.609100
78.453011
74.027367
86.432045
99.928932
96.166862
79.913742
75.087914
87.725945
101.373032
98.240746
83.041199
77.199348
89.148048
102.367058
99.734741
83.883949
78.161186
89.105141
100.979286
97.071304
81.447433
76.497147
89.258026
102.666931
99.557175
84.278770
78.436378
89.431297
101.525917
98.863022
84.197769
79.250702
90.399574
103.213562
100.615036
85.888092
79.888527
89.997780
102.892769
101.342453
87.103676
81.156143
91.206383
103.253799
99.240143
83.130249
76.389854
86.095695
98.218758
94.682526
78.788826
73.637909
86.263069
99.215462
96.064941
79.963631
73.931877
85.736816
99.761024
97.185028
82.007477
75.505798
85.117767
96.844925
93.140785
76.823303
71.259331
82.751518
96.608894
94.898170
80.154068
74.190445
85.860741
99.741173
95.850357
80.085938
74.333138
85.271187
97.768143
94.598305
79.701309
73.924904
84.890846
98.608208
96.212997
79.776413
72.207222
82.593803
95.802078
92.916023
77.412315
72.051651
83.986946
97.897423
94.881004
78.881630
72.320946
83.092697
96.751053
94.514076
79.322044
73.560127
83.843712
95.890587
91.899460
74.991356
69.072792
79.407341
92.628487
90.817459
77.064697
73.534378
85.068947
97.604530
93.849426
76.755707
71.584412
84.428436
99.271790
96.977425
82.327728
79.287178
91.379112
104.838448
103.923279
87.988800
80.173378
90.058395
102.266205
99.609215
84.886024
79.352623
88.815994
100.520630
98.915588
84.195625
78.088768
88.194260
101.280762
99.236923
85.426216
81.568130
94.826286
109.945908
108.114494
92.891876
87.377792
98.470345
111.658234
109.085991
95.082710
90.392059
101.349426
115.580154
112.776711
97.012299
91.382332
102.573051
117.297844
117.149788
103.180840
97.864700
109.506027
122.981979
119.440926
103.186745
97.167862
107.538361
120.883423
118.280602
103.494659
97.883476
108.478203
122.048035
120.996071
107.946053
102.539253
112.078262
125.255424
125.828339
111.780540
106.127518
117.109550
130.017944
126.930191
111.973656
106.470840
117.715729
130.386490
129.238495
115.732506
110.066605
120.545998
133.507507
131.451859
116.371948
110.026375
121.200455
134.760101
130.809204
114.814117
108.041000
118.141129
131.243179
128.680069
115.275993
111.759079
121.434349
131.761383
127.176956
111.390549
105.270821
115.957809
130.014191
128.969208
115.007240
108.537216
118.110550
130.058182
126.985443
111.176506
104.920525
115.272240
128.523956
126.163620
112.936569
110.828354
122.234184
135.284744
131.067764
114.992218
109.253365
120.382919
132.779022
129.370468
114.185410
109.007675
120.442467
133.510727
130.167618
115.257751
109.409470
119.900658
132.257599
129.617233
113.945084
107.899384
116.810219
128.042236
125.288147
110.641670
105.667786
117.490959
131.559143
129.607574
113.416687
106.910721
117.725388
131.474396
130.451401
115.859642
108.849960
117.987709
129.782455
126.975250
111.581520
105.190353
115.445511
128.249832
125.887352
111.284332
105.528313
116.626221
128.600143
124.835388
109.071510
103.360550
114.372627
127.105606
123.866577
108.774857
103.172791
114.586670
127.624886
124.929802
110.648109
104.656593
115.008308
127.776695
124.131577
108.125763
101.831154
112.554626
125.714081
123.298485
109.269989
103.061752
113.499832
126.154495
124.328987
111.708122
107.824280
118.976372
132.694794
129.368851
114.119965
108.447624
118.715126
131.992599
129.103317
114.142494
108.047974
117.131012
130.965851
128.998718
113.870514
109.497978
119.184509
132.151382
130.035110
115.416008
109.419662
119.577721
132.257065
129.505646
114.358139
108.414902
118.560089
132.354691
130.523285
115.182655
108.253967
117.007629
127.990204
124.649239
109.781754
103.936150
113.396301
126.258034
124.213654
108.669174
102.801575
113.503593
127.087906
124.981834
109.663742
103.400780
114.575935
128.862991
128.905365
115.476089
110.230225
120.336250
131.781235
128.389313
112.335220
106.185455
116.709366
129.921387
126.997787
110.875023
103.880898
113.974586
126.964523
124.490456
108.894485
102.393883
112.565887
126.135185
124.650848
109.962006
104.461327
116.812363
131.137512
129.287857
114.465431
108.242706
119.308960
133.069229
129.830200
113.627510
106.286842
115.948692
129.509399
128.172592
113.542213
105.994476
114.234764
126.876015
124.863815
109.779610
102.824646
112.753647
126.615837
126.215652
112.040710
104.800362
114.312546
127.046066
125.226990
110.808510
104.872238
115.884323
130.390778
129.338272
114.569504
108.285088
118.682938
132.495239
130.759308
114.895119
106.824890
115.206795
128.647339
127.323944
113.766449
107.354355
116.246414
129.036270
127.150673
113.507881
107.734695
117.236687
130.892349
129.641907
114.489037
107.083458
115.951912
131.068298
130.647202
116.393402
109.207764
118.605148
132.011902
130.240036
116.264122
110.516685
121.140915
133.673264
131.586502
116.962570
110.001160
118.954376
131.212067
129.072739
113.680618
105.811012
114.368332
126.741364
124.849335
110.430313
104.966118
115.972832
129.976639
127.984840
112.389404
104.501022
115.294235
129.004608
125.849800
111.020935
104.953781
116.398766
131.180420
130.173523
115.254539
109.068291
119.434494
132.772049
130.867142
115.527588
109.149292
118.986023
132.846069
131.701309
117.736656
111.531097
121.292725
135.662399
133.734421
117.599327
110.965683
120.565849
133.800934
131.248016
116.158440
109.662666
119.266586
132.370789
131.003403
116.238373
108.777542
117.458237
130.064087
127.782059
111.804680
103.689926
112.123329
125.551003
124.287140
109.742058
103.767174
113.920403
127.782059
126.140549
111.254288
104.025734
114.617783
129.378510
127.999855
113.994438
106.944519
116.154686
129.495987
128.131821
113.962784
107.425705
116.266266
129.226700
127.434448
113.133980
106.482643
116.621391
131.113373
130.270081
115.358604
106.552917
113.683296
125.746262
124.774231
111.542892
104.326141
113.455849
126.992416
127.443031
114.349556
106.261093
116.830063
131.281815
129.872574
115.516319
108.509857
117.715729
130.793106
129.384949
115.545822
108.623047
118.246811
131.963623
131.327408
117.393867
110.199112
119.186119
132.398682
130.598923
115.075363
106.353897
114.373161
126.928047
125.362709
111.114815
104.240852
113.795952
128.467636
129.011047
115.897728
108.886971
117.364899
130.064087
128.528793
113.588882
106.271820
115.318909
129.375824
128.981003
114.262115
107.105446
116.410034
129.818924
127.719833
112.838936
106.422562
115.385963
128.601212
127.056793
112.950516
106.103912
115.109695
129.362961
129.120483
115.492714
108.973343
117.580009
131.341354
131.035583
116.932526
109.164314
117.813904
131.028076
130.151520
115.459991
107.725037
117.237228
130.817245
130.406876
116.291481
109.689491
119.371727
132.735565
132.283875
117.882027
110.380424
120.198921
133.166870
131.331161
116.523758
108.938469
118.224815
131.907303
130.791504
116.649284
108.446014
117.050011
130.986771
129.495987
114.825386
107.447159
116.722778
131.045242
131.693253
119.207573
112.336296
122.152107
135.347504
133.830978
118.980659
111.460823
120.079292
133.745148
132.893280
119.166809
111.890511
121.895149
134.879181
133.248947
118.382530
111.466721
120.986954
134.194153
132.012436
116.714195
109.464722
118.290260
131.526962
129.904221
114.932137
106.913940
114.897263
128.300797
127.566948
113.755722
107.422485
116.763550
131.465271
130.285629
115.424049
107.780830
116.144493
129.720230
128.912338
114.199890
107.126373
116.563454
131.228699
131.028076
116.928238
110.005989
119.049866
133.095520
131.389633
116.068321
108.783974
117.755432
132.272079
131.262497
116.359604
108.089287
116.715805
130.235214
129.056107
114.644600
106.375351
114.803391
127.804596
126.182396
112.523514
106.918770
116.354782
130.522202
130.422958
116.970078
110.287086
119.421082
133.600311
132.735031
118.589592
111.399132
120.221451
133.733353
133.438309
119.699493
113.168854
122.541023
135.763245
134.084183
119.591133
112.377060
120.622711
133.477997
132.152985
118.229645
110.107910
118.283287
131.551102
130.158493
114.820557
106.102303
115.319443
129.416061
128.535767
115.427269
109.112274
118.951691
133.447418
131.671799
116.904633
108.973343
115.690125
127.794937
126.366928
111.524124
104.623871
114.999191
129.788895
129.252457
113.066925
103.669006
111.182945
123.509842
122.801201
108.977631
101.749077
110.785439
124.890640
124.405159
111.052048
103.322464
112.236511
126.458122
126.921074
112.559990
103.744644
112.588959
125.746803
124.799446
110.598755
103.520409
113.123253
126.914635
125.611084
111.957565
105.306763
115.852135
131.430939
130.785599
115.822632
107.343628
115.485207
128.637146
128.534683
114.338829
107.205765
116.413788
129.648346
128.450470
114.092606
106.079239
114.283577
127.881844
127.889351
115.418686
108.663811
116.147179
129.641373
129.557678
116.176147
107.902069
116.015213
130.162247
130.183182
116.133224
108.163315
116.442757
130.206772
129.629028
115.347343
108.009888
117.099358
132.208237
133.734421
120.326057
111.434532
118.679184
132.010300
130.871964
115.852669
107.833939
115.105408
128.407013
128.155426
114.575401
107.570007
116.464211
129.006760
127.731102
113.324417
105.463936
113.788445
128.515915
128.227310
114.280891
107.012642
116.343513
130.872498
130.688507
115.711586
107.235802
114.027695
126.701134
126.239792
112.326103
103.555275
111.399132
125.756454
126.503181
112.743988
104.210808
111.966682
125.769867
125.863213
112.161415
105.521339
115.818336
130.173523
130.236282
115.637558
107.174652
114.899948
128.000931
127.903297
114.859718
107.213814
115.530807
128.538986
128.511627
115.066246
106.742813
114.103333
127.621666
127.576607
113.448334
104.961830
113.322807
127.998245
127.943527
113.640381
105.284767
113.619995
126.710785
125.959770
111.452774
103.308517
112.238663
126.600815
125.363785
110.372917
100.346817
107.952492
121.600105
122.136009
109.329536
101.819351
111.106232
125.562805
125.964600
113.070145
106.118935
114.663376
128.571167
128.173126
114.677864
106.420952
114.489571
128.639832
128.391464
115.229858
107.226151
114.516396
127.305702
126.776772
113.378601
104.068649
111.969902
128.143631
128.641983
114.635483
106.454742
114.901558
129.858093
130.726593
116.423447
108.634308
116.050079
129.777618
129.203094
115.009384
106.795387
114.934814
128.393600
127.966599
114.398911
106.587250
115.368797
129.154282
128.507874
114.734192
105.820671
113.542213
127.222549
126.854553
112.681229
104.009644
112.188774
127.478973
128.306168
115.473404
108.859077
117.568207
131.346725
130.802765
117.230255
109.496368
117.755966
132.081650
131.398758
117.096138
108.850494
117.270485
131.478149
133.594406
121.278244
112.282646
119.685013
133.338531
132.702835
118.429733
110.478592
119.119598
132.764526
132.207703
117.309647
108.132202
115.116135
128.460663
128.721909
115.393478
107.392448
115.002945
128.889282
128.970276
115.492180
107.070580
115.652039
130.212677
130.109146
115.687981
106.898384
115.157974
129.909058
129.362961
114.642456
106.423630
114.404816
127.633469
127.586800
114.168777
105.629158
113.784149
127.762215
127.865211
114.564133
106.492294
113.543289
127.015488
127.762749
114.870445
105.920448
114.207939
130.838715
132.751129
119.923187
112.198425
120.665085
134.019806
133.610504
120.694595
112.811043
119.934990
132.875580
131.969528
117.598251
108.588173
115.712662
129.413376
129.580215
116.428810
108.022232
115.907921
129.653702
129.913879
117.050545
107.930496
115.014214
128.432236
128.047058
114.352776
105.947273
112.975731
127.564804
128.110367
115.031380
105.996086
112.455917
125.173347
123.709930
108.431000
99.263206
106.363014
120.967102
122.613449
110.267776
103.475883
113.528267
128.174194
128.396286
114.864006
105.918304
112.332535
124.139084
124.074715
110.950127
103.054237
110.935646
125.526321
126.762825
113.009529
104.089577
111.812187
126.011803
126.308990
112.430710
103.817062
111.457062
125.777382
127.205925
114.510490
106.475128
114.183266
128.807205
129.590408
116.582764
108.638062
116.231934
130.008835
130.039948
116.095680
107.204689
114.235298
128.597458
130.297974
117.659943
109.876175
118.445290
133.855118
136.571121
123.283997
113.762695
120.249344
133.825073
134.466125
121.683258
113.796486
121.162369
134.714493
135.244507
121.318474
111.788589
118.628220
131.708282
132.283875
118.773056
108.889656
115.572113
129.249237
130.985153
118.281677
109.263557
116.786613
130.883224
131.648727
118.142738
109.304863
117.091850
131.256058
132.797791
119.157684
109.816628
117.178215
132.408875
133.858871
120.578186
110.429245
116.293091
129.740082
130.548492
117.917435
109.323639
115.631653
129.493851
130.051743
116.264122
107.079697
114.381210
128.192444
129.109222
116.401451
108.081238
115.439072
129.137115
129.548569
116.032379
107.038391
113.802925
127.873795
128.911270
116.682007
107.309296
114.122108
128.636078
130.186935
117.015678
108.152580
115.835503
129.852188
131.076355
118.622314
109.574692
116.234077
130.271683
131.802689
118.793442
109.404640
115.644531
129.363495
129.896713
116.455093
107.014252
112.568573
125.243080
126.503723
113.867294
104.694145
112.363113
126.943069
128.625351
116.161659
107.457352
115.048004
129.794250
131.485123
118.485527
108.769493
114.663376
128.085159
128.706345
115.437462
106.389839
113.529343
127.095955
128.154892
115.051758
105.639351
112.224174
126.748337
128.718155
115.352173
105.066437
110.342339
123.460487
124.949112
112.887222
104.166824
110.670105
124.891174
126.852943
113.916649
104.907112
111.461891
125.838531
126.904442
112.866295
103.738739
110.810120
125.421181
127.110977
114.459534
105.490761
112.319130
126.476364
128.267548
115.189087
105.758446
112.978951
126.931801
128.337814
115.814583
107.376350
114.486885
128.361954
130.031357
117.540314
108.423485
116.152000
130.498062
131.678238
119.017136
109.134811
116.236763
130.649338
132.436234
119.136230
109.098328
115.424591
129.891891
131.333847
118.852989
109.414291
115.381676
128.772873
129.719696
116.913750
106.969727
112.700539
126.308990
127.438736
115.033524
106.029350
112.711800
126.531082
128.271301
116.388039
107.080772
113.289017
127.790642
129.319504
117.117065
107.435364
113.676323
128.323868
129.985764
117.217377
107.693390
114.135521
128.515915
130.278122
118.019356
108.642891
115.068390
129.112976
130.046387
118.107330
108.889114
114.792122
128.464417
128.700455
116.148247
106.895164
112.407639
126.528397
127.803520
114.536240
104.705948
109.925522
122.994316
124.317184
112.775642
104.272499
110.837479
124.493675
126.059013
113.680077
104.833618
112.253677
126.966133
128.356598
115.605904
106.173653
112.602905
127.192513
128.855484
115.944397
105.959610
112.081482
126.227989
128.518066
116.316689
107.260483
114.442368
128.883911
130.505569
118.078369
108.067825
113.325493
126.450615
127.411919
114.580231
104.687172
110.212517
123.386459
125.091805
112.803535
103.240387
109.599907
123.417038
126.179710
114.571106
105.143684
111.872269
125.481262
126.807884
114.419296
104.602409
111.134125
124.981300
126.533760
114.927841
104.953781
110.735550
125.678673
128.309387
115.821556
105.746109
112.291229
126.499969
128.225693
116.362823
107.501877
114.365654
128.790573
130.863388
118.449051
108.781296
114.593643
128.948822
131.135895
118.607834
108.565643
114.065247
128.289536
130.035110
117.828918
107.713776
113.974052
128.251984
130.569412
119.761185
111.339050
118.446899
133.404510
135.146332
122.001900
111.338509
114.818947
127.786354
129.485794
117.165344
107.565720
112.528877
125.756996
127.614693
115.840866
105.883438
110.494156
123.717979
124.531761
111.406105
101.291496
107.072723
121.860283
125.109512
113.261116
103.317635
108.716919
122.921898
125.129356
113.018646
103.714600
109.798920
123.531296
125.750557
113.747131
104.505852
109.764587
123.539345
125.457123
113.458527
103.988724
109.927132
124.062378
125.857849
113.631264
104.274109
110.345558
124.541420
128.682205
118.161514
108.330681
113.915581
127.578751
129.481506
117.090775
106.591537
110.855179
124.951797
127.865746
115.683151
106.288452
111.606194
125.051575
127.747192
116.008240
106.029884
111.667885
126.238716
128.922531
116.447044
105.810478
110.630409
123.955086
126.185074
114.301819
104.263382
110.644356
124.399796
126.035942
113.676323
101.973846
105.908646
120.451050
123.683647
111.691490
101.014687
106.438652
120.875374
123.384850
111.533241
101.592972
106.595291
120.400620
122.703568
111.100334
100.423531
105.882896
120.191414
121.910172
109.666962
99.859192
106.356575
121.257858
123.483551
111.232300
101.010933
105.282082
118.918968
120.765938
108.512535
97.529427
101.785019
115.238441
117.872910
106.511612
96.107857
100.839272
114.848984
117.390114
105.432289
96.205490
101.016296
114.515854
117.036057
105.240776
94.676620
99.552345
113.111984
115.149391
102.875069
91.401108
96.164185
109.494225
111.512856
98.523453
88.026352
93.530785
107.468620
111.475838
101.591904
92.266922
97.521919
112.027840
115.816193
103.783264
92.692322
97.466660
111.296669
114.653725
103.795601
93.915413
98.879654
113.258972
117.234009
105.821747
94.702370
98.773972
111.954880
115.358070
103.743568
93.610710
98.241821
111.246246
113.944008
102.181984
91.458504
96.456543
109.936790
110.807968
97.908157
86.993164
91.390381
106.654305
110.860008
99.989014
89.768715
94.613861
108.529701
111.560600
100.505608
89.888344
94.889053
108.867661
111.431313
100.316780
89.700050
94.150375
107.796387
110.352531
98.896820
87.951790
93.009895
107.947662
111.765518
101.112320
90.176949
94.388016
108.365555
110.853569
98.996056
87.514587
91.005211
104.264450
107.212738
96.496773
87.029106
92.372070
106.769638
110.737694
99.419846
89.124985
94.492088
108.333366
111.531631
101.010399
89.336876
93.321030
107.360260
110.194817
98.984253
88.584251
93.037254
106.054024
109.007675
99.021271
90.044983
95.945839
108.935249
111.848671
100.512581
89.366920
93.949745
108.034569
111.633018
100.863953
90.595909
95.803146
110.875565
114.616173
104.096008
93.576378
98.400070
113.089996
115.160126
103.362694
92.536758
96.953285
110.642746
114.772278
103.652908
92.413376
96.650200
110.258118
113.331932
103.152946
92.916557
97.255302
111.699539
115.119354
104.004280
94.042007
98.044945
112.606659
116.602081
106.690247
97.757416
103.464615
117.963570
121.063126
109.109596
98.441917
102.540863
116.161659
119.164658
107.961075
97.600777
102.159454
116.131622
119.329887
108.089821
97.029465
100.956215
114.585594
117.893829
106.815231
96.477997
100.473419
113.962784
117.900269
108.068359
98.499313
102.509750
114.769058
117.278534
105.833542
94.841843
99.939659
113.720314
116.581696
104.981674
94.002853
98.588364
112.309471
115.693886
104.887802
93.274902
96.968842
109.618141
112.337906
101.822037
91.910728
95.324646
108.542038
112.505806
101.699188
90.410301
94.435760
108.424561
111.998871
100.732521
88.674911
92.666573
106.401634
110.252754
100.040512
90.083611
95.912048
110.502197
113.778252
103.149193
92.129059
96.353546
109.827888
112.629730
101.239456
90.235954
94.934647
108.664352
112.281578
101.653595
90.739136
95.242027
109.023232
112.104012
101.616577
91.733704
96.736031
111.827744
116.053833
105.405998
94.800003
98.216606
112.338440
116.215302
105.328217
94.590256
98.992844
113.912895
117.426590
106.278793
95.354149
99.431648
113.133980
116.214233
104.972557
94.195435
97.949463
111.226929
114.682152
103.726936
92.954643
97.042877
110.508636
114.089386
103.520409
93.047447
97.105103
110.784370
114.860252
104.681267
94.666428
99.699333
113.378601
117.022652
106.612457
95.142792
98.893059
113.043861
117.258682
107.098473
95.849823
99.625839
113.522903
116.570969
105.895233
95.232376
99.604385
113.349098
117.080582
106.879074
96.550423
101.168114
114.384964
118.395943
108.514679
97.266571
100.082886
113.145782
116.922333
106.364624
95.579987
99.867775
113.933281
117.097214
106.521797
94.934113
97.760094
111.114281
114.791054
103.980141
92.657990
96.277374
109.494759
113.970291
105.148506
94.503349
97.516556
110.842300
114.926773
104.589005
93.262024
97.200050
110.688347
114.669815
104.264450
93.035645
96.583679
110.792412
115.266876
105.184448
94.494766
98.096985
111.263947
115.546364
105.300858
94.805901
98.013832
110.186234
113.241806
102.215782
91.054565
94.838089
107.942299
111.992432
102.508141
91.507858
94.472237
108.707802
113.491249
104.283768
93.816170
97.330406
110.691559
115.500229
105.267601
93.715317
97.116364
111.115349
114.693420
104.047729
93.098412
97.451645
112.076118
115.884323
105.732155
94.061859
97.653885
111.074585
115.385963
105.818527
94.959862
98.280441
111.511780
115.409035
105.326607
93.853722
96.615326
109.318268
112.746132
102.317703
91.301865
94.470093
107.984680
112.834648
103.011864
91.274506
94.216888
107.703049
112.798172
102.794601
91.717606
95.113289
109.239952
114.233154
104.218857
93.641823
96.818642
110.865906
114.192383
102.762955
91.111427
94.325790
108.161705
113.720314
104.845421
93.830650
97.179665
110.909355
115.446045
106.111961
95.024773
98.173691
112.046616
117.266731
107.787804
95.931892
98.743393
112.605591
117.335396
108.016327
96.297760
98.821182
111.933426
116.184723
106.277184
94.513008
97.945709
112.390472
117.445366
108.767883
97.675339
101.345673
114.133377
118.163658
108.696533
96.749977
99.916054
114.077583
118.184044
108.243782
96.251083
98.823860
112.051445
116.367119
107.027664
95.786522
98.879112
112.453773
117.449120
107.752937
96.423286
99.548058
112.485962
116.607445
107.393517
95.865379
99.443451
112.952667
117.310715
106.914474
95.114891
97.363129
110.030670
114.248169
104.312737
92.959473
95.136353
108.911110
114.307716
105.156555
93.337662
95.917946
109.843445
115.090919
106.850639
95.763992
98.872139
112.915115
118.318153
109.467400
99.376396
102.191109
115.652039
120.727852
110.935646
97.899574
99.861877
112.487030
116.639091
107.250290
95.857864
99.063652
111.814339
115.598396
105.499344
93.095192
95.384186
108.561356
112.778320
103.856758
92.050201
94.125694
107.606483
112.436073
103.445847
92.625267
95.104698
108.961540
114.055054
104.581490
93.175659
95.271538
108.937401
114.439682
106.170433
94.160027
96.425964
110.071976
115.718025
107.480957
96.750511
100.123657
112.501518
116.202431
105.932785
93.618759
96.324043
110.033882
115.442825
107.089355
94.751190
96.191544
109.948051
115.250778
106.800751
95.185165
97.461838
110.210907
114.798027
105.259552
93.393456
97.360985
112.276749
116.656799
106.937546
94.375679
95.792953
108.443336
112.870590
103.207664
91.971886
94.262489
107.131195
112.601295
102.801575
90.831940
93.538826
105.889336
110.821381
101.473885
89.538582
91.218178
104.534286
111.187775
103.951172
93.000778
96.400757
110.040321
115.422981
105.223610
92.527100
94.129990
106.792168
112.270844
103.790237
92.104919
95.058571
108.993721
114.942329
106.538963
94.876717
96.652878
109.466331
114.874199
106.120003
94.003922
96.641083
110.413689
116.133766
107.593079
96.558464
98.361450
111.165237
115.837112
106.494980
94.935722
97.188789
110.282791
116.922867
108.227684
95.718391
97.417313
110.452309
115.763618
107.026596
95.449097
96.631424
108.646645
113.362503
104.489761
92.083458
93.829582
107.783508
114.564674
106.435966
93.948669
95.563362
109.112816
114.505127
105.573372
93.338737
95.304260
108.226074
113.848526
105.281013
92.940163
94.250687
107.086136
112.606659
104.365303
92.392990
93.999634
107.056099
112.524582
103.870171
92.349541
94.563972
108.122543
113.932747
105.809402
94.237274
95.942627
108.609093
114.509956
106.088890
94.392845
96.526817
110.347702
115.444977
106.325996
93.667038
95.159958
108.595146
114.396233
105.618973
93.988899
96.279518
109.916405
116.569359
106.361938
93.409012
95.613251
109.519440
116.499084
108.302254
96.901253
98.391487
111.306328
117.797806
109.368698
96.964020
98.242355
110.137421
114.842010
106.202080
94.285553
96.292931
109.460426
115.442825
106.705803
94.751724
96.962410
110.142784
117.010307
108.966370
96.244110
98.003105
110.762909
117.016212
108.238953
95.586960
97.472031
111.249466
116.959351
108.652550
97.793892
99.147339
111.745674
117.590202
109.670715
98.791672
100.037827
112.739159
119.044495
110.700150
98.333015
99.162895
111.209229
116.836502
108.368767
95.963005
97.032143
109.592926
114.946617
106.556671
94.356903
96.754265
108.786659
112.756325
103.367523
90.278336
91.993340
105.683876
111.687737
103.454964
92.088829
94.821999
108.732475
115.382744
106.976166
94.504959
95.509178
108.377892
114.526047
106.781975
94.929825
96.450104
110.150833
116.790367
109.273750
97.615791
98.267570
110.975876
117.266190
109.261948
96.561150
97.717178
110.806900
117.254929
109.111206
96.541298
97.242966
109.384789
115.778641
109.151978
97.167862
97.620621
110.564423
116.541458
108.470154
96.464592
97.048241
109.469009
115.525436
107.295349
95.448021
96.774651
110.377205
115.808144
106.514824
94.041473
94.829506
107.978241
114.839867
107.190742
95.031746
96.369637
109.858467
116.657867
108.861221
97.011757
98.229485
110.848206
117.370796
109.481354
96.800941
97.912445
110.459282
116.076363
108.479279
96.927536
97.813744
109.919083
116.573112
108.825821
96.422211
97.414627
109.953957
115.977661
108.089821
96.206024
98.013832
110.040855
115.744843
107.704651
94.911049
95.485573
107.947662
114.866150
107.288910
94.908897
96.088547
109.065605
116.266800
111.420586
101.169724
101.141289
112.296600
117.986633
110.105232
97.487587
98.396317
111.028984
117.141739
109.345093
96.697403
97.400146
110.146004
116.707756
108.933105
96.271469
96.852440
109.474915
116.097290
108.753395
96.672729
97.858269
110.822990
117.532272
109.424484
97.233849
97.822861
109.772102
116.164345
108.671860
96.545593
97.009613
109.293060
115.724457
107.579124
94.898705
96.080498
110.135269
116.188484
107.689636
95.151909
95.766670
107.934250
114.248169
106.206375
93.188530
93.723900
106.673080
113.515930
107.619362
96.644295
96.876579
110.105766
117.126717
109.752792
98.091080
98.491264
110.682983
117.162659
109.425026
96.787529
96.806305
108.766273
115.943329
108.405251
96.515549
97.360985
110.517220
117.642242
109.565033
96.667366
96.137894
107.015862
113.460678
106.059921
93.881081
94.744209
107.953568
116.445976
110.012428
98.284203
99.176300
111.209229
117.379379
109.621361
96.931297
97.174301
109.001770
115.557091
109.386398
97.341675
96.805763
107.688026
113.948837
106.707413
94.730804
95.797249
107.730942
114.537849
107.125298
94.140182
94.450241
106.947739
114.054520
106.660736
95.051598
97.693581
109.366554
114.678398
107.045364
93.878929
93.727654
105.680122
112.458603
105.166214
92.254585
92.757767
104.814842
111.689880
104.444695
92.055031
93.194969
105.969803
112.630798
104.841667
92.637604
93.141861
105.520264
112.505806
105.960686
93.527565
94.079559
106.500343
113.231613
106.422562
94.607422
95.036034
108.047974
114.639236
107.847885
95.548340
96.278442
108.839226
115.801170
109.110130
96.372322
96.672729
110.441582
116.309715
108.649330
95.630951
95.602516
108.291519
115.389183
108.136490
95.518837
95.355217
108.005600
114.349556
106.518044
94.020554
94.410545
107.413902
114.864540
109.043610
97.647446
97.668900
109.706657
116.311325
109.011963
95.953354
95.656166
107.800140
114.695564
106.994408
94.250687
93.790955
105.255798
112.093285
104.929642
92.743820
92.616684
104.632454
112.366333
105.990189
93.322639
93.259880
105.393127
112.573936
105.422630
93.083389
93.459435
105.539040
112.782616
105.854469
93.361267
93.503426
106.055099
113.412399
106.364090
93.818848
94.124084
106.300247
113.531487
107.938545
95.590179
94.868668
107.132271
114.981491
108.289375
95.794563
96.193687
108.862831
116.386429
109.772102
97.559464
97.913521
110.663666
119.213478
111.710266
98.237534
97.445740
108.686882
114.687515
106.842590
94.280724
94.478142
106.488007
114.450409
107.144073
93.588715
93.197655
105.622726
113.170998
106.560425
93.676155
93.801147
106.298103
113.784149
106.644646
93.928825
94.166466
106.157021
113.682762
107.383324
94.745285
95.302650
108.057098
115.501839
108.727112
96.042412
95.084320
106.275040
113.854424
107.150513
95.055351
95.849281
108.759300
117.214157
111.290230
98.160278
97.440376
109.263016
117.691589
111.495689
98.068550
97.698402
109.667496
116.897125
110.190529
97.197372
97.272469
109.120865
116.636414
110.414757
98.301903
98.585144
111.390007
119.357780
112.674789
99.623695
99.098518
111.355141
119.836288
113.702614
100.293709
99.652664
111.288086
118.260223
111.680222
98.717110
98.297073
110.349312
117.729141
110.727501
98.109322
97.791214
109.966827
117.341835
109.457207
96.460297
95.405113
107.629555
115.501839
108.646645
95.752724
94.790344
106.656982
114.655334
107.862366
95.427101
95.237206
107.071114
115.257751
108.583885
96.418991
97.369034
109.531242
116.629440
109.738846
97.129776
97.040192
108.926666
116.566673
109.842377
96.694183
95.788666
108.023834
116.111237
110.461967
97.895813
97.651733
109.666962
118.731216
112.434998
97.775116
96.108932
108.054413
115.743774
108.967972
96.083176
95.434616
106.680054
114.125328
107.792091
95.472168
95.134743
107.333977
115.521683
108.928818
96.723694
95.979637
107.760979
115.802246
109.679298
96.832588
96.582603
108.306541
116.273239
110.273140
98.130775
98.184425
110.102547
118.298843
112.173752
98.564758
97.067017
108.978706
116.686302
110.058022
96.985474
96.525208
108.740524
116.607979
110.523659
97.713425
96.844925
108.916473
116.806465
110.953346
98.332481
96.593872
108.043152
115.392937
108.505028
96.431328
95.838554
107.088821
115.379524
108.564034
95.553703
94.184708
105.903282
114.044861
107.608093
94.547340
93.887512
104.891014
112.728966
106.147903
93.495377
92.455750
104.721504
112.941933
106.360329
93.409546
93.173515
105.191963
114.604370
107.761520
93.683128
92.035179
103.588539
112.219887
106.003059
93.575844
93.091972
104.497803
112.711266
106.413437
94.074730
93.721222
105.672615
114.253540
107.872559
94.661598
94.329544
105.572296
112.919945
106.172043
91.879616
90.099701
101.056534
109.121399
102.996307
90.827652
91.002533
104.237091
112.842697
106.959000
93.844597
92.225616
103.410973
110.822456
104.047195
91.261093
90.269753
103.272575
112.266022
104.112640
90.380798
89.857231
102.402466
111.007530
105.309982
92.593079
92.209526
104.125519
112.138885
105.820671
92.700371
91.700981
103.457642
111.438293
105.943520
92.814095
91.067444
102.420166
110.849274
104.644257
91.607101
90.781517
102.911545
111.063316
105.006355
92.822678
92.208992
103.546158
110.672249
104.749397
92.485794
91.604416
103.505928
111.288086
105.249893
92.317886
91.290604
102.668541
110.735550
104.594368
91.582428
90.476280
101.857437
109.778000
103.593903
91.164536
91.106064
104.800362
112.520828
104.771393
90.529388
88.581032
100.265816
108.994263
103.351967
90.696220
89.500496
101.079063
109.551620
104.290741
91.832947
91.054565
103.081596
111.600296
105.822281
93.031357
91.818993
103.634132
111.885147
105.592148
92.998093
92.585037
104.326683
112.978951
107.244926
93.976563
93.216423
104.277863
112.016571
106.149513
93.252907
92.494911
104.192032
112.307861
106.899452
93.773254
92.056641
103.441017
111.777855
106.239098
93.128448
91.632317
104.737061
114.473480
108.339264
95.034966
92.961617
103.831009
112.530487
107.127983
94.753868
93.546875
105.313194
113.649506
107.389763
93.831192
92.009430
103.304756
111.940933
107.004601
94.909973
93.648796
105.385620
114.254608
108.377892
95.817635
93.977104
105.337875
113.714409
107.517433
94.507103
92.557678
103.778976
111.702217
105.414047
92.213814
90.759521
102.247971
111.443657
105.918304
93.314598
91.439735
102.261383
110.982315
104.591682
91.693466
90.000992
103.075165
111.966682
104.672150
91.479431
90.660820
101.963120
110.839081
104.814308
91.582962
90.105064
101.782333
110.261871
103.820816
90.053566
87.341316
97.343285
105.149048
100.296394
88.282768
87.813385
99.629059
109.060776
105.019226
92.778152
91.983147
103.787560
112.035347
106.053490
93.173515
91.526634
102.687317
111.302567
105.699432
93.065689
91.597984
103.291885
112.500443
107.563034
94.866524
93.583351
104.947342
113.550262
108.706726
96.053139
93.936333
104.825035
113.427956
108.163315
96.243576
96.783775
107.567863
115.921333
110.092896
96.724228
95.060715
105.752541
113.686516
107.807648
94.372993
91.918236
103.095551
111.016113
105.770782
93.010971
91.288452
102.451279
110.551552
103.887871
90.248291
88.111107
99.350647
108.557594
103.318169
90.627556
89.129280
99.940735
108.728188
103.319244
91.058319
89.700584
101.403076
110.477524
104.913551
91.980461
90.115791
101.160599
110.137955
104.977921
92.243324
90.414589
101.731377
111.244095
106.120544
94.017334
93.624123
106.464401
116.478157
110.792412
97.571808
95.695862
106.372673
115.193382
109.692169
96.396461
93.491623
103.147583
113.011673
107.564110
93.691711
91.472992
102.525848
111.615318
106.300789
93.310303
91.610321
101.852074
110.895409
106.144142
93.890198
91.607101
102.149803
110.343414
105.509537
92.409615
90.961227
102.266205
111.837936
106.640892
93.427246
91.336739
102.857903
112.402809
107.854858
94.927673
93.561356
105.252045
115.486816
109.543037
95.555847
92.456291
102.024269
110.128838
104.625481
91.352829
89.286453
100.295860
109.257652
104.156090
90.577133
88.414200
99.958435
109.887436
104.720428
91.324936
88.574059
99.541618
108.619286
103.640038
90.177483
88.023674
99.042191
108.336586
103.968338
91.164001
89.644264
100.939049
109.829498
105.349678
92.160713
89.995628
100.969093
109.612778
104.496193
91.424713
88.973175
100.056602
109.109596
103.901283
90.859840
87.949638
97.999352
106.637138
102.007645
89.980614
87.922279
100.123123
110.770416
106.943443
93.960472
91.462265
102.040901
111.091751
107.027130
94.500130
91.717072
102.120293
110.615921
104.723648
90.850182
88.405083
99.037361
108.640747
104.453819
92.276581
92.222939
102.767784
111.196358
105.728943
92.720215
90.710167
101.439011
110.224861
104.764420
91.408615
88.553139
99.110321
108.038857
103.019905
89.308449
86.415955
96.586365
106.081917
102.098839
90.752014
89.192039
100.479317
110.761299
106.601196
93.251831
90.168365
100.156921
109.481354
105.090576
92.033035
89.692543
99.842026
108.330147
103.173332
90.119011
88.525780
98.960655
106.904282
102.382080
90.794395
88.704948
99.247116
108.677757
104.401245
90.631317
87.557503
97.587364
106.723503
101.872459
89.142685
87.072021
98.721939
108.974411
105.027275
92.381187
89.928574
99.809837
107.913330
102.313950
89.321320
85.405830
94.450783
103.466766
99.572731
88.187286
87.455582
97.115295
106.417732
101.991013
88.367531
85.616119
95.844994
105.226830
101.250725
89.568085
87.632065
98.148483
108.538818
104.469910
91.722969
89.443092
99.781410
109.230293
105.564255
92.660675
88.725334
98.579781
108.382179
104.339020
91.935402
90.809410
102.203445
111.739769
106.769638
93.411156
90.525101
100.892914
110.249001
105.267601
91.624268
87.987732
98.079819
106.173653
100.984650
87.643333
85.171410
95.836411
106.252510
103.090179
91.027748
88.388985
99.067406
108.935791
105.205910
93.645576
91.621582
101.632133
110.888435
106.284157
93.956718
90.837845
100.952461
109.445412
104.891014
92.965912
88.968346
97.778336
106.854393
102.972702
90.911873
88.699585
99.460083
108.710480
103.456573
89.589005
85.281914
94.604202
103.803650
99.665001
87.376183
84.618874
96.079422
107.050194
103.111641
90.497200
87.232422
97.180740
106.706871
102.254410
89.480110
86.208351
96.113754
106.261627
102.208275
89.603493
86.381622
97.046631
107.121544
103.543472
90.578209
87.732918
99.147339
110.363258
107.955170
95.477531
92.483650
103.104126
112.328781
107.652084
93.932579
90.334663
100.071625
109.559669
105.622726
92.629562
89.187752
99.914986
110.519897
105.561035
91.759453
87.945885
98.183884
108.038857
104.299858
92.017479
89.149124
99.321144
108.972267
104.369598
91.135033
87.543556
97.433937
107.509392
103.789169
91.332443
88.522026
98.961723
108.894485
104.773003
91.501419
87.986122
98.390419
108.735161
104.901207
91.714394
88.410446
98.770752
108.698685
104.818596
91.607635
87.873466
97.864700
107.893478
104.408752
92.042152
89.482796
100.206268
109.759224
105.673149
92.650482
88.894852
99.101204
108.989967
105.022446
91.582962
87.890099
97.665146
107.806046
103.945808
91.570084
88.104134
98.665611
108.759834
104.319710
91.297577
88.667938
100.622017
110.151367
105.266525
92.032501
88.356262
98.121124
108.508247
104.307907
91.185997
87.385307
96.986008
107.083458
103.673294
92.123695
89.582573
98.455864
107.438042
103.825104
91.525566
88.349831
99.153770
109.315590
106.654305
94.069366
91.238564
103.288132
114.076508
109.256042
95.442657
91.034180
100.071625
109.736694
106.501419
94.072586
90.161926
99.539474
108.897705
105.448914
93.789345
90.209137
100.290489
109.592392
105.394203
92.572159
88.480179
98.642540
108.588715
104.234947
91.525566
88.001137
97.472565
107.648331
103.975311
91.728874
88.823502
98.116295
106.632843
102.730766
90.810486
87.660500
97.167328
107.340950
103.747864
90.832481
86.681496
96.123947
106.358185
103.653984
92.227226
90.400642
101.597267
112.201111
108.609634
95.058571
90.637749
99.450424
108.991043
106.187057
93.940086
91.121620
101.348892
111.192596
107.065750
93.918091
90.086823
99.353867
109.133202
105.768097
93.483574
90.387230
100.507217
110.798851
107.429993
94.701836
90.757912
100.443375
110.151901
107.669785
95.783302
91.589935
100.498634
109.619751
105.820137
93.516838
89.186676
98.719254
109.025909
105.539574
92.777084
88.859985
98.793823
108.980316
105.288521
92.178947
88.333733
98.145264
108.325851
104.861511
92.082924
88.689934
98.286346
108.623581
105.339485
93.078560
88.995163
98.919350
109.561813
105.612534
92.542122
88.432976
97.942490
108.617142
105.356110
92.791031
88.593369
97.752052
108.052269
104.631378
92.068443
88.291893
97.493484
108.100548
104.676979
91.920387
88.729630
98.388268
109.175575
105.647934
93.025993
89.182922
98.377007
108.393448
105.484322
93.981392
89.167900
97.901184
107.913330
104.957535
92.526024
89.465630
99.237991
109.383720
105.419952
92.410690
88.438873
98.008469
108.428314
104.760666
91.754623
88.309593
97.424820
107.320023
104.272499
91.856544
88.377724
97.900108
108.124153
105.144753
92.008362
87.594521
97.637787
109.680908
106.746033
92.887589
88.136856
97.658173
107.570007
104.074020
91.409157
87.888489
97.467735
106.971336
103.217316
90.220940
86.280235
96.371246
107.337189
104.046120
92.233131
88.536507
97.717178
108.380569
105.711235
92.968590
88.945274
98.773972
109.029663
106.204224
93.757698
90.244537
99.556107
109.444870
106.428993
93.275436
88.755913
97.790138
107.992188
104.909790
92.360802
87.790855
96.755875
107.081848
104.547157
92.102776
87.478111
97.385658
107.848961
104.664642
92.486870
88.320320
98.181740
108.021156
104.440407
91.203697
85.959976
93.799004
103.623940
101.473885
89.299866
86.077995
96.412552
108.424561
105.160309
92.242783
87.950180
97.580391
108.299034
105.615753
94.622444
89.810555
97.237068
107.418732
104.367447
92.024452
87.924965
96.902328
107.238487
105.697289
93.545265
88.922211
98.048164
108.574760
105.193573
92.331833
88.008110
97.355621
107.898849
104.778900
92.103310
88.026352
98.015442
108.469620
105.579269
92.781906
88.000069
97.061646
107.227219
103.835838
91.744431
88.149734
98.423676
110.250069
106.304543
93.234665
88.652916
96.994591
107.488472
104.603485
91.961693
88.182991
97.316460
107.836082
106.216026
94.925529
90.953178
100.334480
111.224785
108.671326
96.086937
91.624802
100.220757
110.825676
108.198715
95.415840
91.116257
99.468666
109.251213
106.877998
94.725975
90.430687
99.434334
109.650330
106.243385
93.664352
88.657211
97.773506
108.401489
106.005203
93.820999
89.099236
97.439842
107.244926
104.763878
93.139183
89.154488
97.789604
107.398346
104.351891
91.588860
87.037155
96.314384
107.311981
104.892090
92.520660
88.518272
97.871674
108.418121
105.983749
94.129990
89.764427
99.257309
109.952881
107.627945
95.482895
90.982681
99.528206
110.672791
107.846275
94.187920
88.555283
96.743538
106.742279
104.282158
92.465942
88.131493
97.079353
107.833939
105.292274
93.100555
89.278946
98.402756
109.125153
106.441872
93.968521
89.922676
98.452644
109.143929
106.453133
94.148766
89.595978
98.591042
109.355820
107.368309
94.637459
90.372215
100.862343
111.078873
107.398880
94.898705
90.424782
99.131241
109.787125
107.241165
94.655701
89.619049
97.878113
107.889725
105.203224
92.644577
88.127739
96.680779
106.344772
103.479103
91.274506
86.807022
96.402901
106.902138
104.125519
91.942917
87.487228
96.296150
106.651085
104.543938
92.774399
87.318253
95.022629
104.901207
102.173401
89.761742
85.436951
94.217430
105.350746
104.180229
93.241104
88.795074
96.996742
107.861832
105.717140
93.487328
88.456039
96.164719
106.744423
104.048805
91.710632
87.460945
96.628204
108.095184
106.497658
94.703979
90.070732
98.364670
108.836014
106.183304
93.751793
89.328835
97.761169
108.246460
106.187057
94.451851
90.026207
98.867851
109.532310
108.052803
96.667900
90.633995
98.099663
107.994873
105.693535
93.603203
88.777908
97.141045
107.567322
105.063751
92.513687
87.324684
95.925461
106.819527
106.137711
96.680779
93.265778
102.424995
113.897339
111.827209
97.687141
90.733238
97.753662
107.916016
106.040611
94.577919
