-102.862198
-124.093491
-221.414780
235.588196
-200.754791
-104.822350
-127.136185
-222.491409
236.498001
-194.876999
-101.768929
-127.688721
-220.418060
232.109375
-200.207626
-103.076775
-127.995026
-217.343185
233.068527
-199.221649
-96.873894
-128.599060
-221.809067
229.927658
-203.597397
-101.189034
-129.237961
-214.537048
238.334244
-201.092743
-98.224121
-128.692947
-214.507019
240.551361
-200.276291
-94.489403
-126.134109
-216.918854
239.165726
-203.559311
-98.062111
-126.890495
-217.550781
240.701019
-204.505051
-101.021126
-130.032974
-222.704926
236.915894
-206.478622
-101.963654
-127.527786
-219.168152
237.223267
-207.999969
-102.772072
-125.961914
-217.718689
238.710297
-208.137848
-104.258018
-126.839531
-218.366714
240.533661
-208.072937
-103.700653
-125.329987
-221.209320
235.552795
-209.715515
-102.138535
-121.986343
-216.158722
240.195694
-209.313721
-104.636742
-122.897224
-218.123169
239.894760
-207.072998
-103.165283
-120.787933
-218.599533
238.554184
-208.398010
-107.965363
-122.187508
-217.770187
238.810074
-207.116989
-109.587563
-121.954697
-217.400574
236.916962
-206.170715
-108.156342
-119.439316
-215.683960
234.831818
-206.590210
-110.286552
-123.567772
-215.814316
234.503510
-204.634872
-106.852783
-119.675888
-209.990707
234.023392
-207.525757
-108.671860
-122.678894
-210.440247
234.119415
-208.491364
-107.954636
-122.747017
-208.470428
237.415314
-206.838043
-105.456963
-118.519318
-206.519928
236.352631
-209.470901
-105.866806
-120.519180
-208.648529
236.636414
-211.629547
-107.780830
-121.798592
-208.604538
240.358780
-206.030701
-105.047119
-118.156151
-203.250854
243.625702
-204.771133
-103.961365
-118.611053
-205.910538
238.900726
-211.966431
-105.509537
-113.927383
-199.873413
243.524323
-208.711304
-102.965729
-114.727753
-203.625290
242.678345
-208.485458
-100.386513
-112.514389
-201.134598
244.065582
-210.078690
-102.899208
-114.624756
-204.068390
244.015167
-207.442612
-101.464767
-113.049225
-202.673645
246.440414
-209.499329
-105.832474
-110.053734
-199.434067
249.202026
-207.261826
-106.593681
-111.586349
-203.829147
243.508759
-210.207977
-107.004601
-107.616142
-198.922302
246.232285
-207.572433
-108.680977
-112.429100
-206.816589
236.729218
-212.498581
-112.307861
-110.677078
-202.080872
239.365280
-209.653290
-110.344482
-112.332535
-203.706833
236.448654
-212.085510
-114.217598
-115.946548
-204.189087
236.510880
-211.418182
-113.766983
-115.929916
-202.700470
234.699310
-215.491928
-116.292015
-115.215378
-200.103012
234.046463
-217.037415
-117.254929
-117.065567
-200.653412
234.988998
-215.823441
-111.406105
-113.741768
-200.203873
236.660004
-214.073029
-108.917549
-113.751961
-200.628723
236.302734
-215.875473
-110.333755
-115.615562
-204.861252
232.497757
-220.079575
-113.989067
-116.221207
-203.733658
234.688049
-220.903549
-113.698318
-112.629189
-201.123871
238.927017
-216.236496
-112.923157
-109.285011
-197.833328
240.880203
-214.061234
-110.576225
-107.669785
-197.467484
241.107117
-218.820541
-116.994751
-109.281792
-199.475922
239.437164
-213.319870
-113.083023
-108.939545
-197.591400
239.521927
-213.680359
-111.449020
-103.419022
-194.324463
236.795731
-217.219803
-115.286720
-107.823746
-196.293213
238.721024
-211.847870
-112.812653
-107.104912
-194.178009
238.768219
-211.884888
-113.725677
-107.058243
-193.933395
237.036591
-215.295044
-114.739014
-107.495979
-192.500565
239.008011
-213.405167
-114.977196
-108.141853
-193.248901
239.416245
-214.933487
-115.501839
-108.381111
-192.846573
237.271561
-217.524506
-117.218452
-109.746353
-191.832138
238.301529
-219.757706
-118.407745
-109.896019
-190.718491
238.767685
-218.678391
-115.288872
-107.563034
-186.791733
241.222443
-218.820007
-112.845375
-106.996552
-188.328110
240.379166
-221.736099
-114.264267
-107.089890
-190.171860
240.808853
-221.680847
-112.870056
-105.194641
-190.098358
242.060913
-221.801544
-115.186943
-106.084602
-190.567215
242.487915
-222.356232
-116.292549
-103.877678
-190.082260
241.684860
-221.622375
-117.568207
-103.681877
-189.091995
244.403549
-217.768585
-117.399765
-104.436653
-189.991074
243.189575
-218.235825
-117.641167
-106.360870
-192.079453
239.850769
-218.220261
-115.803856
-102.773682
-187.213913
242.700882
-220.057571
-120.260078
-104.647476
-187.814194
241.942352
-220.635330
-119.759041
-105.198936
-188.824310
244.747940
-217.732101
-118.522537
-101.535576
-185.775711
245.678665
-217.203171
-120.610909
-104.483322
-188.029846
244.556427
-217.404877
-121.877983
-103.667397
-186.897949
246.302551
-216.220413
-121.092094
-103.003815
-186.842163
242.327515
-219.666504
-123.724953
-102.726471
-181.037857
247.061081
-214.785431
-119.584160
-103.062286
-184.242020
242.377945
-218.609192
-119.623856
-102.351501
-183.136414
244.018387
-220.449722
-122.891319
-105.774002
-183.406250
246.220474
-219.531326
-120.366287
-103.618576
-181.027664
247.948898
-221.933517
-121.164513
-100.219681
-183.044693
243.591904
-224.498779
-125.100388
-104.550377
-184.399200
245.041382
-224.762711
-123.324768
-101.434723
-183.948059
246.171127
-224.655960
-126.216187
-104.545013
-183.344025
249.309311
-218.638687
-122.873619
-101.636429
-180.114105
247.287460
-222.567047
-122.071106
-99.130173
-179.757370
244.451828
-224.451035
-123.211044
-100.803329
-180.313660
246.651245
-224.047638
-125.825661
-101.995842
-180.640350
249.406403
-223.357773
-124.197556
-100.427818
-181.055023
249.557144
-223.572876
-126.531082
-99.950928
-181.615601
250.491089
-223.709137
-128.928970
-99.224045
-182.827957
247.235962
-225.999741
-131.171295
-96.094978
-178.532669
248.083542
-223.995056
-133.409866
-101.353722
-182.081772
247.956940
-221.797791
-133.441528
-100.747543
-182.087143
244.111191
-222.756409
-133.382507
-101.377861
-179.555130
245.844971
-223.884018
-133.803619
-101.536110
-177.639496
246.868500
-221.728058
-128.705276
-98.057281
-174.503998
247.880768
-224.889313
-133.999420
-103.679733
-177.724792
247.261169
-225.711670
-132.386871
-99.905327
-175.082275
249.455750
-224.859802
-130.889130
-98.814743
-173.488510
248.622131
-227.386444
-133.423279
-101.422920
-175.152557
247.793854
-227.143967
-130.064087
-98.808304
-174.501312
247.010651
-229.336945
-132.290314
-99.291100
-171.115295
249.070053
-231.852325
-134.952148
-101.154701
-175.801117
247.560501
-230.805191
-133.709747
-99.627991
-171.571274
250.707275
-231.849640
-134.803543
-99.306656
-173.028778
249.786209
-234.839233
-136.592041
-96.774117
-171.496170
252.360046
-231.240784
-135.425278
-96.586365
-175.542007
250.044235
-230.970413
-137.106491
-96.365883
-174.751831
250.279724
-233.233658
-141.779434
-97.623840
-176.509216
244.432510
-237.748352
-147.665283
-104.848099
-176.570374
249.408554
-232.499802
-140.571915
-95.579987
-170.471024
249.327545
-231.475739
-139.698044
-95.605736
-168.772110
252.125626
-229.180313
-138.046341
-94.241028
-168.679306
251.626205
-230.208130
-138.383759
-94.637459
-168.966309
252.709808
-230.155563
-139.073090
-94.041473
-165.786819
255.346420
-230.226898
-140.794525
-97.863632
-168.883163
254.206482
-229.377716
-138.468521
-95.117577
-167.910049
252.649734
-232.275040
-138.496948
-94.394455
-166.272827
-255.799088
-229.160461
-138.556503
-95.393845
-167.407944
252.538681
-233.294281
-140.371277
-94.087608
-165.243408
255.519165
-233.020157
-140.147583
-93.553314
-167.811890
253.510727
-232.238556
-140.898071
-92.608101
-163.400726
255.721390
-232.473526
-142.184448
-93.317818
-165.354446
250.853729
-235.534454
-143.710632
-94.112823
-163.454376
255.543839
-230.355652
-141.366913
-93.274361
-160.744797
-255.582901
-231.973557
-142.168900
-93.754478
-164.190369
251.510864
-236.465729
-142.927429
-95.487724
-163.953262
255.271851
-234.427246
-142.005280
-93.330688
-160.323166
-252.794479
-233.617218
-142.329285
-93.465340
-164.010117
255.086792
-236.559601
-142.325531
-91.694008
-161.389603
-250.803207
-232.376434
-141.919449
-92.195045
-161.668015
-252.695236
-234.519516
-142.886658
-89.967201
-160.683640
-252.621735
-235.136414
-145.903610
-91.612465
-161.235107
-252.069748
-236.547806
-146.705582
-92.457901
-163.406631
-253.618454
-233.696609
-144.327530
-89.989731
-160.759293
-251.039230
-234.221252
-146.230835
-90.353439
-160.119308
-251.066055
-234.897705
-147.857864
-90.253120
-159.082901
-251.077332
-233.815704
-146.690033
-89.841675
-158.704178
-251.543488
-234.671860
-147.931351
-89.581497
-158.040604
-251.918472
-233.955170
-147.233978
-89.793388
-157.227890
-253.552460
-238.034271
-150.586746
-91.742821
-158.719193
-254.052963
-237.856720
-148.631409
-92.055031
-155.851913
-251.156723
-235.999023
-146.783371
-90.188751
-154.093460
-249.287216
-237.608337
-146.784439
-91.836159
-156.186111
-250.580582
-241.064636
-148.621750
-90.870567
-154.713593
-248.208969
-239.068542
-145.188522
-89.724190
-156.939285
-247.225677
-239.931137
-150.614639
-91.798615
-157.619492
-246.951553
-238.477386
-149.179657
-87.771004
-155.195313
-244.626068
-238.366333
-150.798630
-87.427681
-155.523071
-246.213943
-237.207092
-152.912750
-87.413734
-154.710907
-246.787933
-236.184631
-151.238510
-89.369606
-156.502625
-248.461105
-237.012360
-151.406418
-86.514656
-151.810898
-245.350815
-235.602051
-153.260895
-89.431297
-152.887009
-245.541779
-235.858475
-151.155365
-88.025276
-151.663376
-246.480560
-237.072433
-150.989075
-89.933937
-154.239365
-246.929550
-237.019867
-151.811966
-87.900826
-151.056656
-244.040283
-236.438904
-152.538315
-87.227051
-148.695786
-243.983948
-239.935959
-155.879807
-89.313278
-151.189697
-244.847626
-238.039642
-152.420303
-87.278549
-148.766052
-243.764008
-236.767746
-152.259369
-89.091187
-148.965607
-242.739410
-236.317657
-152.221283
-92.009972
-151.517471
-245.123352
-242.614960
-153.027008
-90.562653
-151.047012
-241.394547
-240.542145
-151.066849
-88.486618
-149.686584
-239.578156
-241.573715
-153.911606
-88.105743
-149.866302
-238.404953
-240.023941
-152.768448
-85.507225
-150.529343
-240.365112
-242.322052
-156.100296
-87.191650
-152.582306
-240.678406
-240.241730
-156.695740
-83.358238
-149.299286
-239.808823
-238.684982
-159.007797
-86.349434
-149.800308
-241.458923
-239.935959
-159.831238
-87.700195
-148.779999
-242.397690
-242.148788
-161.472214
-89.577744
-149.594864
-243.930313
-242.055450
-160.073181
-88.492523
-147.300491
-240.683228
-240.121033
-159.214874
-86.756592
-144.272812
-237.840088
-238.208084
-156.732224
-84.732063
-145.296356
-240.026093
-240.742767
-159.674606
-87.072021
-144.935867
-239.173676
-242.650360
-163.249451
-88.381477
-144.749176
-238.132980
-240.220810
-161.647095
-87.646553
-143.626404
-238.580917
-241.538315
-162.592300
-86.353729
-141.310059
-238.637772
-242.592957
-163.553604
-89.231201
-141.917297
-237.440445
-241.144562
-159.957306
-88.769859
-140.619110
-237.825607
-246.082520
-161.678741
-89.378723
-142.678513
-239.978348
-249.130035
-162.954407
-90.754692
-141.121765
-233.667648
-244.234467
-158.306671
-88.726944
-144.849487
-237.212982
-246.313721
-159.314651
-87.155174
-142.632919
-234.892883
-247.788940
-161.753845
-89.470993
-145.597824
-232.730484
-242.944870
-158.429520
-83.802948
-142.434433
-233.711090
-245.381927
-163.043991
-86.619804
-142.048203
-233.169281
-243.899200
-162.323013
-86.578499
-143.898376
-234.085526
-244.620712
-164.669952
-86.056000
-140.224823
-231.895233
-242.967941
-163.181320
-86.399323
-140.417953
-232.271820
-244.682404
-165.435455
-87.324684
-140.334259
-231.813705
-243.012451
-165.226776
-86.399864
-139.319855
-232.860291
-242.045792
-163.430222
-85.462158
-139.000671
-231.983749
-242.337616
-166.863449
-87.125664
-137.917587
-231.883438
-241.653122
-165.808807
-88.147591
-138.249115
-232.097473
-242.109085
-165.431686
-86.743187
-136.540009
-234.633774
-244.923798
-166.804443
-88.399178
-136.686462
-233.470764
-246.105576
-165.463882
-87.745255
-134.496170
-231.314270
-246.568527
-166.246017
-88.571381
-134.954819
-231.242920
-248.232574
-167.921860
-90.546555
-138.353714
-231.401718
-248.254028
-165.748734
-88.150269
-134.865768
-229.332657
-249.905731
-165.573853
-85.402077
-135.187637
-225.327042
-249.389679
-168.287704
-89.180237
-136.253555
-226.311417
-247.025040
-166.814102
-89.293968
-136.165573
-222.499466
-244.456558
-164.701065
-85.347359
-132.655640
-223.071304
-247.834000
-169.966232
-89.680199
-136.309341
-223.624908
-248.086121
-169.148163
-87.191109
-136.134995
-224.372711
-248.360245
-170.474243
-89.297180
-135.570129
-223.160889
-247.994934
-170.602997
-87.846642
-134.718796
-221.807449
-246.543320
-172.611969
-88.545090
-134.399078
-223.718262
-246.768082
-170.524139
-87.590759
-133.670044
-223.921570
-247.136627
-174.269577
-91.153275
-135.740173
-223.242432
-243.354706
-170.462448
-89.129280
-133.659317
-223.376007
-246.282608
-174.100052
-91.557747
-133.965622
-223.533722
-245.625473
-173.043808
-90.129738
-130.938492
-221.580002
-245.933914
-173.498703
-91.324936
-132.654022
-222.930756
-249.616058
-176.354721
-91.348534
-129.498138
-218.817322
-245.869019
-174.286743
-89.030037
-129.013733
-219.816177
-248.729858
-175.233551
-90.659210
-131.743149
-218.968063
-248.057693
-174.778122
-90.468773
-132.976959
-220.838638
-248.186981
-174.007248
-92.107605
-134.155533
-220.368179
-251.275803
-176.084885
-89.740822
-130.867142
-217.872650
-248.877380
-174.572662
-88.813850
-129.610794
-216.029434
-247.750305
-175.881577
-88.835304
-129.630646
-217.121628
-250.195953
-180.088898
-91.908043
-131.209396
-217.796478
-250.541962
-178.924820
-90.213959
-129.826447
-218.574860
-248.755600
-177.095016
-90.315887
-128.211746
-214.887894
-246.366837
-178.644791
-92.398888
-128.446716
-215.822906
-247.850632
-178.801971
-91.908043
-126.824516
-216.897400
-249.327988
-179.210205
-91.851181
-126.985985
-214.538666
-248.849487
-179.413513
-91.746040
-126.475288
-216.573929
-250.451294
-179.205368
-90.608780
-123.086052
-213.310211
-248.008881
-178.466156
-91.828651
-125.616447
-214.961914
-249.234650
-179.637741
-92.238495
-125.285461
-215.278961
-251.332672
-182.170288
-94.429855
-126.031113
-215.297729
-251.577820
-181.559814
-93.624657
-126.284851
-215.008591
-251.235580
-179.684952
-91.355507
-123.398796
-211.806030
-250.730789
-180.964371
-93.066757
-124.577362
-212.255035
-250.205078
-177.704941
-90.872711
-124.006050
-211.258316
-252.593842
-182.343018
-95.276901
-127.525108
-212.127365
-253.220413
-182.412766
-93.983002
-126.929123
-211.499725
-252.114807
-183.929276
-93.743752
-125.515594
-211.216476
-250.704498
-181.414444
-90.139397
-121.368362
-208.701111
-248.798523
-182.124695
-91.034180
-120.797050
-210.685410
-251.000610
-184.198044
-94.296822
-123.509842
-209.574966
-248.206818
-180.096405
-92.149979
-121.759964
-209.976227
-251.832092
-183.005524
-95.216286
-121.861893
-208.917831
-252.613159
-183.857925
-94.712029
-123.634293
-207.697952
-251.443176
-183.328461
-95.332153
-123.111267
-205.831146
-252.202774
-184.101471
-92.950890
-120.283142
-204.602158
-249.759827
-182.011505
-90.454285
-119.698418
-204.772736
-249.410065
-183.419662
-91.588860
-120.839432
-205.747452
-251.052643
-186.689270
-94.237816
-121.072250
-207.425446
-250.119781
-186.498306
-96.319748
-120.933846
-207.066559
-249.466919
-186.584671
-96.481758
-118.479088
-206.062881
-247.343689
-184.539749
-96.891594
-121.057228
-207.308502
-251.414215
-184.781143
-97.003174
-118.626610
-206.785477
-254.824905
-187.143646
-97.295540
-119.880272
-205.950226
-253.558365
-187.913437
-100.961044
-121.890862
-206.815506
254.531570
-190.354782
-99.800186
-121.403229
-206.574112
-255.689117
-188.866684
-99.256767
-122.671379
-209.069641
252.712494
-191.589676
-102.702873
-124.194336
-209.430664
251.416992
-193.747253
-103.522018
-123.733536
-208.468292
251.276978
-194.631302
-104.251045
-124.031258
-206.886322
252.137436
-193.883514
-104.954315
-126.741898
-208.799805
248.987442
-196.647797
-105.581955
-126.273048
-207.084808
248.614609
-198.081696
-105.367912
-127.699448
-209.110413
246.189896
-203.671967
-108.407928
-128.827591
-210.743332
248.072266
-202.505203
-108.384323
-128.835098
-210.856522
249.285172
-203.160736
-108.328003
-127.349693
-213.118164
246.766571
-206.401382
-111.567574
-128.013275
-214.312286
246.648560
-206.170166
-113.417763
-128.178497
-214.564957
245.188904
-204.665451
-113.567963
-126.936096
-212.605331
245.353043
-205.044174
-115.381134
-129.310379
-213.690018
243.045273
-205.779114
-115.297989
-129.934265
-212.037231
244.397644
-205.822556
-115.737869
-130.780228
-210.292191
244.427689
-206.336472
-115.272774
-132.151382
-212.999069
243.733002
-208.350266
-117.665840
-132.968384
-214.073563
244.415344
-209.622177
-117.033379
-131.356903
-213.394440
244.239929
-210.493362
-117.635803
-129.692337
-212.033478
246.058472
-210.236404
-120.496109
-132.107391
-213.834320
243.683640
-208.768158
-117.105797
-126.849190
-210.812546
240.486984
-212.683655
-120.837288
-130.626816
-214.657761
239.950546
-211.896683
-121.421471
-128.896790
-211.845734
240.904877
-211.044815
-119.856133
-127.899544
-210.868866
241.955765
-210.458481
-122.022285
-131.348328
-211.007263
241.601181
-211.127960
-121.749237
-130.393463
-210.005188
242.421936
-210.735291
-120.536880
-128.623199
-209.143677
243.842422
-209.660263
-123.355347
-131.594025
-211.603790
239.310028
-213.764038
-123.859596
-130.700836
-209.282074
237.230789
-217.276657
-124.555367
-129.705750
-209.005264
240.061050
-213.440033
-123.889641
-131.333847
-208.483307
238.910919
-217.059937
-124.905663
-131.926071
-207.454956
241.590454
-215.509628
-123.032944
-130.442276
-205.371948
244.208282
-215.920532
-124.350983
-131.437378
-209.261154
241.381241
-219.304947
-125.319260
-130.125778
-207.995148
245.806885
-214.715149
-122.938530
-127.084152
-208.175385
241.662323
-220.092987
-128.087830
-128.791107
-209.552444
243.233566
-216.146912
-127.922607
-129.276596
-209.887177
241.103897
-217.012192
-128.475143
-127.902222
-207.038666
239.706467
-218.016418
-129.111908
-128.777695
-207.501617
237.385284
-220.446503
-131.447037
-131.425034
-206.293549
238.002182
-220.570419
-129.888672
-131.017883
-207.023651
239.158218
-218.863998
-127.304092
-129.682678
-204.560852
240.123810
-221.056427
-128.159180
-130.122559
-204.389191
241.608154
-219.774338
-128.286316
-131.113907
-205.168106
240.432266
-224.587830
-132.857880
-132.108459
-206.097214
239.668915
-223.573410
-131.045242
-131.252304
-208.069717
235.807602
-226.707306
-132.935120
-130.870361
-205.921799
240.756821
-223.246719
-131.509796
-129.311462
-207.091248
239.864716
-222.839035
-130.210541
-126.990273
-204.484131
242.557648
-222.448502
-130.264709
-124.782280
-201.819092
245.657745
-221.000107
-130.777023
-124.156792
-202.440826
244.874008
-221.682465
-132.090759
-123.958839
-204.383286
242.866638
-221.515091
-131.042557
-120.504692
-201.485962
241.928406
-223.208633
-135.111465
-122.890251
-201.372772
241.606003
-220.312393
-133.848679
-120.755211
-198.229767
242.887024
-218.478836
-133.137360
-123.576355
-200.336365
239.555191
-220.259811
-133.201736
-122.763115
-196.210052
242.972321
-218.900467
-131.286636
-123.331741
-196.957855
238.693130
-224.507355
-135.106094
-122.908485
-196.557129
237.927078
-221.546204
-129.012665
-121.711151
-195.585632
240.307281
-224.437088
-133.079422
-125.859451
-200.128769
237.309647
-226.193405
-132.227020
-123.878372
-196.447159
241.747620
-222.050461
-128.214432
-121.534126
-195.624802
241.786789
-223.688751
-130.151520
-122.670311
-196.720749
240.471436
-226.030853
-129.937485
-121.253029
-194.820679
243.577957
-225.385513
-130.047989
-120.248810
-197.797394
240.723022
-226.197159
-129.337738
-118.302063
-195.848495
242.831772
-226.733063
-129.888672
-115.871979
-195.575439
243.703491
-226.848938
-131.854187
-114.606514
-194.215561
244.941055
-225.844711
-134.141037
-118.938286
-198.790878
241.848480
-228.035538
-135.949921
-117.265656
-195.913940
243.742111
-226.786163
-137.021729
-116.462067
-195.760513
242.138153
-224.666687
-135.874283
-116.205650
-194.586792
242.042664
-224.043335
-135.924179
-115.720703
-192.652374
242.033005
-224.473572
-136.420914
-115.194992
-189.711044
243.056000
-222.738174
-135.392029
-115.893974
-189.720703
241.853302
-223.416779
-133.451721
-115.039421
-188.490646
241.446136
-224.260605
-135.581390
-118.505371
-188.493332
241.345825
-224.051392
-133.339600
-116.923409
-187.226791
240.807236
-227.583862
-134.122803
-117.667992
-185.219421
243.929871
-227.350510
-134.529434
-119.753136
-188.702545
244.171799
-226.473953
-132.295151
-118.207115
-188.873657
244.512451
-228.947495
-134.760635
-118.162048
-188.286255
246.003220
-228.132095
-133.883011
-115.847305
-188.284653
247.485413
-228.484543
-134.189316
-114.769592
-189.231476
247.849655
-228.595047
-135.960648
-113.835648
-187.873199
247.113647
-229.371277
-135.684387
-113.292770
-189.940643
245.239853
-229.836380
-138.024887
-113.525581
-187.443512
248.545944
-228.956604
-137.851608
-112.710190
-188.351700
245.940460
-228.678741
-138.906799
-113.957420
-188.014282
246.538055
-228.693756
-138.386978
-111.492470
-186.501511
247.290146
-227.930405
-138.999054
-111.636772
-185.243561
247.297653
-229.852463
-140.638962
-110.958176
-184.791885
248.776077
-226.038361
-138.949707
-111.451698
-184.785446
248.858154
-226.399399
-140.146515
-112.209160
-183.992050
248.689178
-225.725082
-139.824112
-112.138885
-183.536072
246.830414
-227.714752
-141.210266
-114.303429
-184.950134
243.557037
-231.876465
-142.536362
-114.286797
-184.533844
244.757599
-229.700119
-141.227432
-113.489105
-182.234131
245.442642
-230.564865
-141.269821
-113.387184
-181.835007
246.359955
-230.983292
-141.719360
-113.351242
-181.964294
246.656067
-231.270279
-139.953934
-110.749496
-180.511078
248.530396
-229.565475
-140.670609
-114.171463
-183.543045
245.417419
-232.575439
-142.831406
-114.401054
-180.351212
249.703049
-229.782196
-138.612823
-110.590714
-179.510071
247.579285
-232.411301
-138.861191
-109.126228
-177.413651
248.957932
-234.950272
-141.718826
-110.572472
-180.723511
247.532608
-236.377747
-142.880753
-109.627800
-179.274033
250.626266
-234.840302
-142.874313
-109.244781
-182.239487
248.926819
-236.166931
-143.711166
-106.359795
-180.850098
251.369247
-234.031357
-145.153656
-106.469765
-180.323853
251.050064
-233.320572
-145.910034
-104.692535
-178.999924
250.472321
-233.092575
-146.400879
-104.648010
-177.687241
250.681519
-233.057175
-148.280579
-106.275574
-177.450134
250.281876
-232.206375
-147.904526
-107.645645
-178.492447
247.922073
-233.350067
-147.183548
-107.380646
-176.556961
248.870499
-234.670258
-148.762833
-107.612923
-176.453430
248.595306
-234.156342
-147.436752
-106.959534
-175.787704
248.661285
-234.439041
-148.044540
-105.384544
-174.072693
249.536758
-233.725037
-147.471085
-105.795456
-173.730453
249.472382
-234.145615
-147.081085
-105.680122
-173.023422
249.559296
-235.368164
-148.862610
-106.880142
-171.358307
250.690109
-235.233521
-148.864227
-109.501732
-172.867310
250.270081
-236.463577
-147.601440
-107.760445
-172.568512
249.970734
-237.676468
-147.075729
-106.905891
-171.953217
251.787674
-237.699539
-148.658234
-107.737381
-173.232635
251.879395
-236.537064
-146.397125
-104.718285
-172.632889
252.103104
-238.027847
-150.137741
-105.993942
-172.385056
254.215073
-236.015106
-150.298141
-104.969872
-171.973602
253.476929
-235.759232
-149.472549
-102.605774
-168.389099
255.547058
-235.732407
-150.156509
-103.222687
-169.472702
253.274155
-236.056961
-148.806824
-104.116394
-168.595093
252.927612
-238.973587
-150.692947
-104.602409
-167.849976
-255.827515
-237.388397
-149.437149
-104.093330
-169.105240
-255.634399
-236.025848
-148.283798
-103.409363
-171.240829
255.027237
-238.751495
-151.431107
-103.739815
-171.364197
254.723083
-237.182953
-150.240738
-100.176231
-168.699692
-255.858093
-236.682983
-152.417084
-101.282372
-169.656708
254.051453
-236.591782
-152.506668
-99.950928
-167.177277
253.880859
-237.525726
-153.062958
-101.633209
-166.513702
253.900711
-237.081024
-151.551254
-101.790382
-164.012802
-255.475616
-237.052048
-152.479843
-104.170036
-166.655853
254.025711
-239.251465
-152.465897
-104.945198
-166.130142
-255.222946
-237.347626
-150.265411
-103.892166
-166.869888
-255.475616
-239.315842
-151.778717
-103.392197
-166.433762
-253.979477
-238.762238
-153.156830
-103.634132
-165.941315
-252.638901
-237.311691
-153.239975
-102.341843
-166.168762
-255.400513
-238.732193
-152.435318
-102.419632
-166.029831
-254.322800
-238.511169
-153.373016
-102.727013
-165.035797
-253.322327
-239.344803
-152.640778
-101.704018
-164.446243
-252.524109
-239.317978
-153.058670
-101.901428
-164.410843
-252.018784
-240.766907
-154.660477
-102.796745
-167.000244
-253.658676
-241.267944
-154.289795
-99.571663
-164.952652
-251.841217
-239.883392
-155.378769
-99.530891
-165.082474
-251.980698
-239.322815
-155.826706
-99.328651
-164.437668
-251.306381
-238.288559
-158.387680
-100.295319
-164.982162
-253.394211
-238.034821
-157.451584
-99.592583
-163.160400
-253.398514
-239.115753
-156.756363
-97.809448
-159.049103
-248.659576
-235.927673
-156.301987
-99.404831
-158.746552
-251.212509
-239.613022
-157.403305
-101.755516
-160.333893
-250.029648
-238.904388
-157.125961
-101.797897
-161.457733
-252.093353
-239.484818
-155.295624
-101.233017
-161.116013
-250.800522
-241.168701
-156.933380
-100.503464
-159.609161
-249.255569
-240.604370
-156.800888
-100.256699
-160.167053
-249.936844
-240.310944
-155.539703
-100.468590
-160.212112
-250.109055
-241.093613
-156.593811
-101.080673
-160.595673
-250.051117
-243.388504
-156.933380
-99.796432
-158.716522
-245.621704
-240.906921
-156.498322
-100.385979
-159.887573
-246.615204
-241.865540
-155.957596
-98.673119
-160.649857
-245.297165
-242.250168
-159.972321
-100.708382
-162.729630
-246.739120
-242.806458
-161.294647
-98.965485
-161.937851
-247.937531
-242.789307
-160.647171
-96.836884
-159.584473
-245.447372
-240.530884
-162.468918
-97.107246
-160.725494
-249.316193
-242.042038
-164.308914
-98.223579
-159.195557
-249.805954
-241.276001
-163.914642
-98.967087
-158.526611
-249.900909
-241.063568
-162.367004
-97.380829
-156.465607
-248.799591
-241.353775
-163.057404
-99.949318
-155.615875
-247.405380
-241.072693
-163.933411
-100.903107
-156.579865
-248.277100
-243.581085
-163.701126
-101.428825
-156.930695
-246.954239
-242.888000
-162.074112
-99.586678
-156.398544
-247.265366
-244.188873
-163.263931
-100.965340
-157.673141
-247.257858
-243.482376
-161.327377
-99.256233
-155.215164
-245.629227
-243.234543
-161.265686
-99.549667
-155.441544
-245.173248
-243.674423
-162.399185
-101.205666
-156.652817
-246.197311
-246.007416
-162.203918
-98.440308
-154.210403
-243.857895
-245.408737
-162.127213
-98.930077
-155.165268
-242.303284
-244.385208
-162.982300
-98.152237
-155.312790
-242.225494
-242.731369
-161.554291
-96.886230
-156.050400
-242.588135
-245.192566
-165.576004
-96.239822
-154.958740
-242.500153
-244.781647
-165.895721
-97.023560
-156.373871
-243.935669
-244.550980
-167.211075
-97.594872
-154.464676
-242.419159
-244.075684
-166.997574
-96.796646
-153.301132
-241.744308
-241.818344
-165.911270
-96.288101
-152.398834
-243.019440
-244.692062
-167.869827
-98.356087
-153.321518
-242.935745
-244.209793
-168.124100
-98.453712
-152.807602
-244.079437
-245.217773
-167.979263
-98.418846
-151.335617
-242.516251
-244.235016
-166.924606
-97.904396
-150.276672
-242.378387
-245.602936
-168.690582
-99.895668
-152.675110
-243.789230
-245.353485
-167.050140
-98.159210
-149.594315
-242.366577
-245.904419
-167.098419
-98.898422
-149.490250
-241.926697
-245.226898
-166.493317
-98.982651
-148.476379
-241.004562
-246.302994
-165.849579
-97.497780
-148.278427
-241.000809
-246.310501
-166.140869
-98.181740
-148.686127
-240.051834
-246.938675
-167.472321
-98.334625
-148.887299
-239.460144
-246.276703
-166.289993
-97.076668
-148.906067
-238.470947
-246.865723
-166.863449
-96.700089
-149.152298
-237.075653
-246.440323
-167.993210
-96.682388
-149.113129
-236.226471
-246.438171
-169.056427
-97.991837
-150.393616
-236.427094
-246.088409
-170.981186
-98.590508
-148.673782
-231.681732
-242.452408
-170.378754
-98.174767
-148.602448
-232.912872
-243.572510
-171.647980
-99.320602
-147.973190
-233.358109
-242.941650
-171.404434
-100.653664
-150.525055
-235.598297
-242.934143
-171.029999
-98.503067
-147.476990
-235.561813
-243.777954
-172.842102
-100.622551
-147.517227
-235.802673
-242.775345
-170.955429
-100.322144
-145.811340
-233.956253
-242.857971
-171.751511
-102.411049
-146.431992
-234.186386
-243.965179
-172.198364
-103.207123
-146.452377
-235.391235
-246.494507
-171.948929
-102.540863
-145.185303
-233.673538
-245.907104
-171.010147
-103.575661
-146.271072
-232.458496
-245.554657
-169.466278
-101.811302
-144.750793
-230.288055
-245.860962
-170.401825
-102.466835
-145.191208
-229.806335
-246.335709
-170.584213
-102.449135
-146.384262
-229.341782
-246.209656
-169.644913
-99.122658
-145.761444
-228.958755
-246.732681
-171.892593
-101.176155
-146.097794
-227.303299
-246.506836
-170.544525
-98.755730
-147.361649
-228.169647
-245.978439
-171.287491
-99.262131
-147.117569
-226.489517
-246.377014
-174.272247
-99.714355
-147.841232
-227.761414
-246.395264
-174.905258
-99.093689
-148.551483
-229.452820
-247.056152
-176.795670
-99.500313
-147.726425
-229.186203
-246.031555
-174.913834
-96.158821
-143.492294
-226.843567
-243.421234
-175.743713
-99.346352
-146.801071
-230.008575
-245.619034
-176.176620
-99.231018
-144.258331
-227.147736
-244.946335
-177.666855
-101.554352
-143.256256
-226.813522
-242.884247
-173.994385
-98.874825
-141.008041
-225.760498
-244.629837
-175.915375
-101.202446
-141.616364
-223.679626
-243.926025
-177.238785
-102.439476
-142.634521
-224.421539
-245.487595
-177.570831
-100.919205
-141.576660
-224.540619
-245.002655
-178.005356
-99.594727
-140.772537
-226.067871
-247.781967
-179.903290
-101.694359
-143.015930
-227.310272
-246.278320
-178.525696
-101.134850
-140.827789
-226.412262
-247.567383
-179.274033
-101.492119
-140.959213
-225.721863
-245.908173
-177.658279
-102.555351
-140.752151
-224.775589
-245.457565
-177.402390
-101.433647
-139.958221
-224.080887
-246.832458
-176.858978
-101.139679
-140.172791
-223.151245
-246.683868
-178.017151
-102.657272
-141.364761
-223.900650
-248.159622
-179.062683
-102.025879
-140.971024
-222.425964
-247.449371
-177.957077
-99.732056
-139.037689
-219.859634
-245.353485
-178.904434
-100.964264
-139.545700
-221.483444
-247.666092
-180.637131
-102.408905
-140.370209
-220.602066
-244.834747
-176.672836
-99.277153
-137.198227
-218.635468
-244.199600
-177.242538
-100.273323
-138.153091
-219.203033
-246.120071
-177.097687
-98.330872
-136.144119
-217.376434
-244.433487
-176.499557
-97.973061
-135.425827
-214.252747
-240.762085
-174.387054
-94.728119
-132.661530
-212.574753
-238.386185
-172.313705
-90.995018
-129.618301
-212.445999
-237.870132
-172.871597
-90.797607
-128.011124
-211.020676
-234.624115
-169.091843
-88.093941
-128.225159
-213.707184
-235.273209
-168.737244
-87.312347
-123.209969
-207.990860
-232.255188
-166.875793
-84.290031
-119.378166
-205.739944
-231.625946
-164.857697
-86.018990
-121.750313
-205.390717
-231.637741
-164.720901
-86.378937
-120.786324
-202.750885
-231.350754
-165.296509
-87.023743
-122.064133
-204.174606
-233.434830
-166.737930
-87.473816
-123.419716
-204.347336
-233.866119
-167.345718
-85.363457
-121.160225
-202.697250
-232.072800
-166.519058
-85.327515
-121.600105
-203.116745
-232.360870
-167.578003
-86.701881
-121.392502
-202.615173
-230.404999
-165.514847
-85.946571
-120.389359
-201.899567
-231.611465
-164.887741
-83.451042
-117.522079
-200.008072
-231.091110
-165.199951
-85.075920
-119.352951
-200.392700
-230.811630
-165.490707
-85.312492
-118.006485
-198.440048
-230.471527
-164.867889
-84.116226
-115.967468
-197.737305
-229.309586
-164.992355
-83.857124
-115.954590
-198.471161
-229.312805
-165.859238
-84.807167
-115.350563
-199.195358
-230.151260
-167.463730
-86.502861
-115.286720
-200.074585
-230.614212
-166.984161
-87.856300
-116.371948
-200.483353
-230.933395
-165.953659
-87.322540
-114.103867
-198.618683
-230.546082
-163.048279
-85.791000
-112.951591
-196.658524
-232.684341
-164.473068
-86.704559
-113.587273
-194.882904
-233.534073
-164.279953
-85.809776
-116.969002
-195.952026
-233.808197
-165.490158
-85.092018
-116.109627
-192.567078
-230.181839
-164.417282
-82.908699
-115.679398
-192.810089
-229.536499
-165.127533
-81.397545
-113.717094
-192.083206
-229.201233
-167.192291
-83.683319
-116.800026
-194.640961
-229.989792
-169.310165
-85.176773
-115.449799
-194.305695
-228.390671
-167.322113
-84.420929
-114.005699
-193.483322
-229.023132
-167.933655
-86.361771
-115.672958
-197.254517
-233.870422
-169.896500
-87.214180
-116.567207
-196.529236
-233.336655
-169.302658
-86.433655
-114.839867
-193.099762
-230.832550
-167.870895
-84.589905
-112.799782
-191.577332
-229.485535
-167.858551
-83.394714
-111.720459
-192.486618
-231.038544
-169.535477
-84.088867
-109.322563
-191.122421
-228.585388
-168.872971
-85.925644
-110.324638
-192.905045
-229.434586
-169.323578
-87.437340
-110.265091
-192.855148
-230.306305
-169.289780
-87.272652
-108.886971
-191.506516
-230.225296
-168.721161
-87.393349
-108.150436
-189.185333
-229.800430
-167.055496
-88.174408
-111.261803
-191.682480
-233.048584
-169.135818
-89.325081
-110.634697
-189.155289
-231.705872
-168.278595
-87.551598
-110.702293
-189.328568
-232.433823
-169.150314
-86.925041
-110.685127
-188.077042
-232.494446
-170.184570
-87.213646
-109.856857
-185.855637
-229.244141
-169.126175
-87.363312
-110.772026
-186.593781
-229.786484
-168.360672
-86.590294
-109.853104
-186.473083
-230.688782
-168.146088
-86.118233
-111.151291
-188.215454
-232.657516
-169.724304
-87.108498
-111.096573
-186.773499
-232.129669
-170.068695
-86.252342
-110.633087
-186.086853
-231.306763
-169.832657
-84.998138
-111.611557
-186.714493
-231.293884
-171.852371
-85.355408
-107.927277
-182.398819
-227.809158
-171.470413
-86.232491
-109.927132
-186.535309
-229.731766
-171.589508
-84.517487
-105.898453
-184.298355
-228.817673
-173.042191
-88.601418
-109.502274
-187.205872
-229.117004
-172.735886
-89.258560
-108.874100
-189.721771
-233.555527
-174.385986
-90.262245
-105.989647
-183.293594
-227.858521
-169.286026
-86.328514
-105.193573
-183.482956
-231.176407
-171.957504
-89.135712
-108.694923
-184.709808
-226.984116
-167.189621
-84.585617
-104.891556
-181.767426
-228.663177
-171.578781
-89.673767
-109.790878
-184.750565
-228.262985
-170.260742
-87.849861
-108.291519
-184.601974
-231.039612
-172.953674
-88.070343
-105.980530
-182.834946
-229.237701
-172.205338
-86.989944
-102.794601
-180.189209
-227.310272
-170.281128
-86.703484
-103.601410
-180.326004
-226.813522
-169.674942
-88.270973
-105.226295
-181.668716
-230.458115
-172.398468
-89.680740
-106.057777
-180.917160
-229.231812
-171.163040
-88.130424
-104.579880
-179.609848
-229.649155
-172.469269
-89.264458
-107.905823
-182.460495
-230.895844
-172.532043
-86.893921
-104.296104
-177.628235
-226.719650
-171.082565
-86.987801
-105.411369
-180.645187
-229.145981
-172.367889
-89.678596
-106.582954
-179.821213
-226.468597
-172.353943
-90.249367
-105.947273
-180.507858
-229.033859
-173.273941
-89.486549
-103.962433
-179.290665
-228.945343
-173.362442
-89.656059
-104.083672
-179.181763
-228.509216
-172.616791
-89.361557
-104.226364
-178.046127
-228.591293
-174.042664
-88.734993
-103.329971
-177.092331
-226.233093
-172.520767
-89.244614
-103.514511
-177.850861
-226.366135
-172.917206
-90.055710
-104.113174
-178.698975
-227.653595
-175.323685
-90.407082
-101.622475
-176.220612
-225.505142
-173.502457
-90.625412
-102.749008
-179.437653
-228.080063
-175.873001
-91.189217
-100.556030
-177.748932
-228.461472
-175.686310
-93.024918
-104.617432
-180.578125
-230.908188
-176.876678
-93.510399
-102.459862
-177.663635
-230.179703
-176.449677
-92.229912
-101.071548
-175.626236
-227.456726
-174.082886
-92.273361
-102.235634
-175.532898
-226.467514
-169.464127
-87.798904
-99.334557
-173.353333
-227.439011
-175.507675
-92.178947
-102.055923
-174.175156
-227.446533
-175.479248
-92.340950
-101.590828
-174.899887
-227.831161
-177.016159
-92.722366
-100.528671
-172.881790
-225.315247
-174.876831
-90.462868
-99.762100
-175.275940
-227.295258
-175.324753
-93.106995
-101.535576
-175.860123
-229.286530
-178.290207
-96.439911
-103.328362
-177.665253
-230.611526
-178.765488
-98.165649
-104.237091
-177.671692
-231.496658
-181.428391
-101.820427
-109.081703
-182.178864
-234.121475
-181.311447
-100.544769
-103.403465
-174.789917
-228.474884
-174.853760
-94.550018
-98.909691
-170.670044
-226.151016
-173.594193
-94.484039
-100.262062
-171.227417
-228.250122
-175.868164
-94.675011
-101.085503
-171.966095
-228.860046
-176.187881
-96.511795
-103.127731
-172.113083
-228.516724
-176.331116
-96.811134
-103.516113
-172.086258
-228.622940
-177.977997
-97.386200
-104.274109
-173.741714
-229.516113
-179.008499
-96.246262
-102.220078
-172.522385
-226.511505
-177.591217
-97.392097
-102.776367
-172.925781
-228.800507
-178.837906
-97.256378
-101.522697
-171.069702
-227.165436
-177.795609
-97.022491
-98.883408
-170.187256
-226.427826
-176.593445
-96.857803
-100.703018
-170.085327
-225.600098
-175.748535
-97.472031
-99.620476
-169.421219
-226.674591
-177.777359
-98.706917
-100.496483
-168.758163
-225.213852
-174.236313
-96.342819
-100.668686
-169.585892
-228.312347
-178.006958
-98.280983
-101.297394
-169.376694
-228.780121
-178.144287
-97.675339
-99.919273
-167.211075
-227.190643
-178.138397
-97.520309
-101.141823
-167.922928
-227.855835
-178.192032
-95.373993
-100.510971
-165.735855
-225.511581
-178.513901
-95.455536
-100.281372
-166.590408
-226.148880
-181.379578
-96.950607
-100.028175
-166.595230
-224.593201
-180.162384
-95.540833
-96.638397
-164.112045
-223.601852
-181.440186
-95.471092
-97.187180
-167.778625
-222.933441
-179.807800
-97.598625
-97.627594
-168.168076
-223.002106
-181.240097
-98.882866
-97.460228
-168.910522
-222.683990
-179.643112
-99.651588
-95.946915
-168.495850
-224.780411
-180.058853
-99.295395
-93.696541
-166.372070
-222.440445
-177.303146
-100.028709
-94.020554
-165.291687
-222.629272
-177.794525
-101.084961
-94.676086
-164.265472
-222.250015
-174.296402
-98.973526
-94.468483
-164.745041
-226.304443
-177.053711
-101.376785
-97.955360
-164.294434
-226.568375
-179.484863
-101.412193
-96.793427
-161.866501
-224.482147
-178.192566
-99.983109
-97.252083
-161.900299
-224.787384
-179.571762
-100.725548
-98.315849
-162.401871
-225.711136
-179.081451
-99.211708
-99.351181
-163.269836
-224.766464
-180.153809
-101.783943
-99.909081
-161.642273
-226.264206
-181.309296
-99.481537
-100.301758
-161.381561
-224.455872
-180.676300
-98.505211
-100.818352
-164.055725
-226.739502
-183.220108
-98.792747
-97.563225
-160.399872
-222.967773
-183.768341
-101.467979
-98.867310
-162.372360
-223.333084
-185.217270
-100.851074
-95.295677
-159.987885
-218.962708
-182.999619
-102.164284
-96.434013
-162.732315
-220.677170
-184.887894
-104.613144
-96.779480
-165.030441
-220.659470
-183.391235
-104.854538
-95.667969
-164.321259
-220.629959
-181.347916
-103.199081
-93.271683
-162.500580
-218.902618
-180.373215
-105.738060
-94.167542
-161.349915
-219.322113
-179.106125
-104.668396
-93.751793
-159.947647
-221.349869
-180.792709
-105.860901
-95.140106
-160.787720
-221.520447
-180.562027
-105.921524
-95.974274
-160.958847
-223.428574
-183.426102
-107.410683
-95.811195
-160.256638
-223.087936
-182.363403
-106.474060
-95.142250
-159.747559
-222.699554
-182.236267
-107.192352
-96.150238
-159.900986
-223.657104
-181.765808
-105.106133
-93.814026
-157.918823
-223.403366
-183.039856
-106.557205
-95.575699
-157.970856
-224.054062
-181.920837
-104.004814
-94.393913
-154.729141
-219.919708
-179.542801
-102.591293
-96.297760
-156.801422
-222.758026
-183.067215
-103.765030
-95.949600
-155.643784
-221.012985
-182.322632
-104.155022
-97.173233
-158.144135
-222.379303
-184.952805
-104.994553
-96.555252
-157.643631
-221.031219
-185.332077
-106.070114
-96.152916
-159.943359
-221.755417
-185.576691
-106.629089
-93.493233
-159.730392
-221.890594
-184.170685
-105.073944
-90.909187
-156.246201
-219.084473
-183.316132
-108.240021
-92.782448
-156.265518
-220.244797
-184.672791
-109.043610
-92.274971
-155.993530
-222.442596
-184.782761
-106.712776
-90.645798
-154.316086
-221.774185
-186.850739
-110.607338
-94.414299
-155.658798
-219.341431
-185.137878
-111.454918
-95.551018
-158.380173
-223.218292
-187.303497
-109.077942
-91.577065
-154.891144
-220.905685
-185.645889
-108.830109
-93.201408
-156.514954
-219.791504
-186.323425
-110.520439
-92.758308
-155.791840
-221.733963
-186.229004
-110.253830
-90.357193
-151.909073
-219.078568
-184.721603
-108.882683
-92.008362
-152.493256
-220.068314
-184.054276
-106.653763
-89.015549
-151.027695
-219.307632
-184.466263
-107.387085
-91.614609
-151.390869
-220.110153
-188.256760
-109.508705
-93.307083
-152.781326
-218.914413
-187.399521
-108.989967
-92.690712
-152.378998
-218.192368
-188.418762
-109.566643
-91.449387
-150.789520
-215.254822
-186.369019
-109.571472
-90.883980
-153.293091
-217.034729
-186.931747
-111.358894
-90.009041
-153.789291
-219.265793
-187.020798
-112.218277
-88.830482
-152.830673
-220.151459
-186.566971
-111.524124
-87.399254
-151.005707
-218.374222
-184.592865
-112.577156
-89.719360
-151.186478
-220.415390
-185.998337
-112.764908
-90.167290
-152.015823
-221.264038
-186.387253
-112.426949
-89.894783
-150.120041
-219.056580
-185.040787
-110.615387
-88.862129
-150.507339
-219.833344
-184.633087
-110.124542
-89.297722
-151.828598
-221.914734
-187.432251
-112.341118
-89.464554
-151.567886
-221.848755
-185.076187
-110.389549
-89.866882
-151.750824
-221.326263
-187.977798
-114.550186
-91.284164
-149.443588
-220.592941
-186.886688
-112.459137
-90.656525
-150.063705
-222.845459
-188.188629
-111.453308
-91.882835
-149.291229
-221.540833
-189.986252
-111.354065
-92.148369
-149.053055
-220.489410
-188.533554
-108.967438
-89.793930
-147.793488
-218.698776
-190.305969
-110.544044
-91.042763
-148.938248
-218.708420
-191.492569
-111.468864
-89.729019
-148.531631
-217.605499
-191.290878
-113.155975
-90.046593
-149.977875
-218.678925
-191.898117
-114.335075
-89.826653
-149.858795
-219.285095
-190.309723
-111.519829
-85.949249
-148.483353
-216.623276
-188.193985
-111.989212
-88.043518
-150.401672
-219.242188
-190.106949
-113.296524
-87.289284
-148.221024
-216.921539
-189.528656
-114.666595
-89.510147
-150.648972
-218.045914
-190.413254
-113.368942
-87.568764
-150.185486
-218.005157
-188.913895
-112.835182
-85.782951
-148.714554
-217.359818
-189.822098
-115.084488
-86.773758
-149.393158
-217.426331
-189.720703
-113.824387
-84.789459
-147.711411
-216.522964
-188.240662
-115.336609
-85.831230
-148.293991
-218.160187
-188.865616
-117.131546
-89.328835
-149.732193
-220.040405
-190.063492
-117.406204
-88.547775
-147.119186
-217.716003
-188.926239
-116.473869
-88.137932
-145.424561
-216.407623
-189.897736
-117.196991
-89.163071
-145.294739
-216.343262
-189.883789
-117.657257
-91.218719
-147.321960
-217.351761
-190.417542
-114.957886
-88.152412
-146.589706
-217.702057
-191.895447
-116.852058
-88.302620
-144.817307
-214.288147
-189.298523
-116.788223
-88.319786
-145.268997
-216.777771
-191.439468
-117.680328
-88.973175
-146.613846
-217.254135
-190.790375
-117.239906
-89.057396
-146.764587
-217.815247
-191.590210
-119.061127
-89.560036
-144.625793
-215.664658
-191.148178
-115.976585
-87.349365
-143.170425
-214.340179
-191.102036
-118.028481
-89.349754
-144.328613
-214.595520
-193.103516
-118.516640
-87.418030
-144.075943
-214.236649
-194.473053
-119.965569
-87.564476
-145.758759
-213.901901
-193.299316
-119.919968
-86.737816
-145.449234
-212.318863
-191.285507
-120.088951
-85.045883
-144.745956
-213.499573
-191.570358
-120.157616
-84.428970
-143.254654
-212.611237
-192.052094
-121.099609
-86.232491
-145.518433
-215.335281
-193.540726
-121.615128
-84.774979
-143.226761
-213.773163
-191.846085
-121.424156
-85.267967
-142.340561
-212.394501
-192.752686
-122.558731
-86.738358
-142.955856
-211.423004
-191.264053
-120.212868
-82.803558
-141.325073
-213.017853
-192.450134
-120.802414
-83.041733
-141.388367
-212.195480
-191.411026
-121.950401
-85.041054
-143.472443
-215.673782
-195.048126
-124.730782
-84.774445
-142.375427
-215.479584
-194.765961
-124.917999
-84.675201
-139.591293
-214.185150
-192.070343
-122.733070
-85.096306
-140.953323
-217.624283
-195.409149
-123.775375
-85.277626
-138.611755
-214.552078
-193.381393
-124.514061
-88.460335
-139.435181
-214.945282
-194.692459
-122.210037
-85.927795
-138.132172
-213.750092
-193.909256
-120.783104
-84.714363
-137.550674
-213.496353
-195.586182
-121.241760
-83.968704
-137.667068
-211.984665
-195.822205
-121.601181
-85.109718
-140.050491
-212.603180
-195.390381
-121.131256
-83.329269
-137.392960
-210.829163
-194.898453
-122.659576
-85.343071
-140.460327
-212.096786
-195.450455
-122.682114
-83.561012
-139.597198
-210.965424
-194.208588
-122.564629
-82.992920
-137.605927
-209.280457
-193.361557
-123.622490
-83.931152
-140.140610
-211.490601
-194.999847
-123.981369
-82.720406
-138.734589
-210.669312
-194.006897
-124.764038
-82.830376
-138.950241
-212.363388
-195.886581
-126.504257
-83.210175
-137.897751
-211.767944
-195.269669
-126.544495
-84.643013
-138.702408
-211.368286
-194.433899
-126.562195
-84.590446
-136.765854
-211.138702
-194.492905
-126.850800
-85.457329
-136.969162
-212.918610
-196.423019
-125.789719
-85.330734
-137.364517
-214.165833
-198.839691
-127.365250
-86.186356
-135.849075
-210.562027
-197.479813
-127.210754
-88.048347
-138.542542
-210.887100
-197.324249
-126.228523
-87.208275
-137.793137
-209.462311
-198.671249
-126.702744
-84.450432
-135.642014
-209.213409
-199.699615
-127.740219
-85.824799
-137.382767
-208.298767
-197.309769
-126.613159
-83.928474
-135.570129
-207.002731
-196.296417
-126.306313
-83.849617
-136.411270
-207.111633
-197.116104
-128.141479
-84.100670
-138.831161
-210.331345
-198.009277
-128.849045
-83.719261
-136.356552
-208.357239
-197.630554
-129.406937
-83.086258
-136.676270
-208.934998
-197.683670
-129.034119
-82.804626
-136.034149
-209.235397
-198.436295
-131.650345
-85.458939
-136.771759
-208.411957
-196.100616
-129.906906
-82.518707
-133.966156
-208.510132
-197.517365
-130.302795
-82.445213
-134.061111
-208.496719
-197.925598
-130.600525
-82.419464
-134.368500
-210.081375
-199.537613
-132.064484
-85.337166
-135.981583
-210.286285
-199.302643
-130.952438
-84.338852
-134.444672
-207.245209
-197.856400
-132.972672
-88.412056
-137.958893
-211.682114
-202.321198
-134.258530
-86.591904
-135.165115
-209.562088
-201.509567
-134.571808
-90.097015
-138.707230
-213.365463
-205.886398
-135.772903
-89.421638
-139.225433
-215.160934
-208.671600
-138.271103
-91.999237
-139.597198
-213.104752
-206.759186
-138.727081
-93.635925
-143.075485
-216.790115
-211.939606
-142.773468
-97.215073
-146.279648
-219.023849
-212.871933
-143.306152
-97.850220
-148.749420
-220.517303
-213.853622
-144.378494
-96.563293
-146.919083
-219.387558
-215.015030
-146.950729
-98.334091
-149.256363
-220.410019
-215.989197
-148.044006
-98.130775
-151.070602
-221.137970
-216.295517
-148.957031
-97.217216
-150.665604
-221.967850
-217.477829
-152.019043
-99.566833
-151.981491
-222.645370
-218.032516
-152.311401
-97.807304
-151.327026
-224.616257
-218.575394
-153.591354
-100.096298
-151.133911
-222.726913
-216.311066
-151.886002
-98.518623
-151.019653
-223.852371
-216.400116
-152.741623
-100.005646
-150.094284
-224.673126
-218.087219
-154.106339
-99.876892
-148.755325
-224.760025
-217.769653
-155.368042
-102.553741
-150.021866
-225.857056
-217.497681
-153.526443
-102.038757
-149.032669
-225.758347
-219.084473
-154.861115
-102.515114
-147.195358
-223.558929
-217.054581
-152.940643
-102.267815
-146.787659
-223.998276
-218.470779
-152.926697
-103.406685
-147.275818
-224.878586
-220.875656
-152.395081
-103.106277
-146.635315
-223.294998
-221.618088
-152.242737
-103.374496
-147.766129
-221.484512
-221.494171
-153.414856
-105.914009
-149.200043
-220.524277
-223.552490
-154.047867
-103.684021
-149.641525
-220.972748
-223.578781
-154.750595
-102.809090
-150.169922
-220.427719
-222.201736
-152.815125
-100.829620
-150.625900
-220.922318
-222.811676
-153.852066
-100.224510
-149.976807
-219.525421
-221.610046
-156.252640
-100.707306
-149.949982
-220.479218
-222.781097
-158.916077
-102.234558
-150.226257
-219.678314
-219.206238
-155.568130
-99.737419
-148.223175
-219.343033
-220.127853
-156.910309
-100.784554
-149.712341
-221.682999
-222.372330
-159.219162
-101.226585
-147.554230
-219.547958
-220.070450
-157.124359
-99.950928
-147.680298
-222.621765
-221.534943
-156.968246
-99.163429
-145.704590
-219.740005
-219.597305
-158.002518
-100.852150
-145.391296
-219.906830
-219.301193
-158.216553
-102.485077
-146.865448
-220.928757
-219.867142
-157.758423
-101.523773
-145.017944
-221.101486
-221.543518
-158.400009
-102.787094
-145.066757
-219.529175
-221.502747
-157.626465
-102.399246
-144.271210
-218.747589
-221.962479
-156.214554
-101.220146
-144.476135
-217.842072
-222.760712
-157.703171
-102.277473
-145.231445
-218.073273
-223.195221
-157.568527
-101.504463
-144.865051
-216.044464
-221.177673
-157.305679
-100.306046
-144.869873
-215.821838
-221.249557
-159.221313
-100.990013
-145.215347
-216.807816
-221.214142
-158.853851
-100.568367
-144.496521
-216.330383
-220.061874
-158.409668
-100.968552
-144.679443
-217.539520
-221.491486
-159.726105
-102.256012
-144.962143
-217.444565
-221.229706
-158.074387
-101.284515
-144.674072
-216.318039
-222.208176
-159.322693
-100.890770
-142.866272
-215.428085
-222.221588
-158.289505
-100.877357
-143.087280
-214.357880
-221.931900
-158.142517
-100.544769
-143.936478
-215.518204
-221.580002
-158.784637
-101.338165
-144.180557
-216.429092
-224.016525
-161.507080
-102.893845
-145.671860
-216.994492
-222.025787
-159.366684
-101.437943
-143.845276
-216.066452
-223.671585
-162.827271
-105.283691
-145.853714
-215.672165
-222.829376
-161.436813
-103.272034
-143.079239
-213.735611
-223.137833
-159.349518
-100.352722
-143.338333
-216.296585
-226.089859
-160.829025
-99.482613
-143.359253
-217.140411
-226.839813
-159.840897
-98.135605
-143.469223
-217.534149
-225.761566
-159.841965
-98.517555
-145.766815
-218.189148
-225.263214
-160.941147
-96.484436
-141.089569
-215.694702
-223.825012
-161.083298
-97.325577
-141.868484
-216.455902
-222.614792
-160.853165
-98.830833
-141.747787
-217.306702
-225.152161
-162.334274
-99.275009
-139.861130
-216.107224
-223.327194
-158.898911
-98.746613
-140.000595
-216.507401
-223.337387
-157.702637
-98.917198
-139.143356
-214.754318
-225.714890
-159.347900
-99.033073
-140.265594
-215.639984
-227.791992
-160.123596
-100.065186
-141.307373
-214.834778
-227.006104
-158.891937
-97.631889
-140.726944
-213.845047
-226.876831
-161.095093
-99.651588
-142.645248
-215.130890
-228.644409
-163.312210
-99.494949
-142.318024
-214.157791
-226.444992
-161.290359
-98.167259
-140.642181
-212.918610
-226.903641
-162.844437
-97.896889
-139.253326
-212.496429
-226.615036
-162.380951
-97.311630
-138.850464
-212.320480
-226.028168
-162.354660
-98.199440
-140.302078
-213.169128
-226.500244
-162.185150
-97.193611
-139.590759
-212.831177
-226.117218
-161.810181
-95.781158
-138.191177
-212.627319
-226.845169
-163.788040
-95.983391
-138.282913
-213.342941
-228.300003
-168.175598
-99.890846
-140.195328
-216.345398
-229.048340
-165.981552
-97.580925
-137.036224
-215.753174
-229.637360
-167.032440
-97.018196
-133.421143
-212.279175
-227.656281
-164.181778
-97.424286
-134.213455
-212.336029
-227.906250
-163.870651
-98.823860
-134.869537
-210.913391
-228.429291
-162.195343
-96.784843
-134.348114
-210.838287
-230.220474
-163.430222
-97.979500
-137.218613
-212.766266
-232.825958
-165.756241
-97.489731
-135.681168
-209.086807
-229.137924
-164.834641
-97.539619
-137.112396
-207.313324
-226.605927
-165.147385
-97.555176
-137.021729
-209.740723
-229.910934
-167.609116
-97.864700
-137.315704
-210.094788
-229.698517
-167.026001
-95.789742
-133.819183
-207.435638
-226.944412
-166.890274
-99.523918
-137.344681
-210.930557
-229.579422
-167.326401
-97.821785
-134.666214
-208.525146
-228.752228
-167.495392
-97.256912
-132.405121
-204.684769
-226.493271
-167.274368
-97.136749
-135.090546
-207.671143
-228.052170
-168.578995
-96.826691
-133.501068
-206.431961
-226.693893
-170.020416
-98.122192
-134.144791
-208.052551
-226.424606
-168.863312
-99.141968
-135.085175
-209.403305
-224.282059
-166.582367
-99.040047
-133.657715
-208.409821
-224.786316
-167.463196
-99.184883
-131.871353
-208.495651
-227.420242
-167.169235
-98.958511
-130.162247
-207.490891
-226.167648
-163.915176
-99.309875
-131.010910
-207.770386
-231.174805
-167.232529
-100.542084
-132.150848
-206.836426
-230.478500
-165.901611
-98.317459
-131.184174
-205.155228
-229.800430
-167.023315
-100.162819
-133.980652
-206.107941
-230.799820
-169.033905
-99.535721
-133.504288
-205.804321
-230.059006
-169.168015
-99.535721
-133.787521
-206.787079
-228.722183
-168.690582
-99.348503
-132.089157
-206.458237
-231.039612
-170.886765
-100.703552
-133.123413
-207.179749
-230.660889
-168.133209
-98.228409
-130.917023
-205.309189
-231.719284
-170.546661
-100.385445
-132.262955
-206.283905
-231.484863
-169.583755
-101.357475
-133.121811
-205.164337
-230.829330
-169.686752
-100.434258
-133.055283
-205.265198
-231.920456
-170.581528
-100.272789
-131.119263
-202.269165
-229.954391
-170.660934
-99.986328
-132.759705
-204.810287
-230.109421
-170.701691
-100.445526
-131.837021
-203.740631
-231.202148
-171.860947
-100.684242
-131.183640
-205.460999
-232.432755
-172.586212
-102.283913
-131.793045
-204.417618
-231.328217
-170.996201
-101.160065
-131.026459
-205.345657
-234.718536
-173.861877
-103.134171
-131.734024
-203.155365
-232.236954
-170.789139
-98.641472
-128.189224
-200.464035
-229.464081
-169.129929
-98.913986
-128.607117
-199.908829
-230.128738
-171.630814
-100.044800
-129.718079
-201.262802
-230.438797
-171.681244
-101.617653
-132.180878
-204.100037
-234.174042
-176.161606
-101.927177
-131.128922
-202.541138
-229.834763
-172.558319
-101.950241
-130.669724
-202.748749
-233.009964
-172.876968
-99.424141
-129.425720
-201.622223
-232.200470
-173.836121
-101.785019
-129.348465
-199.966217
-230.945740
-171.498856
-100.380081
-130.018494
-201.170532
-233.663345
-173.487442
-99.513725
-127.330917
-197.299042
-230.600266
-171.714493
-97.101349
-127.732712
-198.983459
-231.137787
-175.293640
-99.925713
-127.927437
-199.113815
-229.917374
-172.990692
-98.352325
-127.275658
-200.444733
-230.494583
-174.850006
-100.838196
-127.835709
-201.061630
-229.579956
-173.864563
-101.005035
-126.046135
-199.461426
-230.030029
-173.216003
-100.519554
-125.029579
-199.046219
-229.117538
-171.848618
-100.479317
-123.165977
-197.230377
-230.525696
-173.209564
-103.059608
-125.622345
-197.866592
-231.728943
-173.633347
-103.810623
-126.344933
-198.101013
-231.632385
-173.082962
-102.873993
-126.435059
-198.217422
-233.419800
-173.740646
-103.969414
-126.765503
-196.142471
-231.308365
-173.217606
-102.695900
-125.972107
-196.732544
-233.964828
-174.426208
-100.604851
-123.567238
-193.870636
-232.465469
-174.971771
-102.470055
-125.439423
-193.525162
-232.238556
-174.513123
-101.123047
-125.960304
-194.701050
-234.207840
-177.049957
-101.396103
-124.808029
-192.633606
-231.901672
-176.102600
-101.062431
-126.082077
-192.369141
-231.085754
-175.681488
-98.916664
-124.539268
-191.533340
-230.278397
-178.404999
-101.208344
-126.792862
-194.154419
-230.135712
-179.179092
-102.490440
-127.120628
-195.186523
-229.797745
-179.346451
-101.992088
-124.460411
-194.429077
-228.795135
-178.999924
-102.595047
-125.283852
-197.828506
-231.094330
-179.923126
-102.691071
-122.239548
-195.204773
-229.098236
-178.484940
-105.191422
-123.723343
-198.478668
-232.959534
-180.347458
-107.535675
-123.031334
-195.654846
-231.953705
-179.713379
-107.806580
-123.603180
-194.257950
-229.706024
-176.967331
-107.198257
-122.593063
-194.270813
-233.323776
-178.938766
-107.713242
-122.797447
-193.637817
-233.122620
-176.168045
-104.369598
-120.267052
-190.324203
-230.705948
-176.260315
-105.198395
-118.996758
-189.204117
-232.341553
-175.848328
-106.034714
-124.382629
-192.915771
-235.150360
-177.865341
-105.106667
-121.737976
-189.418152
-233.773315
-178.373352
-105.164063
-122.631149
-188.858109
-231.939224
-176.353119
-101.142899
-119.759041
-186.929062
-231.998230
-180.806656
-106.125908
-124.347763
-189.922409
-232.523956
-180.405930
-104.152336
-124.115479
-190.253922
-232.341553
-181.546402
-104.628159
-123.098923
-189.192307
-230.220474
-180.578659
-104.751541
-122.494888
-189.190704
-228.856827
-180.308304
-106.085670
-124.993637
-193.291809
-233.580734
-184.409927
-107.381180
-121.456337
-189.553879
-229.770935
-182.287766
-107.164459
-119.986488
-188.663910
-228.647614
-180.360870
-107.277649
-120.013313
-189.123108
-227.408981
-178.645325
-107.170357
-119.941429
-188.840408
-229.804718
-180.987976
-108.036179
-117.774200
-187.468185
-228.343994
-178.328827
-106.784119
-117.346123
-186.639389
-229.402390
-179.515976
-108.118790
-118.060661
-186.790131
-228.960373
-177.860519
-108.834404
-118.155075
-185.454926
-228.719498
-178.291275
-108.433144
-118.613197
-186.777786
-232.415588
-182.471771
-111.526802
-120.375412
-185.718857
-231.378647
-182.403641
-112.029449
-120.367363
-185.757477
-231.079849
-180.883896
-110.174973
-119.803566
-185.756943
-231.433899
-180.418274
-108.489471
-117.925484
-184.696930
-233.195038
-182.277039
-110.633629
-120.298698
-185.082092
-231.115784
-180.619965
-106.650009
-117.884712
-185.274673
-232.683807
-182.436356
-109.786583
-120.015991
-184.901855
-232.936478
-182.588715
-108.092499
-117.736656
-182.691177
-232.560425
-184.252762
-110.540825
-119.683937
-184.065002
-233.270142
-184.184631
-109.405708
-118.997826
-183.484039
-232.699905
-185.541290
-110.533310
-118.267731
-180.927353
-231.092728
-184.492538
-108.972267
-117.360611
-182.238419
-231.320709
-184.946381
-108.809189
-117.023186
-182.642349
-231.287994
-185.795029
-110.430313
-116.702927
-181.705185
-228.356339
-183.502808
-109.755470
-115.256149
-180.998703
-229.373962
-183.638535
-109.911575
-116.281288
-182.455673
-230.913544
-185.518219
-111.076729
-114.837723
-180.447769
-229.645935
-184.516144
-110.990898
-115.521149
-182.028671
-231.153336
-184.116501
-110.402954
-115.918114
-183.268387
-232.348526
-186.215591
-114.465431
-116.665375
-183.389084
-230.556274
-184.340729
-113.865150
-116.514641
-183.134277
-233.582352
-186.553558
-114.438606
-115.485207
-182.348389
-234.969055
-187.688660
-114.288406
-114.528732
-180.088364
-233.215958
-185.598694
-112.432320
-114.317375
-178.884583
-231.657059
-184.335373
-111.561668
-114.095284
-178.697906
-233.237946
-186.694107
-113.478912
-116.942719
-178.201691
-232.153275
-185.660385
-111.531097
-116.111771
-176.563934
-230.045593
-185.243561
-110.890045
-116.956131
-177.905579
-230.600800
-186.135132
-111.309006
-116.415932
-175.749619
-228.947495
-184.295135
-107.781364
-112.855034
-174.707840
-228.806946
-188.605438
-111.599220
-114.037354
-178.343307
-232.636063
-190.233551
-111.583664
-110.714096
-175.796829
-230.234955
-188.371017
-111.990288
-111.882462
-176.662109
-229.694748
-189.656876
-114.253540
-112.038567
-177.937225
-231.785797
-190.025940
-114.421440
-111.787514
-176.018906
-227.814529
-185.670563
-112.259048
-110.834793
