-192.349945
186.208466
236.591919
-32.837658
170.492004
-179.793976
210.175629
229.252319
-45.302418
157.041809
-166.457504
234.497360
222.243164
-57.123993
144.124283
-155.664291
-255.703857
212.711670
-69.863945
132.986679
-140.515167
-226.541809
211.275085
-75.058853
123.794754
-128.133026
-202.616501
203.372757
-87.099289
113.691406
-117.131676
-180.285477
196.021896
-98.477226
100.964859
-105.854591
-156.724960
187.177567
-113.254585
86.771675
-95.653610
-134.070480
178.643845
-127.942360
75.547173
-85.878571
-111.782402
169.846207
-142.417709
63.985775
-75.927032
-90.947533
161.647232
-158.335541
49.254547
-67.213608
-69.963539
151.891495
-177.487595
31.441456
-61.064377
-51.453613
146.426224
-186.755157
21.091347
-49.975590
-27.644711
140.805389
-200.187683
9.221498
-39.790165
-5.176916
134.320877
-213.261841
-4.072605
-29.546272
18.077839
125.451889
-229.082581
-18.315672
-18.507372
43.584576
118.354225
-242.777405
-33.059776
-9.963999
66.320595
111.136940
255.646927
-47.477188
-0.619718
91.429825
107.806709
246.975342
-59.854511
9.034089
116.908134
103.734573
237.356400
-71.696999
17.413311
139.670441
97.585884
224.065521
-85.208900
25.749619
162.540558
90.510208
210.231232
-98.911774
34.045692
185.689636
83.276825
196.948929
-112.965477
42.820805
209.307037
77.234879
184.503998
-125.585274
50.402344
232.551590
71.102280
172.557434
-138.453979
58.321831
255.463562
65.753952
160.515930
-151.523300
66.454826
-232.691666
59.185223
147.223969
-164.874802
73.748825
-210.126770
54.448978
136.430771
-176.799911
80.081520
-190.656601
42.088284
114.928574
-195.977173
85.471687
-169.736984
33.451035
97.008728
-212.071503
92.709900
-145.475876
30.690504
89.413246
-220.438919
103.488098
-117.162468
28.586578
78.954773
-232.765823
111.182281
-92.567146
22.024284
65.069511
-247.433746
118.387230
-68.008301
16.016672
51.643448
253.883072
126.013824
-43.262238
12.597929
41.041748
241.846390
133.090561
-19.117525
5.546400
24.420633
226.143661
139.366928
5.571138
1.750001
12.877478
213.306076
145.401901
28.426781
-2.918652
1.531731
201.181427
150.476639
48.658150
-7.528834
-9.846737
191.164429
156.075485
69.291313
-11.398189
-21.034769
179.159927
161.668961
91.299911
-15.080326
-32.972210
166.263870
167.551590
114.230659
-18.118732
-42.687172
156.112778
172.606476
134.501724
-22.357695
-55.309113
141.496887
176.288071
152.380783
-29.350754
-72.834129
125.131660
180.487885
173.523041
-32.871956
-81.818459
111.762459
184.629211
192.843536
-38.710052
-96.926277
94.731499
187.569977
211.829819
-43.660873
-109.431274
83.227501
193.138794
235.479935
-45.001442
-119.079178
68.788094
195.752350
251.789917
-52.415073
-133.387695
58.477150
202.221298
-234.703415
-51.582516
-136.901382
50.138699
207.478958
-210.861801
-53.963242
-145.797729
38.469475
211.027527
-191.873886
-58.932304
-158.463669
27.124268
215.430099
-170.569107
-64.237175
-173.484024
12.034695
217.129547
-155.819641
-77.112854
-208.792114
-23.252451
217.856430
-131.881989
-77.176689
-205.584717
-19.292974
223.745483
-111.977318
-100.863281
249.009094
-59.441895
222.230576
-92.849403
-83.905281
-229.180115
-42.575623
233.729736
-59.817467
-83.232048
-237.077606
-51.843197
238.976135
-34.089176
-84.397736
-249.286499
-63.330025
244.333588
-7.112051
-80.174866
-248.801010
-68.302299
249.570862
17.393148
-85.079552
246.202423
-84.574730
252.095901
39.193073
-86.495216
234.283234
-99.596176
254.814590
63.537880
-85.941078
229.800186
-110.391533
-251.505096
93.314690
-84.873016
222.143555
-120.243286
-246.809082
119.743576
-86.758080
211.917892
-131.305252
-243.407501
143.399582
-87.868507
202.713623
-143.788254
-239.755951
168.597336
-89.039024
192.763702
-155.888229
-236.208450
193.518280
-94.669518
173.966766
-178.679504
-238.513550
207.983978
-100.344543
159.901794
-192.051941
-234.391525
238.451721
-95.358315
160.249420
-192.802429
-227.991241
-248.102753
-97.074936
148.476120
-204.318222
-225.245728
-224.099136
-99.758751
135.659454
-217.383789
-223.120346
-201.662994
-101.040314
124.204819
-230.184906
-221.623672
-179.880219
-102.640518
112.098938
-242.528427
-219.509018
-157.348587
-103.500435
101.321815
-254.149368
-217.218414
-134.706451
-104.363029
90.346214
245.805969
-215.665421
-112.732727
-105.985764
78.107292
231.676620
-213.974014
-87.950180
-108.337524
64.905998
217.437317
-212.040680
-63.102192
-108.875046
54.245289
205.966034
-209.901886
-38.605576
-110.319679
41.323475
189.917297
-209.592896
-15.790703
-111.773438
29.260506
177.008362
-206.969696
10.962726
-112.789993
16.619791
164.452408
-205.597473
34.953480
-114.552208
2.236711
150.041962
-205.682770
55.004066
-116.060143
-10.680809
136.733917
-204.860947
79.205643
-116.634140
-23.415937
121.886284
-204.506882
102.306442
-117.499420
-35.258430
108.337906
-204.226868
124.418571
-118.057854
-47.613220
94.848000
-203.970444
146.120331
-118.200012
-59.824249
82.369827
-203.432938
168.565048
-117.766563
-71.585197
69.630943
-203.299896
189.325882
-117.558426
-82.584404
57.913979
-202.661530
211.053406
-116.982285
-93.507431
44.785637
-202.554779
232.577591
-116.873390
-105.271072
30.757683
-202.747894
255.475616
-116.808479
-116.134018
18.295065
-202.336975
-233.864075
-118.203766
-130.670517
3.111615
-202.605743
-210.974640
-117.747253
-141.484116
-8.676159
-203.181885
-190.305527
-116.322464
-149.972763
-19.085814
-203.033279
-168.718567
-115.414803
-160.260651
-30.880024
-203.086929
-145.192383
-114.167580
-168.764328
-41.541267
-203.252151
-122.399498
-112.906937
-177.527100
-53.772144
-203.954361
-99.853928
-112.155388
-188.059601
-63.259117
-203.643219
-78.630669
-111.199982
-197.271393
-74.682114
-203.721542
-55.388256
-110.021416
-209.099396
-85.832588
-204.242966
-35.080711
-110.844322
-221.392502
-98.272148
-205.158127
-14.674462
-109.446892
-231.135345
-109.398483
-206.069550
4.411067
-109.697411
-244.092575
-122.643234
-207.098434
25.569944
-106.735176
-253.842941
-132.884979
-207.954605
44.023006
-105.898331
245.576492
-145.933929
-209.685165
63.920708
-104.401115
234.606796
-158.010300
-211.069717
83.203110
-103.412994
223.088318
-170.205231
-212.647934
102.544525
-101.387390
214.188751
-180.569290
-213.891937
123.304825
-98.788330
205.649124
-190.855026
-214.505630
145.887955
-96.683868
195.064590
-202.441650
-215.697601
168.384705
-94.656105
183.240875
-214.850082
-217.929733
187.663361
-93.845543
170.182800
-227.206482
-219.056259
209.701477
-90.940712
161.181839
-237.253510
-220.660767
229.270874
-88.928520
150.041016
-248.011307
-221.710571
248.589218
-87.165771
138.805786
253.656891
-223.046860
-245.051666
-87.165771
124.221542
241.198563
-224.489349
-225.532700
-84.133263
115.428726
230.601685
-225.433487
-202.741959
-80.563248
106.976013
220.201691
-227.075531
-181.340607
-77.820953
94.715088
206.783142
-229.556046
-161.743317
-75.679482
84.133774
194.990540
-231.846115
-142.410477
-73.197899
74.913948
182.187805
-234.598053
-120.989288
-69.104317
65.779953
170.369980
-238.225479
-101.502502
-65.144836
55.561810
157.845688
-240.163101
-78.708549
-61.782417
44.816875
146.195770
-241.990753
-55.507977
-57.871223
33.314491
135.059784
-244.159592
-35.067394
-54.413853
23.735249
123.638931
-247.098221
-16.040874
-52.708504
11.221133
111.728317
-250.104446
4.496266
-48.611698
0.249289
100.481812
-252.737305
24.094097
-43.922123
-8.405128
90.844627
-254.697998
44.739059
-38.962181
-16.723196
82.408005
254.972305
63.483414
-34.861084
-27.070623
72.709137
253.171463
81.757301
-32.062466
-41.368942
61.895546
251.131912
100.413147
-26.786024
-48.012779
51.696178
248.598297
120.995346
-22.197300
-55.740223
41.263988
245.394135
140.228928
-18.514627
-67.997917
28.974110
242.702271
159.871826
-14.841610
-77.020866
18.008699
239.324295
177.800247
-11.416965
-87.213799
6.022980
236.001572
198.539627
-6.836287
-97.413712
-5.689692
232.709961
219.404007
-2.632192
-110.236282
-20.224047
228.017715
236.297623
-0.233761
-123.603340
-33.334152
223.967041
255.908325
4.679510
-133.752274
-44.556515
220.330505
-235.808334
10.051438
-143.844360
-57.051319
216.022873
-214.846329
15.494179
-156.195938
-69.132523
211.776932
-199.190811
19.665014
-167.354462
-82.453987
207.772400
-178.298004
26.614082
-174.626465
-90.642235
204.942673
-157.987778
33.990692
-182.660217
-102.207390
200.806702
-139.333008
39.964508
-191.419769
-113.603020
196.688431
-120.631577
46.519829
-199.811340
-124.662842
192.753098
-101.055206
53.953842
-207.888016
-135.555832
188.153625
-83.073669
60.175495
-215.710403
-145.728912
184.043945
-63.148613
66.891212
-224.495712
-156.700760
179.416611
-45.093586
72.617729
-233.844818
-168.729935
174.823059
-25.864830
75.932396
-247.630844
-181.582001
170.032089
-5.362021
82.636848
254.496002
-191.552841
167.180908
16.024843
90.204437
247.566254
-199.099518
163.364120
35.349087
98.536995
242.811768
-206.395660
159.603119
57.712276
108.109261
237.348114
-214.333405
155.599121
76.548897
115.658066
227.991486
-225.016632
150.825333
94.346962
122.276688
215.630798
-237.700272
145.684601
110.509422
127.953850
205.158920
-249.356079
140.556763
128.585907
135.126083
194.950424
251.479019
136.060303
145.145325
141.133682
183.901855
238.870499
130.635803
163.103790
148.777451
172.938065
225.782928
125.420517
178.706192
154.915955
163.142105
212.567139
119.655914
194.730270
161.674576
153.073624
202.027679
115.130493
213.810425
171.309616
147.213531
192.544449
110.053604
229.312531
175.178970
125.776779
164.818451
97.191879
237.400986
178.885788
119.781509
159.228180
95.016060
-246.866104
193.427124
116.827858
152.256058
91.148315
-227.462463
203.094345
111.417847
142.610291
86.159943
-208.451508
211.829224
104.668335
135.872589
81.831932
-192.766479
219.817383
97.818504
126.923126
77.061890
-175.384674
227.431641
89.282639
116.813881
71.564972
-159.410507
234.353882
78.221207
105.026108
65.505325
-143.591919
241.859238
71.268921
96.522964
59.991241
-133.245560
244.987228
57.358448
79.535995
50.204395
-121.207809
249.146255
39.014816
53.966496
38.105484
-121.011475
245.436234
19.635855
41.434139
34.302113
-98.382751
-253.611450
14.221012
31.813053
28.392132
-82.688065
-245.629730
5.645452
20.834770
21.790676
-69.128960
-239.394669
-4.297498
9.807136
15.788965
-55.836468
-233.085571
-14.661554
-1.659846
9.756677
-42.032745
-225.858093
-23.260717
-12.287832
4.268340
-26.076820
-218.601105
-34.678345
-24.423222
-1.465150
-14.458025
-213.923340
-49.041042
-39.313774
-8.642743
-2.439581
-206.615387
-54.160309
-48.365158
-13.978193
14.027575
-198.051086
-64.307106
-59.821945
-20.885954
22.546808
-194.632889
-78.416061
-77.887695
-30.995203
32.421093
-191.269913
-95.408394
-96.573586
-39.231194
50.474510
-178.521378
-93.054482
-94.925087
-40.390446
70.172119
-166.011551
-96.890053
-101.413895
-45.089138
86.158623
-155.991364
-103.256004
-110.794121
-51.210480
100.632896
-147.496262
-112.488167
-122.135033
-57.882206
114.700012
-139.354156
-122.440239
-133.654053
-64.411774
130.640915
-128.928406
-127.620117
-140.721130
-69.557327
144.107224
-120.320122
-133.941010
-148.326263
-74.988800
157.312271
-112.620041
-142.909790
-159.169907
-81.132133
172.555267
-102.902397
-150.095963
-167.749756
