-89.172287
-67.299408
-77.072845
-9.560561
63.575775
70.272179
-11.032557
-124.987831
-158.728409
-105.122856
-51.891727
-111.439995
-209.847046
-225.817444
-144.023468
-145.308243
246.353424
129.341492
90.271362
118.144882
132.898651
82.881874
-10.203660
-46.359840
-19.252361
-0.391603
-53.911873
-127.748802
-123.235184
-55.648335
9.734274
0.416279
-48.249729
-35.328453
36.433521
101.302223
96.609962
58.601982
68.084663
130.612869
185.698471
184.861618
141.447388
143.033646
190.565598
234.163315
210.629074
150.146317
148.718857
200.617462
230.020370
193.043442
151.205795
163.307922
228.766174
-233.986923
-248.064758
194.663498
168.826294
217.912354
-234.064163
-212.997025
-168.605911
-102.688484
-21.227636
32.489506
-46.651222
-180.289078
-183.716400
-107.744446
-66.607933
-89.208229
-146.278137
-140.143387
-85.896774
-54.923161
-65.075325
-100.306145
-105.795013
-87.412224
-81.777435
-137.569534
-228.034561
212.949188
208.236542
198.184158
144.460037
80.897575
73.335358
133.147018
181.781906
172.734818
138.942734
168.083328
244.546143
-210.688187
-224.594360
230.415726
219.230377
-244.838608
-215.404572
-251.695404
209.769165
208.791229
251.751633
-227.232574
-232.801926
-252.430328
-255.726761
-215.541367
-165.626511
-180.117416
-231.509094
-240.073395
-200.231323
-171.802567
-209.644257
244.450119
225.256241
-247.306763
-198.764694
-233.397369
213.405167
190.376770
215.406097
244.969391
218.293213
169.239899
193.875992
243.863785
-236.537704
255.393005
203.206329
203.640320
-253.349792
-199.419144
-215.488266
252.911423
-241.978836
-187.796585
-141.038177
-174.479416
240.465973
201.019791
224.998199
250.051651
226.883270
175.163284
168.722229
205.665924
-251.658920
-214.463654
-217.457001
-232.758469
-220.994293
-195.306244
-209.394821
235.055954
211.120987
-245.680283
-253.092300
176.780655
110.759689
28.900806
-6.360055
30.743484
37.660900
21.416904
102.783875
240.266418
-182.352234
-168.716415
-190.050705
-171.648071
-101.448769
-45.334259
-69.119553
-149.438843
-192.425018
-159.067444
-141.254898
-175.560883
-230.794022
254.209610
-225.231659
-190.897217
-195.830353
-230.944763
-233.299194
-183.155289
-133.869705
-135.519257
-178.969971
-199.963638
-150.912460
-106.091667
-150.930695
-244.326843
225.754593
251.154572
-228.744812
233.947128
183.074188
221.714645
-227.660660
-249.051819
203.737411
146.393372
168.252838
249.692764
-229.799454
223.413025
147.522049
128.166687
164.881302
196.154800
169.740936
114.807678
107.237953
166.684280
227.318848
225.605453
194.071808
204.328033
-250.912201
-214.255524
-246.691467
210.087265
207.645386
251.836929
-229.745819
255.175735
205.276993
203.216522
246.031555
-231.910355
-255.413483
198.264099
197.807037
252.286469
-221.171326
-248.233734
222.027390
241.263123
-208.902908
-168.102737
-192.492615
-250.591400
-254.121735
-205.111862
-172.919983
-198.301743
-252.970520
255.531937
-208.862137
-164.874420
-181.507874
-236.524826
-249.938019
-213.068909
-175.098999
-197.176285
-250.612854
250.003372
-217.141571
-183.319443
-208.153488
253.643661
251.155106
-225.558350
-203.430664
-221.948090
243.029083
240.602768
-225.945114
-193.711411
-218.261658
237.579910
225.529816
-250.085007
-222.667999
-249.513687
197.632172
185.313293
233.263702
-243.243225
240.431107
177.539719
167.229843
208.260147
236.657776
214.530624
164.374374
155.015610
197.042618
231.901138
214.685654
158.148422
152.413330
206.857895
225.121582
185.593323
122.885956
71.854240
73.089668
84.239609
55.671402
21.207155
40.691795
98.634499
163.029510
198.224930
193.199005
221.840714
-218.033142
-195.556763
-241.368362
213.545715
202.442444
239.586212
-238.702774
-233.463882
-241.092087
-218.020264
-165.167862
-146.815109
-177.272675
-224.249435
-238.337463
-202.506912
-176.739441
-215.330017
226.399933
218.550171
-249.409622
-209.625488
-224.041290
-250.881622
-245.047821
-197.258896
-163.615402
-223.181915
210.486923
209.925262
255.675171
-226.099075
-246.860443
206.066635
204.081802
-251.513016
-225.466080
212.769485
108.070511
73.191055
109.701294
138.776978
119.638878
100.566223
148.499985
229.660416
-236.041489
-255.475708
198.808578
189.532944
240.004623
-236.994217
-254.547119
209.350739
211.352203
-243.723343
-194.982239
-207.915848
-253.708130
-249.900467
-196.712799
-177.323090
-215.650803
240.858643
250.552689
-205.491135
-185.163193
-233.318512
208.004807
199.543503
249.419189
-248.027206
185.822388
94.647652
83.078217
148.671646
194.419418
182.271667
142.543869
150.875885
231.908112
-209.293427
-207.335953
-244.206680
-239.735428
-192.148758
-161.988373
-186.419006
-231.985458
-229.924454
-185.021027
-161.044769
-194.492996
-250.570480
242.493713
-221.723328
-175.548004
-191.160614
-236.681473
-202.702164
-126.357903
-113.894218
-133.158371
-179.499435
-182.517990
-137.865646
-124.268997
-191.088196
234.043152
219.324799
-249.164474
-226.078690
-242.323761
233.444489
252.120163
-185.351486
-147.099960
-172.011246
-237.075745
251.044601
-224.006424
-209.199020
-242.845184
211.567856
201.072372
242.327423
-246.532150
238.716095
195.802368
203.057739
-255.621613
-224.060059
-245.032257
223.031067
217.970276
-254.636169
-231.883530
246.713913
185.751572
176.189499
228.009247
-246.900681
243.573044
193.203842
191.823013
242.633194
-241.101746
249.338181
211.379028
212.464783
-255.758408
-230.078949
-255.483215
208.208115
211.903122
-247.200012
-216.896423
-251.992584
206.780640
209.334641
-255.513794
-223.762344
-251.909439
204.905777
200.748886
249.925583
-232.960175
248.811935
204.846771
209.114700
254.514847
-234.499756
241.881104
187.032593
189.311401
249.664871
-222.342377
-250.097870
222.781097
231.484863
-229.246918
-192.523727
-214.539291
246.488068
241.096283
-231.936646
-204.858124
-244.405701
209.742874
210.731537
253.639908
-245.456589
217.843140
148.305252
139.312347
190.223892
223.678558
187.573868
132.008148
152.729294
226.803864
-245.537582
247.191345
203.215988
210.628006
-247.974640
-217.337372
-240.363068
236.323563
253.954269
-212.059326
-198.790970
-231.306320
229.432968
231.941376
-217.961258
-186.105179
-217.853439
244.884644
245.724701
-222.017838
-209.000534
-244.387451
223.646378
247.580795
-197.126389
-169.340836
-194.246246
-242.048035
-241.629074
-192.466858
-166.374847
-195.096497
-242.286209
-243.091949
-202.087952
-184.193298
-212.290527
-245.559586
-243.817749
-200.336456
-178.439972
-208.319794
246.883423
239.992294
-231.953262
-206.934692
-236.263046
225.405365
214.782211
-255.388260
-235.043167
245.510132
199.112747
198.654083
243.656189
-246.895325
230.681808
181.425171
189.671356
249.978149
-227.713776
-251.955582
212.080154
215.302551
-244.162155
-213.176193
-240.499863
223.578781
226.594116
-244.025894
-225.687088
251.914703
197.499664
201.752579
255.292145
-234.531952
242.101044
190.919647
193.748856
238.289627
-248.429001
228.744720
178.592224
188.985245
241.896667
-246.555756
235.054352
184.503265
186.101868
236.146545
-249.608643
221.292465
168.736176
175.902496
215.370148
219.223953
182.014175
137.306580
147.254364
205.824173
246.561554
233.081848
193.006424
208.346512
-241.438629
-207.295181
-228.160095
236.205551
244.245743
-214.740997
-193.790268
-225.234879
237.784836
241.852676
-226.997620
-206.433121
-240.088943
222.490341
223.763321
-242.569992
-226.579727
254.180634
205.584381
208.366364
-254.887222
-234.308792
253.784744
215.652847
230.202225
-234.087769
-210.580353
-231.099258
240.145172
249.462097
-213.579071
-195.654938
-234.144104
229.770386
231.315338
-228.577972
-212.041092
-242.866638
219.740540
218.166626
-249.773331
-234.013748
241.728210
199.753784
210.305603
-250.618759
-225.097549
-253.806305
213.596680
217.753021
-248.108215
-230.473221
246.978912
203.781937
206.509735
248.789932
-241.167725
241.431564
190.908386
201.712875
-252.615402
-231.498367
245.898514
197.807037
200.808441
249.042603
-240.356628
242.971695
207.579941
224.127029
-247.194656
-229.223312
250.733459
211.053406
236.385254
-210.933334
-205.889175
252.389999
189.612350
191.144958
242.363358
-249.752945
231.049271
200.830963
230.458115
-218.891983
-202.164658
-227.483093
244.290802
255.145706
-203.493423
-185.307495
-224.690918
240.408035
253.716614
-200.663162
-174.278793
-197.333466
-227.796387
-223.363220
-179.620682
-154.527542
-181.992279
-229.960388
-223.814377
-177.724350
-161.320496
-196.261108
-243.503937
-237.172318
-193.578903
-176.492142
-201.066025
-248.519669
-251.023239
-212.383865
-195.981628
-230.839615
229.853546
237.929138
-224.632980
-207.580566
-240.679565
225.454712
235.459351
-222.845032
-200.973221
-231.064926
232.492828
253.503113
-187.528366
-167.719177
-207.947495
254.252518
-251.681992
-203.325516
-185.791901
-219.578094
237.821854
239.609802
-226.939682
-209.851334
-243.886414
215.598145
218.198807
-247.609863
-234.381744
247.145203
205.866547
216.598602
-253.086929
-238.819183
236.918488
197.628403
221.463058
-234.570572
-206.331207
-232.169449
235.128906
244.244659
-215.992523
-193.067673
-227.111877
230.557358
233.622589
-226.816833
-209.674301
-238.924332
235.107452
250.761368
-212.383865
-201.999435
-236.580078
231.419952
237.114288
-225.005280
-201.355698
-226.962219
-255.505203
-229.429840
-175.243301
-152.661255
-181.556686
-227.179474
-220.633270
-175.594147
-167.227264
-204.567383
-248.243927
-237.487198
-187.761185
-176.904129
-213.952423
255.988983
-251.351547
-213.473923
-200.052155
-227.962143
246.159225
251.498962
-216.608353
-203.094849
-234.047531
239.993896
244.160446
-223.026337
-207.715225
-240.733749
231.404388
238.954269
-226.154327
-202.630829
-221.082275
-250.243790
-240.673660
-198.808136
-191.749619
-230.021545
230.239777
210.317947
228.990936
230.233871
187.591568
142.440338
147.851959
191.155151
229.376114
221.403503
179.805115
171.911377
213.074173
244.983887
226.428360
194.771851
208.988632
-253.830444
-231.433990
-244.066666
247.768555
-241.072250
-186.826157
-173.001526
-211.013794
-249.474533
255.960556
-241.961670
-236.776413
245.971466
204.968536
214.309601
255.257813
-241.116776
248.647247
213.386383
225.990082
-241.026642
-222.706619
-235.318375
246.620026
253.672089
-216.261810
-204.746552
-235.424591
236.369171
247.110870
-211.759460
-188.434952
-210.960159
-249.350616
-246.123383
-203.164581
-190.034622
-216.732269
-250.961548
-246.156097
-200.179825
-184.027542
-213.208389
-248.949890
-241.312576
-197.703613
-188.602859
-224.702728
246.274017
249.903595
-220.280838
-210.940842
-244.337570
231.898987
244.385742
-209.372818
-194.215118
-227.780289
242.627289
250.906204
-220.042114
-205.603241
-231.760147
233.683731
235.057022
-228.398804
-217.355621
-253.847076
218.243332
233.061996
-225.066971
-225.333038
242.525909
205.080124
202.953125
236.761841
250.784424
233.325928
192.638962
197.441193
240.845764
251.618057
219.446564
184.575150
203.007309
244.609985
250.384247
227.837051
182.358047
154.145493
178.988647
189.067856
156.605087
126.308990
162.164230
234.638062
-249.486328
242.100510
201.419983
201.521362
250.311829
-238.387360
-255.279373
219.829056
212.149353
239.005768
241.922409
200.688812
157.655426
168.856339
214.059616
230.506393
212.857452
201.281586
230.663025
-218.738556
-198.858032
-220.560318
253.180710
-251.179886
-216.547195
-209.443634
-247.974640
218.889740
228.141754
-244.674988
-230.893265
-253.456009
226.574280
238.627579
-220.886475
-196.411850
-208.762360
-238.154007
-228.608017
-191.373581
-181.259506
-199.903549
-226.904816
-209.411987
-159.104996
-145.058807
-171.812225
-215.827286
-212.624191
-171.031708
-162.418594
-195.718765
-231.935028
-218.869461
-176.628403
-179.189377
-221.226044
252.040771
-248.544342
-208.377182
-198.292084
-224.575043
248.315720
248.302307
-224.836838
-219.991150
255.983627
216.036407
228.076843
-222.809082
-198.663834
-222.981812
-246.670013
-228.268982
-184.729202
-170.337006
-199.589737
-239.537491
-235.825836
-197.977188
-188.826553
-218.466583
255.989517
-251.182022
-210.885590
-201.510727
-228.816162
255.923538
-244.055939
-204.658569
-198.887527
-233.776642
238.015503
245.649063
-223.911469
-215.155670
-251.231384
232.865662
-253.209778
-194.822906
-175.450378
-202.244583
-237.495255
-227.073792
-185.794586
-180.075043
-216.829361
253.534760
-252.792419
-208.854614
-200.506516
-234.594177
243.209335
252.321869
-222.608994
-218.895737
255.761002
216.274048
225.982574
-245.534897
-239.227417
240.205795
193.295029
196.228302
222.512878
204.839264
155.386292
120.242912
126.821831
172.267029
196.325394
176.153549
145.016861
153.428268
196.033569
210.199921
186.494537
165.421494
190.173462
239.234833
250.974869
222.674881
185.128220
216.998245
-212.122620
-203.388275
-253.740311
215.616379
230.291275
-236.552719
-235.699783
236.171753
194.077698
210.519104
251.729645
-254.437149
217.858704
176.569305
184.870743
221.443207
226.480392
195.168823
157.670456
172.856583
228.009796
242.995300
217.439209
192.119690
208.939819
-253.683990
-245.492523
236.313904
200.482819
218.446640
-243.044739
-224.914612
-251.997955
224.044418
235.051666
-234.020721
-227.899918
251.651321
215.509628
227.882660
-246.075638
-242.509903
233.568939
187.986923
185.535385
218.076492
222.920563
201.791199
172.710129
166.825912
196.073807
204.011536
190.954529
171.272476
192.987122
246.649002
-244.728088
237.833115
201.679077
206.876129
246.446228
254.623749
226.390808
192.947418
207.873917
255.641907
-243.609619
237.451172
203.254608
213.460419
-243.735138
-228.604263
249.345154
216.832489
232.352829
-232.609879
-228.544189
246.202148
215.567017
229.911484
-233.976196
-215.025848
-243.878372
238.240814
251.944214
-213.716400
-205.674057
-241.906952
229.409363
232.369446
-238.303665
-230.922760
249.243225
219.821014
230.670013
-237.623993
-223.674362
-252.968918
220.700775
232.375885
-233.654861
-224.138382
252.217804
210.914459
227.085495
-234.131760
-223.565460
-247.209137
239.654327
250.815002
-221.509277
-222.272110
249.912704
204.352707
209.629684
239.041183
234.343567
181.101166
130.902542
142.920990
188.501907
207.302063
191.843948
182.089828
222.187790
-228.348373
-214.523743
-245.543488
225.332947
231.455353
-237.260818
-228.773239
-255.622696
220.301666
241.829605
-215.782227
-194.981705
-222.570374
-254.812668
-235.844620
-192.687332
-188.859268
-229.728104
240.438614
248.543716
-218.993912
-200.303741
-228.499115
245.540710
252.904984
-211.414520
-195.951050
-228.837082
251.504333
-237.894363
-175.501343
-175.512604
-219.634415
-249.080780
-228.493225
-179.600296
-165.189850
-202.304672
-239.966644
-230.076797
-192.863831
-193.762375
-229.633163
-255.614105
-246.858307
-201.159363
-195.895798
-241.948792
231.677979
240.836121
-225.776672
-212.689651
-253.665756
220.241043
243.881500
-216.237137
-213.291000
-250.302795
223.215607
237.694168
-222.067719
-209.468307
-245.052643
237.982239
252.737076
-211.238571
-203.129715
-245.782196
230.061676
251.022064
-216.151306
-208.549393
-241.148422
236.395981
242.772675
-224.473663
-213.503433
-244.362244
233.723969
243.878281
-223.517181
-209.926437
-244.032333
229.708160
236.041931
-239.032684
-235.577469
238.851273
205.765152
218.250839
255.738464
-250.081787
229.365921
202.380219
221.368637
-249.031433
-241.696655
241.336075
208.290192
215.705963
-255.799713
-250.137039
227.062439
196.060394
205.238373
249.736755
-252.171219
225.140900
197.943298
216.513840
-249.292145
-235.904160
251.710861
223.026245
234.424026
-242.512589
-243.840286
236.198578
209.691910
233.827499
-225.525085
-219.173615
254.968674
223.441986
241.606979
-226.123215
-223.908249
250.760284
223.150696
243.326813
-228.220169
-214.025925
-240.562622
230.263916
220.434692
247.454193
244.405060
210.944504
180.544327
193.379791
236.297287
253.547104
222.730667
191.504913
205.523758
250.122452
-233.513779
-247.970886
237.129303
-253.921631
-211.619446
-208.736603
-234.233688
238.410324
244.272018
-221.483536
-219.511581
-243.249130
245.697357
-252.820313
-205.615051
-207.099380
-237.414780
242.657333
-245.703888
-193.360580
-196.240189
-224.900131
-231.002151
-208.747864
-176.488388
-179.238724
-216.319214
-236.181503
-213.404724
-177.835403
-182.656937
-224.798203
-250.026001
-231.291306
-187.013916
-180.556229
-220.968552
-251.743683
-243.007187
-215.463593
-223.523621
247.062592
227.227661
252.110504
-211.161316
-199.216370
-233.791656
254.396286
-241.279846
-199.884247
-195.469864
-229.753326
250.047897
-254.634567
-219.448273
-218.355011
-250.491089
235.372986
247.223526
-224.793915
-222.627762
254.929520
225.110321
235.040939
-242.736816
-240.583542
233.081848
205.288803
223.708603
-242.092026
-234.173599
244.490356
209.418335
219.949753
-251.520523
-244.592377
236.163712
206.645996
228.515656
-239.249420
-234.152679
245.776215
219.551712
236.559601
-240.550827
-238.875519
245.090637
218.778702
232.175797
-247.336807
-249.425720
225.188110
202.473022
224.130249
-238.267731
-224.956451
254.842606
223.683929
233.485260
-243.800583
-241.791611
233.488464
203.399994
224.593735
-244.372437
-237.962494
248.691238
225.680557
244.385742
-226.026657
-227.412292
250.323624
223.585754
236.402420
-235.657944
-229.987747
251.404556
219.025467
235.262482
-230.668488
-220.897202
-248.723511
241.121506
255.974503
-221.172928
-225.174789
245.900665
203.061493
223.208633
-237.622925
-238.893753
232.891953
207.856750
225.062042
-242.369904
-236.897110
243.320908
222.233917
243.694275
-221.478714
-216.028458
-250.893417
236.638992
253.275131
-219.197220
-221.944336
254.385025
232.900528
254.118408
-222.728073
-225.292801
255.873108
242.525375
-246.819138
-207.481873
-202.695740
-225.253647
-241.292725
-218.921494
-174.236404
-174.828110
-220.037827
-252.579453
-244.341858
-211.028824
-202.598633
-232.732178
252.191513
-250.447098
-217.840561
-219.163956
-251.706665
231.566940
247.876373
-223.057449
-217.387268
-252.094513
241.358078
-238.434555
-197.141953
-206.821503
253.874329
219.337143
230.521942
-243.937378
-244.693222
243.504913
223.091690
246.634521
-212.127991
-202.526749
-230.829956
-244.823044
-222.784409
-181.414536
-178.312286
-212.911728
-236.832214
-212.258881
-169.708832
-173.059448
-203.453186
-229.065063
-220.389725
-186.131470
-181.935959
-214.906219
-247.675308
-232.792267
-193.371307
-193.185699
-223.145432
-248.860306
-237.649750
-204.624771
-210.206451
-243.430435
243.001724
-255.738022
-214.414841
-210.496140
-247.455902
239.763763
255.115128
-221.127335
-228.351593
251.067673
231.726257
249.353195
-225.433350
-225.927414
247.879593
217.142548
238.769745
-229.842911
-236.287186
237.813263
212.160614
231.480026
-237.491501
-236.122498
238.892578
211.511520
227.108566
-244.281769
-249.729340
223.278915
198.003922
212.229279
252.255356
-251.485657
236.130447
215.990814
229.760193
-247.824966
-246.255875
236.797775
219.090378
242.387497
-232.950516
-237.437317
234.912186
211.513672
233.879532
-234.901550
-229.123001
-251.953964
245.869553
-247.549774
-208.324615
-215.137970
-253.664673
239.064240
-250.882690
-211.408081
-207.282852
-229.618668
-243.758209
-221.290421
-181.136658
-186.697418
-228.565109
255.097412
-247.766495
-214.391769
-215.546204
-253.454926
234.837082
-255.829758
-221.579559
-227.815689
249.635376
232.806656
251.074646
-230.178177
-237.497925
236.800995
213.106903
232.188141
-237.370255
-237.334854
245.740799
225.755127
248.087204
-217.448425
-210.039093
-240.018143
250.267838
-245.952255
-209.510696
-210.819611
-248.715469
242.113922
-248.929504
-208.806335
-204.199387
-231.764984
-248.743362
-228.596222
-189.942886
-188.638794
-218.964935
-238.064407
-220.758804
-189.830765
-199.089233
-239.228500
247.048111
-255.019730
-220.759338
-223.438324
255.225098
232.124298
-254.750977
-208.522568
-210.237564
-254.254227
238.505280
-242.225586
-195.393692
-192.311295
-231.592773
253.536377
-243.456192
-212.679993
-217.610962
-254.473099
225.241211
235.605270
-240.762711
-239.769760
243.284973
230.145905
255.224564
-216.175446
-220.987320
-255.613571
233.455750
253.216660
-221.113388
-226.552368
243.535492
216.309464
233.268524
-234.112991
-228.631088
252.267685
233.428925
-254.201660
-211.993347
-213.954041
-248.157562
246.086273
-241.903732
-200.673889
-203.232178
-244.525848
234.675079
249.555969
-215.201263
-218.504135
-250.646652
242.856888
-253.979034
-225.057312
-231.293442
245.929626
221.379364
244.775208
-217.625977
-206.253418
-235.850525
-252.553711
-227.981461
-187.263367
-192.493683
-230.707123
-248.427933
-226.435425
-187.035370
-191.305984
-224.808395
-242.881119
-218.767532
-183.377914
-191.851013
-231.622818
-254.528885
-237.725922
-200.790833
-200.649750
-234.553406
251.657211
-249.904755
-218.400070
-222.207199
255.922470
234.444946
252.356201
-225.573898
-235.324265
238.539078
220.789291
243.289261
-229.140167
-230.765045
241.044785
218.751877
244.909317
-228.207291
-232.788513
244.891083
224.976746
240.854889
-243.743195
-251.248001
222.181885
203.203644
229.699585
-248.146301
-255.422058
225.957901
209.791687
234.000778
-236.507126
-241.438629
231.561035
209.372192
228.514053
-255.374847
247.108185
211.370438
194.696762
215.999939
-255.293320
255.138733
218.133362
196.789948
216.800842
253.006912
253.313217
219.898788
197.616074
215.658218
251.341248
250.662125
221.162643
201.198959
219.093597
-252.046768
-253.736557
223.803009
205.527512
228.048416
-247.991806
-253.387344
233.254578
225.013763
251.454987
-213.610718
-213.940094
255.426788
234.903610
-248.889267
-210.670471
-220.784546
252.195801
228.630997
247.000366
-221.050629
-218.623230
-250.363419
244.971542
-250.988907
-222.386902
-230.226471
248.101151
225.258911
239.596939
-232.277817
-234.504593
239.825989
219.183182
234.006134
-242.564087
-247.482727
229.481247
213.949646
231.393661
-249.766357
252.370682
207.790222
183.801071
218.085617
-248.975647
245.068100
189.836578
153.307571
156.557343
183.235657
188.464355
163.964523
160.380554
199.521515
247.296478
251.179245
218.376373
204.573181
233.485260
-237.975372
-236.844543
239.594254
219.435837
242.793594
-230.132584
-229.942688
246.587845
231.881287
253.433914
-227.433212
-223.987640
-250.152588
240.427353
-254.402817
-220.521164
-220.784012
-252.276901
241.934204
-251.294144
-216.520370
-220.119904
254.679001
233.178406
254.702057
-219.568970
-218.044403
-248.292755
244.998901
-248.906982
-208.585327
-208.005966
-238.719940
-255.117905
-233.919327
-200.291931
-206.384308
-241.236938
246.089493
255.177887
-223.510742
-227.544250
244.898590
219.103790
233.646179
-242.653671
-243.807022
230.698975
208.680725
223.368500
251.443710
248.775986
224.692978
223.794434
255.545349
-218.507889
-228.816162
241.624680
225.645157
249.864426
-226.366226
-233.871048
234.874634
213.924438
232.145218
-244.864883
-245.608932
225.575424
204.174072
231.395813
-242.554428
-250.015808
218.637619
202.584595
224.441910
-254.064331
-254.697327
226.092545
212.780746
235.018402
-238.689362
-242.897751
229.240921
209.470901
234.148834
-240.718185
-248.772873
229.291885
212.993179
231.423172
-248.521805
253.667801
212.892868
191.098831
209.718201
247.049179
247.279846
212.424545
192.461395
213.872940
254.321182
253.007446
213.131042
191.910995
215.484406
251.871796
249.438492
220.506042
208.906021
234.241104
-243.251266
-244.568771
234.276505
219.211609
241.434250
-236.738861
-244.236710
231.858765
216.650635
239.161346
-232.758469
-231.440430
246.970322
235.795166
-253.606201
-227.449310
-239.568604
234.780762
218.966461
234.701904
-251.171829
-254.416229
226.750229
215.606186
239.322281
-238.748917
-241.926788
235.010895
215.947891
237.748886
-243.113403
-248.418808
231.207520
212.930405
237.245178
-241.155930
-243.896072
236.700150
218.806595
237.349243
-247.160324
-255.135605
224.049240
213.520493
236.729645
-245.508087
-252.616470
228.337021
216.906525
244.081589
-224.337402
-220.118820
255.677856
230.808411
246.596420
-240.512741
-249.134964
233.968048
219.194977
242.471191
-232.741302
-235.627899
243.983948
223.867920
241.977661
-239.424301
-246.463486
230.311127
213.711472
235.289307
-246.148056
-255.866776
225.296997
217.328705
244.781647
-232.073425
-240.637726
232.022919
215.631927
236.756470
-247.216110
253.157104
211.226669
194.544403
215.467789
246.783112
240.887619
207.627686
192.831543
213.444321
246.550827
242.044174
209.966568
200.740845
225.522842
-252.532257
251.861069
220.598846
204.796875
222.550415
-253.257523
254.131821
213.251205
201.505814
226.015839
-253.293991
248.367752
205.426132
190.650360
222.011841
-249.875259
-253.079422
226.330185
215.286469
236.388474
-244.485092
-244.472214
238.194138
228.532288
252.785889
-228.401489
-231.946289
255.397293
250.676605
-234.528183
-204.124283
-214.084930
-252.758087
240.754044
-250.563507
-222.320923
-234.160187
234.393448
217.040634
240.062561
-242.192337
-253.759628
218.293762
200.565430
221.863235
-255.410263
253.915100
224.683319
208.834686
230.410904
-250.170303
253.720917
220.388031
206.083801
233.544266
-241.044342
-244.400864
230.135178
216.942459
239.462830
-244.377792
-252.857330
223.575027
224.903259
-243.193878
-201.388962
-199.971680
-235.118805
-253.258591
-235.996429
-213.297974
-226.928955
243.405670
223.707535
250.048431
-224.016617
-228.304932
253.645279
239.879105
-251.541443
-227.434280
-239.728455
238.918335
228.562332
251.740372
-231.287552
-236.361206
245.961273
236.961929
254.615692
-228.947586
-237.916901
236.802612
218.738464
238.499908
-243.435806
-251.282883
224.579239
211.334503
232.662888
-250.096802
249.928802
209.761658
199.806900
230.063293
-250.317825
250.492065
210.463852
192.367523
211.382782
236.210907
224.116837
194.056778
182.245926
206.629364
238.074509
228.780655
193.266068
185.886749
211.360245
248.293732
243.818726
209.401703
200.932892
224.619476
253.291214
244.233398
209.466064
199.338043
225.141434
-252.031754
255.997574
224.598022
217.910736
243.900803
-240.209641
-249.002457
228.622940
216.866821
237.239273
-240.371109
-244.958221
231.572830
223.825546
246.394730
-238.901260
-246.770325
226.690140
211.830704
233.119934
-252.346634
252.237656
217.331909
207.784332
230.859375
-253.133072
-255.529358
223.818573
213.289291
237.271988
-246.190979
-253.830444
220.002319
205.320450
228.041443
254.290619
246.490204
209.760040
193.003204
213.933014
240.294312
233.500809
201.183945
191.862183
217.405411
244.301529
238.890976
205.942184
195.719757
222.968307
252.679672
246.987488
212.693848
199.129913
225.004105
-253.965088
-253.488190
226.112396
209.352875
227.140213
249.601578
240.809830
208.459167
192.372894
213.809097
242.792511
236.795105
209.875381
200.541290
225.569519
-254.621689
252.007507
221.555862
209.928482
234.402573
-247.824966
-253.393768
228.377258
217.223557
239.438141
-243.249130
-248.911270
233.604874
220.666443
238.421051
-244.796753
-253.995667
222.894821
212.479263
231.561035
-252.896500
250.760818
218.909058
209.725174
229.962433
255.223480
244.437256
211.131729
201.848602
222.516083
248.884354
241.232010
208.783722
197.929352
215.842224
247.580795
248.685867
216.061615
205.115524
228.579498
-251.879395
253.512238
214.629852
203.598999
227.136459
-254.812134
252.223694
219.126846
210.148422
237.141632
-243.491592
-252.096130
223.435547
209.249344
234.380035
-247.451080
-252.291931
226.175156
213.610626
234.390762
-250.664902
253.491852
218.765823
209.128113
230.775681
-255.762695
246.269196
207.859970
189.701401
210.616196
244.358932
238.924774
203.862930
196.424103
221.579468
249.397720
240.723465
207.978516
197.491623
223.427505
-254.698944
250.006592
218.310394
209.513275
232.435974
-250.483582
253.059479
218.530869
206.787613
228.225433
-254.452179
249.351593
217.506256
210.432739
236.671722
-247.003677
-253.802002
226.196625
216.817474
240.417160
-245.857834
254.287933
218.311996
211.568390
236.594467
-246.867966
-253.502670
224.160278
213.830566
241.348419
-240.785248
-249.413910
226.995911
219.260422
244.429733
-241.414490
-248.696152
232.227829
225.742249
249.994781
-233.752502
-240.520782
237.686127
224.010086
247.775528
-234.648346
-240.223587
238.346481
228.271042
251.659897
-233.155975
-241.955765
236.498978
225.402145
251.413681
-236.168091
-247.224152
237.792343
234.829041
-251.761383
-226.124832
-236.907303
240.355469
228.431976
248.625793
-238.010773
-246.384094
233.852722
219.393463
241.667068
-242.491135
-248.932724
234.657913
221.978577
242.748535
-246.011795
255.278732
220.083862
205.535019
229.588531
-246.645874
-251.473846
224.893066
215.629791
242.105331
-240.160828
-251.543045
228.361160
223.426971
248.203064
-235.510956
-246.461868
235.569870
231.323929
254.381271
-233.797028
-245.441559
234.255051
221.852509
237.518219
-248.839386
254.873184
223.384048
214.760757
237.666809
-247.369003
-255.951523
225.322220
214.773087
234.076950
-248.687042
-253.446884
224.783630
213.071503
232.522873
-253.155060
252.826126
220.621918
219.100037
249.788254
-228.597824
-232.683365
246.510590
236.085922
-254.203796
-225.323380
-221.269501
-251.768890
249.496964
-235.338760
-201.147034
-202.246735
-233.528259
-242.907410
-220.692276
-199.190628
-208.530609
-243.324219
-253.645370
-229.843979
-205.533508
-217.703232
-254.184494
247.813080
-242.291580
-218.851212
-229.716309
249.516815
242.870834
-241.555573
-213.770569
-223.946335
249.117172
233.001923
253.366852
-237.056442
-246.212433
236.093964
228.440018
255.645660
-228.558670
-234.892975
248.464310
239.856033
-247.655457
-219.999741
-228.212128
251.252197
242.473328
-246.857239
-226.896240
-239.521393
240.533020
234.449768
-253.216751
-228.992111
-238.756424
243.255997
237.162018
-248.821152
-222.272110
-234.175217
244.103043
241.508820
-239.115311
-209.825043
-222.281754
251.130432
233.816238
252.765503
-234.242264
-247.554611
228.495804
220.698624
244.902344
-238.158295
-243.772156
241.822098
245.674286
-236.591888
-211.834549
-225.947266
247.449905
234.370911
-255.389343
-232.386185
-244.707169
233.520660
225.500320
248.809784
-239.040741
-246.821823
233.802292
229.178696
255.516922
-229.669632
-238.764465
239.512177
230.731155
-255.743393
-230.730713
-241.259995
234.920776
227.533966
253.638306
-238.292404
-249.184860
230.395889
224.321213
250.834320
-232.128143
-234.162872
249.792007
244.861572
-241.308807
-218.055664
-230.901306
244.075684
234.462646
-252.575699
-227.516357
-240.604462
234.602661
225.693970
252.741898
-227.786194
-233.520218
249.541489
242.651978
-250.484116
-231.810577
-243.233566
239.761627
234.491623
-249.599518
-220.639709
-231.567566
247.124283
241.561920
-244.085434
-217.312164
-225.044968
251.779526
241.808151
-252.038727
-232.524048
-242.021210
238.885605
231.315338
254.068527
-232.955872
-239.844330
241.549576
235.102631
-252.095047
-231.433990
-245.378799
231.216110
225.548599
253.242935
-236.193848
-249.549637
230.134644
222.509109
247.667694
-243.782349
248.872009
207.602478
196.255112
219.812958
244.151855
239.562073
212.819366
211.692307
239.960098
-248.284698
252.807343
219.024384
209.956909
233.176804
-255.531494
244.829926
210.965424
202.376999
226.044800
249.116089
238.879181
213.464706
208.558411
230.220474
253.762756
244.426514
215.410385
211.927795
234.857468
-252.671188
253.129211
224.429581
215.380875
234.644501
-250.410080
253.055191
223.993454
224.598557
250.761368
-236.722778
-244.581650
236.962997
232.680054
-251.315063
-227.025513
-241.050247
232.931641
223.738647
247.141983
-245.932404
254.728348
228.172333
234.455139
-247.956406
-227.078079
-234.775482
243.047333
235.649796
-250.942780
-227.723419
-233.320663
249.258255
240.349030
-249.782990
-230.611633
-241.404831
246.199463
246.873764
-237.913681
-218.836731
-231.230148
247.192947
237.698471
-249.507248
-225.698898
-235.765762
243.170715
230.698441
249.152573
-242.377945
-255.627518
224.448883
219.900406
246.219849
-240.020813
-246.756912
235.620285
232.237488
-252.954437
-232.594849
-245.508621
235.180405
226.020660
247.499802
-242.895615
255.355453
218.811417
210.564697
231.829254
250.442184
241.067856
211.492218
204.692276
225.154312
245.968796
238.476303
206.693741
204.614487
233.450928
-250.803833
251.933487
221.544601
216.806747
241.536163
-248.296509
-255.526672
231.816925
229.503784
-255.769135
-234.632797
-245.929184
234.086060
231.718216
-254.774048
-235.939575
-245.163147
236.450699
230.204376
253.678528
-240.855515
-251.995270
229.264526
224.566910
250.367081
-238.903946
-247.741821
237.526276
232.236420
252.622818
-240.408661
-249.095261
235.531784
230.452209
253.178024
-242.558182
254.264862
223.317001
216.858246
240.264801
-249.070587
254.449936
228.087036
226.238464
249.023819
-240.532043
-251.236740
225.544312
220.945923
250.449158
-240.110947
254.520752
220.498001
215.899612
236.372925
254.359818
248.120987
222.752121
217.593704
243.016754
-246.446320
251.518814
217.580826
208.177002
230.605103
251.619675
239.883926
208.438782
204.711044
230.824493
253.924225
243.741486
212.588165
209.919357
235.400345
255.570557
242.941116
211.354340
207.505371
233.123688
252.372299
238.264954
204.442825
198.121399
224.364670
241.573715
227.786636
195.793243
190.279144
216.794403
239.994431
228.661026
195.224075
188.830750
213.096710
239.710663
236.283325
213.267303
216.333069
247.093704
-241.519104
-248.516449
238.170532
229.735519
249.591385
-242.893463
-254.358292
227.126266
218.903152
239.351242
255.262650
239.598007
207.247345
202.991211
236.054276
-251.157349
250.569855
222.636261
221.601990
250.310745
-240.990707
-254.556778
227.289886
227.766785
254.475143
-239.347046
253.948898
219.388641
214.818146
239.012207
255.105469
242.059204
206.720566
203.428955
228.631531
249.223389
242.326355
221.070923
227.904648
253.730560
-244.434128
255.243866
229.498413
226.180527
248.088272
-244.567169
251.753235
220.515701
219.321045
244.515030
-250.340881
244.675964
216.416214
215.403946
245.818054
-242.302307
-254.510117
229.003815
231.514359
-252.264023
-233.780396
-241.912842
245.040741
243.084885
-243.219620
-225.555664
-252.119186
214.526855
205.183121
225.967560
241.489502
226.440704
198.342957
198.909439
223.944641
241.298523
229.270432
199.092361
195.683273
222.569733
244.761261
238.752045
209.587311
205.587601
229.638428
245.719879
235.046829
206.805862
201.592712
224.047089
241.522766
229.839050
200.317596
195.513214
221.902405
241.529190
228.598801
198.841843
198.628876
230.635132
250.779602
235.910507
209.528305
213.758148
242.891754
-251.541443
242.572571
210.058838
207.863724
240.765305
-249.646194
243.223816
210.950409
207.764481
230.383545
248.409607
237.120178
207.140060
204.237366
235.300034
253.495071
241.094681
208.987564
206.059662
229.720505
241.588745
228.261917
200.068146
193.612610
217.086227
234.344101
218.267471
193.739212
198.627808
221.244186
236.652939
227.212631
203.462753
202.468185
230.414124
252.695236
244.039215
214.228607
208.796585
231.908112
245.717728
229.578888
202.248245
199.308548
229.847107
253.058945
239.238586
205.426666
199.964081
228.678192
246.006882
232.387695
208.008560
207.769836
232.880142
247.277176
228.737213
201.452164
201.003159
229.902893
250.554291
239.603378
210.746552
212.572601
236.346100
253.619522
241.035141
214.813324
213.826263
236.946915
252.576675
236.621826
207.516647
205.606369
227.261459
243.077362
224.745010
191.900269
186.825531
209.496109
228.396561
215.687729
185.247314
184.218964
207.228043
226.068405
217.447784
192.495728
196.571075
225.666611
247.525543
235.547333
205.358536
196.034637
219.160110
238.927460
225.631210
196.986282
203.339371
240.710587
-246.770859
254.451004
218.483658
214.130966
244.686691
-246.417892
-253.049911
225.680557
223.832520
252.123917
-239.552505
-253.753723
221.855194
219.037796
242.360687
255.984161
244.752136
207.665771
203.238525
227.925034
241.600540
232.562576
209.864655
213.027512
242.373016
-251.397675
249.446548
219.138657
210.846329
232.591003
244.836899
227.903046
197.862305
197.802216
230.728485
252.498352
245.843796
220.312927
217.754639
245.775665
-251.200806
241.830139
208.984879
201.274597
222.069763
237.310623
228.019440
203.027695
201.287476
231.980530
253.404953
242.716339
219.510941
217.383957
245.487061
-250.192825
244.287048
215.395905
211.566238
238.743988
-253.932892
246.649536
217.048676
213.720047
239.416153
255.187012
240.512634
216.472534
217.129684
241.514175
-253.701691
243.745239
217.092133
213.857376
234.195496
248.471283
236.658310
210.590454
215.244080
239.440292
250.823059
232.114105
203.655334
204.531876
231.152802
248.922974
230.576660
199.152435
202.716553
227.434723
243.390106
234.203018
202.623215
201.968765
224.997665
238.875961
224.627533
194.352356
196.686417
223.952682
245.554123
233.292664
203.700928
208.554657
240.405884
252.628708
235.310226
204.939041
206.021042
231.365234
243.175003
226.878967
200.814331
204.193924
229.194260
241.608047
224.258453
197.795776
205.048477
237.817551
254.189758
239.489639
211.137085
211.453049
240.377457
-254.601303
243.827850
217.130753
218.483124
245.409286
-250.660065
247.450974
222.824005
226.844635
253.794937
-244.959839
253.076111
221.804764
217.694016
242.845093
255.293228
240.833435
212.548462
216.156036
250.058090
-243.451904
255.215439
227.270569
227.840805
255.720230
-240.743942
254.881775
226.836594
223.400681
247.671463
-254.212921
237.397522
206.923340
208.066498
238.487030
-251.802689
247.015381
217.181717
216.261185
244.310654
-251.627808
242.543610
213.135330
218.273376
247.435425
-248.755707
244.604614
215.060623
214.601425
239.668823
-253.303650
245.989182
217.598526
215.755844
243.068787
-253.781082
243.221130
223.274078
230.407684
-252.489334
-232.715012
-248.034729
235.730255
237.564896
-249.735245
-235.156357
-248.827576
236.517761
233.764206
255.284103
-244.198090
247.607620
215.112122
215.416824
241.681549
-254.138351
239.651108
213.025360
223.050919
253.381882
-245.198547
250.273743
220.507660
222.738174
253.512238
-234.787827
-246.643188
234.373062
231.650620
254.338898
-248.125381
246.688690
215.974182
217.557755
246.392044
-250.382187
246.638275
223.334702
224.826538
249.649857
-249.736313
244.629837
216.960159
221.912064
253.958023
-242.129028
255.117264
227.829544
233.133881
-249.771713
-235.782928
-255.799179
223.942490
222.275757
250.525864
-245.308517
248.066818
216.628113
218.276062
246.862503
-247.218262
254.381271
225.072235
226.778656
-254.961792
-238.759109
255.410706
224.585678
227.260925
254.776627
-250.499130
239.793808
206.569290
204.100037
234.574234
250.621353
233.176804
203.879562
206.038208
234.974411
249.543106
237.400742
206.624542
207.133087
242.934143
-249.767426
244.647537
210.948792
209.076080
237.092285
251.367538
236.751648
207.732285
208.779968
238.585739
252.950043
235.900848
206.518326
206.523148
236.792419
252.205460
234.253967
208.672668
211.307144
237.841156
251.637375
235.635315
209.403839
212.408447
241.615570
252.004837
230.756378
202.287399
203.128540
231.669937
244.530594
226.711609
204.398834
212.922363
241.840866
-255.047623
240.919266
209.299774
209.345367
237.180267
254.050293
243.508667
220.615479
224.254700
247.290588
-254.967163
238.900635
209.265442
210.804489
236.057495
250.144989
236.025299
205.531265
206.552124
234.118790
244.019363
223.231171
192.958679
193.907654
222.409882
238.946228
223.528900
197.788269
208.403915
246.608231
-248.542191
246.245056
215.627106
217.276123
248.069489
-253.922714
241.152618
213.205063
216.861450
246.540100
-253.777863
242.143417
212.587631
215.364243
247.263763
-248.774475
246.335709
213.703430
213.677139
244.635193
-255.270248
237.272537
210.551300
215.590088
247.665024
-254.190933
236.383118
208.757965
213.484558
246.910782
-250.505035
240.390869
210.802887
213.115479
242.609589
251.134186
228.418030
200.391083
203.652115
233.981461
249.318329
231.595901
204.654724
205.916977
234.929886
249.085510
226.530823
190.454559
184.148682
213.093491
227.337631
210.649460
189.162811
195.092651
223.249939
234.346771
215.074036
190.267883
196.515289
229.333725
246.270264
228.865952
202.028839
207.709763
240.310944
-251.138580
241.556015
212.472824
214.274200
240.124252
250.630463
231.165680
198.793564
201.687668
229.689392
243.117065
227.597260
200.604050
204.187485
233.681595
246.460709
226.909012
196.508316
200.719925
231.484863
245.041275
225.741180
197.332291
203.721313
235.765671
248.456802
233.261551
207.269348
208.862579
237.005920
249.812393
234.571548
211.144592
219.951904
254.109299
-244.405151
250.912094
222.112686
224.152771
251.664185
-250.987305
245.540176
220.751740
226.428894
-255.186035
-242.389740
248.160156
213.355804
214.141693
244.856750
-255.734268
236.548874
208.632446
214.881454
247.792160
-252.559067
240.289474
214.470535
222.401291
252.442032
-250.409012
245.879745
222.549881
229.515045
-255.100189
-244.528000
250.147675
226.965332
228.911011
-255.236984
-244.907272
250.047897
220.087616
219.771652
249.616592
-251.286102
240.518539
213.493134
217.619980
246.000443
-255.778793
239.457458
216.215042
221.699631
252.955948
-245.180847
248.090424
224.297073
230.237091
-255.156525
-246.671082
245.768692
219.090378
223.994522
254.575455
-243.348373
248.270126
217.094803
222.829376
254.216583
-245.766113
246.780960
215.654465
219.606964
253.721451
-243.871399
249.716904
219.437454
220.472778
246.881821
-254.435547
238.474701
209.891464
215.222626
245.654434
255.148376
232.618896
204.219666
209.274567
238.021408
249.039383
232.505173
207.061203
214.567627
252.534836
-244.550003
247.591522
216.001541
216.301941
243.989853
255.399979
234.999084
206.000656
208.574509
239.009537
249.810242
233.386551
207.247345
211.449295
248.986267
-242.760422
-253.883011
236.475922
238.952133
-245.357880
-235.088242
255.225098
226.654739
231.467697
-249.055573
-238.346039
253.780457
227.272186
228.879898
254.949905
-249.702515
242.375702
214.501648
219.880020
-253.759094
-231.075653
-245.710327
237.621750
239.080338
-244.879364
-235.441757
254.598526
226.210022
229.215179
-255.677948
-246.800903
245.555725
216.568558
219.973892
246.400620
-255.471420
240.229935
215.870117
217.536301
247.448303
-255.426895
235.507645
208.542313
213.452362
244.723709
-252.093445
242.297913
210.301849
209.174240
235.134811
246.446228
228.562866
203.777100
208.356171
239.329788
252.101395
237.553085
214.970505
219.079651
246.298172
254.345322
233.936401
207.091782
214.084839
245.014999
-251.719009
245.839508
216.305710
218.573776
250.438416
-253.341736
238.971985
213.191666
217.792191
245.771378
252.345474
237.184021
214.818680
217.862991
242.326355
247.392502
228.238846
202.431168
207.789154
236.643280
246.209656
226.870392
202.322281
213.931946
250.308609
-249.445023
244.329422
218.765289
221.765076
247.511597
255.227768
234.035110
206.479706
210.918762
240.945541
252.176498
234.744812
205.297913
206.640625
234.645569
242.850983
225.106567
203.430557
210.474045
241.227173
251.722122
232.062073
209.640945
210.623718
236.742523
245.263901
225.683243
203.061493
206.945328
235.230835
247.005188
227.889633
199.243103
205.003418
237.380890
250.048965
229.590149
204.432098
209.463394
239.520218
253.150131
237.617462
210.366226
213.771545
244.512344
-254.937653
237.157730
211.721802
211.505081
237.384109
251.048889
236.585892
214.107895
220.076889
250.206680
-248.801300
242.014679
216.546036
227.966339
-252.105774
-242.381165
253.776169
227.078522
228.411591
-255.310486
-244.914246
245.057907
214.170670
219.840851
245.742950
254.603897
235.694321
210.105515
216.743439
244.105728
253.172668
229.995163
202.277222
208.732224
239.365189
248.427841
229.394348
198.732407
199.601440
229.180847
240.254074
225.748688
203.610809
211.927261
240.170395
248.903656
231.240250
208.294479
215.708649
243.860580
249.020599
230.465088
206.832138
212.001297
245.989716
-254.605057
237.698471
209.332489
209.319626
238.796570
252.019852
238.262802
212.219620
212.560272
241.672958
248.858597
231.576050
206.310181
206.776886
241.258835
-254.272461
237.734940
210.632828
214.554764
245.260681
-255.488586
237.458679
217.738007
231.393127
-248.714935
-241.945038
248.535660
220.918564
220.299515
247.625320
-255.236450
240.217590
217.303482
217.683289
244.613205
253.299271
231.429611
201.882385
204.755569
238.115280
254.343719
238.181259
212.349976
215.885666
243.087555
252.773560
230.561646
204.216980
212.377884
240.948761
249.723343
230.934479
204.766296
208.867935
241.972305
253.794403
234.021164
210.144669
213.029648
241.067856
249.237869
227.324219
202.464432
209.061050
235.847198
246.239151
224.870529
193.819672
195.494446
224.469269
237.087997
216.795471
189.670273
193.244614
223.353470
234.015259
218.143555
193.945740
200.723679
231.622192
240.674103
216.459122
184.625580
190.676102
223.271942
235.078491
214.919540
189.671356
198.071503
230.763885
245.819122
226.195007
195.590469
197.985138
229.541336
240.715408
223.191467
198.949661
207.502701
237.888367
250.163757
234.186386
209.623779
217.626419
249.525940
-253.545059
237.173294
208.283218
213.589691
240.388184
250.625107
234.657379
211.734680
217.565811
247.975082
-255.324966
234.963684
207.980133
213.615448
245.642639
-254.627594
235.707199
209.205353
214.946365
245.987030
-254.418915
237.154510
212.306000
222.889984
-255.533646
-248.527176
236.724823
205.971146
207.681870
233.505630
241.122574
219.941711
192.733383
197.247528
229.635208
242.239441
226.213791
203.392471
210.534668
242.797348
-255.668823
241.649902
215.623886
218.887054
249.530762
-254.936584
234.375748
210.845261
218.382263
245.875992
248.888107
222.547211
196.042145
201.659775
228.587540
236.354675
215.542343
189.565674
193.187744
223.347580
235.843994
215.742447
190.526443
196.444489
226.803329
237.553085
222.212997
202.722992
212.678284
248.620956
-251.742615
241.912750
218.907440
223.543381
254.370544
-246.024673
247.641953
220.188477
222.583679
253.746658
-248.021317
243.289261
220.737244
226.080750
254.616226
-245.255417
245.812683
217.594772
222.929688
250.338638
-252.317673
238.048767
211.411209
214.248444
237.671112
243.368652
220.539307
198.855255
210.913391
241.310867
247.711151
227.405762
202.030457
206.932999
234.389160
242.788757
221.335388
195.916092
206.087021
238.506882
251.128281
233.966980
208.412506
218.834488
253.881302
-246.683960
245.058990
216.518127
222.314392
250.200775
-255.962265
234.524338
209.768631
220.445419
253.531540
-253.468338
236.159409
211.188049
217.433838
247.541641
254.670944
236.086990
211.826950
214.799377
242.766235
251.342865
233.785126
207.755356
212.744263
243.378311
254.089981
236.328934
211.918686
217.066376
245.999359
253.401733
233.154266
209.621109
216.558365
247.044357
254.925751
230.507996
198.827362
200.354065
228.203445
236.567108
218.784058
196.872025
203.489578
233.837158
243.263519
223.167328
201.187164
207.445831
237.156128
246.637192
224.895752
199.672791
204.093063
236.323029
244.791306
224.456406
204.252396
211.232574
236.070908
242.736191
225.837738
206.085419
214.506485
241.352173
249.950790
228.388519
200.084244
205.445435
234.403107
244.890549
226.841415
204.872513
210.522858
237.834717
246.887177
226.655273
201.730576
210.036850
241.085022
248.586090
224.458008
197.528625
204.881104
234.656311
245.101898
227.848862
203.892975
211.545853
241.101654
251.028503
234.052811
207.193161
210.212265
237.788589
244.055832
226.450348
204.306030
214.329453
242.046860
247.293259
225.676270
196.824814
202.576019
236.924911
248.236328
231.240250
204.902557
212.014709
247.855453
-253.942551
234.848358
206.828384
212.470139
243.125641
250.214722
229.132568
201.859329
204.166565
230.309509
233.969666
212.971710
186.057343
190.820404
221.574097
230.887802
214.775772
194.016006
193.991333
213.219559
213.112808
195.856003
177.137924
183.914795
218.279816
226.555496
205.433640
180.066360
184.093430
217.573853
232.063675
215.429153
194.079849
199.171219
229.652908
238.040710
220.392319
200.959717
206.048401
236.652405
243.305893
217.596924
189.829071
195.128586
227.448135
236.400284
215.701141
194.067505
202.897873
233.250290
238.292313
214.776840
190.635880
197.891266
230.145905
242.812897
223.638870
200.188843
207.560089
238.919403
249.881058
227.083359
203.320053
213.658905
247.115173
-255.315308
237.207092
210.531982
214.730179
244.106796
251.028503
230.351364
209.287979
215.759064
244.206039
251.277954
235.092438
223.999359
237.932892
-248.032043
-254.078278
228.980743
199.556381
203.535706
232.942917
239.420975
218.794800
197.615540
207.062805
234.930420
240.952515
221.833740
199.063385
208.616882
240.426804
245.607224
228.058075
210.732605
222.900177
252.844360
-251.201874
241.558167
216.097031
221.121338
249.844040
-255.526672
234.131668
212.496964
223.357773
-255.278290
-246.635147
242.734589
214.488770
217.827057
247.596893
251.928116
227.137543
202.105011
211.809784
245.133011
-254.862549
240.106552
216.543350
223.732742
255.094208
-250.562973
239.356079
215.303101
223.397995
254.159180
-250.988373
238.351318
215.210297
221.208786
249.984589
255.434845
232.016479
210.060455
227.548981
-249.996490
-247.758987
231.984283
194.879150
194.040680
222.316528
225.532501
200.732803
177.077316
185.406647
219.476608
230.627090
209.989639
188.962173
200.462433
231.649551
239.971909
223.395859
200.424881
205.257141
238.123871
247.457413
229.248978
207.938828
215.286469
246.017075
249.536133
224.459076
203.568970
217.035797
247.368896
254.775024
230.329895
205.926086
214.976944
246.226288
253.175888
233.913330
212.334961
218.507797
244.750534
248.201462
224.592117
196.999695
197.633240
224.566910
228.817673
206.305893
184.147079
193.514969
226.506149
234.683670
215.609940
194.371140
206.896515
241.405273
250.885284
234.329071
210.708466
219.360733
248.610764
251.351990
229.857834
217.775024
233.070587
-248.004684
-251.292526
228.375107
197.038330
204.209473
234.574234
241.683685
217.592087
194.215027
204.862320
235.744202
243.227570
218.479904
194.703186
212.972260
249.275955
252.952194
227.396637
201.541214
210.518036
243.430344
253.865753
230.807877
213.474365
232.061539
-245.878769
-242.730927
234.959396
201.086853
203.664993
231.620041
240.290024
221.078964
196.872025
202.724075
232.978851
243.239914
220.098343
195.501419
203.479919
234.152054
241.338760
221.531723
198.413223
206.356857
241.721237
255.246017
236.225403
213.083298
220.192230
241.253464
240.232620
217.783600
196.042694
207.138443
237.041321
239.518082
212.796844
188.184875
195.878006
226.922958
231.374893
209.501480
186.698929
195.276108
227.360703
238.696777
220.563980
199.915268
212.883209
249.429916
252.481186
228.730774
208.679642
217.825439
249.025970
252.262863
230.843277
212.805954
221.028000
253.379196
-255.631271
235.353683
211.708405
213.353668
242.127869
248.919754
222.506973
197.982468
205.369263
235.112274
240.064178
217.029907
193.915161
202.852280
238.396912
246.164597
223.085251
204.936356
211.723953
240.751892
242.922867
215.557907
200.492477
222.759094
251.575150
250.503326
222.096588
198.563431
204.678329
234.532379
245.267654
223.433945
202.024551
211.728241
248.345230
-253.954895
229.765564
205.471191
212.260391
240.514252
245.024109
223.453796
203.217056
215.069748
252.060623
-250.579605
230.377640
202.064240
209.171570
238.049301
244.557404
221.519379
200.038101
208.475800
235.824677
245.783722
229.855682
202.422592
208.975769
240.376389
244.095001
220.183105
198.156799
210.828094
246.514343
-253.325104
236.099869
205.810760
213.861145
246.012238
251.041382
220.943787
196.606491
208.636200
248.070038
253.455902
226.782410
202.579224
212.943817
243.075760
252.040771
238.473083
215.380875
220.340286
247.144669
251.652924
228.309128
206.209869
213.949112
242.179901
247.682190
230.489227
206.421234
214.242554
243.395477
247.830780
227.295792
207.678650
216.362030
244.732285
250.023758
228.849319
203.022339
212.314041
244.575653
246.666168
223.495636
200.756943
210.928406
245.058990
252.445786
231.977310
210.414505
217.425797
246.885025
252.489777
236.406174
216.793869
226.786697
-255.352325
-253.637314
237.197968
213.875626
218.115662
248.941208
253.752563
228.853073
207.104660
217.206924
250.667480
252.606720
231.498276
213.355804
221.022095
250.531219
-249.841461
244.754288
223.152313
230.651764
-249.279800
-246.891022
237.649643
217.308853
227.422928
254.257355
-255.117371
230.319168
209.949402
221.906158
253.916168
-250.787201
237.986542
216.596985
226.857513
254.570633
-254.029465
230.207062
202.480530
205.831680
232.145752
236.242569
213.618134
194.565323
208.196854
240.822708
246.243454
223.395325
200.802536
210.933777
245.264435
-249.089371
236.130447
202.241806
207.097687
235.423416
241.454102
217.930588
193.938766
199.688339
222.081039
223.394775
201.860931
182.675079
194.918304
227.108566
230.609924
206.976974
187.425278
201.161407
237.659302
244.667923
219.394531
197.200867
206.122971
234.630554
242.578476
223.357239
201.731110
208.279465
233.456818
234.168137
210.161835
192.203369
202.275070
231.735916
235.349380
216.956406
198.741531
207.580475
241.816193
247.725632
228.976990
212.008270
221.334839
249.566162
252.856705
228.377258
205.506592
213.399796
240.620468
242.112839
221.715179
203.895126
215.958084
244.910385
247.202072
221.803696
199.406708
206.919586
234.998550
238.399063
215.839005
193.974167
204.720703
232.410767
233.469162
211.251343
191.734512
200.518753
229.454422
234.025452
209.211258
189.309250
199.018326
229.861588
233.863449
211.487381
195.360336
211.747559
243.039276
245.864182
216.819077
194.266525
203.730438
230.962906
232.225693
210.908569
191.345581
203.105484
236.427643
244.054764
225.424149
205.721710
211.391891
239.504669
246.585693
220.192230
195.188675
205.010925
241.897202
252.796082
233.560349
213.271591
223.228485
252.413605
-253.430252
233.866119
215.966675
227.675583
-254.246719
-252.395996
231.294418
211.638123
221.567123
249.494278
255.953583
235.987747
214.903442
220.717941
255.091522
-241.887634
248.672455
223.399078
229.465698
255.523895
254.567947
229.810623
211.956772
227.589752
-252.908829
254.441345
224.375397
204.677261
216.855026
246.217163
249.243225
226.745392
207.889999
215.523575
241.620392
250.269440
230.849182
208.173782
213.171280
237.833649
239.689743
218.910660
202.459610
214.684036
243.973221
245.480087
222.411484
203.625290
216.931198
245.528366
247.406448
221.951752
196.948730
204.402603
238.798706
246.703186
223.860947
201.623291
208.833069
238.459137
244.582626
220.800018
200.530029
216.667801
244.831528
251.472687
230.369064
209.639343
224.230026
254.374832
-252.542450
238.805145
220.229782
232.201004
-252.655090
-249.744904
243.369736
225.803940
235.486176
-249.482574
-245.794006
244.582092
220.589188
226.310349
252.497284
254.027222
230.560577
206.971619
222.047241
254.128067
-255.934906
233.026596
211.427841
222.938263
254.262711
255.355988
232.491760
216.139404
225.398392
-255.859268
-249.283020
240.101196
216.740753
224.888779
252.270370
254.157578
226.640793
205.117142
217.231598
247.606552
248.759354
224.234314
207.473724
221.000107
251.230209
252.671631
227.009323
208.010162
218.782990
248.097931
249.484100
221.730209
202.143646
216.572311
249.439575
253.624893
227.488373
203.998123
212.404160
243.180908
250.103149
226.546371
207.273636
219.389709
250.647095
254.668274
228.794601
205.806458
212.768936
236.778473
239.751434
220.780167
202.459610
211.148346
238.054657
242.250168
224.194611
205.043640
214.138474
246.109344
255.483658
234.051193
215.920532
229.207123
250.018921
242.028625
213.937851
197.377350
213.485626
246.717133
248.870941
222.693649
201.607193
216.764893
245.476868
241.613419
215.850800
200.888901
215.594925
246.782028
244.015610
216.697311
198.432541
211.867722
249.332275
253.716080
228.857910
205.312408
216.353989
248.127960
254.216049
229.560104
209.125427
221.338058
-254.132462
-252.815491
230.380859
205.270020
212.573685
246.726776
249.272202
224.298691
204.661697
209.937073
238.927460
244.638947
219.735168
197.037247
204.643463
241.411179
248.710007
225.151627
206.978592
218.485260
251.809036
255.546951
225.618866
206.243668
221.655640
253.845367
-254.989685
233.812485
216.458588
222.467804
243.769913
244.232330
217.021851
197.324783
210.949875
240.840942
243.928696
221.887924
206.411041
222.241974
251.033340
255.299652
233.115646
212.933090
222.623917
254.800232
-253.090149
231.720901
214.666870
226.704086
-255.783630
-251.019485
234.263092
209.988571
224.875900
-251.075806
-243.722260
244.091248
222.987625
230.205444
254.798615
-254.134598
234.180481
216.117416
227.113937
251.645416
254.354980
229.886261
208.276779
216.861450
246.941895
253.446259
231.122757
211.787796
222.901794
254.769653
-254.045013
234.464798
213.131577
224.327118
254.348541
-254.414627
230.429138
208.639420
223.078812
253.629181
252.690399
230.472061
214.139557
225.843109
253.017105
250.742050
226.475037
209.343231
222.497849
-254.792816
-249.777618
236.244171
213.396042
220.257141
246.241302
248.225067
226.535645
208.348129
218.989517
246.711227
242.817200
215.599747
201.070221
216.111511
248.003510
255.379059
232.510544
212.191727
221.509720
250.840759
250.441101
