-212.258316
4.556694
-236.382675
-50.190353
108.000015
223.427536
-53.706257
-220.125793
-42.157131
108.000015
221.565552
-84.833290
232.304550
-46.410580
108.000015
159.648880
-150.984085
216.925827
-46.492657
108.000015
120.595917
-118.598557
-167.396774
-12.520330
108.000015
113.360397
-199.488098
226.385452
-36.263783
108.000015
46.372749
239.114395
224.021347
-30.219158
108.000015
57.929855
-188.109085
-76.902252
28.461147
108.000015
113.903809
-131.975815
11.337068
56.617908
108.000015
193.418976
-108.548859
-111.757568
25.914120
108.000015
137.161774
-152.569809
-32.875935
57.246616
108.000015
188.466537
-145.456055
-146.635941
35.367298
108.000015
154.370300
-178.398407
-113.733284
53.906193
108.000015
142.692490
-195.804352
-60.325665
76.778999
108.000015
140.614319
-195.698135
-64.074860
80.415001
108.000015
98.112038
-212.640045
38.968113
111.974953
108.000015
115.715370
-220.791275
-78.155922
56.716614
108.000015
45.089043
-137.233475
184.405014
139.323837
108.000015
130.580719
-160.486084
50.197990
109.064758
108.000015
122.529793
-138.714584
118.082024
127.340256
108.000015
87.711494
-176.398560
113.267998
133.137589
108.000015
84.448853
243.822739
-106.424797
89.972786
108.000015
34.206783
187.927094
-72.495384
109.965446
108.000015
10.665033
130.072388
-92.258972
112.339195
108.000015
-22.172718
102.949348
63.626740
162.800674
108.000015
14.538144
109.117355
-182.070068
94.996567
108.000015
-54.294861
60.993690
3.994251
155.795273
108.000015
1.636181
208.988358
197.347214
211.766556
108.000015
96.643257
-218.721146
201.184387
216.905136
108.000015
148.213547
-158.065659
235.787033
239.121872
108.000015
115.696060
-199.202179
-255.909790
-253.802856
108.000015
198.414871
-136.451340
248.287735
-251.345947
108.000015
140.689423
-185.121094
-200.935760
-230.184402
108.000015
133.089645
-203.404663
-231.948532
-227.968887
108.000015
95.050552
-243.815353
-206.415512
-206.160385
108.000015
101.018478
-223.446655
-154.527634
-188.162216
108.000015
179.444656
-167.047836
-209.621826
-208.699905
108.000015
113.616814
-254.977097
236.589539
-218.702942
108.000015
182.821564
-185.234283
-221.396729
-210.706726
108.000015
191.444870
-111.607109
-103.742149
-233.555405
108.000015
-241.128540
-0.277720
-152.611465
-233.644455
108.000015
-18.386606
185.646057
-20.673586
-172.996475
108.000015
138.309677
-233.491623
12.319199
-156.388229
108.000015
-3.852251
176.764725
2.813448
-147.401215
108.000015
14.745115
177.382172
44.011646
-117.118011
108.000015
21.888910
211.718216
117.632927
-89.464424
108.000015
64.159996
238.935120
113.947571
-95.480621
108.000015
-36.400860
159.296570
-128.006485
-175.897552
108.000015
-63.369846
-191.982193
203.381027
-38.623684
108.000015
-99.419281
-229.957993
-255.725876
2.877602
108.000015
-37.422150
-175.210876
-190.689804
50.846771
108.000015
7.520411
-150.054962
-171.673477
68.721550
108.000015
-31.766445
-215.792175
-224.813416
61.321869
108.000015
-88.172234
212.472549
-215.569458
73.066727
108.000015
-64.483498
241.691986
-195.277466
94.592529
108.000015
-90.070702
186.347275
253.390274
76.263924
108.000015
-85.406334
172.647095
237.629074
76.184525
108.000015
-77.451439
196.707596
-167.437195
131.381180
108.000015
-73.055840
183.220352
-216.273804
115.697227
108.000015
-92.684776
165.056442
-143.930313
154.639145
108.000015
-37.582012
212.893646
-189.645889
143.006409
110.000404
-42.852551
158.914719
136.611160
-71.296211
108.000015
-139.948090
-8.751892
121.133751
60.728565
108.000015
180.776642
239.026947
3.671755
38.993015
111.110306
95.301071
127.427193
-49.359818
25.976254
116.778351
84.062080
124.977798
-46.351448
33.229481
132.970306
85.397820
153.102905
122.403503
102.681007
134.752365
174.759918
-253.942841
168.590073
128.264984
149.377914
185.851379
-253.863983
189.979080
147.488373
156.448761
209.461273
-225.345657
184.630753
141.899185
156.543167
249.403656
-193.118927
161.652267
139.849442
172.068863
-248.075455
-195.365540
166.229736
152.528793
179.415970
-245.465134
-191.933365
231.256683
182.373734
177.000381
-255.199936
-191.507431
238.867188
189.794327
183.576080
254.701019
-207.426361
145.802567
149.969955
186.800629
218.391953
-227.016678
226.108994
188.469315
188.666382
-242.356445
-183.708115
218.715210
192.820404
198.893661
233.264267
-224.544220
228.571259
207.272690
209.936844
233.343658
-241.377762
185.065811
192.913757
214.390381
210.869965
255.488739
218.585922
212.908005
219.265030
240.907501
-230.419327
219.685638
219.999237
229.201538
250.940567
-235.563278
200.213333
217.753159
240.253860
-251.499573
-219.935120
-244.726135
247.473099
237.244949
-238.258575
-203.814499
248.817108
241.291687
241.851379
-233.704178
-202.238434
-244.676788
244.415375
230.218643
246.607727
-228.487610
253.206802
231.361069
222.347427
235.671829
-225.124649
-222.482574
231.620178
198.716095
244.214661
-200.948822
-207.619385
235.012100
196.523651
-232.668854
-163.609238
-238.404709
227.809830
219.035980
-109.442696
16.622438
-67.755577
-223.268692
217.092987
20.442759
196.751572
-9.045768
-179.434937
244.976151
88.446953
245.551697
-73.463318
185.913162
162.878555
-10.904852
73.531319
-81.201485
-229.491943
244.188126
130.569443
-242.340134
-43.376438
-196.443375
-254.403046
95.503311
224.561264
-76.044670
-199.515579
-238.303894
138.955643
240.267197
-142.440079
193.653503
198.978958
-30.610508
2.571859
-131.060013
-202.811478
-249.313278
-164.729019
-136.897659
-171.021164
-216.011703
-247.130493
246.320724
-246.181061
-205.951050
-224.943451
-236.713333
229.633636
229.298569
-231.763016
-231.162964
-234.124466
197.069473
189.713989
255.573593
-243.694244
-236.401123
191.413742
197.462906
-201.714233
-216.853378
-232.154114
208.712936
220.580856
-176.630737
-204.599976
-231.697601
217.149567
209.020004
-237.358643
-230.823929
-229.856537
194.981644
186.620865
-237.926743
-226.962082
-221.018661
193.710266
197.668900
-156.196060
-180.690216
-208.677811
242.311356
238.159515
-167.441483
-180.368881
-205.108337
201.078293
182.830368
-207.871521
-197.197617
-201.620926
188.306137
173.037079
-169.394135
-171.406006
-191.259537
186.311111
144.853500
240.015701
-222.181854
-195.162704
117.872940
83.932480
-181.500015
-177.816498
-197.241943
148.049942
117.639275
-219.659821
-196.524384
-193.570541
145.156372
93.154991
228.403885
-220.247452
-187.935211
44.305302
4.948391
-240.539215
-229.897491
-187.210464
-15.806227
2.548887
246.922394
-243.164246
-178.549088
-94.155167
-106.966263
-103.399994
-141.510651
-160.808945
-36.423298
-9.128916
15.337125
-72.083809
-153.920502
24.589993
56.929073
-10.209846
-81.300415
-144.715164
46.351826
52.856941
-51.946632
-102.183029
-145.405563
40.927864
89.546883
19.076660
-151.724503
-205.492966
214.436234
-225.581161
44.551746
-55.806553
-131.101883
-159.453110
-165.780762
-66.409645
-134.404404
-141.778137
-245.504822
233.805222
-106.876137
-114.462715
-149.169235
172.720367
116.540642
-163.292648
-138.827362
-149.046936
128.379684
65.902138
-143.656738
-126.829842
-146.016571
158.896255
91.452858
-175.594864
-138.391769
-140.899994
138.649338
48.380875
255.180374
-180.165573
-145.533768
110.113312
29.558735
-190.054657
-149.270813
-149.381134
111.152939
33.683437
-186.070511
-147.689377
-149.448181
129.022354
58.973454
-191.407028
-150.514282
-145.011810
133.631454
74.963707
-127.662720
-119.770271
-149.024399
122.726128
51.667652
-203.661514
-154.192673
-139.307831
103.265633
16.894953
-217.269974
-155.906601
-134.479309
112.135696
22.462145
-199.386078
-149.462326
-135.340302
121.719231
38.162189
-169.779846
-131.293045
-136.199142
115.362396
36.115665
-160.583084
-125.738190
-133.809296
146.934677
78.186119
-147.585632
-118.013428
-128.411621
141.756943
66.173576
-149.589783
-116.946442
-124.410843
130.859665
50.878548
-134.833344
-110.648613
-127.549026
129.366745
48.773010
-145.324524
-112.617889
-130.313843
-42.244762
-114.166916
-167.273590
-194.808304
-140.996552
87.364418
77.897507
-84.488266
-163.013916
-152.103043
-225.271317
-245.937515
-36.957375
-62.164997
-119.577499
155.406158
143.503281
-14.537859
-122.164413
-148.073822
-162.109039
-147.339493
136.729095
26.961065
-112.424049
-182.403168
-202.461060
-39.272655
-108.072083
-130.683990
-212.007263
-230.441330
-39.696445
-92.806549
-121.289818
247.888214
237.433716
-58.297569
-91.752983
-100.088028
21.766161
13.647869
55.308483
-12.962549
-90.881607
54.901104
45.801121
36.808746
-17.628519
-89.166603
49.135963
55.996201
115.726318
29.604115
-81.701485
81.206062
83.443245
100.702728
25.757826
-74.900475
113.445152
112.257690
48.230133
0.628743
-73.650024
68.381889
69.078407
127.556473
50.538757
-70.728561
85.253517
71.550865
53.009293
11.116181
-66.711151
55.041115
36.046463
62.473198
3.255162
-61.385895
219.141373
205.451050
13.609245
-24.634987
-57.755257
94.251259
86.891495
101.547089
19.597864
-57.696247
103.438904
102.219254
171.980820
88.272072
-50.982677
168.818817
190.599106
201.554337
76.199455
-43.607136
3.065167
-52.932175
167.684464
87.548950
-60.390259
-132.355286
-182.395966
86.488625
37.873901
-59.146248
-177.353104
-234.934021
81.459480
46.651699
-52.036785
-197.068970
230.268463
-23.873020
-13.592331
-57.995583
242.201385
163.754486
-4.981147
-5.801586
-61.921799
249.122559
179.741531
23.712591
13.940012
-58.854961
4.428897
-101.923706
21.909609
-7.749406
-60.323204
30.136265
-4.485475
49.533150
-44.065445
-70.329453
-136.739624
-149.498672
56.499920
9.176944
-30.770082
-190.140259
-234.588562
115.325066
14.677619
-44.957897
194.067001
177.126373
175.203232
100.420883
-25.702854
-169.879929
-199.747192
106.478600
8.756909
-54.745281
166.322754
145.768127
148.874130
88.811203
-24.138054
110.510277
80.717049
177.783524
110.889542
-20.850199
121.709038
87.641441
135.258163
82.121773
-19.748348
93.855362
38.202957
49.578747
21.982883
-18.646496
88.981789
2.651884
72.321732
54.524521
-15.714306
70.364578
8.793607
130.738647
88.846603
-13.518112
105.724678
57.969769
138.239716
94.508751
-11.316018
118.583725
60.367126
56.299290
37.514484
-8.776503
85.875793
29.265839
156.208908
110.365974
-4.086928
134.230667
93.696259
172.617050
120.643661
-3.146009
121.411850
74.896652
109.928459
54.836731
-8.483605
-103.092926
-178.933777
41.153927
48.912270
9.562299
-208.151855
211.004837
32.795090
41.288353
2.493068
-241.126923
159.152893
-138.177521
-56.688999
-13.444084
-15.630810
-152.396439
-59.558208
-64.201332
-37.922997
-234.789948
197.637787
48.269829
47.354973
-10.435181
210.774490
105.046837
-76.833778
-35.290333
0.280782
220.679886
108.057884
-89.965874
-70.616638
-18.198030
219.465378
120.389610
-22.216488
2.444598
10.965095
-222.681381
177.032501
-84.948532
-25.122078
8.282886
-250.371964
161.382889
-32.912601
-19.210485
-2.945916
87.351540
16.228155
10.592296
17.978346
17.776833
-144.992249
-224.537247
154.405380
117.784966
5.576536
-132.023773
-215.365707
138.263855
115.885963
7.948682
196.623154
101.141541
111.962112
71.882706
1.487239
-164.307373
-227.489288
122.948441
101.608025
9.967313
-153.513626
-248.946426
74.902557
78.832306
12.601779
-199.511383
213.728348
75.398232
80.767792
13.040588
-183.681503
233.480682
91.068764
90.218826
13.218687
-158.632889
-247.523773
103.841454
98.881294
19.924746
-163.687241
252.334457
106.353073
101.487862
19.816385
-169.975952
251.190231
114.346596
103.007607
9.637937
240.066895
171.253952
11.249974
-21.480171
-8.932607
-116.688507
-188.958801
160.636688
131.616577
20.931646
-102.840797
-183.308990
172.611679
141.340668
26.694643
-72.780205
-162.160858
176.500885
145.933136
27.367342
-94.228752
-179.342545
136.746796
106.737480
17.736063
-199.228683
248.361038
103.672470
65.603653
11.961267
141.372849
99.854614
209.630478
152.044281
29.062498
203.621033
166.676483
222.762039
166.728302
35.901592
250.603149
216.416458
236.578094
179.115280
43.458988
-236.666946
237.603226
-237.644135
207.816010
46.367573
-214.326294
-237.020248
-161.053635
-251.870789
49.407059
-173.265411
-203.295761
-208.681641
228.754410
52.914314
-197.459488
-230.592606
-192.642563
244.444794
58.477215
-194.927490
-234.223236
-219.821930
226.864517
57.195656
-207.290863
-248.260849
-225.327423
223.949493
59.089294
-202.320190
-245.122131
-242.970459
208.966141
58.430546
-199.245850
-242.619629
-244.702087
210.970291
59.585503
-192.286041
-234.895935
-224.360764
228.012512
65.631737
-182.639206
-239.810287
208.908417
171.617966
67.000206
-188.519135
-248.069336
200.994293
168.052246
67.361229
-180.348587
-246.388123
181.807907
153.511459
71.510605
-190.120422
255.795044
192.315735
164.073456
74.485710
-203.684357
251.254608
252.433167
208.434525
77.543968
-158.481613
-217.439041
223.553818
188.691849
77.031128
-186.832565
-251.631317
212.326096
185.037064
77.725281
-215.625015
239.496872
222.533508
174.451996
79.757324
-103.313400
-163.280411
-246.600021
220.773224
83.554794
-150.236511
-208.153244
-251.777222
213.551102
84.613197
-117.108543
-172.642929
-243.169479
220.593521
85.244049
-123.582321
-182.807419
-248.852539
221.261917
86.307281
-142.525162
-197.467316
-233.280182
223.325607
87.156464
-111.394897
-170.111450
-238.910675
227.317810
88.708389
-114.169380
-175.221069
-243.407654
223.303085
87.728851
-132.729721
-192.700500
253.278595
214.225952
92.113190
-119.913597
-182.982834
-250.099777
219.063583
92.481728
-100.374237
-168.825607
240.936142
205.769485
94.196732
-121.957977
-189.983948
221.869934
193.261810
95.225624
-133.719467
-198.015564
235.236450
203.934311
99.358917
-107.432205
-186.720764
198.146866
182.554947
102.470818
-99.418839
-176.762802
187.320923
168.072098
98.411026
-135.152832
-209.863953
186.252319
169.889557
103.485229
-100.607590
-174.591812
242.247742
209.673172
101.503075
-83.463974
-153.709747
240.222137
210.276123
106.203377
-62.499832
-136.280212
218.174911
174.732025
108.732697
82.825485
-18.310213
235.088394
194.168930
107.205452
-38.178631
-118.446205
179.806976
151.738510
105.966805
-45.078342
-130.205551
179.373535
159.460587
116.549194
175.870255
43.623074
195.024780
165.351791
109.733704
115.074768
14.743725
198.105026
166.193466
119.647682
183.563370
36.707264
195.446945
173.456894
123.657043
213.878235
63.832985
106.316597
109.128937
107.143761
-102.015213
-166.260880
244.720200
208.712936
112.174507
-77.340492
-161.174866
231.037186
211.717010
123.263832
-24.465567
-124.999382
194.450775
188.121613
125.557663
45.120060
-68.341461
144.083176
135.260635
125.086662
107.395599
-21.802450
160.034805
150.783646
118.248642
-45.547729
-111.912346
145.335220
143.506271
120.410500
40.550652
-66.532585
129.050461
124.943245
118.152618
-98.374382
-176.420547
243.274490
214.791367
126.738907
59.665684
-42.824532
189.712372
164.654419
126.700821
68.459572
-33.997383
210.059097
181.809296
142.106354
-185.658920
125.656303
212.167847
191.323090
121.020973
-0.751081
-120.726089
107.815948
123.627350
127.695381
70.655769
-45.124794
131.305664
129.998138
124.879059
75.017036
-31.522240
164.971680
152.309280
123.098076
-70.683250
-150.574783
247.297806
218.209564
134.033447
18.837093
-87.495651
223.430969
202.502014
136.236603
154.498413
22.778551
236.684311
203.828644
147.714859
-172.768234
150.002182
204.135162
179.662460
130.769196
3.861783
-85.372955
221.739578
200.400238
136.022034
46.141445
-58.617920
210.738770
199.048935
146.395203
112.035828
-20.287001
161.348007
154.087051
141.106430
98.334564
-15.764797
240.701187
220.065659
137.199524
-8.869056
-99.180435
-230.846878
252.577789
141.933624
81.031624
-25.812889
-253.962158
226.568405
150.578384
244.425385
85.973007
-251.044449
234.497009
142.449142
50.157791
-47.008778
-211.290359
-247.022430
143.572983
33.295811
-61.366646
-225.548431
-255.118942
148.716919
81.918365
-25.325802
-217.427780
-246.826630
160.972473
-226.541702
112.968376
215.560837
206.109055
146.564728
41.241051
-65.924797
190.620041
182.900421
149.371918
80.954918
-36.408154
187.805328
182.310867
146.606033
-6.005529
-100.367584
-245.705780
242.397186
149.136963
47.326447
-55.621891
255.972610
234.230408
151.188843
52.381878
-55.693775
244.830719
232.889832
152.454849
25.132240
-79.342812
244.253494
234.536713
156.286118
25.154234
-76.524879
-240.234070
252.263962
159.023041
89.353447
-22.453154
-211.184143
-238.536453
161.738510
80.843872
-29.811527
-202.211609
-230.466751
162.975006
104.306770
-10.443294
-191.774048
-222.664749
164.891724
121.291054
0.481345
-204.590195
-231.614746
163.956161
100.878906
-13.072395
-195.366608
-225.926849
163.709396
108.112289
-8.686982
-213.222076
-238.688797
165.310150
111.187172
-7.569038
-216.800140
-250.867096
169.991669
182.535004
40.380280
227.182846
206.517288
168.529327
180.310379
39.050442
213.788437
200.466751
167.191986
135.197769
2.562203
187.598801
189.164978
169.793732
102.795616
-22.844219
201.631058
203.713303
173.509659
115.352646
-7.875883
-253.238495
243.473297
174.796585
126.855568
3.276744
-231.872009
-250.523773
176.188110
132.020966
8.207181
-220.290237
-242.618774
185.276505
-119.452347
189.346420
222.195557
206.443787
182.136185
-183.018555
126.602585
206.362473
198.685776
177.939056
-166.938721
156.373489
202.640106
193.528961
178.447601
158.067352
18.958548
171.493195
180.284195
186.789810
-204.463913
119.725937
180.414230
178.828827
192.070557
-90.402946
190.485291
162.401047
168.919678
190.445129
-101.627464
183.162857
166.544525
171.441483
168.158646
50.361103
-61.251312
211.569168
196.391403
175.650589
121.067894
0.294663
193.140793
194.396912
181.741898
151.280304
12.390892
199.729904
199.517792
183.733170
173.796371
30.266207
232.429245
226.265854
185.506104
186.293854
38.739841
228.179565
224.368988
187.751114
193.371140
45.789223
230.388092
228.951279
187.411545
176.001144
36.158485
255.076752
248.925690
186.354752
163.672104
26.562077
-245.602249
-254.265991
188.885681
178.395828
32.059532
237.045868
240.144135
191.448807
173.110260
30.941051
-250.661957
255.593658
192.565155
189.120895
41.996044
253.745834
252.579391
196.099243
196.762527
45.495789
254.835892
253.499390
195.265076
-246.400238
108.061012
175.559433
183.824707
197.454819
214.490860
58.399364
228.527710
231.480072
197.696762
217.371017
65.108643
255.936661
250.368713
200.750183
243.533813
82.286583
-253.100098
255.301834
202.735565
243.095551
77.489182
243.730469
246.807281
199.153198
211.297424
51.120922
211.812180
228.270538
200.634857
191.974777
39.234440
244.269592
249.950836
202.838562
233.139191
69.820747
241.871704
247.275055
201.909439
208.761124
54.789650
247.898621
251.450714
204.208084
217.061493
61.219975
-246.412277
-246.273010
208.788773
248.110733
80.079659
-254.259872
-250.126282
208.501236
-255.173752
91.222092
-238.640839
-240.655396
209.504913
-251.096786
94.350082
-234.946899
-237.026901
212.301392
-240.256378
99.961273
-232.442795
-233.582947
215.062454
-225.277313
109.583969
-248.099915
-246.583618
216.134262
-219.463898
112.318748
-251.138321
-248.296478
216.735077
-214.768951
116.075447
-252.569016
-247.099136
218.690414
-225.221527
108.986908
-246.168182
-243.993134
218.768738
-203.989151
118.717964
221.586685
237.431351
218.504272
-229.360168
100.846939
224.766708
239.846405
220.349625
-214.664352
106.332596
208.911636
231.601303
228.735291
-83.407745
196.224701
228.963837
229.818176
221.182724
-157.690994
150.699554
135.616516
163.005402
226.318619
-138.803421
144.855545
143.575699
154.447540
217.458206
-179.586945
135.850296
197.896881
215.089630
229.226669
-149.811203
138.644089
209.154114
216.057907
221.082947
-117.084496
171.353638
153.055695
174.789413
228.449356
-134.895432
158.553589
184.014832
214.299988
229.664932
-176.895615
130.093750
183.250931
213.504440
233.684494
-157.400238
145.297577
201.844025
223.380875
233.736526
-166.335754
134.032303
213.094284
236.939972
229.520096
-227.408066
95.067307
220.160828
243.015167
230.451355
-200.464737
118.272179
228.351227
249.389175
231.391205
-204.079285
112.204483
227.856079
251.819794
232.678665
-213.746490
104.993637
211.645355
236.810684
234.586258
-181.384018
127.634697
190.356644
217.562622
236.972351
-195.324005
112.852509
147.845779
162.163193
237.313522
-35.648865
197.260025
169.358704
184.157303
235.797546
-165.505341
135.608368
163.820480
203.458496
240.443130
-167.981018
138.481018
225.725342
251.623993
-255.763016
67.847939
-236.583145
212.780457
219.611298
246.949631
4.887901
226.893082
134.296860
158.578690
239.090225
81.282051
-240.568375
190.422623
227.800613
242.283127
-164.017258
112.980179
144.872284
185.321381
229.152100
-136.153397
147.029221
115.063812
153.336044
230.662186
-183.892960
104.535515
95.291100
143.257370
244.139206
-34.361404
182.314743
47.203381
96.569229
233.904968
26.597168
243.159058
84.174416
149.422699
229.277084
204.598343
30.140144
149.570969
201.629227
237.593018
-245.187347
75.024231
161.829742
207.700668
252.904663
-74.207230
185.415375
139.262161
194.350250
-251.018723
-26.078205
198.493851
166.291321
212.889145
247.885178
-170.180969
129.522430
200.940109
242.043137
251.512604
-116.208488
172.383057
214.300735
250.948608
250.387680
-174.726776
122.724106
220.536865
-255.116257
253.081696
-160.306686
132.774887
225.199081
-252.673294
253.250671
-106.223694
184.341431
221.105499
-253.205444
-254.830673
-141.648697
137.929016
219.004791
-252.532211
-255.744247
-144.537445
139.195023
192.511002
240.013245
-253.145187
-133.318298
148.378372
143.553162
179.370087
-250.779465
-108.931114
163.310760
196.925919
234.981415
-247.523804
-66.774292
178.284454
197.878113
241.085587
-250.549881
-104.426613
166.046082
163.765762
209.844833
-251.392624
-105.566551
170.562912
198.704758
237.143814
-251.840012
-118.011467
160.009491
198.424210
243.515671
-225.258255
181.225449
-193.688721
118.584480
160.890213
-241.461472
10.517859
200.557007
117.509987
163.696335
-249.440506
-40.726822
219.735870
186.773743
236.320374
-249.357361
-126.079552
156.780121
214.823761
-252.964584
-243.373352
-79.910683
179.989807
197.955353
231.524597
-247.134354
-102.814606
169.795807
226.982758
-242.462662
-243.701126
-95.006691
171.198593
97.064583
121.817398
245.551666
-55.794941
187.964020
139.419876
189.933701
-224.035172
200.525574
-175.647629
143.931900
192.628265
255.236588
-177.971176
111.924461
76.991463
115.425156
-248.147690
199.491852
-177.917847
202.291412
250.672348
-252.396301
-159.604477
137.822266
143.142792
187.020828
-237.461227
155.239685
-210.808716
170.852158
228.641754
-224.812469
149.859161
-223.379166
148.560318
217.954224
-225.919144
121.557571
-237.152313
146.544373
215.528427
-226.449692
114.823616
-244.843811
118.704643
199.063431
-227.595535
85.687843
249.344238
99.375572
185.901276
-231.081329
30.320074
218.009598
80.982590
173.379105
-230.963852
29.466595
217.488174
90.747437
179.630798
-232.277054
25.691654
212.794312
63.735447
161.782318
-236.739182
-33.188744
164.414749
-21.452595
115.289978
-237.637726
-104.441101
124.592537
-0.042664
125.081650
-239.051239
-94.605431
128.548798
-12.934971
118.224312
-237.918274
-111.706665
114.511719
-25.846054
111.692062
-238.004105
-117.916519
111.558609
-26.438824
111.533806
-238.223511
-124.018539
107.806732
-21.803965
115.922440
-236.731140
-122.053024
109.851112
-25.706579
113.051941
-236.021957
-130.702606
104.316109
-20.597506
116.573677
-233.472794
-120.221611
106.860992
-31.540920
111.972084
-232.818863
-124.515823
103.155785
-41.447929
104.587959
-236.231171
-157.767700
71.599586
-166.659897
17.454241
244.874130
69.517975
-110.591629
-113.471153
56.365055
255.058487
102.804199
-81.815269
-65.123253
85.290535
-253.732590
135.330276
-53.987354
-50.095375
95.312340
-250.041321
159.579056
-32.804874
-22.598970
112.797127
-247.048523
186.209091
-7.775568
6.172552
130.639725
-243.439331
211.253433
7.797339
-0.814067
127.245117
-242.313889
208.903275
1.930275
-13.260056
122.164474
-241.343994
212.421265
5.459526
-3.570842
129.202591
-239.524918
216.511642
10.043958
9.740426
137.783524
-237.661865
224.901047
12.488523
-6.369996
131.207809
-235.514481
225.973389
14.310817
3.243579
136.858154
-235.804703
224.782501
12.891392
1.406802
137.229370
-233.792511
230.930115
18.077711
14.814095
144.373703
-232.944397
237.700012
21.564583
4.750981
139.340805
-233.165939
227.541946
11.469283
-13.173151
130.115616
-233.457764
212.856323
-0.228367
-11.845457
131.807022
-231.457916
216.660767
2.982237
0.565661
141.454926
-228.259109
229.438278
11.466065
0.360741
142.039108
-228.064911
228.103607
9.203890
1.882626
143.788986
-226.217407
239.294312
15.887956
-1.728164
142.664063
-225.842438
232.935867
10.981658
-5.010115
141.256439
-225.656296
235.634171
11.654893
-8.535075
139.553238
-225.304916
232.603821
14.341930
21.439688
156.639984
-222.719269
254.307175
29.960436
27.599113
161.496933
-222.500946
255.118820
29.261452
22.452490
159.223480
-221.932846
-250.600586
30.317169
8.501782
152.355423
-222.144745
251.928589
22.398750
-1.333879
148.034912
-220.443146
255.559769
25.451641
-0.427292
149.833603
-216.746002
-247.410370
26.954752
-16.762484
141.267700
-218.342438
250.892197
17.486551
-21.222460
139.529633
-216.121033
241.162216
12.104968
-6.179022
148.367508
-215.799713
251.234436
14.831165
-33.081043
133.233948
-214.772964
240.736816
13.557652
4.500463
154.924973
-213.157196
-249.332977
25.279980
-14.967549
144.681091
-212.929214
255.255066
19.329229
-13.046551
146.687912
-212.106842
249.166992
16.921143
-2.039837
152.468079
-211.205627
-245.151947
31.400782
16.760841
162.845535
-211.834335
-224.026337
53.411530
56.014977
186.307892
-209.497055
-183.772797
76.096581
27.720348
170.869644
-209.723434
-207.966339
59.067234
23.914293
169.061829
-209.074875
-211.331436
55.232750
18.146471
166.729385
-207.894699
-198.349548
60.198055
11.876538
164.885086
-207.008499
-202.157211
57.866142
5.738034
161.249619
-207.502563
-222.985626
45.177681
9.757056
163.995132
-206.458649
-222.634262
40.729504
-13.667751
151.945572
-205.315491
-219.901627
40.544434
-26.061705
145.018509
-204.654602
-232.270370
31.792385
-26.418974
145.287796
-204.320923
-230.593994
34.471375
-21.681654
147.817123
-203.788773
-228.399399
33.321243
-32.490959
142.467194
-201.956299
-209.467300
46.546680
-31.648746
143.205338
-201.072235
-229.984589
28.637569
-49.852901
132.442703
-203.884796
-242.521240
18.024603
-67.364510
122.749199
-203.773758
242.721115
-1.858078
-70.971008
120.735397
-202.828552
248.380569
2.317586
-75.087128
118.257568
-202.901505
-252.088135
9.273091
-82.546349
114.190269
-201.515335
244.288589
0.279107
-63.964005
125.921715
-199.141586
-250.633301
10.411420
-74.285141
120.633469
-199.009613
-243.420853
15.520493
-77.616447
119.402336
-197.686218
-247.153412
10.576108
-94.813698
111.147034
-197.275299
253.544357
4.376986
-86.312706
115.688553
-195.135437
-235.854874
18.950502
-98.390701
109.583847
-195.059265
254.362976
2.961316
-96.625809
111.443687
-193.185471
253.812042
-1.092575
-117.080872
100.681053
-193.830276
243.667389
-4.146539
-100.152908
109.878883
-190.415802
-227.979904
23.062328
-99.361664
110.498474
-190.242538
-211.644180
35.483105
-97.587112
111.696884
-190.787018
-235.233673
15.898685
-117.784142
101.002922
-191.753693
-247.913010
4.819014
-127.858521
95.014076
-192.761139
-252.790878
2.908208
-127.001823
95.492584
-191.417877
-251.103226
2.084770
-134.176727
92.486366
-191.084213
-255.284790
0.140705
-133.527100
93.138138
-188.828476
-241.680634
10.886171
-120.186867
100.946594
-188.657883
-233.805130
16.520956
-116.727356
102.560745
-188.159531
-235.778168
10.965565
-136.274216
93.087181
-188.577957
-252.361725
-0.737451
-138.564285
91.012222
-189.727554
-254.031662
-2.839230
-142.871384
90.399605
-187.148880
-252.365479
-4.778467
-158.474335
83.746117
-185.755203
249.415909
-14.024043
-168.792786
78.269585
-186.968094
241.500702
-17.406845
-153.123856
86.627884
-186.126953
246.383926
-14.977837
-161.966034
82.622269
-185.577637
241.171860
-20.759069
-170.609177
78.446068
-185.231094
241.189026
-17.571533
-154.679001
86.558144
-184.319138
251.562744
-15.118384
-182.385147
73.471649
-185.085724
230.892029
-28.686073
-173.207703
77.384987
-184.935516
239.349579
-24.485733
-183.311584
72.269478
-184.288574
236.002182
-25.714722
-175.469345
78.610756
-181.140198
240.222366
-28.646912
-191.257355
70.754570
-181.710968
231.863525
-27.885164
-165.372437
83.373291
-180.939560
237.845383
-22.878016
-158.706604
87.576309
-179.448792
-252.509781
-10.806464
-165.594513
86.109680
-177.566956
-249.203690
-9.088778
-167.666260
85.450928
-177.387238
-253.329468
-11.187338
-165.106354
86.995346
-176.642670
255.646667
-14.695668
-170.263168
85.320038
-174.954483
-255.614700
-15.359783
-164.785034
89.075668
-174.978622
-251.862839
-12.186729
-162.301834
91.523987
-173.368225
-245.474350
-6.142639
-142.195999
103.458214
-171.860291
-212.515366
16.254345
-142.664322
103.599838
-171.266449
-230.556442
2.655008
-149.514679
100.625267
-170.196243
-210.954849
15.308062
-149.472839
102.003387
-169.215088
-213.236343
15.935163
-130.082611
112.220451
-168.095001
-201.847687
24.384123
-125.416641
114.535202
-168.272568
-198.109756
28.081816
-126.094704
114.507309
-167.950165
-190.115677
35.589855
-107.055847
124.200272
-167.824631
-172.081039
48.412430
-103.401604
126.269333
-167.486145
-173.996674
49.289509
-94.589470
131.545776
-166.623001
-170.382141
54.179176
-82.374687
138.588181
-165.119354
-155.265213
63.283131
-77.063911
143.555634
-162.757935
-141.151428
71.959007
-67.686913
149.246201
-162.946228
-143.704346
72.763130
-52.048557
157.613617
-161.976349
-125.589249
88.099464
-29.755642
171.505325
-157.904755
-94.482048
105.148132
-23.285616
179.149612
-154.381943
-40.460747
138.979904
-10.134744
186.865265
-153.584244
-45.775276
133.282898
-28.186014
174.808731
-154.552521
-73.459435
114.896347
-36.846329
170.485550
-156.243393
-97.042496
102.543167
-29.587736
174.185913
-157.320572
-106.455437
97.591812
-24.254969
178.582596
-155.613602
-86.585625
107.865204
-33.530582
172.524567
-157.119400
-100.778275
96.024330
-51.347427
162.660461
-158.979248
-133.915359
72.728798
-62.619144
155.799377
-160.368622
-152.014374
62.598633
-66.082947
155.817078
-155.871643
-118.874603
83.615883
-49.312168
166.556107
-155.065903
-106.576675
90.457130
-51.528210
165.931686
-154.452744
-101.087799
95.771118
-36.364071
173.608170
-154.109421
-93.370003
101.107651
-28.182259
180.338913
-152.460938
-82.425522
106.688789
-36.152176
175.925064
-152.229202
-87.935852
102.678886
-26.683977
182.600006
-152.481857
-110.380051
88.806496
-31.132153
180.174225
-154.142151
-127.619141
75.170143
-48.647518
171.731155
-151.229263
-103.047958
93.659149
-15.483606
192.127228
-148.567978
-84.665169
99.827698
-35.044960
182.566208
-144.581680
-42.000874
124.861832
-23.764122
190.281326
-144.885315
-75.532242
103.533440
-28.791121
187.397949
-144.307556
-87.951408
96.882095
-21.727253
191.934631
-144.317749
-87.566246
93.725128
-29.985239
190.579575
-141.758926
-47.995071
120.813301
-3.615903
204.387070
-142.249237
-61.532185
109.873108
-16.383219
198.056519
-141.687042
-63.904869
104.725410
-33.822407
188.329742
-141.685440
-83.485527
93.938095
-25.803139
193.990295
-140.865219
-84.621178
91.865822
-24.445942
195.593719
-139.391068
-67.180382
105.548851
0.409020
211.026611
-137.339188
-41.194599
119.632057
-2.568232
209.335754
-137.599350
-39.175434
122.461792
4.491879
214.223267
-137.032867
-38.037640
124.262627
13.476208
220.674515
-134.494431
-22.259275
132.775955
19.498840
225.442947
-133.136154
-12.280921
140.335495
33.992962
234.164963
-132.754745
-4.046538
142.916855
25.669533
229.956573
-133.087875
-14.117161
137.105042
28.979378
232.962250
-133.933319
-21.100561
132.589813
22.732512
228.494232
-134.292191
-24.487120
130.749283
28.119999
232.163498
-132.264435
-19.089441
134.238831
40.939350
241.063065
-132.843796
-17.641047
135.166336
39.683537
241.476120
-129.363358
4.844986
144.997177
34.679607
239.802429
-129.704010
-11.116305
134.064484
33.182400
238.740265
-130.209335
-18.444101
130.033127
33.997791
240.271805
-128.834427
-12.728313
132.157440
38.673420
243.551086
-127.759407
-13.718048
127.085381
24.610060
237.043503
-129.075836
-24.243038
124.342018
37.786678
245.264481
-126.758400
-17.963449
126.258186
33.944683
243.414291
-127.749214
-26.116293
120.044586
27.647930
240.270203
-127.094215
-33.888798
116.560394
34.440357
243.786575
-127.358681
-29.621405
118.501236
36.722916
246.485947
-127.400528
-30.834835
118.317780
38.580078
247.896790
-126.677399
-29.763561
117.568901
34.809429
246.742371
-126.646286
-35.863441
113.238747
32.501656
244.208221
-127.692886
-41.686516
105.995171
12.509004
233.921417
-126.512711
-52.414822
103.232498
48.209213
255.336700
-126.545975
-35.726112
115.733200
57.808300
-250.505005
-124.280579
-26.530964
119.865410
62.747322
-246.987015
-123.830505
-32.004280
112.975891
53.897102
-251.330048
-125.399597
-47.805172
105.076782
58.065258
-249.014236
-124.929672
-49.994930
101.799660
54.775261
-249.187500
-122.941086
-40.265484
106.437737
54.603600
-248.741714
-123.922775
-41.672031
106.460266
66.667099
-240.765366
-121.849960
-24.729591
117.709991
81.197166
-230.001129
-120.344704
-8.923867
127.813332
98.951782
-219.000305
-119.368919
4.925452
135.469971
93.698402
-221.838089
-119.672546
-0.613310
134.517776
114.067108
-208.064941
-117.550377
12.607837
141.886353
114.609451
-207.117050
-118.107208
8.985244
137.417252
107.052055
-210.188721
-117.670540
-1.409926
129.732727
102.352287
-212.586609
-118.440338
-19.600134
118.400391
99.142761
-213.770004
-118.140999
-25.132996
114.255302
101.794930
-212.795822
-118.937622
-30.645472
111.541443
102.923065
-210.985336
-118.290672
-38.936718
104.567703
104.078560
-210.140442
-119.239632
-41.680080
104.045204
112.286118
-204.700928
-118.586250
-36.308151
103.952934
102.754623
-209.878662
-119.420952
-39.537533
103.723877
115.142670
-200.668488
-116.570839
-20.154814
113.653412
124.743904
-192.948547
-116.066582
-16.652922
115.897888
129.452255
-189.183258
-115.389595
-22.890131
109.896713
135.757065
-183.388077
-114.571518
-23.595552
109.467560
141.329620
-177.711441
-112.258385
-8.942106
119.662636
159.836319
-164.473663
-110.787994
-1.723208
121.567543
154.130188
-168.343567
-111.279915
-2.268770
123.617287
170.780273
-156.350876
-110.029999
15.424156
135.336929
183.699936
-146.311356
-107.236748
25.021103
138.135010
182.674255
-145.480942
-108.049461
21.216654
136.674271
185.019043
-142.838974
-104.157578
62.130005
159.511673
209.620819
-123.236855
-100.606331
83.144577
170.390717
221.183823
-115.311996
-98.999687
98.723923
178.008194
225.406158
-111.966209
-99.982986
103.608231
183.317886
233.070297
-106.731071
-98.384926
122.961441
195.315964
245.701889
-95.665886
-97.798592
130.017258
198.558228
-251.914551
-84.935974
-96.158157
147.445709
208.767242
-255.813416
-89.824028
-97.121063
118.129707
195.009659
-242.510727
-80.165398
-99.900909
95.706436
186.085938
-231.360779
-69.716583
-97.802345
120.519554
199.866058
-232.658981
-73.306984
-100.871864
76.576920
171.210403
-253.034103
-87.400383
-104.849586
35.823429
147.186386
244.868256
-97.296135
-106.139725
-1.651861
122.169426
224.026962
-113.286926
-108.839638
-38.383106
97.994675
215.243271
-116.930443
-106.605354
-55.436062
83.228577
208.280792
-121.573883
-109.463516
-85.558342
59.199200
168.937592
-148.531158
-111.544380
-126.573082
30.362766
156.533447
-156.249481
-111.232170
-141.560196
18.901686
153.555130
-159.630142
-111.215538
-147.459976
14.360706
164.431488
-148.851944
-111.033684
-153.537323
10.885634
173.807419
-140.416931
-110.843246
-156.143890
8.180896
176.962769
-137.918198
-110.070770
-152.423141
8.999505
177.198257
-136.023483
-108.575172
-141.963058
14.786104
176.525558
-137.028229
-111.323364
-163.824127
1.902380
188.387894
-128.053024
-109.192619
-154.080734
6.554404
188.369659
-126.561722
-108.422821
-157.857834
2.842762
192.688568
-123.093620
-109.433479
-155.989944
4.475691
193.954575
-121.786316
-108.977501
-158.423782
1.862147
199.245499
-116.518456
-107.986694
-151.532639
3.769734
192.145157
-120.210785
-107.517845
-152.631805
0.250675
191.247665
-119.620163
-107.043633
-159.373276
-2.056025
212.004761
-105.042892
-107.079575
-153.299149
1.691558
218.287567
-100.175758
-106.665436
-146.734711
3.875413
208.576904
-105.389969
-107.198128
-164.011887
-8.272313
214.433243
-100.667671
-106.792572
-165.390549
-9.825313
221.398941
-94.068359
-105.548569
-164.442657
-9.465360
233.848145
-86.222900
-105.424652
-158.555740
-4.905067
241.968262
-77.581352
-103.534767
-154.888626
-7.219278
230.326401
-85.416626
-105.591484
-174.846939
-24.279203
210.551544
-99.225716
-107.255524
-212.637131
-52.658051
201.962036
-104.201752
-106.794182
-227.548065
-63.227028
215.869293
-94.111275
-105.905304
-221.431030
-61.142414
210.619141
-97.061172
-106.067841
-228.427307
-67.243370
215.593018
-92.022369
-105.232063
-233.654388
-73.800835
202.489899
-101.316765
-107.072601
-252.517288
-87.467758
209.182541
-95.839149
-106.575851
-248.814240
-86.658272
205.940826
-97.679695
-107.160576
252.370087
-94.867439
213.335678
-91.845879
-107.550034
243.179764
-101.947937
217.790833
-87.175079
-107.745834
246.324921
-101.793442
202.018906
-97.683449
-107.675026
222.431274
-123.756981
195.665817
-100.607590
-107.238892
208.858215
-137.693741
187.592896
-104.903954
-107.338135
206.431900
-140.820129
194.042007
-99.116287
-107.526428
191.843887
-150.513626
210.738220
-87.884254
-107.331703
204.181519
-143.189056
209.002304
-87.067795
-107.191154
190.342911
-157.272263
191.520187
-99.179581
-108.956047
171.034760
-171.925705
195.771500
-95.532845
-108.711967
163.408173
-181.430374
185.977127
-101.710518
-108.404045
155.361542
-186.941788
204.637817
-87.033463
-105.948219
174.732452
-172.418152
222.200912
-73.116013
-105.322189
183.088608
-165.910583
234.679092
-63.934814
-106.608040
167.665909
-177.692444
234.470413
-63.658546
-104.990128
164.338364
-184.545502
226.489227
-67.451187
-104.319580
163.032669
-188.508728
224.291428
-67.631973
-104.074425
156.103989
-192.763794
241.827713
-54.785263
-104.954727
151.730911
-197.553146
240.016144
-55.279324
-105.604355
140.996170
-207.384521
243.447769
-51.760265
-105.482048
146.810669
-204.534943
234.230087
-57.447624
-105.539986
140.344925
-213.479568
223.345688
-63.300739
-105.156967
120.177399
-230.663940
229.059860
-59.222172
-105.625816
117.282761
-232.207291
242.820663
-47.702080
-105.013199
116.428207
-233.516739
246.176102
-45.364265
-105.343643
119.270813
-231.186981
-248.127274
-30.855661
-103.727348
143.254059
-209.752914
-222.548126
-11.414472
-102.860458
140.131424
-214.367920
-234.276352
-18.943970
-102.907661
125.326172
-230.026657
-242.378769
-22.292976
-102.805206
125.511246
-231.152649
-233.239410
-15.106802
-103.090057
114.626305
-239.899872
-228.339539
-10.234836
-102.629791
119.325531
-235.405563
-199.613083
12.814462
-101.179245
132.765015
-223.957886
-199.612015
12.241005
-101.758072
128.121033
-227.034378
-176.733826
31.097473
-100.833244
128.695023
-229.253647
-185.040100
25.897205
-100.935165
131.131546
-227.939896
-177.114700
33.294201
-100.833778
128.103867
-230.755142
-170.224106
40.116131
-99.596748
135.286285
-226.507065
-167.423874
42.377235
-99.213188
128.176819
-234.622894
-170.467651
40.890217
-99.026505
130.767838
-234.296738
-146.239258
61.722404
-97.769623
145.576843
-218.810196
-141.534668
66.456505
-96.803490
156.036926
-211.846649
-135.326416
72.348244
-96.020828
162.914642
-209.887024
-135.153687
73.898026
-96.450516
146.173370
-223.254074
-147.143158
62.793140
-97.131256
137.769470
-230.830246
-145.868042
64.253868
-97.423622
128.812500
-238.949829
-140.609833
71.387474
-97.195633
120.281471
-247.429901
-137.475952
75.740166
-96.646317
127.195129
-243.856659
-134.362442
78.830605
-97.211723
107.840309
252.261505
-136.861725
78.565063
-97.132866
104.256348
244.963211
-140.269196
77.107552
-97.462784
104.638290
250.005234
-115.165863
96.873299
-96.555122
105.051888
243.426300
-144.867035
73.921623
-97.390358
78.791985
218.116989
-155.263824
68.259483
-96.278320
96.033768
233.172760
-133.343201
84.983589
-96.905952
67.076630
207.141388
-138.302063
82.160835
-98.063599
52.351303
192.201477
-150.805450
72.431931
-98.243301
38.020790
178.637527
-144.684113
78.673965
-99.338715
36.542358
176.630707
-142.324844
82.135620
-97.809319
40.057659
177.348465
-134.999725
89.018173
-98.214874
33.837082
171.254486
-132.327179
91.904228
-98.426765
23.051916
158.265076
-155.503601
73.589569
-99.562950
1.557229
137.097092
-153.196915
77.322128
-97.806107
-2.139392
129.682922
-159.885803
73.706512
-97.128578
-10.657016
120.028587
-155.129166
78.785545
-97.034698
-8.243028
119.562950
-163.550766
73.288086
-96.740730
-18.322233
108.152832
-158.940048
78.244812
-96.255249
-33.822720
95.317924
-144.612762
89.888817
-96.374336
-21.282320
105.576843
-146.378738
89.307854
-96.168343
-25.330311
101.046593
-131.666824
102.614296
-95.147491
-25.449402
100.209206
-133.118423
102.494667
-93.295692
-24.397976
96.434799
-138.320297
100.886955
-92.824158
-34.450359
84.708176
-145.816544
96.038589
-93.377235
-39.254730
81.115089
-121.751228
116.831078
-91.783463
-21.759752
95.717033
-120.388664
119.190346
-92.674492
-29.142267
88.556068
-110.421577
128.587738
-91.048004
-22.467855
92.743004
-100.307503
138.035553
-89.033127
-7.828358
106.244713
-88.468758
148.150162
-90.172531
-9.798173
103.113503
-92.805359
148.795502
-89.582443
-6.221715
105.551094
-80.780479
160.281784
-89.303490
-9.540681
99.791321
-81.105026
161.357895
-89.520752
-5.216423
107.970444
-59.375912
180.671402
-89.722992
-6.505493
105.615463
-51.851780
187.188644
-89.944542
-8.739773
102.389305
-51.495045
188.424606
-90.250847
-10.406497
100.509079
-47.438469
192.797684
-90.616699
-17.701571
92.281120
-40.930893
200.868454
-88.018715
-0.898602
103.855934
-28.946247
215.103470
-87.550934
13.091266
119.306000
-7.756793
234.016800
-86.858925
37.073971
147.442368
54.046677
-219.378601
-83.691238
75.152763
180.644897
57.399437
-217.557922
-84.480881
71.855789
178.230911
80.569969
-193.428223
-83.770096
83.008415
188.756439
84.684479
-185.551636
-79.430817
155.850784
246.263016
98.674889
-172.351410
-82.863510
103.664116
201.975449
83.021507
-186.289246
-81.762733
113.045410
204.231186
97.967857
-164.464111
-78.825172
159.263626
246.931412
124.884895
-141.747940
-80.458107
102.025284
197.844315
114.737030
-150.984406
-81.232185
80.388435
174.285385
109.929436
-151.181274
-80.367981
81.661407
178.682053
128.690948
-133.802170
-80.811623
72.280113
168.552429
125.760910
-134.130478
-79.862656
68.548088
164.441681
135.667908
-122.429604
-79.361076
78.788765
173.385239
145.831879
-112.045166
-78.346672
83.575966
173.650772
140.993164
-113.669510
-77.688454
82.517570
172.590759
157.527924
-93.610329
-76.282440
97.860352
186.700256
174.324448
-76.249466
-75.172539
104.602890
186.362839
165.307388
-84.407677
-74.596939
109.866455
190.781509
170.104263
-77.176437
-75.095833
103.284851
185.004028
177.351044
-68.348213
-71.728050
149.591049
225.704956
216.392761
-24.785381
-71.084854
131.781708
208.182617
189.349106
-52.226528
-71.458221
112.523453
189.600800
193.227066
-47.479553
-72.707596
96.410347
173.943130
196.513306
-39.545578
-71.260269
132.906097
199.551270
196.820145
-37.241024
-71.173370
124.008667
186.398239
182.487488
-48.381313
-69.797935
115.785553
187.011383
218.199493
-13.044277
-70.434151
100.754456
173.708710
215.169678
-12.664476
-68.958939
129.690125
191.125366
217.447403
-6.888071
-70.081177
103.000000
173.254333
225.475800
-1.746275
-71.087540
84.150497
156.624649
223.760254
-1.719990
-70.631561
79.897591
147.884933
213.794769
-11.415639
-70.776939
67.629166
135.080063
217.990295
-4.256823
-69.308701
77.531342
139.567398
213.045364
-6.427804
-70.716858
49.254421
115.910324
215.445938
-3.121712
-68.100090
74.228470
136.026886
232.207062
14.635587
-69.067833
52.915100
118.083443
237.797867
22.923077
-68.365097
56.182568
118.249207
241.063187
28.872753
-68.105461
52.735931
112.692207
240.737030
31.457867
-66.595909
56.497459
113.076302
248.559418
43.459679
-65.612610
65.776833
120.138557
251.129517
48.967869
-65.044518
61.245506
113.987717
251.402573
48.334332
-65.349754
55.652027
108.899025
-249.469543
64.186722
-64.417961
50.609474
103.836624
-243.558502
73.371681
-63.740967
55.510406
106.667427
-238.459076
80.549805
-62.021671
72.003845
118.328064
-233.799011
87.915688
-62.503933
64.399246
110.596863
-234.989914
88.191956
-61.149418
86.489922
126.579613
-226.271652
99.340836
-61.101139
62.438553
108.004242
-220.055908
108.424400
-58.719872
87.444252
125.218658
-220.207184
111.130219
-59.746620
69.799072
109.539001
-227.035019
102.248352
-60.995461
52.797085
89.193367
-230.837845
98.704079
-62.689007
30.231119
71.574471
-221.773056
110.650101
-62.131641
17.892420
58.878502
-222.528366
113.285637
-60.822189
34.322559
67.213737
-228.371292
109.009659
-60.013771
27.484001
58.805546
-223.822800
115.434624
-59.012772
25.214851
54.155670
-225.743256
114.834885
-59.427975
15.242397
42.979435
-229.226913
113.169228
-59.720337
8.013307
37.427799
-220.816574
124.293961
-59.887707
3.324268
31.551617
-222.459167
125.485397
-58.288574
27.081133
53.875111
-205.142288
146.580978
-57.898045
15.064299
42.132931
-208.194641
142.147812
-58.916748
-7.044080
21.162882
-205.635818
148.888214
-57.713509
8.483230
35.326557
-196.014725
161.936615
-56.576252
-2.908113
22.352711
-196.550095
163.317413
-55.034515
-2.923134
17.476992
-197.595093
163.014862
-55.946468
-26.939636
-5.537437
-196.263641
166.414291
-55.536091
-31.974680
-12.017656
-191.233414
175.562775
-53.903698
-19.142990
-3.767716
-189.834900
180.138092
-54.480373
-34.019596
-18.447447
-184.432404
186.698776
-55.091915
-42.090900
-27.127077
-182.754410
190.644302
-54.249702
-38.197403
-25.792410
-179.014877
196.758682
-54.202496
-52.489826
-42.554607
-184.388947
192.189804
-54.410637
-61.750423
-55.067116
-190.325211
186.470245
-55.263042
-74.128815
-68.000725
-188.809769
191.978439
-53.996502
-60.168991
-57.883972
-187.482071
196.823593
-52.463352
-47.970303
-51.464909
-191.497879
196.636368
-50.142166
-40.366238
-43.029358
-176.610001
214.584106
-49.704967
-49.352715
-49.086327
-162.642670
232.189056
-48.906742
-63.309860
-65.948837
-164.706360
231.530838
-50.144314
-75.024139
-78.468315
-166.846771
230.380173
-50.094425
-75.401253
-80.819542
-165.178970
233.493683
-50.209225
-81.460899
-87.466057
-164.666672
235.261795
-50.698460
-86.218071
-93.321854
-161.810654
240.835419
-49.952805
-79.549026
-88.144119
-150.818954
-254.531723
-49.593388
-81.309624
-90.975990
-149.579773
-251.082947
-49.069283
-80.368172
-94.277794
-156.824966
253.105453
-49.904526
-92.261620
-107.713524
-151.845703
-250.043854
-49.527943
-100.932678
-116.268700
-145.787140
-240.949020
-48.910500
-99.723534
-116.996109
-142.819534
-234.911896
-47.969574
-102.032921
-122.930229
-140.274124
-228.177948
-46.784576
-106.918289
-129.263992
-133.791214
-217.124573
-46.929413
-101.206261
-124.652748
-133.801956
-217.064484
-47.351059
-111.695847
-136.785980
-132.880875
-214.318970
-46.935314
-118.013519
-145.263382
-129.252380
-206.756760
-46.740585
-121.914520
-150.172897
-127.969215
-204.333649
-46.644028
-128.110962
-158.450729
-125.398590
-198.657013
-45.868332
-113.622742
-146.649002
-119.214485
-188.143280
-46.262081
-125.194862
-159.358383
-119.686020
-187.288727
-46.704647
-131.957245
-168.128677
-116.732910
-180.062317
-45.956310
-126.991409
-163.568375
-107.810272
-167.077744
-45.737442
-135.522446
-174.661453
-106.238495
-161.902161
-45.289513
-141.494110
-181.709229
-103.062759
-155.251358
-44.955845
-143.742874
-186.918076
-101.212036
-149.020584
-43.598110
-141.495193
-186.206757
-95.125565
-138.267609
-43.296631
-144.279861
-189.386246
-87.159935
-124.471397
-41.902416
-124.425072
-170.772797
-85.073181
-121.070351
-41.995758
-142.899597
-195.356323
-91.239037
-126.677780
-41.590744
-153.424042
-207.464355
-85.928268
-117.288437
-40.937359
-150.898468
-205.621140
-81.222603
-108.107773
-39.362904
-148.286545
-205.544434
-78.118210
-102.075485
-39.370411
-149.750488
-207.646744
-73.853500
-95.145721
-39.626297
-163.362701
-222.850586
-75.108238
-95.215462
-39.034599
-167.454681
-229.974518
-71.693245
-87.863525
-39.119358
-180.655441
-244.863464
-68.571693
-81.622025
-39.527054
-183.934708
-250.688156
-66.120689
-75.313469
-38.000340
-178.317627
-246.585449
-62.483078
-67.444939
-36.658161
-181.078156
-252.926193
-62.425140
-64.995552
-37.416691
-179.049332
-251.238541
-59.650665
-59.784554
-36.201653
-177.079514
-250.675812
-56.342964
-53.494236
-36.407646
-184.229218
252.475632
-54.123703
-48.422180
-36.692493
-191.874588
242.786957
-54.832344
-47.143833
-34.657234
-187.303558
243.687653
-55.492168
-46.391743
-35.605663
-198.294739
231.438004
-54.925686
-43.742794
-34.768814
-189.897797
237.485306
-54.212219
-39.502220
-34.658844
-191.987228
236.653290
-49.716301
-31.371372
-33.835407
-184.426086
242.214050
-46.647312
-26.314873
-34.021553
-197.340942
227.271454
-47.283531
-24.695890
-32.713707
-189.943924
231.843018
-46.599033
-21.363512
-32.785053
-198.473907
221.196259
-39.723457
-11.484399
-32.245930
-198.643951
219.658279
-41.650356
-11.736526
-31.097944
-190.370392
227.065994
-27.773144
16.334940
-28.100843
-169.765137
249.969376
-14.659822
38.694370
-26.094551
-148.622894
-239.508163
-4.310785
54.858978
-23.784094
-137.611343
-229.450958
1.828256
66.281967
-22.325510
-132.649261
-226.285416
7.658306
74.812469
-22.496634
-162.327896
248.105255
-8.275090
53.789848
-23.482077
-183.576370
221.278870
-13.285994
49.853973
-24.079676
-197.381714
203.801590
-16.696692
46.908905
-24.233097
-205.397217
192.127548
-17.955183
46.560757
-24.873610
-216.709167
177.931671
-20.331621
45.906834
-24.230415
-222.126160
171.084534
-15.158176
55.811161
-24.128492
-226.572189
162.222504
-19.693254
49.217216
-24.775978
-238.380341
147.133469
-17.826975
55.674904
-24.222906
-251.202911
130.778976
-21.135210
53.177769
-24.318392
-252.612686
125.556175
-21.560610
54.626160
-24.235781
255.749771
118.915024
-21.003246
58.039005
-23.665541
245.597610
103.294380
-24.574341
55.162601
-23.977751
236.235092
87.949989
-27.142288
53.142365
-25.045271
223.939835
70.965164
-31.345846
50.898964
-24.894531
213.628891
55.835899
-26.717426
61.018936
-24.619335
211.502975
51.417763
-23.288488
68.062958
-24.229343
204.502945
41.434578
-20.788134
75.963669
-23.495489
203.520187
37.395172
-18.496990
82.998566
-22.614651
204.455200
36.189251
-16.596912
88.193474
-21.769218
204.594147
34.316532
-12.185752
98.767281
-20.801477
208.070816
37.178986
-6.465672
109.836220
-19.618624
208.378204
36.485905
-2.719698
118.081871
-19.131535
203.725098
29.214436
-1.915035
121.191086
-18.714720
197.646149
19.547750
-0.154970
126.745407
-17.933661
197.637558
17.173460
2.572301
133.078094
-17.134361
200.989792
18.968393
5.816164
141.435867
-15.945070
198.566681
13.392618
9.286943
149.454590
-15.982621
193.920563
6.213953
11.635486
156.183716
-14.860922
195.630203
5.047728
14.028017
163.462158
-14.330380
191.234573
-3.299307
16.901199
171.985153
-13.655001
191.110657
-5.384993
15.758041
171.708878
-13.660364
181.984711
-19.514336
18.703108
180.250107
-13.513380
180.293304
-23.298933
20.263617
185.869339
-11.828952
180.416153
-26.110426
25.535233
198.369522
-10.572604
181.854355
-26.327148
29.664761
207.826447
-10.773770
180.109848
-28.781906
33.580250
217.007111
-9.440713
180.325500
-30.190065
37.037083
225.750580
-8.629613
179.438217
-32.283260
40.653770
234.813766
-7.455878
178.190460
-36.814587
42.052277
239.405716
-7.352345
173.580276
-43.388142
41.393524
241.220490
-7.103436
171.510681
-48.709648
44.814415
251.158081
-5.973689
167.721802
-57.096916
46.033745
255.725876
-6.386213
156.849731
-71.949379
48.462223
-247.632111
-4.787616
161.140198
-68.806908
52.192101
-238.071640
-3.908388
156.099243
-79.340477
52.081596
-235.563782
-4.170171
148.936142
-90.743622
52.596581
-231.416550
-3.347806
145.875748
-98.724808
52.406143
-228.006378
-3.006093
143.506821
-102.475075
55.430065
-220.401779
-2.421907
146.966858
-100.670486
59.339653
-210.471176
-1.453093
146.024338
-103.853729
63.896191
-199.256851
-0.503591
142.368484
-110.444450
65.180428
-192.626968
1.386830
153.950256
-96.104828
71.753456
-180.668594
1.573512
147.046799
-108.140968
71.375801
-176.033203
2.751002
136.051880
-125.341438
71.887024
-169.974091
3.297100
139.234055
-121.346024
76.918312
-159.012985
4.122147
139.039856
-124.141960
77.866203
-153.247833
6.505022
138.533997
-129.202209
80.258736
-145.579407
6.581197
134.148590
-136.404480
82.428108
-138.952194
6.396661
127.209709
-146.522842
85.122658
-130.099304
7.960389
127.870071
-149.234558
87.668068
-120.783989
10.382423
128.077667
-152.665100
91.520256
-109.894218
11.490176
127.762787
-156.024307
93.738983
-101.874413
11.924157
132.508682
-150.583710
96.693176
-94.782112
11.413465
124.345650
-161.729904
98.497231
-89.375313
12.166630
128.448898
-160.226791
98.130302
-86.165779
13.215910
127.132462
-163.109085
102.142891
-76.869247
13.696026
125.485054
-165.116455
109.212654
-58.919903
16.373943
130.795822
-161.328644
110.144455
-54.012535
16.893219
132.670685
-159.642609
109.320480
-54.484604
17.661940
128.920425
-166.951080
107.121071
-57.572361
17.472576
114.917686
-189.536362
102.956673
-60.031410
17.490278
110.234550
-199.713745
99.711197
-61.859604
17.227423
104.631950
-207.516296
104.520401
-49.549873
18.226276
102.781227
-212.171539
104.459778
-46.794170
19.972395
103.481819
-215.175613
102.907852
-46.598904
20.292114
96.783806
-227.918793
100.112457
-45.542114
21.269510
94.161133
-234.264359
105.972008
-31.331770
22.646557
100.492226
-227.128067
102.374634
-36.209099
23.709248
98.826042
-234.631821
109.399338
-17.607441
25.375439
90.863091
-246.982315
113.636154
-4.850854
26.741219
88.084320
-253.592896
115.419823
3.889393
27.969135
95.479706
-244.356964
120.841637
16.290857
29.825760
97.042908
-245.751724
124.072632
26.827112
31.434547
98.493446
-245.331680
129.629089
43.474510
33.213390
107.215454
-231.995209
136.631271
60.620266
35.534573
117.779068
-219.517578
139.006638
63.610394
34.946632
104.157196
-240.937698
133.878250
59.185822
35.336090
102.675545
-246.292450
135.489716
65.871498
36.437943
98.134033
-255.011246
137.344193
73.174614
36.221218
87.869743
242.034424
142.845413
90.569275
39.082062
96.840668
253.267517
146.078537
99.519279
40.818523
98.750938
252.820663
144.646774
100.289070
40.811550
96.106277
246.717026
140.793518
96.841362
41.089428
91.641464
236.598663
143.342697
106.085861
41.890873
86.674019
226.251770
142.288589
105.673340
41.548084
75.782639
206.709198
137.625290
100.672089
40.931179
66.035492
188.937943
139.158447
109.341530
42.151585
63.674072
183.493057
142.364761
119.193283
43.616070
59.994083
174.518387
141.109482
121.339584
44.970585
57.207268
165.694458
136.782013
117.051804
44.125690
47.071194
148.394211
136.168320
120.523125
44.830036
39.616802
133.038559
134.652328
124.035202
45.467331
36.407806
124.233406
129.317413
115.753616
44.994724
42.683102
132.384644
132.138031
123.657013
46.264481
36.158360
119.232697
133.030670
132.537811
47.299816
29.405630
106.963196
127.760132
122.401741
45.315517
17.259514
86.160515
126.090187
125.186409
46.214058
12.326931
75.507851
120.198982
116.057777
44.948055
1.180205
53.884418
112.925903
104.406799
43.824207
-11.557607
29.018728
116.144554
117.429459
45.190525
-7.741360
33.169178
110.878304
108.385590
44.595612
-16.728907
14.247801
108.612915
109.389809
45.114349
-21.046726
4.127289
107.952019
110.834442
44.475986
-29.401810
-14.107980
102.384827
106.019348
43.943836
