167.978271
165.363663
141.286545
127.403427
135.948410
150.303055
145.405350
119.217331
105.996719
121.654922
140.870270
134.387360
107.940781
93.628510
112.827766
142.716156
147.433624
131.484680
121.603424
141.355743
167.876892
168.063568
145.907455
138.072189
155.186279
177.294662
175.369904
156.220551
149.147018
166.901108
189.565231
190.398865
168.217529
153.492203
162.806442
184.064026
181.349091
154.935776
142.891037
156.505402
177.997406
178.305862
155.589691
143.163559
154.590836
170.428741
162.882080
138.810867
127.557922
139.816162
159.791107
159.350143
139.167603
129.020264
142.131973
160.998627
159.729950
142.072968
137.375351
156.151886
175.340942
164.717789
127.990829
109.255066
124.361267
143.593781
140.204010
111.825699
95.440071
106.562668
127.465652
131.541534
116.919212
108.210075
121.510612
140.628326
141.936172
120.970421
110.906769
132.743164
157.266068
156.878220
130.027161
111.497391
116.565155
126.517761
124.778084
107.910744
96.880424
112.236610
137.232651
137.352280
113.719337
104.783821
118.993095
141.048355
143.323410
121.032646
112.295616
125.831116
149.100357
152.120529
131.626831
120.770859
132.235153
148.218445
146.773270
127.909828
121.599663
141.589096
163.782761
160.780304
137.668243
126.925461
143.514389
175.336655
183.307632
167.189178
157.766571
172.281082
191.927719
187.224731
158.932266
137.981522
146.434769
167.065247
166.657028
145.832352
131.554413
141.323563
162.944305
161.124695
134.813293
114.224663
126.380432
148.978577
149.941498
129.498230
122.407013
144.897339
170.533356
173.989105
164.380905
159.664505
173.177475
186.086411
176.147217
146.854279
129.026169
136.778290
158.466629
160.155350
138.622574
131.949234
151.933838
175.012100
175.852707
156.206604
143.483810
157.204910
179.539673
180.107758
153.607544
136.938141
149.393784
168.353790
164.007538
140.388535
130.103348
153.007797
181.000397
177.456665
147.058655
129.873215
147.051147
179.027908
185.536560
169.144501
153.314636
160.044846
176.798447
171.511826
144.158646
126.966232
133.847702
163.316055
165.311630
143.235977
127.354080
143.625961
167.276611
166.874283
139.699753
126.542442
141.634155
168.215378
172.722565
151.598022
146.028152
170.314484
203.149033
215.850357
200.369720
186.325653
197.629044
215.707672
212.950348
187.583618
172.758514
182.437531
197.740082
188.083572
160.654770
142.870117
153.853226
182.467575
185.303207
162.594543
144.852814
152.148956
170.771530
171.091782
152.636581
144.122177
161.094650
178.930817
175.325928
151.941879
133.215775
143.298737
161.599991
159.109283
139.304398
127.761772
139.220703
165.443054
173.535278
159.285782
152.041122
162.634247
175.464859
168.240067
146.538315
138.040527
154.813461
176.658981
178.572464
162.695404
154.966339
171.465149
189.139832
182.951447
157.209747
142.871185
156.608398
178.630936
176.854248
149.827240
135.377640
144.764832
163.297287
159.703125
127.849747
106.769196
119.298866
144.425262
146.813507
125.937332
114.279915
122.470848
137.409683
135.166275
109.646667
88.582741
95.179901
115.559334
114.283669
91.085777
80.113930
94.002945
120.226372
123.701447
100.114098
87.347313
93.439682
110.015205
109.682610
91.544434
82.931320
97.353569
115.210640
107.471931
81.367592
66.548927
82.033859
108.662834
114.862495
100.335114
93.543755
114.468208
139.069962
139.749100
123.332375
113.326126
124.789886
143.946228
145.108154
115.331345
90.067070
97.055847
115.879585
118.514587
96.651367
79.757195
92.201035
121.083611
125.619759
101.671387
90.942543
103.634232
128.584671
132.440079
111.684608
103.761902
117.493202
141.711945
147.233536
125.475456
107.286324
113.538017
129.993912
122.582962
106.333069
103.988281
119.728020
144.585129
146.532410
126.660454
114.106110
125.337051
148.055908
154.621414
138.843048
125.444878
134.383606
158.558365
159.813095
134.905029
119.667404
130.374237
151.876434
159.148987
139.871948
121.789032
132.715805
151.115768
148.592346
125.860085
112.816505
127.182419
148.080048
148.178741
124.387550
110.194916
122.895706
143.993958
146.985168
124.657387
111.824089
123.089897
145.051834
149.527893
129.272385
115.769615
126.278511
146.657928
136.756821
104.477516
86.588783
98.169495
118.349365
118.727554
97.510742
83.454887
93.805534
117.537727
126.159424
109.723381
98.196320
108.307175
129.732117
132.262512
111.018349
95.401985
107.940781
136.644180
145.413925
133.280685
124.478745
136.602341
155.350967
153.017990
132.765167
120.977394
133.576263
159.049744
163.893280
140.367081
124.647194
141.082687
164.828827
164.232300
138.487396
122.217644
135.211868
159.147369
164.904999
144.475693
129.444595
138.173035
158.497742
163.384720
143.672104
130.541077
144.209610
168.878967
179.141632
165.261734
159.208527
173.968719
192.488312
192.362793
167.702545
153.096313
166.069077
184.531265
186.439926
171.251114
158.849106
168.285126
189.879044
193.158340
183.244873
181.863541
195.051971
213.800613
209.935547
185.089157
168.674576
176.744278
195.674240
195.184479
168.950317
155.669083
174.197250
197.924622
195.466644
174.161850
164.377686
177.011429
203.208038
208.172806
191.679352
184.442749
194.087982
211.708496
210.281555
189.094772
177.073654
185.748978
204.162369
203.416718
180.222565
162.584885
168.555496
181.991745
177.161621
153.577499
140.378342
154.321548
171.606232
163.183029
137.514816
124.991051
135.224213
159.209595
166.795959
151.893600
140.172348
150.651749
179.235504
188.357162
173.369522
161.014725
167.773895
184.120346
180.563202
157.614761
141.240952
148.376694
166.042252
170.040894
155.961975
147.564514
159.060471
178.694778
177.758682
154.117157
138.304459
151.842651
174.376953
171.356247
148.924408
133.140671
139.871948
163.883621
172.776749
150.281067
129.373245
133.971619
157.350830
167.123184
148.803696
132.764099
134.680267
151.495560
148.860031
126.135284
113.975220
124.913803
142.985458
144.581375
128.652802
117.282379
119.687790
139.061920
144.242340
126.378288
115.972389
130.174149
150.097061
150.760635
129.270782
117.000214
129.022415
148.628281
146.286713
121.159782
101.315193
105.003227
119.623947
115.079216
87.969048
66.673920
69.605576
84.338409
85.115181
67.288681
57.257217
72.685822
97.510742
101.819443
82.187813
68.519814
80.419701
102.609085
98.959679
66.771011
45.813839
54.536385
79.770607
86.874710
72.207848
64.689079
76.326653
99.712837
109.367722
99.338402
92.021866
106.434456
130.590424
136.265991
118.801582
109.155823
121.506859
140.806427
141.680298
118.480255
88.994728
81.740425
88.876709
83.016617
59.276920
45.509140
61.223133
88.307007
94.939034
77.086792
61.183971
69.703743
86.435364
80.960434
54.121716
31.805733
36.308624
58.215839
64.609688
49.758297
39.832512
54.532093
79.011009
80.745323
63.007874
56.155365
70.815788
93.214912
99.609840
84.640427
76.382980
91.309471
118.811775
122.555069
106.422119
100.985817
115.993851
140.490463
142.422195
125.350464
114.491814
126.443733
151.318542
156.737137
136.876450
122.856010
128.431793
145.437531
146.478226
127.076736
116.860199
128.167862
145.533020
144.852264
122.846893
106.983238
114.386131
134.929169
136.379715
117.835449
102.965820
110.121422
132.968475
136.396347
111.782784
95.501762
105.628723
129.226791
134.864792
118.064514
106.174820
119.981216
146.141876
151.263290
131.356476
115.629066
125.941086
151.366821
156.346069
136.434967
118.711998
120.312744
133.218994
131.699249
113.210251
100.925735
109.501831
129.199432
130.844696
112.601929
100.623184
111.840179
137.721344
144.499298
124.052811
107.470863
116.665474
142.019318
148.244736
129.041183
115.494423
128.214523
156.566544
160.322723
139.736755
122.880692
125.010361
144.196198
149.538620
130.449875
119.796150
134.261841
159.306152
159.420425
138.248672
125.062935
134.220535
154.721191
155.561798
135.980591
122.549706
132.147720
152.972931
153.461090
131.216461
112.449043
116.079140
133.366516
131.696579
109.646667
96.176613
105.895332
127.319748
132.688995
114.607147
104.437286
114.916672
139.389145
144.724594
128.300903
117.281311
124.617149
142.343872
140.486176
118.420174
107.614624
122.699371
149.951157
152.418777
133.369736
120.252121
129.330872
151.704773
158.456970
137.096390
121.850723
130.798569
149.305283
150.736496
131.822632
120.699516
134.578339
155.534439
153.913849
129.647903
112.999428
120.832016
143.404419
148.448578
132.014145
119.304764
125.780693
142.762299
141.323563
117.194405
99.843193
111.652962
135.082062
141.711945
125.362808
110.122490
118.399788
134.112167
140.238342
130.167175
120.895317
132.462616
151.459625
150.525146
129.103409
113.697876
122.515373
141.493073
145.302887
131.608597
122.606033
135.033234
158.900070
164.713486
146.494324
130.238525
136.273499
153.996460
154.553284
132.465286
120.801437
133.028564
154.328522
151.722488
128.416229
112.226418
121.441414
145.033051
149.763931
130.540009
115.391960
124.382729
144.834564
144.557236
123.387627
109.461594
119.399178
140.653549
142.752106
123.997559
112.353554
125.140182
142.654999
138.536209
114.621094
100.272346
111.682465
134.905029
139.616592
123.846283
114.970856
127.249474
147.802704
149.667374
128.366882
110.792511
119.807953
142.571854
146.182114
125.849892
114.013306
128.491867
152.607071
153.752914
132.705078
117.329056
126.903999
146.334991
149.648056
131.808151
119.460869
132.831680
156.587479
159.675232
140.384247
126.298897
134.362686
151.187119
146.889679
121.475212
102.938461
108.359207
127.595474
129.291702
111.657791
100.269127
110.423973
132.141281
136.219315
120.957542
109.321045
117.027039
135.209198
135.416260
114.655426
99.231117
107.496613
128.676941
130.968628
113.564842
104.189980
116.326981
139.613388
144.473541
131.230408
121.119011
130.102264
149.768219
152.566849
134.103058
120.380867
127.559532
146.845688
147.364960
126.640610
112.303665
124.115044
149.144882
153.681030
133.611664
121.528320
134.258087
153.248123
155.442169
138.419800
125.345100
134.583160
154.793610
157.092270
138.094177
127.489258
138.858612
159.940231
167.255157
150.116379
136.379166
144.632874
156.513977
149.608368
122.721367
105.249992
118.308594
143.126541
145.530334
123.342567
106.477371
112.705460
132.628906
134.836899
117.780739
105.702751
114.423683
133.911545
136.167816
117.316711
103.304321
113.812141
134.770920
139.449768
117.793610
98.903351
102.688484
119.260780
121.838379
104.914177
94.064102
106.662445
133.474884
137.927338
119.088043
108.413925
119.480721
140.603653
142.909821
121.872177
107.398438
116.577499
138.670853
141.848740
126.486115
115.780884
118.510834
130.081879
129.793808
112.529510
101.481491
114.876442
138.540497
144.237503
132.381607
123.175194
136.273499
154.656281
153.338776
133.637421
120.483864
132.585999
151.534195
153.950867
135.505844
122.538971
134.319778
155.833771
158.271362
137.700974
123.894562
129.928467
147.984558
146.338745
124.403648
108.381737
115.739578
137.978836
143.010666
127.608353
115.433800
122.861374
136.460709
135.368515
116.085045
99.890404
106.872192
127.828827
131.533493
111.869682
96.257080
104.652931
129.466583
135.048798
115.896217
100.109810
108.146240
124.011505
119.953865
98.531593
88.267311
99.036385
116.359703
116.862885
99.482704
87.216957
96.046257
117.264145
125.795174
111.450188
99.266518
112.552574
139.425629
139.541504
119.760742
104.163696
108.571640
121.302475
117.663254
99.814224
89.797241
100.153793
125.058640
136.206436
120.043983
103.026443
112.616943
139.590851
143.259583
123.424103
109.936348
118.853622
136.230042
135.341156
118.585938
107.690262
115.433266
134.380386
140.659439
125.597763
113.074532
116.137611
126.497375
126.453392
110.579544
100.572754
113.637260
135.969330
140.487244
124.181023
106.469864
106.675858
125.331688
135.836838
122.853333
112.360527
123.435371
142.862610
145.077042
127.420059
112.051003
117.259315
137.236938
139.639664
122.556679
110.529114
118.366531
136.636124
137.266449
116.790466
101.939072
110.582222
132.810226
139.009354
124.379509
112.472107
121.486473
140.521042
142.595993
123.246544
110.393394
123.825363
147.374084
150.835205
133.542465
123.720757
136.382935
156.269897
156.307983
135.645859
122.461731
128.704834
146.869827
150.701630
128.346497
112.250023
121.529930
141.835861
143.814255
123.741142
107.869438
114.389885
132.005020
132.128952
114.500931
100.648933
108.508339
129.605530
134.451736
119.461945
109.725525
120.214035
137.839905
138.045898
119.126671
104.568710
113.114761
132.510895
137.634979
121.596443
108.388710
115.827011
134.282761
136.550293
117.487839
103.567177
110.132149
126.980179
131.699799
116.744865
103.198639
115.187042
138.095779
138.681046
113.336319
98.363686
106.109375
124.900925
129.856583
112.900192
104.032806
120.115868
145.210083
150.717194
136.110413
127.670578
139.174576
150.978973
141.729645
115.423615
97.413651
102.988350
124.900391
129.969223
112.929153
98.483315
109.237900
131.863403
138.797989
126.434616
116.242760
125.250153
141.888428
139.042068
116.694443
102.832787
113.614731
133.335403
138.327530
125.070442
112.880875
121.498817
140.945908
142.802521
123.949280
109.678322
117.121986
137.000366
135.492966
115.534119
98.065964
103.346161
120.006432
121.893639
104.844978
90.866905
102.888573
125.739922
126.640610
106.411392
95.887466
103.863289
122.588326
125.366020
109.693336
100.524475
109.170311
128.643143
134.014542
117.151489
103.466858
114.665619
133.492050
133.192169
111.019958
95.823631
107.494461
127.657700
123.684814
102.596214
92.257896
107.666664
135.441467
143.214508
123.641899
104.228607
108.264793
127.179733
131.469116
115.485840
103.438431
115.003036
137.184906
138.260468
124.311913
115.619949
123.056107
137.941299
133.989868
113.422150
100.195641
112.682930
136.036392
139.095718
120.024673
107.543282
120.430756
138.674072
141.847656
124.937408
106.472542
113.178604
135.810013
138.372589
119.814384
109.314072
121.456970
141.857315
140.066681
116.991096
101.453590
107.510025
126.426567
129.600693
113.481155
99.856071
110.533943
131.030319
134.998367
119.557434
105.738693
115.196159
137.913940
136.954239
111.758636
90.889977
93.381744
108.240120
106.072357
86.648331
78.813057
89.941010
99.616814
95.317764
75.799332
63.317940
74.258667
99.800278
114.732140
105.160408
92.882858
101.397270
119.871246
120.349220
101.571609
89.738770
99.671532
119.541336
119.789711
103.936783
98.359932
103.614380
118.193260
116.154778
97.630371
86.988968
98.345985
118.602562
121.645264
102.868187
87.373596
95.017357
114.777733
117.084969
102.488922
94.205185
106.799232
128.320206
131.781326
122.159172
111.799950
114.930084
129.415085
129.685989
110.192764
96.491508
108.014275
131.722855
135.351349
116.491127
107.615700
121.909729
143.418365
144.545959
124.662750
112.473717
119.932938
137.094788
140.351532
131.380066
123.102776
134.052628
156.747864
159.275589
140.558594
128.179657
137.260544
154.824188
155.142303
134.620178
119.040840
125.468483
145.945007
149.477478
128.778870
112.159363
121.129204
141.282791
139.637527
117.527534
106.724136
117.687393
133.168030
129.586746
115.407516
103.805893
104.365936
121.413521
123.156418
101.180008
86.862907
97.060135
112.602463
109.317291
91.268166
80.581711
92.890900
118.693756
124.641289
104.838539
91.046616
103.159477
121.540657
122.969200
110.317223
103.028053
117.303299
139.430984
138.961609
118.486694
99.847488
103.069359
116.389206
113.672668
93.195061
82.053169
95.295769
116.122597
116.861809
96.100975
84.041756
98.748856
120.679665
121.076637
102.494293
89.482887
100.637131
124.174049
131.129013
108.244408
92.091606
100.949341
121.353973
122.312057
100.811470
85.267525
96.019440
119.872322
125.934654
109.955124
98.811081
109.540993
130.383896
133.865402
116.801193
105.600288
114.242363
130.678406
130.755661
112.350334
99.633446
109.504509
130.695038
134.592285
119.762886
116.479324
133.753830
157.626022
160.108139
137.435959
121.174805
131.500229
150.226883
146.258286
126.336983
114.854980
120.467239
132.831680
130.868301
109.697098
96.396553
107.428482
128.364731
136.089493
126.859474
118.626701
123.779228
137.527695
139.140244
124.365021
114.711754
125.675552
146.313004
148.628815
130.533035
119.727486
131.453568
156.474289
168.702469
154.532898
144.880173
158.880219
180.625427
183.233612
163.632568
146.292084
147.168625
160.059860
159.582428
142.728500
133.148727
143.932266
163.013504
162.635849
144.805603
135.946808
148.928696
169.324753
169.118759
146.840866
129.712280
136.894150
155.302155
153.425690
129.529343
115.212791
126.967834
147.464737
148.046249
127.751045
113.953758
119.645943
133.483459
131.169785
110.679321
98.340622
113.080971
141.078400
149.555786
133.981812
121.847504
128.577164
141.752182
143.089523
125.470093
111.604141
120.260170
137.431671
132.500168
108.333458
91.616318
99.966042
121.527245
125.075806
112.973679
104.947975
118.524780
140.869720
144.102325
124.974419
115.322220
129.635025
151.584610
154.863892
136.020828
124.093048
135.999908
157.667328
164.645370
148.438385
135.858292
145.303955
167.331863
169.576874
148.187332
134.797745
143.534775
159.337814
156.737671
134.113235
115.445602
116.755592
136.031021
139.891251
119.917381
104.735542
112.336922
130.618866
129.721390
111.473793
101.855927
112.377693
130.581314
134.188339
114.517563
102.117172
117.456726
142.648575
142.982239
121.540657
108.353310
118.049492
137.807175
141.457672
120.887810
105.546646
117.285065
134.472656
136.510071
121.307304
110.175598
119.438881
141.187836
149.032761
134.126648
122.438126
129.094299
141.890045
136.673141
116.027641
103.287155
110.050072
127.800934
130.587753
113.132469
101.873093
114.620018
133.343445
134.212479
117.664330
110.666443
125.418060
147.620316
150.671585
132.941650
121.514908
133.118149
153.551208
153.343613
135.148575
124.378967
135.533203
158.613083
163.202332
145.918182
136.480026
148.929764
168.895050
169.835434
148.871292
133.645996
141.299423
157.714005
159.555069
141.280640
126.141716
136.640961
160.816772
165.816422
146.323196
132.866013
141.894333
161.095734
162.426102
142.059555
127.413086
134.413651
151.275620
150.209183
134.628769
128.158737
142.479050
167.914978
172.965042
149.858887
129.897354
136.361465
152.812531
152.096375
136.784180
124.584961
131.000809
150.770294
149.999969
128.843246
118.870789
130.180588
146.146164
143.814789
121.109894
113.593811
128.048233
147.015198
148.615952
132.505524
121.914017
135.244064
157.234421
160.879013
143.822296
133.323593
145.955200
166.203186
167.478317
149.779495
138.539963
147.214218
165.250473
164.793961
144.470856
130.168243
138.626328
156.620193
157.362091
135.686630
122.577599
130.388733
147.586517
147.138046
126.003319
114.271873
127.113213
150.202209
155.182526
139.410599
132.172928
145.385498
164.583679
164.420059
145.039490
131.541000
138.965897
153.337173
153.048569
136.636124
127.521446
141.446396
164.940414
168.139740
148.948547
136.069107
143.902237
162.070984
165.247253
149.017212
140.588089
151.808853
169.189560
169.623550
148.945862
134.406143
139.507706
155.434128
155.281769
138.358109
133.752213
148.235611
165.112610
165.609344
148.186798
139.004517
150.019272
166.336227
163.236664
145.690735
140.238342
156.659897
176.434204
174.063141
151.358231
140.022156
149.429733
168.449814
168.518478
150.483841
143.202713
155.538727
172.526764
169.650360
149.971542
139.676147
150.413559
168.392944
166.063187
146.095200
134.923813
147.227097
164.434006
160.669800
141.430313
132.999588
144.985306
165.664597
167.087250
150.080963
141.409393
150.976822
166.828140
164.955963
146.353775
136.912399
149.619095
167.499771
165.971451
146.653107
136.101837
148.331635
168.325897
168.508820
150.180740
141.222168
155.033936
175.201996
176.383255
158.428009
148.717865
161.815094
183.508804
189.516953
177.575226
173.756287
189.048096
209.386780
208.660431
186.520920
172.620651
181.415604
196.949371
195.926910
178.774704
166.271317
169.569901
179.967758
176.154190
151.783096
137.468689
147.026474
164.584747
165.142105
146.782928
135.571289
145.505127
161.046921
164.848145
149.415253
138.388687
146.984634
164.697937
165.833054
147.703461
138.256180
149.735504
168.078049
168.756653
148.598251
138.485779
150.452194
168.552811
168.086105
149.826691
141.126678
154.181534
174.136093
178.620743
163.256516
149.969391
154.543625
167.343674
162.896027
139.575836
124.937408
132.391266
149.692047
148.983948
129.983185
119.737137
132.063492
150.111008
149.703308
130.480453
122.044914
138.729324
160.131210
160.225082
142.830963
135.955917
152.749771
176.860138
178.183548
159.120544
145.228317
152.462234
166.323349
162.436295
141.246841
131.950851
147.522141
164.435623
162.364944
142.510696
129.806152
139.729782
158.733246
159.272903
140.930878
131.593033
144.078186
160.045914
156.729630
139.957245
132.079590
143.725739
162.611710
161.657379
141.993576
133.338623
144.170990
161.684204
161.926147
141.062317
130.376923
141.408859
161.162247
161.932571
144.483734
132.819351
144.953659
164.423813
164.632492
145.139801
135.739731
149.190475
166.849609
163.455002
143.625427
132.917511
143.845901
161.820999
160.698227
142.984924
134.828323
144.309921
160.186996
158.980545
138.581802
127.219963
139.504486
159.311523
161.123093
147.576324
139.535599
149.329422
167.792664
167.538925
147.789825
136.990723
149.504288
168.162811
167.523376
148.016739
138.010498
148.210403
164.358368
162.488327
144.597992
135.677505
149.798264
169.298462
167.826462
146.952972
137.153793
148.563919
165.226334
163.760239
146.780777
142.876556
160.877930
183.198746
181.917175
161.941162
151.186035
164.579376
182.227249
180.253677
162.001236
152.259995
163.917419
180.660828
179.188843
160.754013
151.515945
163.398132
181.516998
181.776093
162.900314
153.162827
166.330872
183.627899
180.720383
160.383331
149.878738
160.700912
178.311218
178.823517
160.300186
147.476013
156.273651
173.709091
172.639420
155.384766
148.321442
160.478821
180.593781
179.929672
160.536758
150.260147
161.402039
180.130829
182.071136
165.263351
156.160995
167.445053
183.242188
181.309387
161.482498
152.181137
165.255295
182.036270
179.842758
158.340027
145.398911
155.906723
174.034164
173.134018
155.794083
148.432480
161.565659
179.254822
180.213974
162.897644
156.382553
165.830368
180.716095
180.408707
161.675629
149.513412
159.000931
175.033554
173.128113
155.180923
147.238358
162.444351
179.833099
176.489456
156.015625
145.887070
155.982895
167.811981
163.690506
145.668198
137.174179
148.915817
165.402817
166.076050
147.580612
136.852310
148.066101
165.447342
161.045303
137.865646
124.696007
133.884186
150.630829
148.310181
129.869995
122.601738
138.392975
158.988586
159.862991
142.336899
133.558029
145.924088
162.641220
161.259888
143.500977
134.398087
144.621063
159.889267
154.518417
133.075226
123.248154
134.376099
152.545914
150.843246
129.930603
119.024208
130.637100
150.000504
153.760956
137.656982
129.516479
141.428696
157.569168
154.972778
134.500015
125.899780
140.847198
159.512695
158.410309
139.907349
132.210480
144.206390
161.671875
157.608322
132.047943
118.469528
126.013512
141.299423
140.981308
125.048447
120.011795
136.461243
157.394821
157.085297
141.306931
136.537964
152.556656
171.207657
169.585464
150.172699
140.782822
153.772766
171.002197
168.413864
147.586517
137.231583
146.519531
160.265854
156.363235
135.628159
123.409081
131.244888
143.867371
141.146530
123.837166
117.499107
132.827927
151.018127
150.915131
133.085419
127.634102
141.584274
157.967743
155.469528
138.308762
129.716034
140.475449
156.496811
153.969635
136.067505
128.752045
144.118423
162.992584
162.233521
144.082474
134.471588
148.041412
166.400070
164.193680
149.914673
144.847443
157.577209
173.525085
170.147644
151.594803
145.080795
159.385559
177.394974
173.901138
151.707458
140.994720
155.009262
173.738052
172.970398
156.379868
145.416611
152.299164
161.657913
154.793076
136.762726
132.351563
148.177673
165.891525
162.809128
142.796097
133.653519
148.799942
166.501450
163.220581
145.024475
140.714157
155.815002
171.375031
169.173477
150.391571
142.247314
155.647095
176.792557
176.819382
159.176346
153.509369
163.157806
174.151657
166.174225
141.152969
127.402893
136.909714
154.027039
153.366669
136.513290
128.259598
141.447479
161.300644
158.608246
141.321411
138.314651
155.156250
174.383926
172.892624
153.894531
146.008301
158.476822
175.307678
174.909637
158.218796
148.500610
158.286377
175.856995
174.796982
157.574524
150.822327
163.714096
180.506882
178.731796
160.765274
154.171341
167.348495
183.886993
184.771057
171.111633
167.102798
182.659622
198.758789
192.164841
169.694885
157.349762
165.594864
177.858994
172.727936
151.681717
140.835388
152.244446
167.186493
165.378677
149.584229
145.660156
159.806122
174.396271
170.097229
151.186035
144.851730
161.375214
179.118561
173.936539
153.404221
145.309326
158.421036
172.800888
170.280685
149.985489
137.319016
147.290405
161.207840
157.533752
142.557373
141.305862
159.397354
175.369370
170.150330
153.155853
151.210709
165.498306
179.084229
174.655899
150.912994
137.990112
152.722412
169.448669
164.217285
141.332672
130.928925
142.799850
159.798080
160.906372
145.791580
138.962677
154.665405
173.711761
172.327209
157.055252
151.306732
161.830124
176.410599
172.740265
155.191650
149.159363
159.239105
172.755829
169.805405
151.192474
144.358215
154.014694
165.108307
159.229980
141.740372
136.797058
153.702484
171.579407
169.744247
152.272339
144.729431
156.287598
172.344376
167.431107
141.178711
126.307480
135.024658
151.268646
150.087402
132.771072
127.943092
143.169449
161.521667
159.874252
140.477051
132.156296
143.909210
158.625946
154.402008
136.646851
129.451035
141.163696
155.214188
154.038300
138.740051
131.539932
145.945541
160.758850
156.113800
136.126511
125.847214
137.396805
150.124954
144.787369
125.831116
118.870247
134.054764
153.438553
150.443069
131.157990
122.113579
134.272568
148.214157
143.199493
122.781448
113.713974
125.495308
140.428772
135.695740
117.815071
107.993889
117.978683
136.993942
139.644501
120.548775
112.093918
124.808662
142.487106
145.104401
128.563217
118.434662
128.477921
141.331070
136.593216
119.696907
113.137299
126.898102
142.487106
137.058838
115.976143
110.238899
123.351685
138.572678
136.983749
120.907120
117.166512
137.845810
162.544128
168.168182
155.486694
147.022720
155.818222
166.579239
160.015335
140.853638
136.373810
149.930771
166.247711
163.586426
142.067062
130.132309
141.090210
156.380936
151.685471
133.088638
127.905540
142.703293
159.813095
156.383621
138.402100
132.200821
147.546280
163.975891
159.039017
140.114960
135.012863
150.604004
168.676193
165.952133
147.258209
140.183624
156.777374
174.089417
173.512207
156.195328
149.608368
163.031754
177.261398
173.159225
154.274338
144.289001
157.371750
172.617966
169.073685
149.800415
142.413605
154.761963
172.009094
168.740021
147.662689
137.549683
151.953156
171.085892
171.473740
158.532074
154.076385
166.387192
181.816864
175.392441
151.887177
140.648712
153.091476
170.142288
166.167252
147.773727
141.449615
154.908417
169.623550
163.929214
143.524048
134.944733
149.964569
166.383972
162.710953
142.922684
134.022583
147.584366
164.394302
160.177872
138.715912
132.810226
149.244659
166.358765
164.009674
149.621780
146.409027
159.824905
175.939606
171.114853
153.667618
147.920715
161.177261
179.444183
176.910568
157.556824
150.686615
165.236526
180.856644
179.147537
159.211212
150.909241
161.595688
172.312195
163.762375
143.673172
134.844955
147.360672
161.274368
156.179779
138.467010
132.386444
145.213303
155.232956
149.347122
129.576019
119.447464
132.237839
143.904373
138.292130
124.755554
120.638359
133.954987
151.989090
146.600540
129.658096
126.815491
140.867584
158.760605
158.618973
140.122467
133.974304
148.329483
161.065689
155.845032
137.922516
133.320389
146.253998
158.962296
154.199234
132.832764
123.994339
137.448837
152.759430
150.671051
135.667847
130.693420
144.049225
160.810349
157.002136
137.379639
133.935150
151.747162
168.402603
165.908142
153.409592
149.360535
161.254517
176.614990
171.938293
151.964417
141.086990
148.155685
160.695007
156.213577
137.479950
133.879898
153.689621
172.835754
172.725784
157.390518
152.047028
165.903854
178.526871
172.089569
153.304443
146.908997
161.838165
179.098709
177.232971
162.821457
161.214813
178.384720
195.165161
189.600632
168.493805
160.472382
172.268204
184.515167
181.102859
164.718323
158.916702
171.565460
185.479156
178.367538
156.700119
148.559616
160.835556
172.746170
166.505203
147.231384
140.810181
155.279099
171.954926
168.486282
147.487274
140.014633
153.556580
166.520767
159.746048
139.789871
132.643936
149.645920
165.062180
159.872635
142.695770
140.944824
156.201233
169.666458
162.841843
143.077179
136.517044
150.295013
165.082031
160.342560
140.813934
134.142746
148.023178
163.240967
159.089981
140.513000
133.486145
145.723984
159.388229
156.262390
140.387466
136.265991
151.435486
169.669678
169.950241
151.859268
142.991348
156.478043
170.418549
163.232910
143.355057
138.168213
152.351730
166.315842
163.994125
148.609512
146.229858
161.812958
177.481339
173.754150
154.671295
148.073074
158.747192
171.781647
167.758865
149.525757
143.713943
157.016083
173.005814
172.012314
156.583176
151.451035
163.148163
173.509537
166.422058
145.646744
139.410599
158.459122
177.511917
174.783585
157.679138
152.344223
166.282043
182.846832
180.519745
163.382050
158.444641
172.357788
190.097916
188.049240
167.265884
160.150513
174.542175
191.816681
186.936127
165.439835
156.776840
167.787842
183.186401
181.704758
167.507278
166.359833
181.580826
193.323563
186.037048
165.332550
158.715530
174.471375
190.930481
187.946793
170.173401
166.511108
180.087921
192.778534
185.166946
163.453384
154.703491
165.807831
178.059097
170.682480
150.263367
143.859314
156.475891
168.485214
160.690186
139.805420
133.195389
149.908234
166.677948
164.374466
147.938416
142.770340
154.554352
167.271240
162.039871
144.001480
137.832397
150.850235
163.899170
156.453369
136.138840
130.119965
146.132751
159.948288
152.791077
132.892838
126.918488
145.140335
164.391098
167.057739
151.792755
144.672028
158.091125
172.864731
170.129944
154.278091
150.785858
165.909760
182.124252
179.415756
162.239426
156.554214
170.010315
182.265869
177.491531
164.599762
161.051208
172.359390
182.449326
173.478409
151.210175
143.286942
157.745651
173.751465
172.583099
157.491913
149.981186
158.253662
166.015442
157.501038
139.003448
134.486069
147.435776
158.197876
153.550140
134.177612
125.691643
140.344009
156.982300
150.528366
129.311554
123.732559
137.026123
151.996597
148.560699
129.398453
123.213280
138.241165
152.591522
148.806381
132.991013
129.159744
145.366180
159.643585
154.263611
137.567932
134.629837
150.024643
165.689819
163.041397
148.063950
143.128143
158.438202
173.090561
168.001343
153.662796
153.913849
172.171112
185.738251
178.855713
159.301331
150.936600
160.184845
172.107269
165.697861
143.472000
136.723038
151.478394
165.980026
160.839310
145.116745
141.180328
154.307602
165.858795
156.819748
137.007339
133.786011
151.886093
168.660095
167.180588
151.313171
147.360138
160.871490
173.862503
166.822784
148.176605
145.077042
155.444855
165.070221
156.841202
136.160309
127.568649
140.231903
155.058609
149.125565
128.800323
123.942841
139.378418
153.680496
148.531189
131.204651
128.081497
146.427795
163.952820
161.992126
144.570099
137.890869
150.060593
161.317810
155.143372
135.704330
130.133911
145.939102
159.751938
153.678879
134.545609
131.412262
149.381989
167.767990
167.729904
150.445221
146.285110
162.868668
178.761292
173.229507
154.116089
147.895508
158.871643
171.672211
166.645218
149.438309
146.643448
165.512253
179.697388
174.322769
156.667938
151.980515
165.843781
179.769272
173.353424
153.388138
146.199814
159.851715
173.939224
170.986099
155.519958
153.404770
168.909012
182.064697
173.110947
153.138153
147.388565
164.220505
178.356812
171.184052
151.841568
146.149918
159.830261
173.362015
166.861938
149.146484
144.138809
158.073959
174.482635
171.594971
153.442307
149.097137
165.399063
179.930740
170.382080
149.211395
145.778702
161.861771
177.416428
170.117065
152.235855
147.052216
159.623734
176.884827
176.394516
162.021622
160.525497
174.813080
189.035767
183.094666
163.264557
157.148056
169.553268
182.323807
173.375961
153.364532
152.762100
172.880814
188.633438
185.099350
164.553101
157.459732
169.554886
181.378052
173.523483
154.173477
148.029083
162.134277
177.321487
171.978531
152.332413
147.740479
162.107452
175.064133
165.955353
144.448334
135.706482
149.096069
163.746826
154.232498
132.552734
126.972130
143.474152
156.820282
151.387207
134.912537
129.749832
143.982697
157.421646
149.827240
127.669502
123.000854
140.392288
153.317322
147.060806
128.366882
127.773041
142.678070
150.507446
140.102081
119.994095
117.346222
134.310654
148.963028
142.614777
123.865059
119.050491
134.608917
151.306732
149.219437
130.775497
124.445488
137.671463
149.677032
143.583588
123.914413
119.973175
135.527298
144.776627
137.056168
119.912552
117.366066
135.251038
151.264893
145.057190
125.587036
121.888268
140.621887
157.393738
153.396179
137.605484
130.371567
141.769333
153.893997
147.758179
129.188705
124.390236
139.586563
157.156631
151.660248
128.542297
117.565620
127.395920
142.081543
137.021835
118.429291
113.165726
128.883469
143.670486
139.448700
121.824432
119.304764
139.477661
152.742798
140.595062
118.116547
114.734283
133.058060
151.162979
144.720306
122.931648
116.368820
133.269424
147.423431
140.733475
117.512512
107.138802
122.465485
137.032028
132.533417
115.442383
113.144806
127.024704
140.254425
134.683487
116.494888
111.730209
125.522125
135.509064
126.799393
110.171310
110.216370
126.100410
138.312515
134.281693
115.553963
109.306564
127.438301
140.092957
127.137352
102.667564
97.101974
117.722267
135.934998
131.389725
112.551498
111.031761
129.545975
143.827133
138.832855
118.574135
115.109253
130.335617
141.685654
134.929169
116.311424
113.205421
129.352325
142.278427
134.905029
114.606071
110.906769
124.274361
132.948624
123.811951
102.591919
95.786079
109.797943
122.477821
117.498566
101.932098
101.970184
121.789032
134.756973
129.576553
111.889534
109.252380
125.033966
136.946732
129.267563
108.352234
100.483170
116.022278
127.977959
118.676056
97.265594
92.495010
108.223488
122.192436
117.193871
102.144531
99.150116
111.683540
126.571945
121.194115
100.147354
92.692421
108.837715
125.603134
122.750870
105.837395
100.989571
114.173164
127.452782
118.187363
97.755898
91.067001
103.282860
111.467354
99.621109
78.057747
73.467415
92.493935
110.425049
108.085083
93.072220
91.136734
105.368546
117.789856
112.752129
97.370201
95.405739
111.696953
125.824142
119.642723
101.482025
97.973160
112.594955
126.367020
121.240250
103.739906
99.290123
112.888390
123.857552
117.084969
100.326530
101.594139
117.514664
126.861626
118.680351
98.744560
94.115601
108.296982
122.678986
117.690613
99.965500
96.563927
113.401222
126.246857
121.389381
104.431381
98.826103
114.003113
130.468658
125.939476
108.270157
103.071503
116.329659
129.818497
122.633926
102.132195
96.441078
110.691124
124.830658
120.000534
101.770096
98.904961
114.540092
126.930290
119.251122
101.483635
99.667244
117.445457
130.890839
124.688499
105.541283
101.316261
117.960442
135.185593
130.605988
112.395393
109.098961
126.240959
141.775238
138.966965
125.386406
123.166077
140.122467
154.889633
151.047638
133.121368
128.642075
144.988525
159.577057
153.573746
132.010925
123.277115
136.980530
148.066101
136.799210
115.665009
109.517921
123.520660
136.900055
132.667526
117.351585
113.167870
127.037041
139.583878
134.356247
119.020454
114.733208
129.542755
142.416824
135.433960
114.663475
106.504730
119.648628
134.304214
129.612503
112.191551
111.843933
134.632523
150.289108
143.862000
125.543587
120.350296
135.627625
150.777802
142.207077
119.101456
112.468887
125.165390
136.114166
130.319534
116.506149
115.820580
131.659027
149.818115
150.859879
139.584946
143.091141
163.710342
169.537720
153.036224
129.706909
123.469162
139.087662
153.320007
145.924088
126.245255
119.838524
130.418228
141.927048
137.737442
124.345177
119.114868
130.426285
139.377884
129.724075
111.691582
110.998505
126.629883
139.733002
134.274170
114.193550
107.404877
123.402107
141.674393
138.560349
119.166901
114.852837
131.451950
144.126999
139.296875
126.053741
124.008827
138.721283
150.998291
144.120560
130.862411
132.658417
150.809464
163.010284
153.037308
132.182053
124.110214
130.240677
138.096329
130.927856
111.848763
106.807816
117.835991
128.753113
121.964447
103.119247
99.112022
111.696953
124.624664
123.267464
108.723991
103.136948
115.765327
126.726440
117.321541
97.992470
94.933670
109.872513
121.090584
114.949394
99.871094
102.780212
129.167252
148.181961
139.515747
115.481544
108.898872
122.590469
136.878601
133.409973
117.277016
116.519562
129.046021
141.930817
136.243454
119.794540
116.196091
129.400604
142.340652
135.634598
118.753304
119.706558
133.347748
144.203720
136.676895
116.249733
110.935204
126.308014
141.697464
139.384857
120.295036
115.541092
129.085175
140.067749
131.056061
113.438240
109.711578
123.784058
134.572968
126.383652
112.466743
114.042274
128.298218
138.624725
133.868622
124.247009
128.463974
145.340973
156.402405
143.469330
116.449821
107.355530
120.188820
130.693420
125.379974
107.960632
102.660583
116.012085
127.984398
122.546486
107.967606
107.066383
119.991409
130.051300
124.586037
109.855347
108.814651
128.468262
145.861862
139.982452
120.711853
116.734138
133.689987
149.390030
143.316437
123.681061
122.770721
144.155975
157.790710
148.164795
130.764771
127.480675
139.973877
146.863388
136.134018
117.244293
117.038834
136.350204
150.521927
145.180038
128.562149
123.595230
131.661697
135.658188
127.589035
109.257210
103.721672
117.340851
135.626541
138.419800
122.275047
117.718506
132.506607
142.121246
130.755661
105.569176
98.358322
111.038200
121.592155
118.119766
104.527939
102.471222
117.163292
131.381683
127.197433
112.350876
114.550285
127.244644
136.630234
129.845856
114.402222
114.473572
130.439148
138.506165
130.290024
113.118523
111.500610
130.676254
152.264282
150.429657
128.832504
118.455582
126.941551
136.464462
128.864166
110.273232
103.423943
117.152565
132.614426
127.994049
108.485809
105.986526
120.865814
129.130234
122.445633
104.705505
99.313187
112.442604
125.436836
120.864738
108.396225
104.810646
118.689468
131.895599
123.563576
104.658836
102.347839
118.854691
133.150864
126.761841
109.004547
106.362038
118.004967
129.703156
124.038864
106.642593
106.750420
124.649338
138.898834
126.202339
104.729645
105.874947
123.884911
133.051620
126.916878
113.148026
110.487274
123.544800
130.706299
120.083679
99.609306
95.774811
114.282600
131.713745
125.895493
108.090454
105.170601
121.093803
130.806076
123.396210
106.032127
102.490532
117.738892
135.860977
132.015762
115.002502
113.603462
133.169647
149.895905
145.413391
125.551636
120.030571
132.277542
141.976944
136.841049
124.369850
118.869179
128.473633
140.495834
137.518036
119.852478
110.153069
116.994308
125.479752
118.629387
101.897766
101.103294
116.914383
132.227646
126.761307
107.751419
101.259399
116.818893
134.443695
132.615494
119.046204
116.917603
130.063644
141.167984
135.379776
122.275047
120.850792
134.917908
145.360275
138.061447
118.740967
113.673203
128.438232
142.776245
140.065598
122.882294
117.471748
127.009682
135.807327
128.443588
113.097061
117.032936
134.436722
145.051834
135.477417
116.113472
110.651962
117.357483
118.190575
107.077110
92.731041
94.337685
109.540993
122.092117
112.766075
92.756256
89.339653
104.429237
116.337173
108.599533
90.573471
87.824211
107.572250
124.323181
123.504036
111.378838
107.024544
116.446602
126.212524
121.585182
108.404808
106.883453
123.975563
141.890579
140.766724
126.016724
116.011551
122.511078
130.529282
119.319786
98.563248
97.444229
115.984726
130.850601
126.673332
109.976578
109.422440
126.163712
137.474594
126.903999
105.261261
101.226677
112.659325
125.699692
126.446419
113.978973
110.306496
123.129601
135.237625
130.269104
114.629677
111.009232
127.842239
144.797562
138.206299
115.927330
108.375839
117.520027
126.459831
121.199478
105.292908
101.562492
114.580322
128.195221
125.990440
110.723305
110.655182
125.705589
135.708084
124.048523
103.322556
99.083054
114.942421
132.048477
128.930145
111.266190
105.501045
116.221298
125.961472
117.462090
98.999374
97.570831
114.209641
124.669724
116.854301
102.979233
102.564568
115.739037
129.225189
129.536316
114.654892
112.232315
129.750366
144.997116
143.291763
127.202797
118.448067
127.852966
139.636444
135.851318
121.667793
124.832802
142.633011
152.559326
141.731247
120.680740
118.047882
131.335541
139.790405
131.748611
116.333954
116.238464
132.548447
151.730530
148.738251
129.034210
120.774620
132.544144
146.641846
146.108612
133.045731
126.752190
132.739944
137.312042
128.938721
111.672806
112.748909
132.536636
149.456009
146.637543
128.098663
121.969810
137.681656
153.673523
145.777100
125.529099
117.565620
130.445053
141.172287
136.484848
125.765137
124.478745
139.590851
150.697876
139.288834
114.617340
105.573463
118.402473
132.530746
129.872131
113.746696
112.587982
132.619797
149.504288
142.693634
123.215965
116.434265
127.982246
140.515671
136.681732
124.266853
124.408478
138.354889
150.621170
144.084091
125.791962
119.086433
130.662308
142.184540
132.726547
112.861031
107.607651
125.710953
143.090591
139.998016
124.164932
120.430222
134.626083
148.583755
145.431625
136.231659
139.593002
151.097534
157.276794
145.792114
124.816704
117.246437
127.903931
141.328384
137.946655
122.897316
120.692543
136.323380
152.652664
147.541992
127.303116
118.456650
129.638245
141.818161
137.747635
125.888519
125.514084
136.806183
146.038345
138.227219
117.465309
110.384277
127.067078
146.775955
146.003479
126.816559
117.035080
127.071907
135.936615
128.229019
112.199059
109.053902
122.167221
138.395126
138.891861
124.518448
119.928650
129.826538
141.202316
135.794983
115.833992
113.103500
125.209915
132.187958
121.240250
104.150284
101.940147
115.714897
128.668365
126.863235
116.402084
116.563011
128.092224
137.492828
133.091324
119.148125
120.805733
138.818909
146.675095
133.022125
110.101036
102.736229
116.458946
131.547974
129.179047
115.084579
110.362816
118.944275
125.908363
118.556969
105.834717
104.162628
118.462021
131.048019
127.894272
115.960587
116.390816
131.730362
144.273453
138.117783
118.834305
112.500000
126.379364
140.489395
137.595291
119.743042
113.937668
127.862083
142.039703
136.113098
119.604103
116.947105
135.421082
154.925034
152.326523
134.793991
128.079880
139.800598
151.730530
148.573563
130.134460
121.199478
129.150085
138.546936
132.273254
115.924644
110.191696
120.533218
130.565216
125.268929
109.980339
106.908134
122.794319
138.575363
137.111954
122.109818
121.049812
136.431747
149.356232
142.482803
119.707100
109.714798
119.235565
132.632660
130.526062
113.506371
107.402199
120.130348
133.974838
128.983246
112.167946
110.782318
125.315598
140.649246
137.998688
121.544411
119.339638
136.648468
151.713898
146.657928
128.406036
121.760063
135.606155
150.985413
146.265259
124.534004
114.101822
122.333519
130.203125
123.425713
106.787437
100.753540
114.689758
129.513260
125.845604
106.555153
100.118393
113.114227
125.421814
124.097336
110.823624
109.092522
123.502426
135.285370
130.681091
114.776123
111.876656
125.781769
136.698898
130.581314
113.627602
109.533478
121.514374
129.912903
123.769569
105.678070
103.268913
122.780907
138.229904
133.297852
114.229492
107.131828
118.118698
131.020660
127.032745
108.612411
102.489998
117.323151
131.751831
128.570724
112.310104
107.132904
119.758057
131.943329
128.619003
115.139832
111.193764
124.811882
137.560959
131.769531
112.305809
103.317192
114.087868
127.056351
126.236130
116.721802
116.821579
129.261658
136.085205
124.768967
105.119637
101.226677
116.249733
130.391953
127.295601
108.566811
103.241554
117.037766
132.815598
129.205338
110.180962
102.644493
114.377548
127.884079
128.038040
116.828018
119.010796
135.202759
146.497543
138.565704
119.375038
114.213936
126.807442
140.317734
136.514359
120.533752
115.376938
129.464981
143.379196
136.423691
117.486763
112.545067
127.141106
141.725891
136.422623
116.840355
112.703850
126.838020
138.783508
131.716965
113.705391
110.230316
122.365166
134.825104
130.465973
112.101425
106.578224
117.850471
129.144714
124.581207
106.902229
102.050117
118.218475
131.632736
126.601982
111.715729
106.505264
117.429901
132.407898
133.746323
122.004143
118.593979
128.311630
138.324844
132.365509
116.719650
115.070099
131.233093
144.942932
139.752319
122.455826
114.652206
124.767357
139.004517
136.694061
120.682884
115.384987
125.146080
133.843948
127.497307
109.313538
108.636551
124.743217
136.515961
128.606674
109.523285
104.735542
116.067879
127.089607
124.933655
112.341217
110.798943
123.654236
134.603546
128.608276
110.125710
108.539993
125.372459
137.542709
130.877960
113.205963
108.646202
120.552528
132.106415
126.515083
109.402588
108.586121
126.051598
142.072968
138.611313
120.391602
113.830917
125.995270
140.445404
137.240158
124.319427
122.617294
135.358322
143.749344
134.293488
114.743401
109.214294
121.460724
135.480103
135.860977
125.213135
120.079926
131.687454
144.439743
141.208755
123.934258
118.736137
134.701187
153.104889
149.652893
134.572433
132.624084
148.785461
163.269928
157.148056
137.321701
131.707306
145.866684
157.514450
152.387131
136.936005
133.203445
150.373337
165.657089
161.149918
144.714935
140.699142
152.187042
163.071976
156.839600
141.724274
136.652222
148.531189
162.522659
162.259277
148.989304
145.082413
154.508759
164.508575
159.809875
142.620132
135.446838
147.594025
162.552704
160.278732
140.069351
130.003021
139.510391
151.043350
145.624741
126.355225
120.375504
136.365768
153.124741
150.498856
133.089172
129.203186
145.585052
161.065689
156.568695
136.865723
129.871063
143.568573
158.552460
156.634674
141.761826
136.223068
146.518463
156.377182
151.948318
136.278320
132.646606
145.779236
160.965378
162.451859
150.362061
145.965393
156.821365
168.348953
164.820786
150.047714
145.491714
157.145905
167.917664
165.194687
153.494888
153.262070
167.326508
178.058014
170.712524
152.481552
146.285110
157.451675
169.748001
165.248856
149.556870
147.119278
162.756546
176.912720
172.832535
156.127747
146.847305
156.030106
166.978348
162.257126
145.396759
139.986740
150.803558
163.809586
159.570084
142.595993
137.115173
148.628815
160.828049
153.861282
136.111496
132.531281
146.229324
158.998779
152.693436
135.466690
134.313873
149.446899
162.622437
158.566406
138.980377
130.050232
140.096710
154.055466
153.366669
138.454132
131.019577
143.156036
157.288071
154.642868
138.555511
134.628769
147.362289
161.509857
160.111893
146.818329
143.887756
155.946426
166.819031
160.716461
142.201706
137.356567
149.040268
162.034500
155.678207
137.063141
133.397095
149.114304
163.129913
160.358658
146.657928
142.427551
156.542404
170.228119
165.294998
149.500534
149.202820
162.771576
177.128372
173.740204
157.348145
151.537415
160.256729
169.140747
160.794785
140.105301
132.872986
143.819626
156.768250
152.069565
137.297562
136.049805
154.584396
172.042358
171.526306
156.410980
150.292328
161.120407
174.285217
171.054764
156.005432
150.932297
161.490555
173.397415
168.910614
151.493423
146.002396
158.428009
173.614670
172.444687
155.730774
147.477615
155.202911
165.307327
162.156815
149.322433
146.392929
159.959015
175.024445
173.088425
155.762955
147.567734
158.439804
172.668381
170.385834
154.418106
149.200134
161.571014
173.649536
169.601013
156.211426
153.721268
168.955673
184.632645
181.823303
164.305801
158.305161
169.073685
181.002548
176.037781
159.068512
153.040512
163.878784
177.568253
176.020081
160.187531
153.119370
162.131592
170.632050
163.722687
144.973511
138.075943
149.823471
164.035431
159.991730
144.118423
138.863968
151.387741
164.392166
161.370392
146.790436
143.445190
154.813461
164.832047
155.815536
138.849487
135.147507
147.839722
162.784988
159.122696
144.561523
140.427170
151.032074
163.041397
159.591553
145.167160
141.310684
154.532898
168.786163
163.335373
144.555084
138.417648
152.089951
166.345352
162.566116
145.793198
140.980240
155.238861
167.361908
163.982315
148.944778
142.354065
152.169876
162.542511
158.350220
147.278061
146.162262
158.136719
172.155014
167.458466
149.545059
144.278809
155.920670
168.185883
160.925140
142.369614
138.348450
150.501541
161.894485
156.402939
138.749176
133.008179
143.794403
156.090195
153.582321
139.310287
134.545074
144.564743
155.166977
148.627213
131.156906
127.869598
144.609268
161.290451
160.765823
147.612808
143.769730
153.479324
165.777252
160.679993
144.225174
138.765808
149.862106
162.808044
160.155350
144.241806
140.706650
156.291351
172.455963
166.681168
147.289856
138.549622
152.159149
164.100876
159.819000
143.068604
138.098999
149.036514
158.596985
153.728241
138.216492
135.473663
148.328415
163.730728
163.370773
149.207108
144.115204
157.091721
172.788010
170.924423
155.431976
151.870544
165.171082
178.822983
176.579056
161.362335
155.826797
169.491577
184.954514
182.530869
164.669510
157.282700
170.264053
184.629974
179.585266
162.583817
156.251663
165.556244
177.315048
174.708481
159.381256
153.575348
165.077194
179.562195
174.523941
156.919525
149.644836
160.074875
171.064957
168.011536
151.759491
144.612488
154.907333
170.209335
170.216309
155.016235
151.557251
165.017120
179.477448
175.254578
159.648407
152.550217
161.354294
174.917694
175.616135
163.279587
160.833939
172.701645
188.264359
184.688446
164.213531
154.559723
167.325958
182.309860
173.326065
151.686539
146.223953
158.122238
170.835373
166.022949
150.883484
147.599396
158.813705
170.002274
165.087387
151.113617
144.573318
151.192474
161.073730
157.581497
143.292297
137.634979
144.778778
156.209824
158.403336
147.893356
140.988281
152.631210
170.081665
166.930603
150.360458
142.576157
153.241684
167.949310
167.241745
149.811142
143.358276
154.060837
163.882004
154.229813
136.342163
136.120071
147.898193
159.708496
157.896927
144.701538
140.263550
153.607544
166.933289
165.603455
151.920959
146.173523
160.180557
177.816620
176.205154
158.452148
151.658112
163.758621
175.917084
170.154083
152.097458
145.254608
154.687927
166.434402
164.916275
152.038986
147.527512
159.825974
173.821198
169.742096
150.543381
143.359360
153.524384
167.631729
166.707977
150.020889
141.361649
151.425827
165.689819
164.412018
148.083801
138.053940
146.512024
160.270142
159.173660
144.825989
138.938538
149.013992
163.835342
165.297134
152.491745
145.681610
154.742111
168.905243
164.510178
148.344513
146.155289
158.543335
170.124588
167.309875
152.725098
148.677643
161.791489
177.986130
176.680435
159.999771
153.412277
166.226257
179.687729
177.026978
161.044235
154.684708
164.355682
177.946442
177.593994
164.912506
159.195114
168.640244
175.931564
166.137741
145.992203
137.494431
149.228561
166.486435
166.756256
149.833664
140.735611
150.698410
165.525665
166.730515
152.187576
144.242340
154.038834
164.693115
161.290451
149.666840
142.972580
155.206131
169.670212
168.583389
154.751770
149.376617
160.294815
174.735306
172.455963
156.684036
149.299911
159.141464
171.797211
167.314163
150.553040
145.674637
158.929047
173.770233
172.936615
156.285995
146.400436
153.972321
165.548737
164.845993
147.955048
137.811478
148.745224
165.844849
164.745682
148.499542
143.888290
155.944809
169.326889
167.559860
153.342529
149.192093
158.481644
172.475800
172.302536
157.616898
148.926544
157.632996
171.286514
171.406677
155.205063
147.671814
159.024521
172.745636
171.218384
158.815323
155.614365
168.840347
185.512955
185.043564
169.303818
160.043228
166.635025
177.271591
173.830322
157.818604
149.284348
159.995483
175.900452
176.585480
162.521057
158.521881
170.310730
184.119278
180.544968
161.729797
153.284607
165.981110
183.068924
180.747742
165.609344
160.650482
172.032166
185.201279
178.938858
161.770035
155.568237
165.399063
176.928268
173.527771
161.317810
157.007507
169.624084
187.959122
188.613052
168.883255
155.858444
164.188858
178.989288
174.928955
157.679138
150.175919
159.827576
174.368378
170.995224
154.927719
145.764755
153.316254
167.328110
163.892731
144.191376
136.043365
147.390717
167.188095
168.503448
153.543167
148.292465
161.985153
177.603653
173.326065
155.194336
146.603210
157.064377
173.218781
171.583710
156.562256
152.283600
164.189392
179.241409
175.123154
154.540939
143.534241
151.569061
164.367493
162.025375
145.111908
138.622040
149.021500
164.674332
165.794418
149.612656
139.807571
147.495850
162.150909
166.758408
154.701340
147.881561
159.299728
176.294205
179.405029
166.017044
153.887558
157.637833
170.963043
172.342773
158.719833
150.831451
159.829193
174.231049
176.159012
161.340881
152.875290
163.747360
177.746353
176.194427
164.491409
159.983688
168.149933
178.359497
173.874313
158.018692
152.633896
165.294464
180.620605
181.946686
169.083878
160.958939
169.285583
181.312073
178.886292
162.891739
154.568298
164.127167
177.312897
177.139099
163.860550
157.651230
168.696579
182.806595
178.886292
162.217422
154.507690
163.172302
177.464172
177.029129
159.971344
148.470032
158.189285
175.473450
176.702438
162.739929
153.769012
160.983612
177.320953
179.734940
165.722000
158.343246
169.202438
184.249100
182.031982
165.590042
157.427002
164.493546
175.565704
175.534592
160.077560
151.822266
162.016800
177.011429
176.275421
162.364410
157.023605
164.685593
175.472900
172.486542
155.653534
145.412323
153.839813
168.691208
168.073227
151.535797
142.512848
152.937515
167.198822
166.127548
149.822937
141.681900
150.909241
166.003632
164.652878
147.976501
140.142853
149.005402
161.461044
158.074493
141.465714
134.467834
144.898407
160.441803
162.271606
148.686218
141.150284
151.617340
167.370483
170.946945
160.331833
155.828415
165.519760
178.537598
174.523407
156.912018
150.268723
161.752869
176.566711
172.509064
155.534973
148.204498
158.780441
175.584488
174.417725
158.190353
152.732605
163.455002
176.658981
174.786804
158.859833
151.417786
162.192215
175.454132
171.421692
155.046814
147.292542
157.953247
175.335571
175.608627
159.739075
150.634048
157.862595
169.814514
170.738800
156.740891
147.960419
157.606171
173.040146
173.916153
159.729950
150.334167
158.688171
171.681335
171.125580
156.551529
146.635406
154.587082
170.355789
172.226364
159.719223
153.130112
162.958786
178.659378
177.866516
163.685669
157.060608
163.705521
173.602341
172.073471
158.883438
151.279373
161.811340
178.415833
177.950729
161.188004
151.535263
160.046448
177.348312
180.306244
166.452637
158.284241
167.165039
183.397766
183.745377
170.047333
163.423355
172.745102
188.938675
189.279312
173.983200
164.324036
170.226501
181.308319
178.738220
163.542984
154.930405
162.302185
174.750320
173.888794
160.309311
150.877579
157.694153
170.659958
169.541473
155.379410
149.614807
160.327011
176.693848
177.145538
163.212524
156.487701
166.160278
181.768051
181.882843
166.385040
158.431763
168.522766
185.590195
185.471115
168.706223
160.892410
171.938293
186.788071
185.418533
170.517258
162.369247
168.829071
