-76.586731
-76.589951
-92.406403
-100.854294
-91.170441
-76.477295
-76.450478
-91.728874
-100.237923
-90.798149
-75.977333
-75.936562
-91.895172
-100.827469
-90.954788
-76.074966
-76.062630
-91.641434
-100.240067
-90.670471
-76.035271
-76.323341
-91.905365
-100.776512
-91.419884
-76.388786
-76.251457
-91.816849
-100.741104
-91.528244
-76.423653
-76.463882
-91.952568
-100.292641
-90.025131
-74.431847
-73.985527
-89.020912
-97.589508
-89.018234
-75.170525
-75.660294
-91.704735
-100.894524
-91.839920
-76.823303
-77.031975
-92.621513
-101.478172
-92.898315
-77.600067
-77.265869
-92.905289
-101.841881
-92.877930
-77.342041
-76.992279
-91.706345
-100.645081
-91.897316
-76.909134
-76.302414
-91.365166
-100.374710
-91.563652
-76.309929
-75.153358
-90.533684
-99.836662
-91.471916
-76.443504
-75.598068
-90.820679
-99.871529
-91.617294
-76.350159
-75.623283
-90.612541
-99.834518
-91.689713
-76.446716
-75.480591
-91.063148
-100.263138
-91.647873
-76.604973
-75.615234
-90.614685
-100.171936
-92.050735
-76.781998
-75.609871
-90.821213
-100.091476
-91.254120
-76.109833
-75.133507
-89.842743
-99.004639
-91.015404
-75.703209
-75.055725
-90.735924
-100.882721
-93.116112
-77.782463
-76.361961
-91.162392
-99.910690
-90.592690
-75.214516
-73.548325
-88.463013
-98.573875
-90.940842
-75.557838
-73.979088
-89.075630
-98.785240
-91.139862
-75.863068
-74.338501
-89.449532
-98.505753
-88.275261
-70.651543
-67.292343
-81.076210
-90.454285
-82.308952
-67.222069
-65.499016
-80.647057
-91.023987
-83.809380
-69.372658
-68.107193
-83.125954
-93.952965
-86.625168
-71.741585
-69.880669
-85.023354
-95.457680
-87.406227
-72.111732
-70.815155
-85.231491
-95.148155
-87.611145
-72.559128
-71.440643
-85.756668
-95.842308
-88.746796
-73.839615
-71.849411
-86.464233
-96.722084
-89.498352
-73.908279
-72.157333
-86.584930
-96.886230
-89.812164
-74.724739
-73.395973
-88.243073
-98.510582
-91.187607
-75.557838
-73.878235
-87.978073
-97.800331
-90.509544
-75.281570
-73.264008
-87.475960
-97.387802
-90.204308
-74.648033
-72.467934
-86.624626
-96.066010
-88.505394
-72.267838
-69.826492
-83.857124
-93.387550
-85.965340
-70.047508
-67.446297
-81.195305
-90.861984
-83.964417
-68.206970
-65.691597
-80.164795
-90.430145
-83.249878
-67.532127
-64.563995
-78.485733
-88.866959
-81.812210
-66.176544
-63.055523
-76.830276
-86.531288
-79.291473
-64.065109
-61.429031
-75.457520
-85.509369
-78.692802
-63.425133
-60.600227
-74.876015
-85.449287
-78.606438
-63.728756
-60.996124
-75.349693
-85.885414
-79.068314
-63.664921
-60.559998
-74.408775
-84.757813
-77.960556
-62.651581
-60.200581
-74.356743
-85.202522
-78.877335
-63.545296
-60.825535
-74.342262
-84.746010
-78.131683
-63.007778
-60.266563
-74.129829
-85.305519
-79.061874
-63.423523
-60.357758
-74.411995
-85.717506
-79.456161
-64.100510
-61.578163
-74.714546
-85.523315
-79.354774
-63.715347
-60.923168
-74.389999
-84.991699
-79.161652
-64.011459
-60.831970
-74.211365
-85.510437
-79.693268
-64.011459
-60.816952
-74.380882
-85.440163
-79.633720
-63.810295
-60.550877
-73.757538
-85.014771
-79.537697
-64.127335
-61.271854
-74.799309
-85.504539
-80.121346
-64.864403
-62.096901
-75.433914
-85.985191
-79.809669
-63.641853
-59.233376
-71.998009
-83.665619
-78.646667
-62.969692
-59.875496
-73.583733
-85.049637
-79.782318
-64.633736
-61.619469
-74.634621
-85.919746
-81.040268
-65.539787
-61.542755
-74.719917
-85.953545
-80.444817
-64.672897
-60.602913
-73.701210
-84.763710
-79.995285
-64.802177
-61.076054
-74.055260
-85.093628
-79.920181
-64.928780
-61.273464
-74.256432
-85.568375
-80.178749
-65.028557
-61.760551
-75.147461
-86.015236
-80.776878
-65.567680
-61.658630
-74.350838
-85.998604
-80.840179
-65.362762
-61.542755
-74.049896
-85.140297
-80.564445
-65.739876
-61.264881
-73.898621
-85.465919
-80.363815
-64.875671
-60.937653
-73.564415
-84.830772
-80.522072
-65.728615
-62.069008
-74.562202
-85.867714
-80.502754
-65.018898
-61.225719
-73.458199
-84.573280
-79.380516
-63.858578
-59.624977
-72.106903
-83.976219
-79.690582
-64.293633
-59.881397
-72.017853
-83.940811
-79.700775
-64.279686
-59.983322
-71.897690
-83.713898
-79.547356
-64.369804
-59.894806
-72.302170
-84.084038
-79.496391
-64.072617
-59.846527
-72.136406
-84.159142
-79.910522
-64.478165
-59.986004
-72.140167
-83.917747
-80.002792
-64.851532
-60.237595
-72.384781
-84.135536
-79.950760
-63.650974
-58.002243
-69.454201
-81.576714
-77.629570
-62.605984
-58.115967
-70.156937
-82.399612
-78.566734
-63.508816
-58.953888
-71.387001
-83.246658
-79.484055
-64.663773
-59.940407
-72.209900
-84.439163
-80.343430
-64.717957
-59.729584
-71.734612
-84.085648
-80.710358
-65.981812
-61.449417
-72.912643
-84.882271
-81.138977
-65.791916
-61.123795
-72.909958
-84.801804
-81.247337
-66.369659
-61.521301
-72.995789
-85.334488
-82.170555
-67.093323
-61.927387
-72.923370
-84.704170
-81.025253
-65.802101
-61.822243
-73.921684
-86.747475
-83.843178
-68.688164
-63.770599
-74.961845
-86.587616
-82.808922
-67.460785
-62.036285
-73.546715
-85.572670
-82.542847
-67.417870
-62.350101
-73.725883
-86.374115
-84.011086
-69.365150
-63.845703
-75.031052
-86.793610
-83.265968
-67.601868
-61.248787
-72.190056
-84.633354
-81.750519
-67.112633
-61.922558
-73.190521
-85.371498
-82.254776
-67.538567
-61.636635
-72.029121
-83.821182
-80.628822
-65.245277
-59.146473
-69.806641
-82.279991
-79.499077
-64.849388
-59.219963
-70.478806
-83.432266
-81.030617
-66.261299
-60.560532
-71.456200
-83.953690
-80.993065
-65.889008
-60.145863
-71.228752
-83.890923
-81.107864
-66.378777
-60.566433
-71.066208
-83.381302
-80.504364
-65.841263
-59.984394
-70.586090
-83.176384
-80.394928
-65.456635
-59.848675
-70.568390
-83.470886
-80.967850
-66.170105
-60.145863
-71.219093
-84.139297
-81.196373
-66.049942
-60.197899
-70.726639
-83.552963
-81.264503
-66.219994
-60.607738
-70.863434
-83.706924
-81.582611
-66.650757
-60.675331
-70.674606
-83.221443
-80.924934
-66.135239
-60.119576
-70.654221
-83.262215
-81.247871
-66.543465
-60.583599
-70.867188
-83.523994
-81.396469
-66.463539
-60.593254
-71.076401
-83.621094
-81.415779
-66.600868
-60.713955
-70.938538
-83.436554
-81.552040
-66.926491
-60.533173
-70.468079
-83.390419
-81.622849
-66.933998
-60.518154
-70.896690
-83.798119
-81.852982
-66.819733
-60.093826
-70.510994
-83.621094
-81.892677
-66.935066
-60.274071
-70.438568
-83.681175
-82.158752
-67.828781
-61.465508
-70.703575
-83.493958
-81.596558
-67.126045
-60.630268
-70.417114
-83.309418
-81.661469
-66.775749
-59.870132
-69.901054
-82.815895
-81.146484
-66.562241
-59.597618
-69.322235
-82.614189
-81.276840
-66.646461
-60.029991
-69.601189
-82.951073
-81.226418
-66.724785
-60.223648
-69.699356
-82.963951
-81.718330
-67.607231
-61.093220
-70.691772
-83.693512
-82.080971
-67.606697
-60.794422
-69.720810
-83.209106
-81.896965
-67.120682
-60.332542
-69.542175
-82.943031
-81.645912
-67.082588
-60.346493
-69.537888
-83.113083
-82.186646
-67.480095
-60.556778
-69.500336
-82.603462
-81.591194
-67.265518
-60.669968
-70.054482
-83.913986
-83.361458
-69.099609
-61.962791
-70.560883
-83.032616
-81.269333
-66.236626
-59.273609
-68.215019
-81.488739
-81.150780
-66.744637
-59.902317
-69.274490
-82.329338
-81.593346
-67.400703
-60.349174
-69.446152
-82.973610
-82.369576
-67.959671
-60.291237
-68.940826
-82.343826
-81.675415
-66.923271
-59.563286
-68.368980
-81.528435
-81.226418
-67.108879
-60.019264
-68.808861
-82.392639
-81.977974
-67.712372
-59.635708
-68.150108
-82.202202
-81.926476
-67.772995
-60.403893
-68.828712
-82.030006
-81.624992
-67.589531
-59.796638
-68.385071
-81.709213
-81.651276
-67.662483
-59.974739
-68.532593
-81.665764
-81.591194
-67.391045
-59.914658
-68.502556
-81.836884
-81.723701
-67.414116
-59.710808
-68.159233
-81.835274
-81.785385
-67.399628
-59.586353
-67.900665
-81.438850
-81.816505
-67.472046
-59.693108
-67.742416
-81.307953
-81.748375
-67.487602
-59.451706
-67.234406
-81.113228
-81.278984
-66.923271
-58.824070
-66.982277
-80.931908
-81.069237
-67.011780
-59.192604
-67.377098
-81.395393
-81.401833
-66.896980
-58.766136
-66.838509
-80.668518
-81.355164
-67.395340
-59.123405
-67.001587
-80.515633
-81.398079
-67.392120
-59.416302
-67.419479
-81.526283
-82.148026
-68.315338
-59.766060
-67.481171
-81.194229
-81.944710
-68.198387
-59.925385
-67.704330
-81.147560
-81.592270
-67.961823
-59.565434
-67.177002
-81.025253
-81.493027
-67.828781
-59.184021
-66.625008
-80.653496
-81.265038
-67.798744
-59.188850
-66.451202
-80.153534
-81.211395
-67.862038
-59.390553
-66.855675
-80.729668
-81.287567
-67.786942
-59.312767
-66.488213
-80.356842
-81.255920
-67.860435
-59.626049
-66.631447
-80.581078
-81.789680
-68.403313
-60.112068
-66.972618
-81.254311
-81.778412
-68.289589
-59.713490
-66.950630
-81.096596
-82.333633
-69.093178
-61.032066
-67.833611
-81.465134
-82.607216
-69.122147
-60.949451
-68.751999
-83.496635
-85.061974
-71.301704
-62.641388
-69.127510
-82.528900
-82.395325
-68.116318
-59.577770
-65.956596
-80.152458
-81.732277
-68.366295
-59.673256
-67.160378
-81.316536
-82.800339
-69.189735
-60.408718
-67.628693
-81.730675
-83.467133
-70.070572
-61.179050
-67.814835
-81.461914
-82.859344
-69.371056
-60.253689
-67.113167
-81.392174
-82.374405
-68.730003
-59.503742
-66.229652
-80.531189
-82.171623
-69.044899
-59.964546
-66.930779
-81.303123
-82.654961
-69.111954
-59.618004
-66.351959
-80.597168
-82.017128
-69.013779
-59.938797
-65.893303
-80.061264
-81.745155
-68.756828
-59.740311
-65.902420
-79.979187
-81.923256
-69.044899
-59.609959
-65.847168
-79.985092
-81.836349
-68.895226
-59.175438
-65.319305
-79.944321
-81.894821
-68.979446
-59.789665
-65.759193
-80.053215
-82.035904
-68.848022
-59.738167
-65.730225
-79.945396
-82.012306
-69.267517
-59.983322
-65.615959
-79.767296
-82.072388
-69.260010
-59.844917
-65.856819
-80.197517
-82.755272
-69.806641
-60.340054
-66.083740
-79.914276
-82.189865
-69.478874
-59.855648
-65.447517
-79.470642
-81.923256
-69.345306
-59.821854
-65.355247
-79.327415
-81.769295
-69.228897
-59.582062
-64.634270
-78.808136
-81.121277
-68.562096
-59.162563
-64.470123
-78.451942
-81.318687
-68.925270
-59.318134
-64.641785
-78.856415
-81.631432
-68.904350
-59.385189
-64.471191
-78.695480
-81.761787
-69.278252
-59.622833
-64.943794
-79.040413
-81.791290
-69.608162
-59.792885
-64.958817
-78.758247
-81.345505
-69.123215
-59.278973
-64.410042
-78.619308
-81.204956
-68.681725
-58.726437
-63.229332
-76.992279
-79.818260
-67.749390
-58.033356
-62.917122
-76.808815
-79.746376
-67.995079
-58.387943
-63.045868
-77.581291
-80.282280
-68.374344
-58.505424
-63.342518
-77.549110
-80.801018
-69.217094
-59.516617
-63.669750
-77.806061
-81.445824
-69.979378
-60.075588
-65.576263
-80.563911
-84.156998
-72.555374
-62.047550
-66.444229
-79.941635
-82.423218
-69.479416
-59.025772
-63.893444
-77.936958
-81.636795
-69.991180
-59.887833
-64.435249
-78.487343
-82.463989
-71.272202
-61.766991
-66.338547
-80.585907
-84.059898
-72.402489
-61.879642
-66.051552
-80.172844
-83.786316
-71.984596
-61.493404
-65.795670
-79.742615
-83.393105
-71.981911
-61.746605
-65.921196
-80.148170
-83.892532
-72.472221
-62.187561
-66.162590
-80.150848
-83.975143
-72.893326
-62.434322
-65.911003
-79.897110
-83.751450
-72.605797
-62.265343
-65.985565
-80.021034
-83.740715
-72.565025
-62.066860
-65.933533
-79.576324
-83.733208
-72.486168
-62.043259
-65.632050
-79.845612
-84.038445
-72.512459
-62.033066
-65.667992
-79.239433
-83.534187
-72.727570
-62.396774
-65.798889
-79.555939
-83.913986
-72.628326
-61.907539
-65.545685
-79.392860
-83.489662
-71.841370
-61.138817
-64.749069
-78.639160
-82.682320
-71.742661
-61.304039
-64.887474
-78.577469
-83.145271
-71.816154
-61.007923
-64.543076
-78.579079
-83.073387
-72.548935
-61.955818
-65.348808
-78.962631
-82.944099
-72.356354
-61.829754
-64.952385
-78.944389
-83.610367
-73.087524
-62.235302
-65.450203
-79.810745
-84.262138
-73.189980
-62.490650
-66.014000
-80.147095
-84.716507
-74.337967
-63.535637
-66.388969
-80.692123
-85.214325
-74.392685
-63.295311
-66.291344
-80.152458
-84.641945
-74.016106
-62.882790
-65.553734
-79.271622
-83.793823
-73.365395
-62.542149
-65.349884
-79.143951
-83.417778
-72.977013
-62.636024
-65.448051
-79.088158
-83.964951
-73.635231
-62.442905
-65.563927
-79.898720
-84.202599
-74.362640
-63.556023
-66.431351
-80.036591
-84.900505
-74.621208
-63.336082
-65.691063
-79.597778
-84.316322
-74.031662
-63.171932
-66.038673
-79.905693
-84.580254
-74.684509
-63.651508
-66.393265
-80.192154
-84.850616
-74.775169
-63.744316
-66.223747
-79.839180
-84.712753
-74.278419
-62.716492
-64.634804
-78.294762
-83.900040
-74.741905
-64.138062
-66.711372
-80.394394
-85.713219
-75.476830
-63.824245
-65.679794
-78.995888
-83.801338
-74.008591
-63.232014
-66.059593
-80.272621
-85.668152
-76.157578
-65.152473
-67.233330
-80.547813
-85.671913
-75.747734
-64.071541
-65.711983
-79.383736
-84.622627
-74.642662
-63.063568
-65.039818
-78.624672
-83.794365
-73.926514
-62.529808
-64.504456
-78.341972
-83.900040
-74.253212
-62.984711
-64.969009
-78.657394
-83.896286
-74.077789
-62.396236
-64.431496
-77.952515
-82.974678
-73.167984
-61.783619
-63.241669
-77.237968
-82.525681
-73.036560
-62.276611
-64.088707
-77.468643
-82.784241
-73.688873
-62.117821
-63.752899
-77.161263
-83.006866
-73.775780
-62.637634
-64.845093
-78.528114
-83.996063
-74.526260
-63.078053
-64.980278
-78.559761
-84.521240
-75.301956
-63.795277
-65.452881
-78.618774
-83.980507
-74.696312
-62.726685
-63.698715
-76.997643
-82.650131
-73.836929
-62.050766
-63.321060
-76.910202
-82.884018
-74.111053
-62.383896
-63.757187
-77.233147
-83.371109
-74.571320
-62.788376
-63.995907
-77.018028
-83.460693
-74.823982
-63.005634
-64.116608
-77.641914
-83.436554
-74.561127
-62.886543
-63.885933
-77.298050
-83.535263
-74.690407
-62.629051
-63.865013
-77.337212
-83.559402
-74.866364
-62.798031
-63.777573
-77.129608
-83.210175
-74.411995
-62.726685
-63.616642
-76.894646
-83.163506
-74.631935
-63.358078
-64.922340
-78.369324
-84.405907
-76.011665
-64.259834
-64.985641
-78.402588
-84.683784
-76.151138
-63.881645
-64.324745
-77.295372
-83.394714
-74.935562
-63.144035
-64.005562
-77.351700
-83.934914
-75.555153
-63.873596
-64.616570
-77.752419
-84.207962
-75.728958
-63.609669
-64.264130
-77.234749
-83.861420
-75.731644
-63.804398
-64.526443
-77.124779
-83.993385
-76.163475
-64.273781
-64.789299
-77.929985
-84.411804
-76.263260
-64.222282
-64.254471
-77.299126
-83.915596
-75.348083
-63.345200
-63.703007
-76.573860
-83.130783
-75.152283
-62.889225
-63.288876
-76.026146
-82.943565
-75.853951
-64.561317
-65.273712
-78.374695
-85.089867
-77.262650
-64.985641
-64.699715
-76.604973
-82.722549
-74.786430
-62.814125
-62.956280
-76.003082
-83.004181
-75.372231
-63.481995
-63.887543
-76.632866
-83.776657
-76.077644
-63.988930
-64.236229
-76.520752
-83.747696
-76.122169
-63.982494
-64.086563
-76.882309
-84.105499
-76.422577
-64.058136
-64.069397
-76.843147
-84.145729
-76.894646
-64.603691
-64.757652
-77.523895
-84.897827
-77.454697
-64.958282
-64.385361
-76.384491
-83.021889
-75.767052
-63.691208
-63.596794
-76.363571
-83.456406
-75.982162
-64.297386
-63.775429
-76.220879
-83.916672
-76.950439
-65.261375
-65.545685
-78.402588
-86.056541
-79.120346
-66.892159
-66.487144
-79.347794
-86.861740
-79.399292
-67.533737
-67.104050
-79.877266
-87.688927
-80.674416
-68.493431
-67.944115
-80.835884
-88.557426
-81.614799
-69.461174
-69.056694
-81.817574
-89.746185
-83.015450
-71.137558
-70.651543
-83.393639
-90.661354
-83.826546
-71.487312
-71.010422
-84.043808
-91.577599
-85.083435
-73.052116
-72.578438
-85.436951
-93.351074
-87.087044
-75.077721
-74.933952
-88.074097
-96.073524
-89.234955
-77.213295
-76.616234
-89.356194
-97.686066
-91.378578
-78.831741
-78.002403
-90.347000
-98.279373
-91.411301
-78.632721
-78.188545
-90.495056
-98.468735
-92.257805
-79.986160
-79.069382
-91.126450
-99.345818
-93.012039
-80.415855
-79.462593
-91.147369
-99.631203
-93.458900
-80.659935
-79.403587
-91.538437
-99.733131
-93.689568
-80.893822
-79.709892
-91.863518
-99.770683
-93.517372
-81.201736
-80.361137
-92.863449
-100.983574
-95.185707
-82.773514
-81.285957
-93.778618
-102.141754
-96.062798
-83.235390
-81.586372
-93.796860
-102.085960
-95.512932
-82.417854
-80.866463
-92.831795
-100.647766
-94.400887
-81.505363
-80.046783
-92.303406
-100.380615
-94.258736
-81.329948
-79.700241
-91.678452
-99.811447
-94.212059
-81.447968
-79.845078
-91.982071
-100.007248
-94.218498
-81.693123
-79.757637
-91.908043
-99.971313
-93.779152
-81.199593
-79.471176
-91.356049
-100.277618
-94.575768
-82.292328
-80.484520
-92.035721
-100.417091
-94.540901
-81.791290
-79.729210
-91.439735
-99.988480
-94.052742
-81.392715
-79.865997
-91.733704
-100.482536
-95.433540
-83.417244
-81.347115
-92.743286
-101.146652
-95.079491
-81.403442
-78.491638
-89.883514
-98.805084
-93.480354
-80.917427
-78.756638
-90.104530
-98.949387
-93.896637
-81.791824
-79.998497
-91.235886
-99.764244
-94.348320
-81.156143
-79.190086
-90.515442
-99.307198
-94.207771
-81.505363
-79.569344
-90.805122
-99.315781
-93.870346
-81.386810
-79.530724
-90.836769
-99.827545
-94.657310
-81.990845
-79.784462
-91.237495
-99.774971
-94.698616
-81.628212
-79.317757
-90.679054
-99.942345
-94.927139
-82.370644
-80.144951
-91.464943
-100.458939
-95.170685
-82.123344
-79.406273
-90.473602
-99.386589
-94.909439
-82.598099
-80.066093
-91.106598
-100.221291
-95.055351
-81.767685
-79.094063
-90.110962
-98.953140
-94.117111
-81.475327
-78.761467
-90.014404
-98.893059
-94.087608
-81.600319
-78.742157
-89.801437
-98.947777
-94.532852
-81.615875
-79.066704
-90.394203
-99.862946
-95.371849
-82.822334
-79.837570
-90.999313
-100.259377
-95.638458
-82.785316
-79.774269
-90.733238
-100.053925
-95.755409
-82.526215
-79.679321
-90.526169
-99.748688
-95.052666
-82.013374
-79.167549
-90.095406
-99.378540
-94.586502
-81.994064
-78.992134
-89.924286
-99.279839
-94.713097
-82.144806
-79.098351
-89.788025
-99.127487
-94.997948
-82.149094
-79.193840
-89.924286
-99.274475
-95.116501
-82.168945
-78.714256
-89.276802
-98.507362
-94.255516
-81.671661
-78.132217
-88.788101
-98.422066
-94.319351
-81.533264
-78.325340
-88.858376
-98.337311
-94.296822
-81.537552
-77.903160
-88.675446
-98.448349
-94.411079
-81.185646
-77.982552
-88.391136
-97.951073
-94.086533
-80.968391
-77.586121
-88.110039
-98.139900
-94.481354
-81.959732
-78.667587
-88.826721
-98.574951
-95.047302
-82.512802
-79.236214
-89.962372
-99.470276
-96.202271
-83.246117
-79.934128
-89.884590
-99.704163
-95.952820
-83.074455
-79.436844
-89.600273
-99.403755
-95.876106
-82.831985
-79.238899
-89.166290
-99.115150
-95.634171
-82.918350
-79.325806
-88.991409
-98.733200
-95.470016
-82.704315
-79.381058
-89.946281
-100.508286
-97.636719
-85.068413
-81.664688
-91.608711
-101.162209
-97.291245
-82.992920
-78.295837
-87.895462
-97.828758
-94.960396
-82.433945
-78.490562
-88.520416
-98.682777
-95.691566
-82.951073
-78.827988
-88.509689
-98.636642
-95.399208
-82.566986
-78.777023
-88.897537
-99.250870
-95.819778
-82.912987
-78.770584
-88.487160
-98.853905
-95.468948
-82.737572
-78.774879
-88.469994
-98.475708
-95.845528
-83.174774
-78.745369
-88.325684
-98.110390
-95.026917
-82.326118
-78.168159
-87.603096
-97.917809
-95.444809
-82.566444
-77.927834
-87.623482
-98.175842
-95.412621
-82.546066
-78.238976
-87.973778
-98.743927
-96.262886
-83.299225
-78.420288
-87.961441
-98.598022
-96.140579
-83.331413
-78.780243
-88.161537
-98.787918
-96.171692
-83.290642
-78.816185
-88.388985
-98.617332
-96.380371
-83.370575
-78.640770
-88.210350
-98.806160
-96.302582
-83.536873
-78.922401
-87.960907
-98.643616
-96.210320
-83.490204
-78.822624
-88.291351
-98.633957
-96.671654
-84.220299
-79.242653
-88.459259
-99.248184
-97.208099
-84.431656
-79.598312
-88.878761
-99.482071
-97.270325
-84.386597
-79.482445
-88.638969
-99.268570
-97.155525
-84.629601
-79.451866
-88.390594
-99.448814
-97.766533
-84.587227
-78.848366
-87.971634
-98.794891
-96.759094
-84.230492
-78.926155
-87.270508
-98.013298
-96.002174
-83.380226
-78.507195
-87.345604
-98.254158
-96.103027
-83.233780
-78.347870
-87.172340
-97.999886
-95.854645
-83.195160
-78.284035
-87.002281
-98.234314
-96.207100
-83.725700
-78.372009
-87.151413
-97.809448
-96.071381
-83.561012
-78.435310
-87.550529
-98.630745
-96.522522
-83.887703
-78.628426
-86.996918
-97.468811
-95.722145
-83.208565
-77.970215
-86.491592
-97.653343
-96.349258
-83.614655
-78.278130
-86.695976
-97.608818
-96.249474
-83.753059
-78.182648
-86.754982
-98.048706
-96.957047
-84.139297
-78.724991
-87.350975
-98.328186
-97.124947
-84.224586
-78.562981
-86.760887
-97.842171
-96.762314
-85.125809
-80.410484
-88.968346
-100.367737
-99.036293
-86.321007
-80.115982
-87.647621
-97.713425
-96.307411
-83.655960
-77.773880
-86.334412
-98.034752
-96.755875
-84.109795
-78.241653
-86.473351
-97.864166
-96.721542
-84.434875
-79.099960
-87.090797
-98.323364
-97.103493
-84.748154
-78.896111
-86.735672
-98.054070
-96.791283
-84.064728
-78.090378
-85.860199
-97.887772
-97.123878
-84.886559
-79.176674
-86.767860
-98.355011
-97.307343
-84.995453
-79.134827
-86.599953
-98.271866
-97.336845
-85.434799
-79.535011
-87.166969
-99.006248
-97.630280
-85.215935
-79.381058
-86.975998
-98.808304
-98.071770
-85.249733
-78.804916
-86.067268
-97.712357
-96.914131
-84.768005
-78.760933
-86.000214
-97.982185
-97.656029
-85.474495
-79.541451
-87.070946
-98.645226
-98.174767
-85.943886
-79.839180
-87.482933
-98.606598
-98.043335
-85.701950
-79.234612
-86.722260
-97.989693
-97.949463
-85.426216
-79.033440
-86.325829
-97.578239
-97.242966
-85.336632
-79.249092
-86.436340
-97.813202
-97.600235
-85.757744
-79.348335
-86.678810
-98.306732
-97.853439
-85.606461
-79.154144
-86.637505
-98.435478
-98.233238
-85.864494
-79.379448
-86.151489
-97.539085
-97.791214
-85.842499
-79.357452
-86.501785
-98.347504
-98.162964
-85.731987
-79.484055
-86.560791
-98.423141
-98.407043
-86.158997
-79.591881
-86.590294
-98.446205
-98.460693
-86.352119
-79.604752
-86.353188
-97.799789
-97.950531
-86.053322
-79.522675
-86.154709
-98.166183
-98.390953
-86.236244
-79.641769
-86.940598
-98.805084
-98.698334
-86.878365
-80.120811
-87.074707
-98.949921
-99.346352
-87.441093
-80.493637
-87.275871
-98.690826
-98.475708
-86.494812
-79.710434
-86.456184
-98.021881
-98.235924
-86.683640
-79.703995
-86.298470
-98.200516
-98.826004
-87.222229
-80.659401
-87.048958
-98.790604
-99.492264
-87.911018
-80.813896
-87.070946
-98.765388
-98.859268
-86.864418
-80.330025
-86.991554
-99.306656
-100.049629
-88.809021
-82.281593
-88.427612
-100.319458
-100.272789
-87.923355
-79.694336
-85.233635
-97.040726
-97.482224
-85.596809
-78.327484
-84.552895
-96.541298
-97.469879
-86.094086
-79.141800
-85.608612
-97.724152
-98.364128
-86.562401
-79.430412
-85.313026
-97.401215
-98.383980
-86.717972
-79.612267
-85.547455
-97.610962
-98.482681
-86.539337
-79.592949
-85.444992
-97.520309
-98.402756
-86.356407
-79.271088
-85.302299
-97.424820
-98.589973
-86.798973
-79.588120
-85.367744
-97.172691
-98.255234
-86.538261
-79.376762
-85.370430
-97.351868
-98.293320
-86.638580
-79.320442
-85.319466
-97.220436
-98.688141
-87.321465
-79.857956
-85.692833
-97.741859
-99.067940
-88.213570
-80.650276
-86.694901
-98.620010
-99.884407
-88.447998
-80.770973
-86.921822
-98.644150
-99.833984
-88.765572
-81.125031
-86.692223
-98.110931
-98.880188
-87.728088
-79.875656
-85.332878
-97.072914
-98.596947
-87.785492
-80.581078
-86.403076
-98.544373
-99.906403
-88.522026
-80.380447
-85.753983
-97.555710
-98.935974
-87.791389
-80.109009
-85.812996
-97.417313
-98.813667
-87.978607
-80.259209
-85.471817
-97.355621
-98.839951
-88.009186
-79.998497
-85.496490
-97.461296
-98.747147
-88.098236
-80.538696
-85.487907
-97.660858
-99.085648
-87.897072
-80.139046
-84.930008
-96.902328
-98.272934
-87.567162
-79.834351
-84.551819
-96.901253
-98.624840
-87.347214
-79.440063
-84.483154
-96.761780
-98.463371
-87.904045
-79.761391
-84.523926
-96.811668
-98.743927
-87.580032
-79.803772
-84.675201
-96.887840
-98.630203
-87.172340
-79.257675
-84.293251
-96.483902
-98.641472
-87.519417
-79.466347
-84.612434
-96.501068
-98.585678
-88.082680
-79.749596
-84.715431
-97.165718
-99.511581
-88.444237
-80.432480
-85.255096
-97.260666
-99.745468
-89.238174
-80.882561
-85.072701
-97.090614
-99.418236
-88.899681
-80.495247
-84.794830
-96.507507
-99.077065
-88.564941
-80.092377
-84.559868
-96.842247
-98.982109
-88.584251
-80.142807
-84.629066
-97.046631
-99.792671
-89.364235
-81.609436
-86.597275
-98.998207
-101.288277
-90.373825
-81.521461
-85.402618
-96.390564
-97.517090
-86.856911
-78.101105
-82.763855
-95.690498
-98.187103
-87.895462
-79.227631
-84.140366
-96.349792
-98.810448
-88.113258
-79.640694
-83.829231
-96.282738
-99.198296
-88.929184
-80.592339
-85.053391
-97.351326
-99.879578
-89.299332
-80.598778
-84.669296
-96.848679
-99.604385
-89.423248
-80.552643
-84.862419
-97.269791
-99.467590
-89.349220
-80.688904
-84.636574
-96.922714
-99.008934
-88.836914
-80.477547
-84.830231
-96.877647
-99.817886
-89.627098
-81.196915
-85.326981
-97.693039
-100.337700
-90.047127
-81.478004
-85.471283
-97.705917
-100.576950
-90.661888
-81.583153
-85.318932
-97.737030
-100.900429
-90.718758
-81.788605
-85.488449
-97.752586
-100.709457
-90.279945
-81.643234
-85.618263
-98.137749
-101.398781
-91.293816
-81.604607
-84.952538
-97.484367
-100.854294
-90.891487
-82.118523
-85.610756
-97.879723
-101.021660
-91.213356
-82.714508
-86.444389
-98.287956
-101.224976
-90.908119
-81.301521
-84.409660
-97.023560
-100.498093
-90.494522
-81.325119
-84.518562
-96.595482
-100.067871
-89.938766
-80.673347
-84.331879
-96.530571
-99.806625
-89.825043
-80.858955
-84.369965
-96.265572
-99.906403
-90.414055
-81.298836
-84.582932
-96.557396
-100.025490
-90.370064
-81.149704
-84.369965
-96.680779
-100.282982
-90.229515
-80.900261
-84.104965
-96.042412
-99.365669
-89.452751
-80.145485
-83.686539
-95.803688
-99.321678
-89.767639
-80.078430
-83.126495
-95.119720
-98.755196
-89.575058
-79.931984
-83.094841
-94.847748
-97.633499
-87.787636
-78.344650
-81.658791
-94.889587
-99.103348
-89.801971
-80.802094
-83.881264
-95.790810
-99.168793
-89.958076
-80.446968
-83.323906
-95.515617
-99.132851
-89.563255
-80.238823
-83.442993
-95.444809
-99.034683
-89.599739
-79.919106
-82.850227
-95.273682
-99.156990
-89.318108
-79.941635
-83.048706
-95.420670
-99.112465
-90.143150
-80.464668
-83.515953
-95.833191
-99.619400
-90.184456
-80.709824
-83.413490
-95.974274
-99.784088
-90.330910
-80.472717
-83.343216
-95.522057
-99.286812
-90.121696
-80.355774
-83.321220
-96.077812
-100.669754
-92.077026
-82.709145
-85.400467
-97.674805
-100.596268
-91.154343
-80.444283
-82.245659
-93.950279
-98.180664
-89.271431
-79.411636
-81.966705
-94.056496
-98.257378
-89.413589
-80.106323
-82.484375
-94.731339
-98.829224
-89.983826
-80.587517
-82.874367
-95.213600
-99.251404
-90.254196
-80.492561
-82.939812
-95.114891
-99.313629
-90.390991
-80.574638
-82.926399
-95.096123
-99.629059
-90.661888
-80.947464
-83.169411
-95.432465
-99.393562
-90.553528
-80.429260
-82.457550
-94.662674
-98.886086
-90.485405
-81.019348
-82.973610
-95.227013
-99.640862
-91.046516
-81.216759
-83.386131
-95.308014
-99.572197
-90.892563
-81.438309
-83.385056
-95.215744
-100.205200
-91.718147
-81.843323
-83.609825
-95.456070
-99.862411
-91.096947
-81.415245
-83.284744
-95.363800
-100.101662
-90.809952
-79.778023
-81.347649
-93.645042
-99.210098
-91.161858
-81.703316
-83.908089
-95.878784
-100.610748
-91.996025
-81.844933
-83.216614
-95.079491
-100.033539
-91.593155
-81.256996
-83.286888
-95.309090
-99.630669
-91.242859
-81.383057
-83.299767
-95.681915
-100.664391
-92.381187
-81.791290
-83.256310
-94.874565
-99.953072
-91.933792
-81.784317
-83.302444
-95.000099
-99.776047
-91.842064
-82.010696
-83.626457
-95.554237
-100.585533
-92.484718
-82.121735
-83.629143
-95.472168
-100.287277
-92.418739
-82.077751
-83.330338
-94.833260
-100.047485
-92.421959
-82.389961
-83.773445
-95.399742
-100.309807
-92.233665
-82.065414
-83.455330
-95.480751
-100.687996
-92.990051
-82.854515
-84.022354
-95.988762
-101.275940
-93.296356
-82.767616
-84.099060
-96.077278
-101.590828
-93.621437
-83.007401
-84.008942
-95.617004
-101.264671
-93.454071
-82.851837
-83.852303
-96.139503
-101.769997
-94.274826
-84.431122
-85.866638
-97.675339
-103.185669
-95.046768
-84.972389
-86.727623
-98.323898
-103.770393
-96.052063
-85.174095
-85.744331
-97.252083
-102.817673
-95.299431
-84.674126
-85.534584
-96.857262
-102.194321
-94.610641
-84.247658
-84.756203
-96.493019
-102.297318
-94.999557
-84.805016
-85.399933
-96.868530
-102.163750
-94.734024
-84.433800
-85.703026
-97.850754
-103.835838
-96.739784
-85.996994
-86.607460
-97.439842
-102.294640
-93.929359
-82.804092
-83.031540
-93.871422
-99.551277
-92.484184
-82.214539
-83.134003
-94.609032
-100.122589
-92.963760
-82.545525
-82.980583
-94.268387
-100.247574
-93.543655
-82.677490
-83.321220
-94.989906
-100.946022
-93.659531
-83.022957
-83.828156
-95.429787
-101.393417
-94.410545
-83.042809
-83.611977
-95.463043
-101.461548
-94.114433
-83.415100
-84.131248
-95.877716
-101.675049
-94.539291
-83.916138
-84.512123
-96.346573
-102.473274
-96.014511
-85.512047
-85.672981
-97.269791
-103.267212
-96.515015
-86.270576
-86.921822
-98.420456
-104.945198
-98.596947
-88.343925
-88.613220
-100.093079
-106.497124
-100.053925
-89.559502
-89.797150
-101.458328
-107.935326
-101.662712
-91.312592
-91.884445
-103.609993
-110.176575
-103.535965
-92.923531
-93.399353
-105.284767
-111.762840
-104.776756
-94.494232
-95.266708
-106.646255
-112.612022
-105.250969
-93.647728
-93.720146
-104.943054
-112.169456
-106.959000
-97.113144
-97.480614
-109.409470
-116.309181
-110.120789
-99.123192
-99.147873
-110.369164
-116.902489
-110.270454
-99.475639
-99.427361
-110.756470
-117.846626
-111.194206
-100.536186
-100.574272
-112.092751
-118.450119
-111.911430
-101.021660
-101.006645
-112.372238
-119.087952
-112.303574
-101.299004
-101.189568
-112.312157
-118.727463
-112.573402
-101.793068
-101.665932
-112.586273
-119.173782
-112.806755
-101.818817
-101.501244
-112.630798
-119.013924
-112.525124
-101.566689
-101.170258
-112.096504
-119.217766
-112.996651
-101.648766
-101.031319
-112.267090
-118.755890
-112.555695
-101.453499
-101.230339
-112.286407
-118.414177
-111.764450
-100.248650
-99.344208
-110.467331
-117.519928
-112.256897
-101.817741
-101.465302
-112.772423
-119.310570
-112.997192
-101.652519
-101.232483
-112.365799
-119.444687
-113.763763
-102.367592
-101.431503
-112.664063
-119.521393
-113.595856
-102.179306
-101.397171
-111.997795
-118.490356
-112.536385
-101.450279
-100.751297
-111.705971
-118.797195
-114.066856
-103.509140
-103.210884
-114.224571
-121.081367
-114.619926
-102.429283
-100.388123
-109.922844
-116.311325
-110.635239
-99.827545
-99.542160
-110.847664
-117.938889
-112.593788
-101.163284
-100.413338
-111.298813
-118.001656
-112.370628
-101.248039
-100.037827
-110.947449
-117.980736
-112.515465
-101.555420
-99.958969
-110.965683
-117.691055
-111.557381
-100.135460
-98.778259
-109.673935
-116.688980
-111.223175
-99.911766
-98.952606
-110.690491
-117.853058
-112.127617
-100.843025
-99.516403
-110.272064
-117.626678
-112.570717
-101.309196
-99.768532
-110.651329
-117.982346
-112.362579
-101.238388
-99.898354
-110.586960
-117.621857
-111.792343
-100.699265
-99.682167
-110.594467
-117.959274
-111.972046
-100.723404
-99.598480
-110.205009
-117.787613
-112.496689
-100.995377
-99.595802
-109.878319
-117.704468
-112.171608
-101.009857
-99.764244
-110.427094
-118.035454
-112.640991
-101.146118
-99.795891
-109.788734
-117.149246
-112.142639
-101.096230
-99.853828
-110.240417
-117.639023
-112.384033
-100.479858
-98.498238
-108.721748
-116.296310
-110.950127
-99.594193
-97.880257
-108.512535
-116.082268
-110.821381
-99.575951
-98.510040
-108.913795
-116.562920
-111.914650
-100.489510
-99.316849
-109.973801
-117.135841
-112.302498
-101.597801
-99.844170
-110.204475
-118.046181
-112.912430
-101.625160
-99.890305
-110.177650
-118.065491
-113.177971
-101.380539
-99.516945
-110.251144
-117.704468
-112.888824
-101.436867
-99.562004
-109.767273
-117.344513
-112.449486
-101.136459
-99.402145
-109.499054
-117.074684
-112.186623
-100.868240
-99.200439
-109.963608
-117.703392
-112.520294
-101.120903
-99.408043
-109.422874
-117.208794
-112.347023
-101.089256
-99.315781
-109.268379
-116.846695
-112.346489
-100.840881
-98.851753
-108.646645
-116.083336
-111.196892
-99.749222
-97.732201
-107.681587
-115.416542
-110.664742
-99.712212
-98.167793
-108.694389
-116.797340
-112.127083
-100.645615
-98.854973
-108.871414
-117.473793
-113.653793
-102.963043
-101.469055
-111.477448
-118.847084
-113.997650
-101.812378
-98.688141
-107.626869
-115.083946
-110.439438
-99.336166
-97.392632
-107.394058
-115.759865
-111.553627
-100.054993
-98.365738
-108.296890
-116.214233
-111.813797
-100.443375
-98.189247
-107.954102
-115.876274
-111.623901
-100.295319
-98.351257
-108.088211
-116.493713
-112.226860
-100.428360
-97.912445
-108.057632
-116.515175
-111.939865
-100.714821
-98.408119
-107.907967
-116.049545
-112.147469
-100.633278
-98.439232
-107.384933
-115.821556
-112.085236
-100.733597
-97.782623
-107.380646
-115.805466
-111.860466
-100.291565
-97.764923
-107.612389
-116.082268
-112.197357
-100.839806
-98.233772
-107.898308
-116.543068
-112.544968
-100.644005
-98.700478
-108.496445
-116.423981
-112.318054
-100.948174
-98.648445
-108.211060
-116.474403
-112.709656
-101.145584
-98.820641
-108.580124
-116.620316
-112.773491
-101.098373
-98.659172
-108.188522
-116.634262
-112.831963
-101.186348
-98.532570
-108.049583
-116.601540
-112.917793
-101.442230
-98.491264
-107.913864
-116.404671
-112.681229
-101.176155
-98.561539
-108.161163
-116.561844
-112.712875
-101.217461
-98.701553
-108.414902
-116.675568
-112.790123
-101.197617
-97.995598
-107.171432
-115.852135
-112.015503
-100.020126
-97.162498
-107.387619
-115.991608
-112.397987
-100.995911
-98.879654
-108.493225
-116.455093
-112.835724
-101.612282
-98.839417
-108.438507
-116.907852
-113.272385
-101.967407
-98.960655
-107.981995
-116.352097
-113.091606
-101.577415
-98.364670
-107.934792
-116.962570
-113.223572
-101.802719
-98.476784
-108.084457
-117.008163
-113.068001
-101.760345
-98.644691
-107.918694
-116.659477
-113.214981
-102.175552
-98.910225
-107.990044
-116.893906
-113.467651
-101.948631
-98.564758
-107.283012
-116.082268
-113.042786
-101.471741
-98.093765
-107.145683
-116.323128
-113.133980
-101.640182
-98.431725
-107.471840
-116.045792
-112.543900
-101.045799
-97.697868
-106.419342
-115.264732
-112.286942
-101.098373
-98.725159
-108.318878
-117.674423
-114.829674
-103.030098
-99.660713
-107.994331
-115.911140
-111.742989
-99.856514
-96.336380
-104.973633
-113.949913
-111.084778
-99.728836
-96.560074
-105.359871
-114.285721
-111.532166
-100.016907
-97.221512
-106.367844
-115.456238
-112.586273
-101.199226
-98.160278
-106.847420
-115.613953
-112.889900
-101.440086
-97.852898
-106.677368
-115.457848
-112.650650
-101.240532
-97.875969
-107.096329
-116.265190
-113.508957
-101.929855
-98.496628
-107.817841
-116.382141
-113.366264
-101.672905
-97.595406
-106.221931
-115.035667
-112.221497
-100.722328
-96.872818
-105.711777
-114.713806
-112.382431
-100.897743
-97.099739
-106.049728
-114.904778
-112.216133
-101.090324
-97.178596
-105.876465
-114.869370
-112.340584
-101.314026
-97.299294
-106.010033
-115.036743
-112.190918
-100.958359
-97.182884
-105.972481
-115.010994
-112.103477
-100.476105
-96.252693
-105.137779
-114.430565
-112.057343
-100.936371
-96.871216
-105.313736
-114.759933
-112.277283
-101.012543
-96.934509
-105.361481
-114.629044
-112.056808
-100.426750
-96.218903
-104.838448
-114.518005
-112.224716
-101.209953
-97.267105
-105.318024
-114.793732
-112.129761
-100.618256
-96.687752
-104.951096
-114.146248
-111.926987
-100.839806
-97.070236
-105.229515
-114.807144
-112.386719
-101.144508
-97.396927
-105.668320
-114.894051
-112.171066
-101.223900
-97.290176
-105.668861
-115.237907
-112.958565
-101.617653
-97.328262
-105.451599
-115.010994
-112.863083
-101.629448
-97.609894
-105.618431
-114.673569
-112.321274
-101.022202
-96.945244
-105.321777
-114.827530
-112.542290
-100.767387
-96.801476
-105.087891
-114.719704
-112.588959
-101.339775
-97.433937
-105.749863
-114.906921
-112.800316
-101.454033
-97.252625
-105.360405
-114.802856
-112.854492
-101.650909
-97.531570
-105.668320
-115.123642
-112.835182
-101.315636
-97.170547
-105.324997
-115.051758
-113.079803
-101.726547
-97.724693
-105.714989
-115.125252
-113.294914
-101.867096
-97.585220
-105.639351
-115.257751
-113.244492
-101.911621
-97.710205
-105.582489
-114.969688
-112.803535
-102.074699
-98.389877
-107.185913
-117.220596
-115.406883
-104.168427
-99.733131
-107.200935
-116.032913
-112.979485
-100.914375
-96.565979
-104.191498
-113.654869
-111.986000
-100.969627
-96.717255
-104.824501
-114.710045
-113.115204
-101.741570
-97.200050
-104.878143
-114.492790
-112.775642
-101.518944
-96.827225
-105.057854
-115.127937
-113.069077
-101.900352
-97.495628
-105.168892
-114.534096
-113.097504
-102.197006
-97.633499
-105.489685
-115.303886
-113.487495
-102.131027
-97.586288
-105.429070
-114.858109
-113.286865
-101.916451
-97.415161
-105.259018
-114.897263
-113.339973
-102.527992
-97.934975
-105.540649
-115.137054
-113.160271
-102.234558
-97.756340
-105.363083
-115.220741
-113.672035
-102.205589
-97.613113
-105.027275
-114.728287
-113.207474
-102.136391
-97.696793
-104.644791
-114.467041
-113.606049
-102.598267
-97.600777
-105.259552
-115.288872
-113.666130
-102.270500
-97.704308
-104.609383
-114.587204
-113.495544
-102.600410
-97.951073
-105.095398
-115.163345
-113.989067
-102.948029
-98.154915
-105.385078
-115.213234
-114.213837
-102.881508
-98.542763
-105.767563
-115.503448
-114.645142
-103.585320
-98.792213
-105.590004
-115.282433
-114.206863
-103.384155
-98.517014
-105.710701
-115.513641
-114.327568
-103.374496
-98.821182
-106.290054
-116.064026
-115.229324
-104.113174
-99.175766
-106.428993
-115.922409
-115.360748
-104.369598
-99.257309
-106.603340
-116.444366
-115.255608
-104.143219
-99.290565
-106.643036
-116.654114
-115.706223
-104.242462
-99.073845
-106.420952
-116.282356
-115.561378
-104.623337
-99.341530
-106.460648
-116.189018
-115.320518
-104.286987
-98.898964
-105.820137
-115.377380
-114.420906
-103.439407
-98.062653
-105.042297
-115.089310
-114.090454
-103.257553
-98.357155
-105.896843
-116.136986
-114.939110
-104.110497
-99.051315
-106.407539
-116.541458
-115.255608
-104.521942
-99.508362
-106.540039
-116.692200
-115.343582
-104.668930
-99.872070
-106.793243
-116.804314
-115.942795
-104.888870
-99.349571
-106.269676
-116.601540
-115.860176
-104.546623
-98.936516
-105.608780
-115.950836
-115.047470
-104.429680
-99.751907
-107.195572
-117.843941
-116.878883
-106.154877
-100.947098
-107.083458
-115.974976
-114.025551
-102.882576
-97.641541
-104.566467
-114.798027
-114.201500
-103.463013
-98.033684
-104.881897
-114.902092
-114.478844
-103.951706
-98.806160
-105.135635
-115.004555
-114.761009
-104.090645
-98.804016
-105.419411
-115.544754
-114.963249
-104.042900
-98.543839
-105.117935
-114.779251
-114.038422
-102.841270
-97.467201
-104.192032
-114.563065
-114.241196
-103.465691
-97.955360
-105.137779
-115.378990
-115.113449
-104.223145
-98.961723
-105.447311
-115.363968
-115.421906
-104.392128
-98.668289
-105.103989
-115.346268
-115.093605
-104.330437
-98.848534
-105.620041
-115.690125
-114.974518
-104.300934
-98.725693
-105.394737
-115.424591
-115.207863
-105.083061
-99.266960
-105.401711
-115.556557
-115.362900
-105.090034
-99.200981
-105.321777
-115.570503
-115.184799
-104.703262
-98.841560
-105.140465
-115.627365
-115.357536
-104.836838
-99.072235
-105.624870
-115.508812
-114.917648
-104.328293
-98.669899
-104.874924
-115.068390
-114.627434
-104.108353
-98.474098
-104.413582
-114.590424
-114.516396
-104.033249
-98.534180
-104.801430
-115.271164
-114.962715
-104.377640
-98.773438
-104.847031
-115.374702
-114.986855
-104.488152
-98.706917
-104.376030
-114.730972
-114.820557
-103.835297
-97.900642
-103.647011
-113.762154
-114.008385
-103.117004
-97.297150
-103.550446
-113.960640
-114.107620
-103.668465
-98.216072
-104.708626
-115.565140
-115.858566
-105.058922
-99.319000
-105.142075
-115.286186
-115.190697
-104.876534
-99.027710
-104.630310
-114.624756
-115.044785
-104.190422
-98.118439
-104.003204
-114.189163
-114.383354
-103.922203
-98.017052
-104.298782
-115.141884
-114.855423
-104.285378
-98.188713
-104.131416
-115.269020
-115.813507
-105.156021
-99.185959
-105.099693
-115.549042
-115.546898
-104.872238
-98.992844
-104.674294
-114.896194
-114.912285
-104.286446
-98.485367
-104.424316
-114.817871
-115.123642
-104.242996
-98.440308
-104.281616
-114.691269
-114.892441
-104.527847
-98.010078
-104.404465
-115.542068
-116.412712
-106.500877
-100.619865
-106.241241
-116.247490
-115.690666
-104.033249
-97.350258
-102.868629
-113.158661
-113.405960
-103.212494
-97.646904
-103.554207
-113.945618
-114.002480
-103.481247
-97.024635
-102.772606
-113.308861
-113.590492
-103.192108
-97.180206
-102.855759
-113.561523
-114.456314
-104.374962
-98.602844
-104.244606
-114.699318
-115.022255
-104.601875
-98.290634
-104.027885
-114.272308
-114.740089
-104.680733
-98.691360
-104.126587
-114.523903
-114.893509
-104.689850
-98.333015
-103.871780
-114.414467
-115.435318
-105.652229
-98.988014
-104.330971
-114.794807
-115.611809
-105.446236
-98.842636
-104.138924
-114.582909
-115.224495
-105.124367
-98.845322
-104.038078
-114.533562
-115.120964
-104.717209
-98.167793
-103.625549
-114.072220
-115.059273
-105.168892
-98.393631
-103.991402
-114.583450
-115.217522
-105.143684
-98.585678
-103.615898
-113.886070
-114.663376
-104.871170
-98.282593
-103.445305
-113.999802
-114.786224
-104.505318
-97.673729
-102.671761
-113.168854
-113.968689
-104.138924
-97.942490
-103.111641
-113.792198
-114.733650
-104.588463
-98.004715
-103.099304
-113.439751
-114.489571
-104.452744
-97.921562
-103.024200
-113.415611
-114.663376
-104.414124
-97.716110
-102.356865
-113.226784
-114.522827
-104.429680
-98.054070
-103.168503
-113.591568
-114.452553
-104.450600
-98.121658
-103.306908
-113.633408
-114.492790
-104.488152
-98.076057
-103.169579
-113.558304
-114.745987
-104.553062
-97.638863
-102.422310
-112.901169
-114.150002
-104.015541
-97.233307
-102.141754
-112.415154
-113.164558
-103.466225
-96.791283
-101.911087
-112.316978
-113.240738
-104.008568
-97.335770
-102.282303
-112.664597
-113.821167
-104.006424
-97.549812
-102.330582
-113.103943
-114.450943
-104.418945
-97.802475
-102.576271
-112.849670
-113.982635
-104.546623
-97.501534
-102.186279
-112.967148
-114.018578
-104.106743
-97.331482
-102.157310
-112.740768
-113.809364
-104.108353
-97.326653
-101.811844
-112.468262
-114.044327
-104.672684
-98.444595
-104.145897
-115.140274
-115.847839
-105.785263
-98.321213
-102.174477
-111.715096
-112.610413
-103.378784
-96.603531
-101.590294
-112.748817
-114.256218
-104.785873
-97.785843
-102.312340
-113.201035
-114.210083
-104.313271
-97.470421
-102.442696
-113.109306
-114.549652
-104.579346
-97.447891
-101.547913
-112.378136
-113.659698
-103.891090
-97.422676
-101.584930
-112.345413
-114.006233
-104.435577
-97.720398
-102.185204
-112.573402
-113.979416
-104.590073
-97.573418
-102.298927
-112.782616
-114.390869
-104.996696
-97.891525
-102.244217
-112.738091
-114.448265
-104.614212
-97.505821
-102.048950
-112.408173
-113.711731
-103.678658
-96.522522
-101.163284
-111.843300
-113.474625
-104.088501
-96.996201
-101.476028
-112.157661
-113.657013
-104.325607
-97.494560
-102.051094
-112.536385
-114.169853
-105.202156
-97.893135
-101.701874
-111.832573
-113.091064
-103.951706
-96.530571
-100.653130
-111.029518
-112.154976
-102.615433
-95.237740
-99.405899
-109.836472
-111.225319
-101.429893
-93.754478
-97.724152
-107.966438
-109.433609
-100.225044
-93.239494
-96.854050
-107.094719
-108.609093
-98.907547
-91.197258
-95.092361
-105.593758
-107.012642
-97.256912
-89.673767
-93.470703
-103.744102
-105.238632
-95.222183
-87.634216
-91.526100
-102.295174
-103.752686
-93.882149
-86.329048
-90.385620
-100.755051
-102.500099
-92.731483
-84.882271
-88.894852
-99.474564
-100.803329
-91.332443
-83.993919
-87.921211
-98.394707
-99.757271
-90.438728
-82.774590
-86.557571
-97.226334
-99.324898
-90.055710
-82.705925
-86.729233
-97.620087
-99.391953
-89.836304
-82.328270
-86.149345
-96.640007
-98.550278
-89.667328
-82.203812
-86.287209
-97.183960
-99.074913
-90.139397
-82.925331
-86.872467
-97.479004
-99.372643
-90.463943
-83.357162
-87.361702
-98.333549
-100.236313
-91.297577
-84.026642
-87.562866
-98.178520
-100.378471
-91.511078
-84.215469
-88.032249
-98.920959
-100.970161
-91.986900
-84.978287
-89.291817
-100.500778
-102.975922
-94.491013
-87.249046
-91.033112
-101.584389
-103.310661
-93.156349
-84.478859
-87.868103
-98.743927
-101.535576
-92.574303
-85.279236
-89.124985
-99.680557
-102.165359
-93.081245
-85.510979
-89.363701
-100.158531
-102.124054
-93.194435
-85.668694
-89.225838
-100.095764
-102.175552
-93.381653
-85.775978
-89.516052
-100.100594
-102.577347
-93.495377
-85.669228
-89.287529
-99.775505
-102.100983
-93.306015
-85.877907
-89.155029
-99.914986
-102.363838
-93.596764
-85.921356
-89.444702
-99.766922
-102.028030
-93.380043
-85.305519
-89.093338
-99.744392
-102.293564
-93.424026
-85.860741
-89.183990
-100.024414
-102.437332
-93.690102
-85.900436
-89.024673
-99.699867
-102.140678
-93.185852
-85.711067
-89.197945
-100.105957
-102.720039
-93.869278
-86.131104
-89.460258
-100.200371
-102.541939
-93.561356
-85.824799
-89.359413
-99.651588
-102.264595
-93.252907
-85.448212
-88.965660
-99.459541
-102.077919
-93.181023
-85.555504
-88.905045
-99.783020
-102.442162
-93.757164
-85.968559
-89.289139
-100.153160
-102.786018
-94.284485
-86.255020
-89.516586
-99.956825
-102.890091
-94.094048
-85.762032
-89.042908
-99.819496
-102.710381
-94.187386
-86.023277
-88.875542
-99.823250
-102.702873
-94.026993
-86.055466
-89.318642
-99.883331
-102.657272
-94.383186
-86.343536
-89.464020
-100.200371
-103.055847
-94.377289
-86.130028
-89.464554
-100.321068
-103.057457
-94.307549
-86.381622
-89.709709
-100.396172
-102.814987
-94.577919
-86.627312
-89.513908
-100.076988
-102.765099
-94.241570
-85.756668
-88.638969
-99.446136
-102.616501
-94.253906
-85.847328
-88.712997
-99.183815
-102.198082
-93.716927
-85.245438
-88.424393
-99.391418
-102.468445
-94.243179
-86.231415
-88.917381
-99.974525
-103.211418
-94.877785
-86.382698
-89.216713
-99.950386
-102.538719
-93.922386
-85.880051
-88.906654
-99.802330
-102.820351
-94.616005
-86.272728
-88.583176
-99.125343
-102.492050
-94.098877
-86.381088
-89.838455
-100.827469
-104.704872
-96.857803
-88.864273
-91.516441
-101.639107
-103.911476
-94.460976
-85.442848
-87.890633
-98.772896
-102.085960
-94.305939
-86.146660
-88.846039
-99.611359
-102.772072
-94.577919
-86.077995
-88.747330
-99.330795
-102.789238
-94.760307
-86.263603
-88.865349
-99.610283
-102.657272
-94.714706
-86.311348
-88.446922
-99.172546
-102.376717
-94.289314
-85.924034
-88.489838
-98.905937
-102.231873
-94.178268
-85.660645
-88.095551
-98.851219
-102.087036
-94.017334
-85.778122
-87.547310
-98.104492
-102.027489
-94.123550
-85.802803
-88.141685
-98.817963
-102.224899
-94.337593
-85.906868
-88.485008
-99.072769
-102.431969
-94.414299
-85.735748
-88.265602
-98.673660
-102.172867
-94.427711
-86.014160
-88.395958
-99.205269
-102.605240
-94.757622
-86.150955
-88.541336
-99.663391
-103.071404
-94.939476
-86.354263
-88.716217
-99.572197
-102.828400
-94.743675
-86.208885
-88.707100
-99.328651
-102.686241
-94.539291
-85.902046
-88.076241
-98.775581
-102.052704
-94.384262
-85.732529
-87.863808
-98.789528
-102.450745
-94.730804
-86.365532
-88.294037
-99.105492
-102.780121
-94.922310
-86.297935
-88.453896
-99.231560
-102.750618
-94.341881
-85.946030
-88.285454
-98.968697
-102.684097
-94.869202
-86.418098
-88.232346
-99.124802
-103.029030
-95.106850
-86.554359
-88.334267
-98.967628
-103.063362
-95.285484
-87.087044
-88.775223
-99.303436
-102.724327
-95.086464
-86.265747
-87.963585
-98.585678
-102.360085
-94.701302
-86.282379
-88.391136
-98.703697
-102.543549
-94.875641
-86.332802
-87.964661
-98.402214
-102.317703
-94.584892
-85.820503
-87.781197
-98.507896
-102.380470
-94.864914
-86.332802
-88.133644
-98.631279
-102.772072
-94.967369
-86.120911
-88.000603
-98.211243
-102.493660
-94.935722
-86.160072
-88.196404
-98.728371
-102.468979
-95.110069
-86.396103
-88.503250
-98.809380
-102.640640
-95.279579
-86.647163
-88.148125
-98.220367
-102.098839
-95.047302
-86.319931
-87.939445
-98.004715
-101.644470
-94.110138
-85.300156
-87.555893
-98.587830
-103.209808
-96.358376
-87.588615
-89.179169
-99.426285
-103.016151
-95.249542
-85.258850
-86.167580
-96.662537
-100.858582
-94.295212
-85.166046
-86.983513
-97.885620
-101.916451
-94.685204
-86.010941
-87.384766
-97.859337
-101.841347
-94.773178
-85.931007
-87.450211
-98.066406
-102.278549
-95.342880
-86.527000
-87.227051
-97.920494
-102.132637
-94.678230
-85.858589
-87.025352
-97.540154
-102.002281
-95.051598
-86.384300
-87.643867
-98.046555
-102.638496
-95.385796
-86.556503
-87.416954
-97.682846
-102.269966
-94.925529
-86.169731
-87.554817
-97.932297
-102.504387
-95.317131
-86.602638
-87.796753
-97.683922
-101.690071
-94.776939
-86.041519
-87.534973
-97.547127
-101.929855
-95.020477
-86.031860
-87.077385
-97.205414
-101.841347
-94.972740
-86.089264
-87.282845
-97.339523
-101.997986
-94.920166
-86.255562
-87.575745
-97.553032
-102.175552
-95.334297
-86.452965
-87.341850
-97.477394
-102.052704
-95.450172
-86.212639
-87.494736
-97.570732
-101.523773
-95.004921
-86.119835
-87.326836
-97.520844
-101.668610
-95.014046
-85.873077
-86.638580
-97.075058
-101.749077
-95.189461
-86.078529
-87.157318
-97.535324
-102.300537
-95.516685
-86.109108
-87.177704
-97.260666
-101.849396
-95.425491
-86.295258
-87.354729
-97.265495
-102.010864
-95.242027
-86.427757
-86.975464
-96.996201
-101.795746
-95.279045
-86.068878
-87.017303
-97.238678
-101.564003
-94.602058
-85.444992
-86.532898
-96.831512
-101.510361
-94.987221
-85.929939
-86.806480
-96.678627
-101.227119
-94.869202
-85.483620
-86.386986
-96.298828
-101.122513
-94.666428
-85.212181
-86.047417
-96.268250
-100.727158
-94.392845
-85.630600
-86.602097
-96.526817
-101.267891
-94.741531
-85.389740
-85.888092
-95.845528
-100.488441
-94.402496
-85.115082
-85.760422
-96.164185
-101.499634
-95.292458
-86.302231
-86.945961
-96.624985
-101.743179
-95.164246
-85.963196
-86.332802
-95.775787
-100.853760
-94.816635
-85.657425
-86.417564
-96.560074
-101.251793
-94.920166
-85.637039
-85.699806
-95.953888
-101.701874
-96.306335
-87.884735
-88.725876
-98.827080
-103.677048
-96.935585
-86.761955
-85.882729
-95.578377
-100.515259
-94.241028
-85.367744
-86.183678
-96.034897
-101.308662
-95.405647
-86.223373
-86.477112
-96.273613
-101.117149
-94.914803
-85.904724
-86.571526
-96.611038
-101.772148
-95.417450
-86.112862
-86.072098
-95.736633
-100.783485
-95.067154
-85.971245
-86.204597
-95.539223
-100.681557
-94.634239
-85.484154
-85.908478
-95.421738
-100.488441
-94.474922
-85.276016
-85.981972
-95.305328
-100.378471
-94.618149
-85.662254
-86.045807
-95.937263
-101.142899
-95.391701
-85.903114
-86.110184
-95.980713
-100.763100
-94.823608
-85.613976
-85.927254
-95.502205
-100.515259
-94.308624
-84.825943
-85.242218
-95.483429
-100.421387
-94.753868
-85.678886
-85.589836
-95.645973
-100.774361
-94.913727
-85.561935
-85.687469
-95.470016
-100.343063
-94.653015
-85.494347
-85.535118
-95.256516
-100.189644
-94.644974
-85.404762
-85.567307
-95.549416
-100.353256
-94.621902
-85.469131
-85.962662
-96.079964
-101.057068
-95.366486
-86.307060
-86.315102
-95.932434
-101.266815
-95.468407
-86.376793
-86.367134
-95.894341
-100.889160
-95.196434
-86.033470
-85.956223
-95.848213
-101.190109
-95.583748
-86.421318
-86.170799
-95.840164
-101.348358
-96.023102
-86.616585
-87.156242
-96.479607
-101.443840
-95.671722
-86.529144
-86.364456
-95.721611
-100.981964
-95.273148
-85.944420
-86.053322
-95.235054
-100.210030
-94.766205
-85.454117
-85.454117
-94.951813
-100.122589
-94.768356
-85.481476
-85.412811
-94.478676
-99.848999
-94.779083
-85.521172
-85.117767
-94.666428
-99.911224
-94.622978
-85.471283
-85.563545
-95.203941
-100.470200
-95.146545
-85.683708
-85.477180
-94.965225
-100.277618
-94.911049
-85.730919
-85.510979
-95.367020
-100.489510
-95.210915
-86.165436
-85.938522
-95.340202
-100.824791
-95.379356
-86.075310
-85.884338
-95.380432
-100.618256
-95.240425
-85.694443
-85.293182
-94.816093
-100.586075
-94.916946
-85.507759
-84.942345
-94.686813
-100.830154
-96.152382
-87.744186
-87.767784
-97.129776
-102.574661
-96.999420
-87.000679
-85.674057
-94.008751
-99.236923
-93.897171
-84.889244
-84.997063
-94.254982
-100.120979
-95.186775
-85.541557
-84.968102
-94.554314
-100.221291
-94.860085
-85.201447
-85.112404
-94.632095
-100.286201
-95.207161
-85.868248
-85.749695
-94.984001
-100.569977
-95.539757
-86.176704
-85.679420
-95.118652
-100.698189
-95.704979
-86.343536
-85.965881
-95.077881
-100.382225
-95.543510
-86.028107
-85.142441
-94.401428
-100.248650
-95.481819
-85.838745
-85.455185
-94.695930
-100.259377
-95.430321
-86.278091
-85.639725
-94.884224
-100.603775
-95.729118
-86.198158
-85.479324
-94.937332
-100.810844
-95.899712
-86.650917
-85.454651
-94.526955
-100.634888
-96.098740
-87.070412
-86.464767
-95.992516
-101.724403
-96.740318
-86.970100
-86.233566
-94.642822
-100.587685
-95.932434
-86.609070
-86.044739
-95.023697
-101.086571
-96.470490
-87.200768
-86.592445
-95.747360
-101.496414
-96.635178
-86.971169
-86.054390
-94.960396
-101.043655
-96.209244
-86.542015
-85.971245
-94.661064
-100.245972
-95.598763
-86.278625
-85.451965
-94.433617
-100.754517
-96.101952
-86.491592
-85.852150
-94.847206
-101.241608
-96.697945
-87.430367
-86.548988
-95.348244
-101.830620
-97.339523
-87.471138
-86.445457
-95.250618
-101.352112
-96.860481
-87.358482
-86.609612
-95.195358
-101.466911
-97.224190
-87.422318
-86.398788
-95.128304
-101.320999
-96.960258
-87.308060
-86.424538
-95.141182
-100.817276
-96.661461
-86.736214
-85.466454
-94.772110
-100.780800
-96.272003
-86.547386
-86.075310
-95.194824
-100.932076
-96.027390
-86.504463
-85.544769
-94.507645
-100.674583
-96.358910
-86.870857
-85.874687
-95.272606
-101.364983
-96.793968
-87.048958
-85.619873
-94.716316
-100.993233
-96.527893
-86.951859
-86.240540
-94.875107
-101.077988
-96.791817
-87.353653
-86.101601
-94.689499
-101.178841
-96.769821
-87.856834
-87.674446
-97.337914
-103.886261
-99.297005
-89.571838
-87.521561
-95.748970
-100.727692
-95.098801
-85.597878
-84.360306
-93.342491
-99.911224
-95.711952
-86.542557
-85.454651
-94.363876
-100.626305
-96.350861
-87.356339
-86.025963
-94.888519
-101.536110
-97.187180
-87.912628
-86.589226
-95.312843
-101.868706
-97.708595
-88.152412
-86.696510
-95.298897
-101.746399
-97.418922
-87.648163
-86.224442
-94.895493
-101.233017
-97.005325
-87.413200
-86.068878
-94.224937
-100.978210
-97.511726
-87.772614
-86.637505
-95.228622
-101.643936
-97.617401
-87.917992
-86.146660
-94.591324
-101.609604
-97.190399
-87.300011
-86.205666
-94.885300
-101.358551
-97.148018
-87.570374
-86.181526
-94.681984
-101.152016
-97.264427
-87.691612
-86.110718
-94.675011
-101.132172
-97.309486
-87.624023
-85.873077
-94.422348
-101.117683
-97.252083
-87.418030
-86.145584
-94.446487
-100.941193
-96.836884
-86.919136
-85.808167
-94.010895
-100.309265
-96.763924
-87.213104
-85.484154
-94.176125
-101.125198
-97.246185
-87.644409
-85.896141
-94.379433
-101.157379
-97.547127
-87.839134
-85.613434
-93.799538
-100.960510
-97.645294
-87.528534
-85.856979
-94.460434
-101.273788
-97.628670
-87.755447
-85.772758
-94.194359
-101.086571
-97.346497
-87.737213
-85.919746
-94.296822
-101.148262
-97.306801
-87.840210
-85.921890
-94.037186
-100.876289
-97.524597
-87.777443
-85.635971
-94.066689
-100.684776
-97.137291
-87.409447
-85.567841
-93.721222
-100.435867
-96.798256
-87.260849
-85.587685
-94.066154
-101.196007
-97.553032
-87.967880
-85.969635
-93.999634
-101.106422
-97.479004
-87.896530
-85.776512
-93.785591
-100.755585
-96.938805
-87.164825
-85.469673
-93.861229
-100.268501
-96.683990
-87.348289
-85.650452
-94.116577
-101.113930
-97.469879
-87.980751
-86.241074
-94.113892
-101.103737
-97.689285
-88.075172
-86.222298
-94.253372
-100.896133
-97.576630
-87.816071
-85.466454
-93.290459
-100.522232
-97.894745
-89.342247
-87.722725
-95.880394
-103.052094
-99.763168
-90.100235
-87.234566
-94.178268
-100.242752
-96.678093
-87.239395
-85.469131
-93.741066
-100.760414
-97.468811
-87.950180
-86.096771
-94.207237
-101.203514
-98.114685
-88.455505
-86.406837
-94.394455
-101.564003
-98.563690
-88.779518
-86.029716
-94.058105
-101.352112
-98.027779
-88.062294
-85.793144
-93.405251
-100.540474
-97.451645
-88.077316
-85.613976
