-7.262887
-97.196831
-5.330086
-99.056137
-57.788200
-121.514275
-92.445557
-133.180817
-60.534248
-117.416397
-8.196296
-100.858582
-6.982864
-108.611244
-59.290237
-131.815567
-93.432610
-140.769852
-61.377533
-123.405769
-7.890523
-102.324677
-5.491555
-104.377640
-57.842381
-125.980156
-92.679985
-137.021194
-61.187634
-120.596962
-7.744611
-98.787918
-5.373538
-102.315559
-57.761917
-125.327301
-92.705734
-135.910233
-61.196217
-119.254784
-7.532717
-97.190399
-4.429400
-98.633423
-56.398815
-120.158150
-91.803436
-131.073135
-61.095901
-115.604294
-7.932366
-95.267242
-4.530788
-97.127098
-56.861767
-120.452118
-92.939087
-134.009613
-62.429497
-119.181824
-8.784772
-98.171013
-4.981936
-100.149406
-56.962616
-122.875229
-92.737381
-134.723083
-62.273392
-118.748383
-8.735419
-98.123802
-4.866064
-100.474495
-56.719070
-123.083908
-92.770645
-133.965088
-62.392479
-116.966858
-8.529962
-95.010292
-4.152060
-96.288101
-55.863449
-118.327278
-92.391914
-130.119873
-62.686989
-114.071686
-8.910836
-92.041084
-4.120946
-92.875786
-55.726654
-114.756721
-92.550705
-126.685577
-62.933750
-111.073509
-9.235383
-90.151199
-4.388631
-91.984756
-56.041546
-114.800705
-93.084465
-127.800301
-63.988930
-112.500984
-10.095836
-91.363022
-4.878402
-93.527023
-57.043083
-120.450516
-95.480751
-139.430359
-67.267128
-129.127457
-13.524773
-111.703293
-7.885159
-115.304428
-57.889587
-134.909225
-94.473846
-144.796921
-65.224358
-127.580360
-10.728301
-103.827789
-4.340351
-103.377182
-55.021770
-124.543030
-92.590401
-136.729370
-64.151474
-121.373192
-10.048629
-99.663925
-3.638685
-99.636032
-54.346928
-120.893616
-92.301254
-132.967316
-64.486748
-117.726463
-10.140897
-95.956573
-4.199803
-99.724548
-56.471771
-128.025604
-95.225937
-145.615540
-68.006348
-135.537933
-13.921740
-117.280678
-6.361128
-116.309715
-56.241638
-135.323364
-93.822067
-146.025375
-65.725395
-129.421432
-11.359693
-108.490540
-4.520596
-112.252609
-54.440269
-132.931366
-92.373138
-144.092041
-64.770531
-128.521286
-10.081888
-106.028809
-2.341032
-106.368912
-53.017086
-129.905838
-91.906975
-144.286224
-65.183586
-130.781311
-10.688067
-109.306473
-2.728343
-108.893944
-52.952713
-130.798477
-91.954720
-144.303391
-65.262978
-129.808197
-10.440231
-107.279793
-1.942992
-106.348526
-51.998920
-127.849655
-91.474602
-142.112030
-65.466827
-129.081863
-11.030317
-107.626869
-2.250910
-107.234192
-52.223690
-129.206314
-91.558823
-142.896851
-65.581093
-128.562592
-10.732593
-105.610924
-1.428545
-104.323463
-51.177628
-125.577820
-90.947815
-138.797363
-65.636879
-124.682503
-11.082353
-102.070404
-1.867891
-101.220680
-51.439949
-122.640800
-91.299187
-136.188110
-66.076225
-122.183754
-11.233628
-99.722397
-1.572848
-98.833519
-51.363235
-120.885567
-91.713318
-135.165115
-66.763405
-122.636513
-12.315096
-102.780655
-2.724588
-104.391052
-52.312202
-128.531479
-92.794785
-144.294281
-68.250961
-132.287094
-13.537111
-111.568642
-3.276051
-111.871735
-52.735455
-134.962875
-93.632706
-150.895187
-69.533058
-139.371887
-14.870705
-118.827774
-4.475534
-119.363144
-53.511688
-142.434433
-94.221184
-158.029877
-70.012100
-146.053802
-15.362085
-125.391144
-4.654170
-125.430298
-53.602345
-147.806366
-94.223862
-162.568710
-70.089882
-149.566422
-14.822426
-127.051430
-3.236354
-125.817078
-51.501640
-145.846207
-91.971344
-157.988022
-67.829857
-142.616287
-12.775900
-119.560555
-1.547635
-119.108337
-50.953396
-144.994339
-92.994873
-162.786499
-69.768021
-151.611343
-14.095547
-126.589554
-1.556218
-122.004044
-49.279160
-141.256943
-90.435509
-154.074692
-67.416260
-139.911545
-12.210490
-116.200821
-0.072956
-113.305107
-48.524387
-134.156601
-90.351288
-148.852966
-67.556267
-135.602844
-12.416484
-112.453239
0.203311
-110.251678
-48.233635
-132.459305
-90.687637
-148.481201
-68.451057
-135.701553
-13.525309
-112.706978
-0.799835
-109.731865
-48.792072
-130.442276
-91.010582
-145.355362
-69.638199
-135.576569
-15.033247
-115.306572
-1.835168
-112.829819
-49.151489
-132.769897
-91.317421
-146.579514
-69.595818
-133.476929
-14.637353
-110.526337
-1.312673
-108.076942
-49.152023
-129.896179
-91.838310
-145.464264
-70.624184
-133.175446
-15.552523
-110.596611
-1.815319
-107.888657
-49.346752
-128.778778
-91.997627
-143.776077
-70.891327
-131.456696
-15.562716
-108.641815
-1.401186
-105.864662
-48.804947
-126.867966
-91.719215
-141.982208
-70.953552
-129.848969
-15.841665
-107.311981
-1.473606
-104.501564
-48.558720
-125.660973
-91.694542
-140.886261
-71.314041
-129.065765
-16.162457
-106.696144
-1.426935
-103.630913
-48.325367
-124.731857
-91.772324
-140.494659
-71.765732
-129.100632
-16.403856
-106.781441
-1.358807
-103.945808
-48.410660
-125.619125
-91.974564
-141.708633
-72.200249
-130.825302
-17.090502
-108.491081
-1.725197
-105.308907
-48.239536
-126.684502
-92.211136
-144.964294
-73.554764
-138.023270
-18.330755
-115.500763
-2.690792
-112.197357
-49.283451
-133.741394
-93.000778
-149.751495
-73.443718
-138.037750
-17.935396
-115.044785
-2.061010
-112.393158
-48.740574
-134.859344
-92.870956
-151.417694
-73.664734
-139.634201
-18.246534
-116.822556
-2.001465
-113.418831
-48.491127
-135.093765
-92.706268
-151.408569
-74.189369
-140.951172
-19.119860
-118.701172
-2.577067
-115.073219
-48.506683
-135.981033
-92.881691
-152.605911
-75.134583
-144.752930
-20.377279
-125.675995
-3.736854
-125.111656
-50.038761
-149.600754
-95.098801
-169.352554
-77.568420
-161.395508
-22.355141
-140.761276
-5.021632
-138.282379
-50.525314
-160.316177
-95.133133
-177.995697
-77.210609
-168.614944
-21.705511
-147.291916
-4.118264
-144.907974
-49.500710
-166.323257
-93.856400
-181.712708
-75.974113
-170.413635
-20.322563
-147.315521
-2.201557
-142.760056
-46.980503
-162.054260
-91.759453
-177.672760
-74.789116
-167.145096
-18.839302
-141.345459
-0.138402
-134.528885
-45.279984
-155.180298
-90.540657
-170.533249
-73.784355
-159.190201
-18.358114
-135.994446
0.036478
-131.213684
-44.954365
-151.270172
-90.300865
-167.190155
-74.039169
-156.239761
-19.036177
-133.316528
-0.531614
-128.333527
-45.181278
-146.776398
-90.578209
-161.716293
-74.267693
-150.375916
-18.922449
-127.240257
0.065982
-122.457878
-44.472103
-142.125443
-90.332512
-158.753525
-74.854561
-149.650116
-20.901384
-132.571411
-2.585113
-133.852432
-47.207420
-158.167206
-93.575310
-178.688248
-78.472862
-172.308334
-23.298206
-151.166092
-2.806127
-143.376968
-45.587364
-157.687622
-90.757378
-170.247864
-75.158188
-158.133408
-19.581202
-133.618011
0.652313
-126.995102
-42.946461
-144.891876
-88.808487
-159.887573
-73.714622
-148.472092
-18.328609
-123.729782
2.049744
-116.813438
-41.861774
-136.207413
-88.670616
-153.447052
-74.476372
-143.624802
-19.456209
-120.280998
0.815928
-115.956200
-43.235065
-137.181061
-90.153877
-155.167419
-76.090523
-146.154663
-20.636381
-121.477798
0.554681
-113.868370
-42.250698
-131.809662
-88.677055
-147.529556
-74.765511
-137.002960
-19.524874
-112.782616
1.423717
-106.370522
-41.755024
-125.498962
-88.746796
-142.334122
-75.212906
-132.868073
-20.186844
-110.669029
0.913024
-106.078163
-42.225483
-126.448471
-89.145370
-142.797607
-75.573395
-132.199127
-20.278038
-108.046906
1.285851
-101.535034
-41.695480
-120.540634
-88.952789
-137.440155
-75.927444
-128.118942
-20.602049
-104.526237
1.174271
-98.531502
-41.491631
-118.155075
-88.858376
-135.428497
-75.941391
-124.939453
-20.522655
-100.440163
1.871109
-93.498596
-40.533546
-112.621147
-88.405617
-129.674622
-76.094810
-120.537949
-21.040323
-97.172691
1.506329
-90.402252
-40.667122
-109.419121
-88.424927
-126.690941
-76.407562
-117.597176
-21.418514
-94.066689
1.219332
-87.373505
-40.654247
-106.298103
-88.363235
-123.771088
-76.741760
-115.039421
-21.735014
-91.500885
1.478434
-84.668228
-40.244942
-103.944199
-88.392738
-121.751923
-77.235291
-113.323883
-22.372843
-90.074486
1.065374
-83.258461
-40.362957
-102.262451
-88.504860
-120.061592
-77.538376
-111.802536
-22.638918
-88.597130
0.933945
-81.832062
-40.221874
-100.895599
-88.503784
-118.764473
-77.636009
-110.492004
-22.875490
-87.325226
0.884593
-80.449646
-40.176277
-99.521233
-88.710854
-117.756500
-78.291008
-109.818237
-23.235441
-86.583862
1.070738
-79.604752
-39.721375
-98.799721
-88.173874
-117.117065
-77.972359
-109.440582
-23.495617
-86.349434
0.757992
-79.169159
-40.030899
-98.439232
-88.741966
-117.651894
-79.267868
-111.452240
-24.847452
-89.634605
-0.444710
-83.590515
-40.979328
-103.497345
-89.766029
-122.292114
-80.631500
-114.541603
-26.105408
-90.608246
-1.009584
-82.875435
-41.261497
-101.703484
-89.976318
-120.128113
-80.452332
-112.888290
-25.659088
-89.570770
-0.167370
-82.312714
-39.659683
-100.776512
-88.796684
-119.548218
-80.321442
-113.218201
-25.828604
-90.273506
-0.128210
-82.421074
-39.714935
-101.001282
-88.916847
-119.414108
-80.825157
-112.301964
-26.698175
-89.458115
-0.744045
-82.263893
-39.853874
-101.150406
-88.675987
-119.613129
-80.612190
-112.648499
-26.116137
-89.553604
0.251591
-81.251091
-39.050823
-99.321678
-88.476425
-117.562843
-80.736641
-110.346634
-26.213768
-87.028038
0.460804
-78.897720
-38.372223
-97.164642
-88.239319
-115.954590
-81.007545
-109.252289
-26.783470
-86.167580
-0.282168
-78.130074
-38.927441
-96.427574
-88.519341
-115.305496
-81.645912
-108.886436
-27.610126
-85.859665
-0.410378
-77.386566
-38.408699
-95.277969
-88.120232
-114.322739
-81.970459
-108.546867
-28.200212
-85.856445
-0.876546
-77.624207
-38.724129
-95.819778
-88.503250
-114.719170
-82.437164
-108.618752
-28.619711
-85.615585
-0.902295
-76.784676
-38.371685
-94.616005
-88.229668
-113.534706
-82.490807
-107.385475
-28.597179
-84.291641
-0.303626
-75.325554
-37.451153
-93.041008
-87.260315
-112.087921
-81.802551
-106.612999
-28.151934
-83.962273
-0.123382
-75.086304
-37.499432
-93.338196
-87.733452
-112.796021
-82.561623
-107.141930
-28.692131
-83.958511
-0.149667
-74.863144
-36.878231
-92.369385
-87.028038
-111.650185
-82.566986
-106.102837
-29.103045
-83.063728
-0.222087
-74.065994
-36.728027
-91.465477
-87.049492
-110.614853
-82.675880
-105.084137
-29.071930
-82.242439
0.021994
-73.367546
-36.179249
-91.268074
-86.736748
-110.856789
-82.630287
-105.625946
-28.944794
-82.408737
0.383020
-72.965210
-35.405701
-90.109352
-85.933159
-109.551620
-82.351334
-104.434509
-28.919582
-81.399147
0.894785
-71.803818
-34.958305
-88.989799
-85.730919
-108.414902
-82.269257
-103.260773
-29.051546
-80.331093
0.633001
-70.810860
-35.091343
-87.977539
-85.778664
-107.464867
-82.723091
-102.732910
-29.816513
-79.972214
0.135720
-70.538887
-35.149815
-87.843422
-86.079605
-107.786728
-83.317467
-103.338554
-30.170027
-80.545670
0.277877
-70.922981
-34.885887
-89.025742
-86.135399
-109.887970
-83.749840
-105.622185
-30.762794
-82.367424
-0.188291
-72.297340
-34.765186
-88.993019
-85.771149
-108.488930
-83.697807
-103.726936
-31.087343
-80.813354
-0.365317
-70.701431
-34.834927
-87.382622
-85.915451
-107.040543
-83.991776
-102.451279
-30.988638
-79.444893
-0.021994
-69.349060
-34.355347
-86.032936
-85.655815
-105.815308
-84.095840
-101.651985
-31.352882
-78.719086
-0.081003
-68.482704
-34.035625
-85.201988
-85.607536
-105.155487
-84.467598
-100.952461
-31.780962
-78.005623
-0.168979
-67.599724
-33.977692
-84.229958
-85.442848
-104.221535
-84.669838
-100.354866
-32.103901
-77.718086
-0.307918
-67.372269
-33.707325
-83.839958
-85.183212
-103.931320
-84.792145
-100.116684
-32.363003
-77.339897
-0.263929
-66.717812
-33.532444
-83.136147
-85.100601
-103.193176
-84.967026
-99.611359
-32.757286
-76.961700
-0.452220
-66.292412
-33.317333
-82.659248
-85.146194
-102.941055
-85.306053
-99.470276
-33.031406
-76.863533
-0.533223
-66.275246
-33.188587
-82.490273
-84.923035
-102.679268
-85.404228
-99.189713
-33.304993
-76.519142
-0.254273
-65.633659
-32.438103
-81.854591
-84.352264
-102.153015
-85.068413
-98.880188
-33.060375
-76.403267
-0.166833
-65.537102
-32.507305
-82.132469
-84.335098
-102.611137
-85.396179
-99.417702
-33.698204
-77.325951
-0.400722
-66.254326
-32.395187
-82.149635
-84.516953
-102.383690
-85.803871
-99.115685
-33.878986
-76.286324
-0.557363
-64.923416
-32.162373
-80.576782
-84.112473
-100.849998
-85.851616
-97.966087
-34.044209
-75.357742
-0.296116
-64.116066
-31.823877
-79.997963
-83.970856
-100.502388
-85.996994
-97.751511
-34.513596
-75.196274
-0.538588
-63.764698
-31.842653
-79.474396
-84.131248
-99.921417
-86.453506
-97.317535
-34.877304
-74.858849
-0.620663
-63.380070
-31.556728
-79.043098
-84.006798
-99.632813
-86.926643
-97.247261
-35.428230
-74.817543
-1.047135
-63.174614
-31.627541
-78.628426
-84.159142
-99.345818
-87.306984
-97.218826
-35.781208
-74.979012
-1.196802
-63.637024
-31.813148
-79.517311
-84.535728
-100.917595
-87.862198
-99.028244
-36.524715
-76.799164
-1.438737
-65.159447
-30.992393
-80.576782
-81.482834
-100.948708
-85.190720
-99.202591
-36.152962
-77.638161
-1.808346
-66.253792
-31.890396
-81.825623
-84.668762
-102.956070
-89.251587
-101.498024
-38.444641
-79.482979
-2.882838
-67.669456
-32.104435
-83.042809
-84.683250
-104.157166
-88.796150
-102.311272
-38.042309
-80.274765
-3.093660
-70.213799
-32.706860
-87.619728
-85.713753
-110.051590
-90.188210
-108.960464
-38.814785
-85.835526
-2.722442
-72.152504
-31.664017
-85.717506
-85.367744
-106.111961
-91.191895
-104.347603
-41.234676
-81.759636
-4.893423
-68.660271
-32.861893
-82.529968
-84.474037
-102.426071
-88.726410
-100.292641
-37.398045
-77.609726
-0.367999
-64.551125
-28.782253
-78.749664
-81.602997
-99.365669
-87.184135
-98.017586
-36.821907
-75.864143
-0.565410
-63.464828
-28.460388
-78.093056
-81.312248
-99.173080
-87.045204
-97.858803
-36.665264
-75.512772
0.108361
-62.945015
-28.273705
-77.727203
-82.204887
-98.984795
-88.468384
-97.871674
-37.855629
-75.296051
-0.671089
-62.190243
-27.870300
-76.411850
-80.865929
-97.649590
-87.179848
-96.820786
-36.898617
-74.587952
0.475287
-61.440834
-27.128403
-75.737541
-80.576782
-97.079353
-87.577888
-96.540230
-37.800377
-74.673782
-0.611007
-61.957428
-27.633194
-76.155968
-80.968391
-97.269791
-88.276871
-96.865845
-38.678532
-74.920540
-0.991881
-61.569580
-27.789835
-75.756859
-81.476395
-97.173767
-88.941521
-96.521454
-39.142017
-74.276276
-0.970960
-60.845921
-27.289335
-74.611549
-81.060120
-96.026314
-89.004822
-95.865379
-39.378586
-73.946899
-0.959158
-60.412476
-26.890759
-74.021469
-80.280670
-95.280655
-88.503250
-95.146545
-39.223557
-73.267227
-1.047671
-59.824535
-26.779715
-73.279564
-79.911064
-94.500130
-88.643799
-94.621368
-39.646271
-72.784966
-1.367927
-59.322960
-26.962105
-72.848808
-80.426582
-94.164856
-89.046127
-94.250687
-40.000858
-72.376198
-1.351833
-58.797249
-26.589279
-72.250137
-80.306419
-93.837624
-89.385696
-94.176125
-40.252987
-72.294662
-1.231670
-58.607346
-26.330713
-71.980309
-80.105255
-93.552238
-89.421638
-93.974419
-40.397827
-72.098862
-1.031041
-58.189461
-25.842552
-71.495895
-79.742615
-93.130058
-89.724724
-93.759842
-41.017418
-71.930954
-1.491308
-58.025307
-25.866692
-71.190666
-79.624603
-92.813026
-89.615829
-93.569939
-40.807667
-71.791481
-1.290679
-57.782299
-25.393549
-70.898300
-79.158432
-92.594688
-89.637291
-93.466942
-41.271690
-71.840828
-1.638294
-57.752796
-25.325420
-70.570000
-79.331169
-92.354362
-89.979004
-93.274361
-41.471783
-71.415428
-1.443029
-57.139641
-25.146786
-70.049118
-79.128929
-91.826508
-89.998848
-93.044762
-41.660610
-71.423477
-1.575530
-57.112286
-24.848524
-69.851707
-78.770584
-91.638214
-90.193039
-92.938011
-42.354767
-71.527016
-2.035260
-57.226547
-25.089924
-70.031952
-78.946541
-91.850113
-90.420494
-93.243782
-42.467957
-71.710472
-1.918853
-57.192215
-24.702076
-69.710083
-78.895576
-91.571693
-90.931725
-93.095192
-43.195370
-71.573143
-2.375901
-56.901463
-25.011602
-69.393585
-79.260353
-91.412376
-91.279869
-93.007751
-43.591267
-71.611771
-2.669871
-56.968517
-24.839941
-69.319557
-79.014664
-91.506790
-91.448311
-93.438515
-43.766682
-72.214195
-2.538443
-57.507641
-24.626974
-69.622643
-78.875191
-91.786812
-91.807732
-93.869278
-44.543987
-72.592384
-3.254056
-57.703442
-24.934355
-69.698280
-79.132149
-91.675232
-92.022308
-93.756622
-44.770363
-72.699135
-3.145695
-57.764599
-24.554018
-69.821129
-78.697090
-91.880150
-91.939697
-93.860695
-44.804161
-72.362785
-2.962768
-57.033962
-23.983242
-68.954773
-78.210007
-91.045448
-91.981003
-93.304405
-45.027855
-72.090813
-3.031433
-56.912193
-23.875954
-68.729469
-77.895111
-90.699982
-91.692398
-93.092506
-44.819717
-71.870872
-2.720833
-56.622513
-23.200573
-68.252037
-77.493317
-90.431221
-91.832947
-93.119331
-45.118515
-71.927734
-2.871037
-56.620369
-23.076118
-68.236481
-77.443962
-90.533684
-91.837234
-93.150978
-45.248871
-71.988892
-2.784670
-56.595154
-22.644819
-68.090569
-76.889282
-90.316956
-91.952034
-93.100555
-45.770290
-71.999077
-3.248156
-56.532928
-22.695782
-67.764946
-76.888214
-89.898537
-92.180023
-92.875252
-46.124344
-72.364395
-3.463805
-57.430931
-22.760691
-68.859825
-77.095276
-90.784203
-92.483650
-93.356438
-46.333019
-72.011955
-3.160179
-55.928894
-22.163631
-66.841728
-76.543282
-89.028961
-92.530319
-92.193436
-46.760025
-71.355888
-3.675163
-55.508858
-22.624971
-66.475876
-76.895721
-88.686714
-92.832336
-91.951500
-46.944027
-70.952484
-3.311992
-54.969734
-22.099258
-65.928703
-76.579224
-88.139542
-92.634384
-91.435974
-47.340458
-70.746490
-3.766358
-54.756767
-22.122326
-65.423912
-76.555084
-88.025276
-93.126839
-90.498276
-47.735813
-69.536812
-3.824294
-54.431686
-21.846058
-65.387436
-76.168846
-87.646019
-92.687492
-91.254120
-47.496025
-70.708405
-3.766358
-54.321712
-21.577301
-64.507668
-75.999863
-86.561867
-92.917091
-90.104530
-47.788387
-69.479950
-3.829122
-53.261169
-21.545650
-63.621468
-75.672630
-85.581787
-92.725586
-89.070267
-47.958973
-68.324989
-3.861845
-52.091724
-20.956636
-62.747604
-75.191978
-85.444992
-92.710030
-89.505859
-47.940197
-69.025047
-3.676773
-52.864201
-20.687880
-63.341984
-75.153893
-85.943886
-92.843063
-90.183922
-48.174629
-70.016930
-3.699303
-53.783127
-20.512465
-64.069397
-74.731178
-86.496956
-92.963226
-90.585182
-48.645622
-69.911789
-3.919244
-53.219864
-20.146610
-63.001877
-74.704895
-85.357018
-93.351074
-89.575600
-49.148270
-69.052940
-4.213214
-52.324539
-20.028593
-62.173077
-74.407707
-84.733139
-93.342491
-89.302544
-49.139149
-68.989639
-3.969133
-52.284843
-19.838156
-62.013752
-74.323486
-84.474571
-93.281334
-88.983368
-49.467453
-68.711769
-4.072667
-51.765568
-19.351603
-61.397919
-73.722672
-83.865707
-93.076950
-88.603027
-49.319931
-68.392586
-3.966451
-51.605171
-19.108595
-61.178513
-73.483955
-83.710678
-93.105919
-88.667938
-49.667007
-68.687088
-4.153133
-51.822433
-18.830183
-61.295994
-73.124535
-83.851761
-93.198189
-89.056854
-50.100990
-69.191879
-4.494846
-52.196869
-18.867733
-61.427422
-73.111122
-83.963875
-93.346779
-89.158783
-50.285526
-69.204216
-4.751266
-52.210278
-19.082310
-61.556705
-73.257034
-84.337242
-93.716927
-89.844887
-50.674984
-70.079155
-4.752338
-52.966663
-18.475594
-61.864624
-72.791939
-84.447212
-93.808662
-89.924286
-51.389523
-70.230431
-5.363882
-53.182312
-18.840910
-61.769135
-73.002228
-83.878586
-94.367096
-89.185600
-51.790783
-69.026657
-5.554319
-51.343388
-18.843058
-59.584743
-73.299950
-81.565987
-95.031212
-86.697586
-53.024063
-66.529518
-6.784917
-48.645088
-19.613386
-56.917557
-73.881989
-79.441673
-95.866447
-85.097916
-53.865204
-65.253326
-7.200123
-47.708992
-19.934715
-56.154736
-74.169525
-78.566200
-95.967834
-84.310959
-54.076023
-64.728149
-7.401289
-47.292713
-19.783976
-55.785664
-74.056870
-78.426193
-96.075134
-84.512123
-54.275043
-64.919655
-7.413090
-47.317390
-19.245924
-55.574841
-73.580513
-78.290474
-96.117508
-84.465988
-54.537365
-65.013535
-7.559539
-47.321144
-19.375744
-55.457359
-73.542427
-77.987381
-96.237137
-84.235855
-54.699368
-64.779648
-7.412017
-46.917202
-18.972876
-55.092583
-73.095566
-77.660690
-96.101952
-84.093163
-54.814705
-64.730293
-7.386268
-46.767536
-18.439653
-54.667183
-72.684654
-77.340965
-96.107857
-83.962807
-55.034107
-64.744781
-7.726372
-46.971920
-18.684807
-54.861374
-72.711479
-77.564125
-96.358376
-84.365677
-55.554459
-65.139603
-7.990838
-47.063114
-18.599512
-54.832943
-72.681435
-77.607040
-96.548271
-84.538406
-55.719681
-65.312874
-8.281053
-47.269646
-18.792631
-54.811485
-72.853630
-77.428406
-96.842247
-84.225128
-56.336590
-65.103661
-8.565368
-46.873215
-18.638136
-54.308304
-72.617058
-76.897865
-96.908760
-83.733742
-56.605885
-64.615494
-8.509578
-46.353405
-18.284084
-53.772934
-72.183617
-76.421509
-96.740318
-83.548676
-56.528099
-64.522690
-8.384049
-46.192471
-17.799677
-53.491837
-71.923981
-76.267014
-96.749977
-83.473572
-56.803829
-64.479240
-8.549273
-45.999352
-17.758371
-53.134033
-71.746956
-75.922081
-96.872818
-83.213394
-57.172367
-64.356934
-8.864165
-46.017590
-17.813625
-53.106674
-71.583878
-75.732719
-96.849754
-83.189796
-57.317204
-64.459389
-8.787454
-45.917812
-17.339947
-52.871174
-71.351593
-75.806206
-97.098129
-83.442993
-57.762451
-64.749603
-9.086252
-46.189251
-17.449917
-53.036934
-71.156868
-75.785286
-97.089005
-83.452652
-57.887978
-64.857964
-8.912982
-46.250408
-16.986967
-52.947350
-70.921371
-75.665657
-96.975815
-83.553497
-58.140644
-65.039284
-9.099664
-46.169403
-16.758444
-52.663036
-70.630081
-75.446259
-97.193611
-83.414024
-58.472702
-64.807007
-9.253085
-45.923176
-16.654911
-52.318642
-70.295341
-75.014420
-96.901787
-82.985947
-58.645435
-64.603157
-9.650052
-45.755806
-16.910793
-52.075630
-70.596825
-74.756393
-97.582535
-82.895821
-59.498379
-64.559166
-10.121049
-45.430725
-16.737522
-51.454967
-70.416580
-74.302559
-97.811592
-82.746689
-59.961327
-64.510353
-10.296465
-45.394245
-16.661348
-51.480717
-70.445007
-74.369080
-97.893669
-82.793900
-59.980637
-64.614960
-10.455789
-45.632961
-16.673149
-51.665253
-70.192879
-74.344406
-98.013298
-82.937668
-60.328789
-64.877281
-10.577024
-45.647446
-16.320171
-51.376648
-69.649467
-74.141632
-97.600777
-82.778877
-60.136742
-64.690598
-10.273398
-45.425358
-15.723648
-51.148659
-68.995003
-73.885208
-97.080963
-82.542847
-59.776253
-64.543076
-9.864629
-45.286957
-15.285912
-50.933010
-68.460709
-73.598213
-96.648056
-82.367424
-59.681305
-64.558632
-9.715499
-45.181278
-14.611604
-50.599342
-68.015999
-73.347694
-96.726913
-82.298225
-60.039646
-64.486214
-9.918273
-45.088474
-14.875533
-50.530678
-68.313728
-73.349304
-97.246185
-82.419998
-60.728973
-64.783936
-10.634959
-45.410339
-15.344383
-50.755447
-68.736977
-73.515068
-97.967163
-82.723091
-61.650047
-65.097755
-11.429967
-45.626526
-15.723648
-50.730774
-68.836220
-73.475906
-98.355011
-82.803017
-62.387653
-65.271561
-11.811377
-45.679096
-15.763881
-50.776371
-69.031487
-73.559593
-98.515404
-82.959122
-62.680016
-65.555344
-12.059750
-45.867924
-15.715601
-50.735065
-68.509529
-73.441032
-97.953217
-82.800339
-61.891445
-65.237770
-10.970773
-45.422676
-14.253798
-50.100990
-67.206512
-72.784966
-97.174301
-82.290718
-61.975128
-64.979736
-11.203588
-45.147484
-14.350893
-49.816139
-67.236015
-72.388535
-97.793358
-82.186646
-62.616714
-65.006561
-11.746467
-45.122269
-14.375032
-49.530216
-67.107803
-72.142845
-97.571808
-81.915207
-62.596867
-64.811295
-11.542083
-44.888916
-13.907792
-49.272186
-66.667389
-71.917007
-97.654953
-81.889992
-63.157448
-64.890152
-12.061359
-44.926468
-14.180841
-49.255558
-66.809006
-71.935783
-97.816956
-82.064339
-63.580162
-65.193245
-12.492123
-45.199516
-14.265062
-49.363918
-66.960281
-72.033951
-98.127022
-82.162506
-64.013611
-65.301605
-12.901427
-45.196301
-14.151873
-49.204597
-66.485535
-71.802742
-98.180130
-82.148560
-64.368736
-65.402992
-13.148727
-45.380833
-14.267744
-49.236782
-66.656654
-71.839760
-98.609818
-82.360992
-64.965790
-65.688919
-13.437332
-45.528355
-14.289202
-49.342999
-66.760727
-71.999619
-98.725693
-82.485985
-65.117065
-65.902420
-13.509752
-45.723083
-13.781192
-49.194939
-65.849846
-71.743195
-97.948387
-82.376549
-64.747459
-65.834290
-13.259233
-45.601311
-13.498487
-49.080139
-65.654587
-71.590851
-98.113075
-82.248871
-65.207726
-65.807472
-13.632061
-45.531574
-13.364913
-48.827477
-65.330040
-71.280785
-98.046021
-82.113693
-65.331642
-65.763481
-13.300003
-45.278374
-12.927176
-48.489517
-65.032845
-71.008812
-98.032074
-81.950073
-65.836975
-65.851997
-13.983967
-45.286957
-13.045731
-48.274940
-64.788231
-70.800133
-98.147408
-81.861031
-65.936218
-65.663170
-13.967337
-45.144264
-12.832763
-48.005650
-64.864944
-70.578049
-98.496628
-81.828300
-66.379318
-65.746315
-14.201762
-45.137291
-13.085963
-48.073776
-64.936287
-70.600578
-98.613579
-81.937202
-66.967255
-66.082664
-14.909865
-45.477932
-13.202372
-48.087189
-64.850990
-70.604332
-98.703163
-81.953293
-67.315941
-66.049942
-14.950098
-45.305733
-13.064506
-47.977215
-64.672897
-70.474510
-98.877502
-82.049316
-67.644783
-66.379852
-15.356722
-45.689289
-12.894453
-48.085579
-64.179909
-70.509384
-98.656494
-82.099205
-67.641029
-66.360542
-15.087964
-45.565907
-12.781264
-47.970776
-63.974449
-70.255646
-98.430649
-81.962952
-67.722565
-66.367516
-15.244068
-45.487049
-12.384834
-47.688606
-63.837654
-70.111877
-98.661316
-81.853516
-67.965576
-66.313332
-15.196325
-45.408192
-11.954606
-47.484760
-63.271709
-69.998154
-98.303513
-81.827232
-68.145287
-66.354637
-15.383007
-45.358841
-11.836589
-47.274475
-63.025482
-69.735832
-98.276688
-81.747299
-68.158157
-66.295631
-15.314342
-45.332554
-11.666001
-47.218147
-62.666065
-69.574364
-98.021881
-81.618019
-68.171570
-66.311722
-15.465619
-45.300369
-11.625232
-47.005718
-62.535175
-69.295418
-97.952141
-81.365891
-68.566925
-66.240379
-15.990795
-45.322361
-11.665464
-46.931152
-62.752434
-69.268593
-98.578171
-81.514488
-69.218163
-66.427597
-16.064825
-45.279446
-11.272789
-46.700481
-62.107094
-69.074402
-98.167259
-81.460304
-69.050797
-66.456024
-16.162992
-45.360451
-11.426211
-46.782021
-62.069008
-69.004662
-98.338921
-81.510193
-69.570076
-66.597115
-16.491833
-45.319145
-11.366666
-46.545448
-62.145718
-68.875916
-98.845322
-81.586372
-70.202003
-66.816513
-16.910793
-45.489731
-11.439622
-46.633427
-61.984787
-68.861435
-98.567978
-81.499466
-70.546936
-66.923271
-17.301323
-45.574490
-11.554421
-46.559933
-61.817951
-68.628616
-98.507896
-81.278450
-70.476662
-66.721031
-17.391981
-45.359913
-11.251331
-46.232166
-61.592110
-68.473587
-98.665611
-81.314926
-70.746490
-66.714592
-17.298105
-45.327190
-10.958970
-46.174770
-61.164566
-68.407600
-98.393631
-81.451187
-70.784576
-66.990326
-17.566324
-45.700016
-11.117221
-46.473568
-61.034748
-68.555122
-98.720863
-81.695801
-71.626251
-67.554657
-17.992796
-46.057823
-11.136533
-46.561008
-61.007389
-68.552979
-98.677414
-81.756958
-71.544182
-67.512817
-17.924669
-45.903866
-10.737956
-46.175304
-60.616322
-68.247208
-98.654884
-81.577248
-71.569923
-67.290733
-17.917694
-45.763317
-10.390879
-45.984333
-60.077198
-68.000443
-98.225731
-81.408272
-71.532379
-67.303604
-17.912867
-45.785847
-9.917737
-45.798187
-59.615860
-67.870628
-98.136139
-81.471573
-71.835464
-67.501549
-18.262627
-45.860950
-10.110320
-45.768681
-59.437759
-67.681259
-97.941948
-81.244652
-71.918076
-67.376564
-18.291058
-45.626526
-9.792747
-45.463982
-59.116966
-67.422699
-97.842712
-81.099281
-72.122459
-67.352959
-18.286766
-45.598095
-9.580316
-45.334164
-58.780083
-67.286980
-97.725761
-81.114838
-72.353668
-67.498871
-18.836618
-45.821789
-10.041656
-45.470421
-58.928677
-67.269272
-98.227875
-81.163116
-73.155647
-67.613670
-19.484640
-45.791214
-10.103346
-45.210781
-58.997341
-67.008026
-98.489655
-81.027931
-73.743050
-67.615280
-19.870342
-45.740788
-10.146261
-44.996742
-58.865376
-66.727470
-98.387199
-80.700165
-73.838539
-67.574509
-19.927206
-45.842175
-9.937585
-45.025711
-58.686741
-66.851387
-98.358765
-81.013985
-73.976402
-67.795525
-19.671860
-45.758488
-9.305657
-44.896965
-58.033356
-66.780037
-98.158134
-81.134682
-74.173279
-68.001518
-20.140709
-45.987015
-9.501994
-44.986549
-57.683060
-66.613205
-97.565903
-80.889534
-73.897545
-67.947868
-20.007671
-46.094303
-9.372176
-45.012299
-57.596153
-66.634666
-97.917274
-81.064949
-74.520355
-68.331963
-20.572546
-46.427433
-9.606601
-45.180206
-57.599373
-66.670067
-98.068016
-81.225883
-74.764435
-68.462318
-20.538214
-46.338383
-9.472490
-44.990307
-57.482964
-66.541855
-98.247185
-81.192619
-75.545494
-68.631836
-21.325708
-46.444061
-9.886086
-44.965092
-57.795712
-66.579407
-98.614647
-81.309029
-76.000938
-68.757896
-21.869125
-46.690826
-9.984256
-45.072380
-57.784981
-66.578873
-98.507896
-81.252167
-76.142021
-68.806175
-21.935644
-46.748226
-9.560467
-44.949535
-57.252296
-66.455490
-98.912910
-81.540237
-76.588341
-69.124290
-22.381426
-46.999817
-9.211244
-44.828300
-55.969128
-65.976448
-97.198441
-80.930298
-75.024612
-68.625397
-20.664812
-46.452644
-7.910372
-44.542912
-55.256733
-65.983955
-96.796646
-81.140053
-75.231140
-69.228355
-21.031202
-46.891453
-8.148552
-44.581001
-55.553921
-65.728073
-97.193611
-80.685143
-75.704285
-68.525620
-21.489861
-46.146873
-8.193076
-43.582684
-55.467018
-64.898735
-97.571808
-80.239365
-76.496071
-68.254715
-22.137346
-45.852367
-8.414090
-43.342892
-55.259949
-64.568825
-97.336845
-79.890137
-76.331383
-68.051407
-21.762373
-45.674267
-7.890523
-43.076283
-54.651089
-64.231407
-97.134605
-79.828445
-76.709579
-68.128120
-22.158804
-45.742931
-8.213998
-43.174450
-54.750332
-64.258759
-97.200584
-79.780708
-77.011055
-68.184982
-22.437216
-45.783703
-8.176447
-43.075745
-54.672012
-64.208336
-97.321823
-79.874580
-77.541061
-68.518112
-22.977949
-46.072845
-8.097054
-43.235603
-54.575989
-64.345131
-97.229553
-79.940567
-77.427338
-68.542786
-23.058416
-46.110394
-8.018733
-43.041950
-54.169899
-64.074226
-97.136749
-79.842400
-77.726669
-68.637733
-23.259583
-46.217686
-7.899643
-43.046238
-53.844818
-63.990005
-96.937195
-79.871361
-78.001862
-68.816910
-23.532095
-46.337311
-7.961334
-43.167477
-53.940842
-64.104263
-97.472031
-80.065018
-78.570496
-69.066353
-23.871126
-46.534721
-7.819713
-43.016735
-53.522415
-63.917049
-96.936119
-80.048927
-78.593559
-69.208511
-24.022942
-46.655422
-7.843853
-43.156212
-53.443558
-63.977665
-97.237602
-80.065559
-78.857491
-69.196175
-24.226788
-46.673122
-7.806302
-43.014591
-53.257950
-63.876278
-97.178055
-80.039268
-79.314003
-69.342621
-24.698320
-46.794895
-7.642687
-42.860096
-52.935547
-63.561386
-97.077209
-79.903015
-79.278595
-69.183296
-25.015358
-46.740177
-7.820250
-42.828445
-52.464554
-63.361294
-96.640541
-79.724915
-79.480301
-69.285225
-25.047009
-46.770756
-7.642151
-42.714184
-52.314350
-63.302284
-96.667366
-79.854195
-79.865463
-69.654831
-25.552336
-47.096375
-7.826687
-42.966846
-52.541801
-63.523838
-96.884621
-79.943787
-79.957191
-69.673607
-25.530342
-47.097446
-7.736565
-42.826298
-52.167362
-63.288338
-96.705452
-79.985092
-80.286034
-69.964897
-25.884394
-47.356548
-7.776798
-42.940025
-51.938839
-63.276001
-96.824539
-80.024788
-80.892212
-70.061455
-26.326422
-47.349575
-7.644297
-42.741543
-51.595516
-63.063034
-96.607285
-79.884773
-80.671738
-70.024437
-25.917652
-47.360306
-7.163645
-42.815571
-51.061756
-63.030846
-96.044022
-79.839180
-80.670128
-70.261009
-26.070004
-47.586681
-6.905080
-42.723301
-50.518879
-62.914974
-95.758087
-79.869759
-80.548355
-70.272278
-26.132229
-47.599560
-6.897570
-42.639618
-50.745255
-62.807152
-96.450645
-79.892288
-81.386810
-70.317871
-26.801172
-47.470276
-7.078351
-42.352619
-50.482937
-62.323280
-96.119659
-79.337608
-81.633575
-70.072716
-27.285580
-47.338310
-7.365883
-42.079571
-50.449142
-61.988003
-96.112686
-79.115517
-81.717796
-69.803421
-27.061348
-46.960655
-6.813348
-41.702454
-49.805412
-61.698326
-95.858940
-79.002861
-81.646988
-69.849556
-27.114454
-47.160748
-6.446959
-41.801693
-49.172947
-61.694569
-95.678162
-79.173454
-82.131393
-70.255646
-27.713123
-47.535183
-6.962479
-42.033974
-49.645016
-61.981030
-95.974808
-79.510872
-82.526215
-70.536201
-27.828459
-47.664467
-6.410480
-41.878407
-48.836060
-61.654873
-95.433006
-79.245338
-82.363670
-70.631691
-28.151934
-47.762638
-6.645978
-41.647736
-48.716969
-61.305115
-95.463585
-79.088692
-82.538017
-70.568924
-28.036598
-47.781948
-6.430329
-41.791504
-48.404762
-61.442444
-95.205017
-79.076355
-82.534798
-70.531914
-28.213623
-47.868851
-6.411017
-41.871433
-48.313030
-61.477310
-94.905685
-79.139656
-82.628677
-70.744347
-28.325741
-47.901039
-5.994201
-41.686359
-47.706310
-61.236984
-94.962547
-79.140732
-83.051392
-70.874161
-28.959278
-48.171944
-6.507040
-41.885918
-47.911766
-61.261662
-95.168541
-79.258751
-83.561012
-71.098396
-29.189949
-48.187500
-6.412626
-41.738930
-47.706844
-61.111458
-94.972198
-79.076355
-83.775589
-71.113953
-29.756432
-48.331268
-6.781698
-41.698696
-47.756737
-60.977882
-95.292992
-79.121956
-84.291107
-71.243767
-29.978518
-48.324829
-6.424964
-41.655781
-47.297005
-60.997734
-94.931969
-79.264114
-84.464912
-71.672920
-30.370121
-48.706242
-6.955505
-41.908447
-47.675732
-61.153301
-95.476990
-79.453476
-85.013161
-71.822594
-30.648533
-48.927254
-6.919564
-42.089764
-47.303440
-61.089462
-95.045692
-79.220123
-84.904800
-71.669167
-30.746702
-48.762032
-6.687821
-41.747513
-47.028782
-60.763844
-94.818245
-79.036125
-85.005112
-71.670242
-30.990784
-48.795826
-6.586970
-41.565125
-46.634499
-60.483822
-94.701302
-78.900406
-85.148880
-71.575294
-30.919437
-48.671909
-6.348253
-41.471783
-46.265965
-60.378677
-94.600983
-78.896652
-85.575348
-71.712082
-31.683867
-48.937984
-6.744147
-41.579071
-46.459618
-60.322353
-94.753334
-78.793655
-85.597343
-71.672386
-31.625393
-48.751839
-6.468953
-41.292076
-45.943027
-60.129234
-94.393379
-78.720695
-85.770081
-71.749634
-31.910782
-48.905796
-6.463588
-41.284027
-45.822865
-59.913048
-94.600449
-78.630035
-86.248581
-71.809181
-32.348518
-48.872002
-6.773652
-41.119343
-45.740788
-59.618004
-94.346710
-78.275986
-86.649841
-71.730858
-32.635513
-48.791534
-6.657780
-40.934269
-45.464520
-59.435078
-94.371925
-78.154747
-86.752304
-71.634834
-32.933777
-48.757740
-6.692649
-40.806595
-45.220440
-59.159882
-94.513008
-78.138657
-87.061295
-71.717445
-33.392971
-48.885948
-6.955505
-40.769581
-45.112614
-59.070831
-94.355293
-78.119347
-87.231880
-71.811325
-33.520107
-48.943348
-6.730200
-40.730957
-44.769291
-58.983395
-94.081711
-78.050148
-87.448601
-71.899300
-33.877914
-49.008793
-6.943704
-40.675705
-44.883015
-58.915264
-94.104774
-77.972359
-87.614365
-71.873016
-33.970718
-48.956760
-6.886304
-40.501896
-44.499462
-58.593399
-93.963692
-77.750275
-87.571983
-71.701355
-33.839825
-48.829086
-6.296218
-40.378513
-43.948536
-58.464653
-93.642365
-77.764755
-87.625092
-71.964211
-34.171883
-49.173481
-6.619156
-40.580215
-43.884163
-58.530636
-93.461578
-77.796410
-87.766182
-72.098862
-34.177246
-49.277016
-6.074131
-40.531399
-43.080036
-58.396526
-93.035110
-77.784065
-87.706635
-72.216873
-34.386997
-49.434193
-6.435693
-40.661755
-43.247406
-58.430321
-93.155273
-77.846298
-88.404007
-72.561806
-35.120312
-49.789318
-6.597699
-40.769043
-43.186787
-58.472164
-93.127914
-77.943932
-88.414200
-72.615456
-35.241013
-49.868710
-6.622911
-40.752415
-42.970066
-58.385262
-93.139717
-77.881699
-88.741966
-72.690018
-35.679283
-49.844570
-6.710351
-40.550713
-42.536621
-57.951279
-92.728798
-77.489563
-88.719971
-72.520500
-35.497433
-49.718506
-6.228627
-40.295368
-41.995350
-57.787128
-92.491158
-77.910133
-88.701195
-73.247917
-35.512451
-50.654598
-5.811811
-41.488949
-41.134899
-59.181339
-91.563110
-79.346184
-88.218933
-75.116341
-34.967426
-52.570232
-5.104781
-43.181423
-40.465954
-60.652264
-91.002533
-80.622383
-87.750618
-76.044388
-34.572605
-53.307304
-4.650414
-43.788139
-40.068989
-61.109314
-90.880226
-81.049393
-88.282768
-76.701530
-35.561268
-53.971954
-5.350471
-44.197445
-40.208462
-61.254688
-90.986977
-81.160431
-88.452286
-76.768585
-35.533371
-53.977318
-5.199731
-44.153992
-40.096882
-61.250397
-90.757912
-81.015060
-88.602493
-76.728355
-35.787647
-53.933331
-4.940629
-43.846611
-39.425259
-60.816414
-90.423714
-80.810135
-88.750015
-76.738541
-36.069813
-53.975708
-5.148769
-43.868607
-39.450470
-60.745068
-90.449463
-80.762398
-88.941521
-76.784142
-36.343399
-53.986439
-5.151988
-43.724838
-39.321186
-60.544437
-90.740211
-80.751129
-89.448463
-76.901619
-36.914711
-54.233738
-5.585433
-43.884163
-39.560440
-60.631878
-90.730553
-80.786537
-89.983826
-77.088303
-37.597599
-54.371067
-6.044091
-43.963020
-39.536301
-60.445198
-90.625946
-80.578392
-89.900146
-77.042709
-37.609402
-54.396278
-5.647660
-43.766682
-39.012196
-60.309479
-90.498276
-80.606293
-90.184998
-77.131752
-38.042847
-54.556137
-5.940557
-43.758633
-39.105003
-60.149082
-90.573914
-80.530647
-90.439270
-77.171989
-38.221481
-54.569016
-5.985082
-43.870213
-38.888817
-60.207016
-90.296036
-80.497925
-90.456970
-77.176277
-38.257961
-54.515369
-5.775869
-43.695335
-38.536373
-60.001560
-90.091118
-80.418533
-90.490227
-77.244408
-38.591091
-54.685421
-6.030680
-43.800476
-38.397434
-59.948452
-90.146904
-80.455551
-90.971954
-77.496536
-39.061550
-54.930576
-6.095589
-43.899719
-38.242405
-59.981712
-90.083069
-80.485588
-91.405403
-77.696632
-39.842072
-55.230446
-6.508113
-44.012909
-38.121704
-59.948452
-89.937157
-80.444283
-91.316353
-77.669273
-39.710644
-55.193970
-6.331087
-43.898109
-37.848656
-59.726364
-90.137253
-80.468964
-91.857086
-77.831810
-39.997643
-55.198795
-6.095589
-43.699627
-37.345474
-59.439369
-89.377647
-80.093987
-91.406471
-77.598457
-39.778774
-55.067905
-5.805374
-43.509190
-37.051502
-59.267170
-89.262314
-79.982941
-91.432220
-77.528725
-39.879086
-55.034645
-6.026925
-43.633644
-36.918465
-59.208160
-89.130882
-79.957733
-91.568474
-77.619919
-40.082397
-55.072197
-5.874575
-43.323582
-36.692623
-58.790810
-89.018768
-79.675560
-91.894630
-77.548569
-40.507259
-55.004604
-6.164790
-43.322506
-36.441032
-58.766136
-88.762886
-79.657860
-92.062004
-77.710037
-41.104321
-55.366703
-6.232918
-43.326797
-36.281708
-58.714638
-88.803658
-79.759781
-92.507248
-77.929985
-41.556004
-55.590935
-6.531716
-43.604137
-36.329990
-58.773643
-88.787560
-79.777489
-92.730949
-78.134903
-41.557613
-55.647263
-6.323040
-43.481293
-35.887424
-58.570869
-88.336418
-79.483513
-92.681595
-77.897797
-41.689579
-55.526562
-6.219507
-43.310707
-35.511379
-58.330544
-88.155632
-79.362282
-92.495445
-77.886528
-41.947605
-55.698223
-6.306947
-43.314999
-35.437885
-58.294601
-87.976463
-79.334389
-92.579674
-77.946075
-41.656857
-55.615074
-5.903543
-43.325191
-34.848873
-58.224865
-87.374039
-79.277519
-92.330223
-78.110764
-41.808670
-55.844135
-5.681456
-43.239895
-34.486237
-58.069298
-87.555893
-79.276451
-92.822678
-78.042099
-42.317215
-55.809803
-6.172300
-43.185177
-34.779671
-57.857403
-87.740967
-79.076355
-93.414375
-78.176743
-43.216827
-55.977173
-6.847144
-43.329479
-34.867111
-57.876179
-87.680885
-79.118202
-93.422958
-78.245949
-43.221657
-56.082851
-6.783308
-43.317142
-34.457806
-57.718464
-87.169655
-78.886993
-93.167076
-78.133827
-43.057507
-55.951424
-6.275834
-43.036049
-33.893471
-57.416447
-87.016769
-78.762535
-93.442268
-78.124710
-43.258671
-55.906898
-6.206633
-42.946999
-33.623638
-57.276970
-86.719582
-78.638084
-93.600517
-78.139732
-43.838028
-56.094116
-6.642223
-43.074135
-33.508842
-57.136959
-86.676666
-78.479301
-93.868736
-78.107010
-44.255917
-56.099483
-6.898106
-42.856876
-33.723419
-56.866058
-86.937378
-78.358597
-94.468483
-78.201958
-45.092766
-56.257195
-7.514478
-42.899792
-33.646172
-56.658455
-86.849937
-78.166016
-94.572548
-78.097885
-45.166794
-56.148300
-7.413627
-42.800549
-33.847336
-56.731411
-87.320396
-78.355377
-95.165321
-78.367180
-45.838421
-56.449780
-7.873357
-42.973820
-34.024899
-56.749649
-87.445389
-78.330170
-95.414230
-78.388100
-46.077137
-56.531319
-8.049847
-43.025318
-33.949261
-56.669182
-86.960976
-78.078041
-95.238815
-78.304420
-46.049240
-56.360729
-7.497312
-42.668583
-33.090416
-56.236813
-86.523239
-77.899406
-95.340202
-78.291542
-46.419384
-56.424030
-7.904471
-42.677166
-33.297482
-56.120403
-86.675056
-77.767975
-95.488792
-78.248627
-46.452644
-56.659527
-7.843317
-43.130997
-32.739582
-56.683666
-85.906868
-78.623062
-94.963081
-79.623528
-46.048706
-58.187851
-7.004322
-44.592266
-31.829243
-58.255978
-85.361313
-80.294617
-94.832191
-81.326729
-46.007935
-59.653946
-6.787599
-45.732204
-31.311575
-59.076199
-84.614044
-80.802628
-94.533928
-81.671661
-46.007935
-60.047695
-6.734491
-46.020809
-31.152252
-59.237667
-84.609215
-81.018280
-94.727585
-81.968849
-46.342674
-60.326107
-6.805838
-46.131855
-30.786936
-59.110531
-84.549675
-81.016129
-95.153519
-82.126564
-46.790604
-60.452171
-6.905080
-46.102348
-30.521933
-58.970520
-84.558792
-80.952827
-95.357903
-82.131927
-47.078136
-60.450024
-7.289172
-46.059433
-30.588451
-58.707127
-84.384453
-80.645988
-95.715172
-82.131393
-47.652664
-60.585747
-7.429183
-46.089474
-30.338470
-58.673866
-84.060974
-80.678711
-95.524200
-82.283203
-47.665539
-60.671040
-7.297755
-46.043877
-30.394260
-58.678696
-84.297546
-80.691048
-95.804222
-82.242439
-47.926788
-60.713955
-7.418455
-45.984867
-30.295017
-58.473774
-84.073311
-80.464668
-95.844452
-82.139442
-48.186428
-60.661919
-7.462443
-45.896355
-29.857281
-58.288166
-83.677422
-80.320366
-96.004860
-82.175919
-48.453041
-60.619003
-7.422746
-45.647984
-29.453876
-57.851501
-83.419388
-79.864929
-96.007538
-81.848686
-48.806557
-60.595936
-7.707060
-45.620087
-29.717808
-57.761917
-83.639328
-79.913742
-96.606209
-82.067558
-49.544701
-60.783157
-8.194150
-45.658710
-29.931311
-57.673401
-83.889847
-79.738861
-96.768219
-81.838493
-49.608536
-60.503132
-8.117974
-45.420532
-29.441002
-57.377285
-83.489662
-79.544136
-96.665756
-81.777344
-49.766785
-60.496696
-8.267106
-45.435017
-29.187265
-57.258198
-83.039589
-79.398758
-96.616936
-81.852440
-49.998528
-60.768673
-8.291245
-45.573956
-29.093925
-57.306477
-83.186577
-79.544670
-97.032684
-82.143196
-50.301083
-60.944626
-8.212388
-45.534256
-28.722172
-57.158955
-82.768150
-79.407341
-96.902328
-82.188789
-50.311275
-61.079807
-8.308948
-45.664074
-28.560701
-57.164318
-82.517097
-79.400368
-96.969917
-82.178596
-50.575203
-61.128624
-8.256913
-45.572880
-28.190557
-56.945450
-82.345436
-79.245338
-97.341675
-82.278915
-51.375576
-61.325497
-8.859874
-45.705383
-28.556410
-57.055420
-82.746689
-79.473328
-97.731125
-82.536942
-51.504860
-61.389870
-8.901716
-45.713428
-28.209332
-56.839233
-82.572350
-79.314003
-97.933907
-82.607750
-51.944740
-61.625904
-9.050847
-45.745079
-27.851526
-56.677231
-82.025711
-79.067238
-97.605064
-82.409805
-51.912018
-61.529346
-8.989693
-45.649593
-27.847235
-56.680450
-81.920036
-79.033981
-97.704842
-82.448967
-52.212425
-61.674187
-9.059966
-45.690899
-27.541462
-56.531853
-81.596558
-78.939568
-97.770287
-82.540161
-52.239246
-61.742313
-9.071769
-45.737568
-27.213160
-56.419739
-81.357307
-78.805458
-97.852898
-82.497780
-52.720970
-61.883934
-9.112001
-45.711285
-27.124111
-56.394524
-81.313316
-78.845688
-97.981644
-82.674271
-52.798756
-61.994976
-9.103955
-45.774048
-26.836578
-56.255585
-80.949615
-78.691193
-98.051918
-82.724159
-53.148514
-62.037891
-9.554566
-45.790138
-26.919189
-56.096264
-80.899727
-78.472862
-98.396317
-82.650673
-53.645260
-62.007851
-9.607137
-45.611504
-26.671890
-55.927822
-80.813354
-78.398834
-98.705841
-82.736504
-54.172047
-62.211163
-9.908081
-45.689823
-26.645069
-55.852180
-81.017204
-78.451401
-98.963875
-82.848618
-54.526634
-62.432713
-10.277153
-45.867924
-26.812439
-55.898853
-80.807457
-78.367180
-98.881798
-82.812141
-54.539509
-62.324890
-9.970308
-45.602386
-26.392941
-55.560356
-80.561768
-78.141342
-99.038437
-82.813744
-54.822750
-62.448273
-10.367812
-45.760635
-26.331787
-55.513153
-80.315536
-77.969681
-99.020195
-82.651207
-55.144081
-62.396774
-10.413409
-45.610432
-26.203577
-55.433220
-80.298912
-78.041023
-99.334557
-82.928009
-55.863449
-62.812515
-10.741712
-45.780483
-26.056591
-55.305012
-80.162651
-77.865074
-99.540009
-82.858269
-56.150444
-62.733120
-10.998131
-45.667294
-25.656406
-55.003532
-79.451332
-77.504585
-98.933296
-82.598099
-55.420883
-62.494942
-10.279299
-45.477394
-25.197748
-54.832405
-79.146629
-77.383347
-98.829758
-82.553574
-55.539436
-62.512642
-10.454715
-45.477932
-24.909679
-54.679520
-78.694412
-77.274986
-99.055603
-82.675880
-56.072659
-62.654266
-10.548593
-45.522991
-24.679008
-54.622658
-78.538307
-77.189690
-98.931152
-82.616341
-56.141861
-62.696106
-10.541619
-45.547668
-24.326567
-54.510540
-78.329094
-77.160721
-98.761635
-82.696800
-56.434757
-62.998123
-10.737420
-45.769756
-24.197285
-54.626949
-78.153679
-77.257820
-99.174156
-83.004181
-56.745895
-63.286728
-10.942878
-45.928543
-24.210695
-54.595837
-78.047997
-77.267479
-99.225121
-83.094307
-57.109604
-63.419231
-10.704161
-45.808914
-23.715557
-54.404327
-77.726135
-77.077042
-99.240143
-83.027786
-57.258198
-63.352711
-11.048556
-45.718792
-23.696783
-54.061539
-77.619385
-76.703140
-99.317390
-82.786926
-57.443268
-63.260445
-11.109174
-45.667831
-23.463430
-54.035255
-77.211685
-76.659149
-99.344742
-82.867928
-58.023163
-63.488430
-11.590899
-45.833054
-23.423197
-53.969807
-77.108154
-76.630722
-99.476707
-83.033150
-58.084316
-63.606987
-11.455179
-45.818035
-23.273529
-53.984829
-77.264793
-76.714401
-99.853828
-83.117371
-58.355221
-63.667068
-11.482001
-45.708599
-22.917868
-53.661354
-76.829742
-76.429016
-99.848999
-83.005257
-58.628269
-63.636490
-11.539937
-45.642620
-22.740843
-53.469845
-76.483200
-76.167770
-99.673050
-82.840569
-59.006462
-63.624687
-11.780799
-45.478466
-22.734941
-53.232201
-76.398438
-75.868439
-99.579704
-82.620628
-59.155590
-63.637562
-11.979819
-45.561077
-22.481741
-53.119549
-76.175278
-75.850731
-100.079674
-82.877045
-59.953281
-63.818878
-12.500169
-45.527821
-22.536459
-52.937157
-76.115196
-75.655464
-100.330727
-82.738106
-60.330936
-63.720173
-12.570979
-45.394783
-22.396984
-52.754230
-76.130753
-75.478981
-100.228264
-82.608826
-60.614178
-63.785622
-13.207735
-45.613113
-22.798243
-52.836842
-76.223557
-75.441963
-100.814598
-82.900116
-61.235912
-64.164345
-13.354184
-45.687679
-22.449018
-52.699512
-75.904381
-75.461815
-100.723404
-82.943031
-61.098045
-64.135384
-12.850466
-45.608822
-21.735552
-52.515514
-75.071815
-75.217735
-100.165504
-82.795509
-61.195145
-64.165955
-13.179840
-45.581463
-21.897020
-52.451141
-75.208076
-75.154968
-100.247040
-82.774048
-61.323891
-64.292557
-13.029636
-45.682850
-21.432461
-52.354584
-75.109367
-75.159256
-100.657417
-82.939278
-61.704762
-64.352104
-13.501705
-45.716110
-21.527948
-52.249439
-74.728493
-74.932343
-100.432648
-82.819649
-62.037891
-64.463684
-13.664783
-45.718258
-21.080019
-52.061684
-74.262863
-74.804138
-100.375786
-82.899574
-62.000343
-64.503914
-13.514044
-45.682316
-20.852568
-51.993557
-74.207611
-74.782143
-100.449280
-82.888847
-62.233696
-64.607986
-13.757588
-45.799797
-20.665886
-51.932404
-73.858925
-74.635155
-100.597870
-82.977898
-62.766380
-64.788231
-13.902964
-45.782093
-20.608486
-51.774151
-73.758614
-74.456520
-100.758270
-82.818573
-63.065178
-64.753365
-14.257015
-45.788532
-20.626726
-51.670620
-73.667412
-74.418434
-100.815666
-82.930153
-63.357002
-64.815056
-14.322462
-45.748833
-20.677687
-51.616974
-73.799377
-74.351913
-101.079597
-82.914597
-63.849457
-64.892838
-14.862659
-45.783703
-20.562353
-51.509686
-73.477516
-74.177574
-101.090866
-82.899574
-64.247498
-65.099365
-15.148582
-45.950001
-20.546259
-51.460869
-73.376129
-74.105690
-101.195473
-82.956444
-64.443298
-65.146576
-15.148582
-45.918884
-20.187380
-51.285454
-72.849342
-73.923836
-101.071548
-82.962341
-64.543076
-65.293022
-15.155020
-46.008472
-20.078482
-51.325150
-72.869728
-74.020927
-101.133240
-83.055679
-64.738876
-65.399773
-15.334190
-46.046024
-19.807043
-51.144905
-72.445396
-73.789726
-100.969627
-82.906555
-64.955597
-65.374023
-15.313807
-45.850220
-19.648792
-50.862202
-72.606873
-73.644348
-101.404678
-82.815353
-65.569290
-65.283363
-15.894773
-45.761707
-19.815626
-50.618656
-72.411064
-73.356277
-101.497490
-82.776733
-65.973763
-65.442154
-15.965046
-45.825008
-19.549551
-50.594517
-72.047363
-73.226463
-101.498558
-82.784241
-66.150795
-65.546761
-16.136707
-45.880260
-19.447090
-50.576813
-71.912178
-73.224854
-101.576340
-82.969849
-66.347664
-65.738808
-16.303005
-46.064262
-19.374670
-50.582176
-71.427773
-73.077332
-101.303833
-82.827698
-66.345520
-65.750069
-16.218782
-46.032074
-18.868807
-50.414272
-71.078011
-72.944824
-101.090866
-82.857201
-66.336403
-65.750603
-16.033710
-45.938732
-18.466475
-50.178238
-70.804962
-72.784431
-101.107491
-82.749374
-66.649147
-65.767235
-16.309443
-45.917278
-18.404783
-50.021595
-70.607018
-72.682510
-101.250725
-82.769760
-66.995155
-65.857361
-16.537430
-45.933907
-18.299105
-49.994774
-70.416580
-72.525330
-101.147186
-82.634041
-67.412506
-66.035995
-16.635599
-46.003109
-18.025518
-49.877831
-70.008347
-72.480804
-101.150948
-82.853981
-67.582016
-66.265053
-16.856077
-46.159210
-17.874243
-49.853691
-70.001907
-72.503334
-101.356941
-82.858269
-68.086273
-66.265053
-17.432751
-46.220367
-18.352749
-49.809166
-70.094711
-72.290367
-101.584389
-82.872223
-68.212341
-66.293488
-17.207983
-46.035831
-17.910185
-49.624092
-69.718666
-72.172348
-101.499634
-82.771370
-68.454277
-66.321381
-17.439188
-46.000423
-17.564180
-49.303299
-69.168274
-71.861214
-101.080132
-82.535873
-68.350204
-66.210335
-17.154875
-45.856659
-16.614141
-48.903114
-67.650146
-71.434746
-99.621010
-82.473640
-66.915222
-66.458176
-15.694143
-46.378616
-15.570762
-49.993702
-67.492432
-72.931419
-100.423531
-84.383911
-68.716591
-68.854462
-17.842056
-48.929401
-16.819597
-52.009651
-67.726860
-74.584732
-99.927322
-85.846786
-67.672142
-69.993858
-16.909184
-49.982971
-16.358259
-53.034252
-68.146889
-75.567490
-101.747467
-87.035011
-69.799667
-71.114487
-18.265308
-50.699123
-17.646791
-53.712315
-69.487457
-76.366791
-102.858437
-87.726479
-71.363930
-71.829025
-19.608023
-51.284916
-17.277719
-53.670475
-67.659805
-75.807816
-101.058144
-87.331123
-70.554977
-71.971184
-18.914940
-51.425465
-16.488077
-53.725727
-67.296097
-76.013275
-101.118759
-87.690536
-70.398338
-72.172348
-18.876316
-51.605171
-16.124907
-53.680130
-66.561172
-75.845367
-100.619865
-87.599884
-70.249207
-72.199173
-18.593611
-51.579422
-15.439870
-53.514904
-65.864868
-75.658684
-100.324821
-87.507614
-70.346840
-72.234581
-18.603804
-51.543480
-15.137317
-53.276726
-65.387436
-75.361496
-100.011009
-87.259773
-70.376884
-72.123535
-18.347921
-51.197475
-14.266672
-52.677521
-64.383217
-74.695236
-99.374786
-86.776978
-70.310898
-71.901451
-18.363478
-51.082680
-14.155092
-52.486546
-64.140747
-74.449547
-99.041656
-86.527000
-70.298027
-71.780746
-18.449844
-50.954468
-13.976994
-52.424320
-63.771137
-74.405022
-99.168259
-86.591370
-70.526550
-71.886429
-18.648865
-51.046738
-14.038684
-52.272507
-63.488968
-74.011276
-99.070084
-86.404686
-70.979843
-71.879990
-19.084455
-51.019379
-14.150801
-52.104599
-63.431568
-73.851952
-99.249794
-86.371429
-71.271126
-71.840828
-19.160631
-50.773689
-13.495805
-51.597664
-62.784618
-73.337502
-98.797035
-85.922424
-71.575294
-71.670242
-19.761982
-50.650841
-13.846102
-51.317104
-63.038357
-73.016174
-99.400536
-85.801193
-72.436279
-71.625717
-20.386936
-50.576279
-14.240923
-51.156708
-63.371487
-72.933029
-99.829155
-85.751305
-72.828423
-71.632156
-20.576300
-50.511906
-13.864340
-50.909409
-62.938042
-72.806427
-99.692894
-85.886482
-73.042999
-71.947044
-20.742060
-50.835381
-13.924958
-51.273117
-62.601692
-72.917473
-99.496559
-85.931007
-73.351448
-72.078476
-21.014574
-50.809631
-13.846102
-50.948032
-62.518009
-72.484558
-99.672508
-85.624168
-73.682434
-71.871941
-21.364332
-50.749550
-13.872387
-50.811775
-62.393017
-72.440033
-99.766388
-85.733597
-74.199562
-72.120316
-21.761837
-50.832695
-14.020445
-50.709316
-62.464363
-72.263550
-99.979355
-85.657425
-74.504265
-72.022682
-22.197428
-50.776905
-14.091255
-50.514587
-62.154301
-71.932022
-100.012619
-85.508293
-75.129753
-72.070961
-22.626043
-50.802120
-14.185669
-50.540337
-62.386044
-71.927200
-100.494873
-85.471817
-75.591629
-72.154648
-23.197891
-50.723801
-14.570834
-50.411591
-62.667675
-71.939003
-100.865021
-85.537262
-76.194054
-72.274277
-23.568037
-50.904045
-14.547768
-50.372967
-62.222427
-71.702431
-100.586075
-85.394569
-76.233749
-72.227066
-23.553553
-50.705025
-14.321388
-50.139614
-62.211700
-71.441719
-100.544228
-85.192329
-76.340508
-72.243698
-23.621679
-50.732384
-13.954462
-49.880512
-61.434395
-71.170280
-100.356476
-85.135468
-76.738541
-72.252281
-24.009529
-50.723801
-14.063896
-49.739429
-61.195679
-70.947655
-100.084496
-84.942345
-76.403801
-72.170738
-23.662987
-50.640114
-13.487222
-49.503395
-60.951061
-70.816223
-100.001350
-85.071632
-76.515923
-72.350449
-23.649038
-50.769398
-12.857975
-49.452431
-59.760696
-70.703575
-98.214996
-84.687004
-72.727036
-71.046898
-17.913403
-48.690685
-9.488048
-48.557648
-59.537537
-71.048508
-101.331726
-86.040443
-79.096207
-73.700134
-25.938038
-51.824039
-14.579954
-50.109573
-61.183342
-71.093033
-100.860191
-85.501320
-78.351089
-72.972725
-25.842552
-51.391670
-14.233412
-49.641258
-60.817490
-70.784042
-100.390274
-85.228806
-78.378983
-72.923370
-25.892977
-51.269360
-14.056923
-49.506611
-60.744530
-70.677826
-100.981964
-85.281914
-79.497467
-73.259720
-26.835505
-51.523098
-15.099766
-49.742111
-61.651119
-70.757751
-102.184669
-85.497566
-80.660469
-73.377739
-27.664845
-51.508614
-15.345456
-49.583324
-61.330864
-70.585556
-101.697044
-85.400467
-79.934662
-73.261330
-26.721243
-51.339634
-13.695361
-49.157925
-59.453316
-70.156403
-100.321068
-85.142441
-79.356377
-73.365395
-26.436392
-51.673836
-13.387980
-49.428829
-59.301502
-70.276031
-100.441231
-85.361847
-79.908913
-73.625038
-26.958887
-51.725872
-13.595583
-49.490520
-59.531101
-70.401558
-100.615578
-85.359703
-80.605751
-73.976944
-27.183655
-52.091724
-13.508679
-49.621410
-58.965153
-70.398338
-100.273323
-85.633820
-80.398689
-74.205467
-27.237301
-52.211353
-13.382616
-49.683102
-58.541901
-70.291588
-100.189102
-85.579102
-80.539772
-74.292908
-27.436855
-52.275726
-12.817742
-49.433655
-57.946987
-70.231506
-99.584000
-85.624702
-80.012985
-74.332603
-26.763622
-52.251587
-12.199224
-49.332268
-57.342419
-69.938606
-99.242287
-85.429977
-80.342361
-74.455986
-27.158979
-52.377647
-12.451353
-49.373039
-57.460434
-69.971870
-99.362984
-85.523315
-80.679245
-74.693092
-27.312939
-52.617439
-12.472811
-49.582787
-57.083855
-69.952553
-99.487976
-85.718582
-81.321899
-75.079865
-28.086487
-52.886734
-12.502851
-49.463161
-57.044155
-69.869942
-99.682167
-85.617195
-81.421143
-74.809502
-28.253857
-52.800365
-12.352111
-49.280769
-56.723366
-69.695061
-99.470276
-85.551750
-81.711357
-75.054649
-28.520470
-53.021378
-12.260916
-49.278625
-56.373066
-69.474052
-99.123192
-85.358627
-81.960808
-75.122780
-28.813366
-52.981148
-12.342455
-49.150951
-56.148300
-69.357101
-98.986404
-85.339317
-81.920036
-75.087379
-28.511887
-52.879757
-11.693896
-48.940666
-55.535683
-69.146820
-98.853905
-85.339317
-82.267113
-75.422653
-29.107872
-53.309448
-11.767924
-49.173481
-55.148907
-69.253036
-98.891449
-85.733063
-82.545525
-75.757393
-29.432419
-53.648479
-11.698188
-49.302227
-55.265316
-69.395729
-98.894135
-85.759346
-82.744011
-75.871117
-29.709225
-53.768105
-11.913836
-49.407372
-55.397278
-69.542175
-99.372643
-85.987335
-83.954224
-76.335678
-30.688231
-54.065830
-12.542547
-49.564011
-55.303940
-69.325455
-99.100128
-85.753983
-83.740181
-76.260040
-30.504766
-54.022915
-12.292029
-49.508221
-55.046448
-69.432205
-99.146263
-86.088722
-83.981041
-76.599068
-30.997221
-54.416664
-12.072088
-49.533436
-54.220325
-69.099609
-98.491806
-85.830162
-83.556183
-76.500366
-30.652288
-54.321178
-11.458398
-49.305984
-53.932259
-69.060455
-98.214996
-85.899361
-83.658104
-76.657005
-30.448977
-54.272362
-11.040509
-49.202450
-53.102383
-68.850166
-97.548737
-85.674591
-83.548676
-76.662903
-30.420010
-54.284164
-11.028172
-49.209961
-52.955399
-68.782036
-97.936050
-85.834984
-84.311493
-76.990669
-31.050327
-54.562038
-11.145116
-49.184746
-52.930183
-68.665092
-97.871140
-85.700340
-84.169868
-76.752495
-30.881886
-54.229446
-10.654271
-48.782951
-52.371750
-68.273491
-97.386734
-85.340927
-84.353333
-76.669342
-31.292801
-54.187065
-10.678948
-48.581787
-52.204914
-68.057846
-97.385658
-85.241150
-84.688614
-76.764290
-31.438713
-54.273972
-10.625304
-48.491127
-51.807949
-67.871162
-97.342209
-85.170876
-85.238998
-76.837784
-32.450443
-54.513760
-11.593045
-48.759350
-52.661964
-68.067497
-98.485901
-85.595734
-85.972313
-77.133362
-32.301846
-54.455288
-10.418774
-48.383305
-50.840206
-67.609375
-96.453323
-85.059296
-84.592049
-76.932198
-31.511131
-54.506248
-9.727837
-48.431046
-50.524242
-67.653366
-96.608353
-85.279236
-85.218079
-77.267479
-32.256786
-54.784664
-10.300220
-48.557648
-50.673374
-67.632980
-96.888916
-85.310349
-85.830696
-77.428406
-32.704716
-55.010506
-10.263741
-48.652061
-50.245831
-67.545540
-96.589043
-85.324829
-85.725014
-77.498680
-32.788937
-54.999241
-10.134995
-48.440704
-50.006577
-67.469368
-96.247864
-85.335564
-85.680489
-77.447723
-32.675747
-54.675766
-9.508431
-47.840958
-49.076923
-66.566536
-95.415298
-84.435410
-84.863495
-76.911812
-31.057838
-54.019161
-6.457151
-46.657566
-46.679562
-65.860039
-94.731873
-84.490128
-85.789925
-77.418755
-33.223991
-54.978317
-9.611965
-48.029789
-49.078533
-66.690987
-96.137894
-84.729919
-87.226517
-77.690193
-34.517887
-55.252441
-11.078061
-48.243294
-49.864418
-66.554733
-96.475853
-84.453117
-86.998528
-77.182182
-33.999683
-54.586716
-9.577633
-47.322216
-48.129028
-65.686234
-95.357368
-83.795433
-86.689537
-76.902161
-34.172421
-54.444557
-9.676875
-46.998207
-48.339851
-65.411575
-95.804756
-83.774513
-87.344536
-77.029297
-34.508232
-54.498203
-9.742320
-46.962265
-48.233635
-65.271027
-95.548874
-83.519165
-87.296257
-76.753029
-34.660580
-54.157028
-9.758414
-46.577099
-47.876900
-64.758728
-95.577309
-83.257385
-87.740425
-76.777168
-35.032871
-54.181702
-9.723545
-46.436016
-47.409122
-64.561852
-95.261879
-83.117371
-87.686249
-76.678459
-35.066669
-54.181702
-9.625377
-46.371643
-46.963875
-64.458321
-94.775330
-83.133469
-87.639038
-76.937027
-35.253349
-54.540581
-9.642543
-46.693508
-46.993378
-64.676651
-94.951279
-83.363060
-88.284920
-77.382271
-35.686260
-54.881760
-9.561540
-46.807770
-46.543842
-64.615494
-94.661064
-83.277771
-88.331055
-77.443962
-35.857384
-54.950958
-9.449960
-46.475712
-46.467129
-63.803322
-94.898170
-82.299301
-88.890556
-76.143631
-36.598209
-53.249367
-10.162354
-44.546131
-47.049706
-61.892517
-95.699081
-80.470032
-90.069656
-74.308998
-38.141552
-51.584789
-11.362911
-42.734566
-48.101669
-60.129768
-96.745682
-78.840324
-91.472458
-73.011345
-39.335670
-50.285526
-12.132170
-41.222340
-48.360771
-58.532246
-97.003174
-77.279274
-92.153198
-71.784508
-39.991203
-49.263069
-12.378397
-40.427330
-48.443386
-57.899780
-97.132996
-76.838326
-92.561432
-71.660583
-40.447178
-49.136467
-12.624623
-40.166622
-48.310883
-57.545193
-97.230629
-76.738007
-92.758842
-71.729790
-40.673023
-49.294182
-12.589754
-40.304485
-48.058754
-57.685741
-97.116905
-76.991211
-93.216965
-72.125145
-41.323189
-49.684174
-12.966873
-40.478294
-47.976677
-57.592400
-96.904472
-76.884995
-93.333908
-72.259789
-41.549568
-49.817211
-12.809159
-40.421967
-47.647839
-57.561287
-96.785385
-76.945076
-93.728729
-72.353668
-41.977650
-49.843498
-13.098301
-40.405872
-47.682171
-57.293064
-96.982254
-76.634476
-93.997490
-72.058090
-42.088154
-49.538261
-12.829544
-39.980476
-47.124805
-56.875713
-96.582603
-76.392540
-93.939552
-72.061310
-42.351547
-49.682030
-12.678804
-39.931660
-46.474102
-56.657383
-96.007538
-76.279350
-93.852646
-72.108513
-42.509800
-49.812920
-12.769999
-40.017490
-46.660786
-56.731411
-96.127167
-76.279884
-94.242638
-72.288757
-42.820396
-49.942204
-12.509289
-39.890354
-46.009544
-56.561893
-95.715706
-76.279884
-94.168076
-72.337036
-41.870895
-49.602100
-9.400607
-38.689259
-43.023174
-55.535683
-94.764595
-76.100716
-94.892807
-72.785507
-44.042950
-50.514050
-13.342382
-40.231529
-46.348038
-56.573696
-96.463516
-76.469254
-95.453926
-72.707718
-44.294540
-50.318249
-13.357403
-39.974575
-46.041195
-56.230911
-96.373932
-76.183327
-95.827827
-72.712547
-44.795040
-50.519951
-13.422312
-40.033047
-46.078747
-56.253441
-96.322968
-76.257355
-96.550423
-73.118095
-46.110931
-51.032791
-15.085281
-40.577000
-47.521774
-56.693859
-97.628128
-76.615166
-97.682846
-73.458199
-46.145802
-50.954468
-13.749542
-40.044849
-44.725304
-55.794785
-94.721146
-75.834641
-94.975418
-72.803741
-44.010761
-50.604172
-12.161138
-39.938633
-43.831055
-55.870956
-94.595085
-76.184402
-95.643288
-73.370224
-45.210247
-51.306374
-13.137999
-40.457909
-44.556324
-56.162247
-94.787666
-76.218735
-96.028465
-73.553688
-45.287495
-51.398643
-12.654127
-40.290001
-43.844463
-55.983612
-94.591324
-76.263794
-96.212997
-73.764511
-45.526211
-51.434586
-12.887480
-40.234749
-43.601994
-55.722363
-94.449707
-75.989136
-96.406120
-73.589096
-45.845394
-51.355728
-12.888016
-39.893570
-43.274765
-55.279263
-94.226547
-76.027222
-96.381981
-73.884674
-46.092155
-51.883587
-12.790384
-40.613476
-43.004932
-56.106991
-94.095657
-76.745522
-96.899643
-74.693626
-46.980503
-52.659279
-13.372423
-41.133823
-43.467346
-56.473919
-94.219040
-76.842079
-97.200050
-74.921616
-47.041122
-52.982220
-13.361158
-41.433159
-43.139046
-56.608566
-94.158417
-77.088844
-97.752586
-75.373299
-47.469204
-53.135643
-13.531746
-41.458370
-42.782848
-56.351608
-94.134277
-76.984238
-97.497238
-75.156044
-47.705238
-53.127060
-13.365986
-41.195515
-42.223873
-55.947670
-93.566727
-76.617310
-97.306801
-74.991356
-47.880653
-53.174263
-13.055386
-41.002396
-41.958874
-55.837700
-93.294746
-76.503044
-97.610428
-75.152283
-47.980431
-53.213425
-13.200762
-41.122025
-42.053288
-55.998631
-93.491623
-76.652710
-98.517014
-75.534767
-48.653133
-53.459114
-13.759197
-41.213219
-41.753414
-55.652626
-93.222862
-76.450478
-98.407043
-75.403343
-48.869320
-53.381866
-13.774755
-41.141335
-41.391315
-55.531925
-93.218575
-76.372688
-98.648445
-75.286400
-49.520023
-53.421028
-13.992014
-41.021709
-41.293686
-55.266388
-92.943375
-76.167770
-98.552956
-75.394760
-49.626240
-53.679592
-13.776900
-41.006687
-41.253452
-55.348999
-92.834480
-76.275597
-99.188103
-75.693016
-50.235100
-53.939766
-14.352503
-41.164940
-41.387562
-55.147835
-92.817314
-76.043854
-99.387665
-75.668877
-50.372429
-53.873249
-14.267208
-41.149380
-40.743294
-55.015335
-92.864525
-76.111977
-99.687531
-75.870583
-50.867565
-54.137714
-14.507534
-41.202488
-40.830734
-55.008358
-92.906898
-76.231071
-99.727768
-75.992889
-51.356800
-54.453678
-14.460863
-41.284565
-40.440742
-54.968662
-92.321640
-76.154358
-99.545372
-76.054581
-51.206596
-54.454216
-14.200153
-41.184788
-40.223484
-54.988510
-92.151054
-76.157578
-100.295860
-76.390396
-52.131958
-54.790565
-15.311661
-41.517918
-40.541058
-54.880150
-92.275505
-75.953194
-100.179985
-76.104469
-51.762886
-54.488010
-14.462473
-41.169231
-39.452080
-54.449387
-91.537903
-75.687653
-99.934830
-76.112518
-52.133568
-54.719215
-14.560105
-41.170303
-39.197269
-54.349072
-91.574379
-75.739693
-100.315170
-76.205856
-52.270897
-54.636604
-14.444234
-40.987911
-38.883450
-54.031498
-90.981071
-75.379204
-100.015297
-75.982162
-52.143761
-54.423103
-14.000597
-40.660145
-38.368465
-53.776688
-90.554604
-75.102936
-100.108643
-75.944077
-52.310593
-54.368385
-14.129343
-40.484730
-37.814861
-53.276188
-89.144295
-74.323486
-97.863632
-74.967216
-51.060684
-54.003067
-13.783875
-40.634396
-37.886208
-53.533680
-90.730019
-74.796089
-100.830688
-75.559982
-53.819603
-54.134495
-15.236559
-39.914494
-38.622742
-52.261242
-91.441338
-73.501122
-102.185204
-74.427017
-55.501350
-52.924820
-16.548695
-38.288536
-39.856022
-50.573059
-92.270142
-71.965286
-103.615356
-73.347160
-57.032890
-51.936157
-17.781439
-37.267689
-40.131752
-49.208351
-92.235275
-70.370979
-103.119690
-71.472298
-56.030819
-49.969025
-16.632917
-35.586479
-38.945141
-47.821644
-91.472992
-69.366760
-103.044586
-71.015785
-56.389698
-49.794144
-16.946735
-35.401943
-38.697308
-47.461693
-91.301865
-69.173103
-103.306366
-71.075325
-57.083855
-50.173409
-17.255190
-35.608475
-38.886135
-47.675732
-91.588860
-69.494431
-103.907722
-71.566170
-57.678768
-50.566086
-17.764809
-36.000614
-39.686504
-48.273869
-92.616684
-70.081841
-105.335190
-72.332214
-59.218353
-51.360554
-18.704655
-36.466244
-39.322796
-48.095772
-91.643578
-69.708473
-104.132492
-71.781822
-57.873497
-50.650307
-17.223001
-35.646027
-37.766045
-47.230488
-90.412445
-68.977837
-103.334267
-71.349983
-57.297894
-50.482937
-16.652227
-35.516205
-36.919537
-46.990162
-89.626556
-68.839973
-103.053703
-71.466927
-57.401428
-50.687321
-16.590002
-35.657291
-36.677601
-47.041660
-89.521416
-68.896301
-103.313881
-71.544716
-57.642288
-50.793537
-16.331972
-35.506550
-36.012417
-46.679024
-88.622337
-68.603401
-102.815521
-71.694916
-57.810730
-51.254875
-16.686560
-35.757607
-36.303703
-46.606606
-89.358337
-68.290123
-103.920059
-71.164375
-58.627197
-50.514587
-17.052950
-34.969036
-35.946434
-45.649593
-88.785957
-67.317017
-103.584778
-70.284073
-58.470016
-49.508759
-16.513826
-33.872013
-35.146061
-44.787529
-88.466774
-66.927559
-103.607315
-70.121536
-58.717319
-49.507149
-16.501488
-33.797985
-34.908417
-44.514481
-87.775299
-66.486603
-103.358940
-69.989037
-58.731804
-49.562939
-16.468765
-33.774918
-34.668629
-44.444744
-87.668007
-66.541321
-103.469444
-70.111343
-58.848209
-49.672371
-16.298714
-33.765797
-34.115559
-44.267719
-87.244759
-66.372345
-103.436188
-70.035706
-58.971592
-49.603706
-16.341093
-33.708935
-33.929947
-44.091228
-87.265144
-66.321915
-103.831009
-70.249741
-59.584209
-49.856911
-16.761663
-33.799057
-33.932095
-44.002716
