210.131699
-0.472605
46.398811
-0.364244
147.433533
-0.252664
152.242294
-0.305772
77.565392
-0.443101
197.679810
-0.487089
53.206261
-0.374973
151.253540
-0.256956
157.456512
-0.298798
74.489433
-0.423253
184.655533
-0.461876
59.814152
-0.368536
154.961426
-0.258565
162.943237
-0.312209
71.820099
-0.442028
171.779846
-0.477970
66.719765
-0.374973
158.866180
-0.272512
168.057129
-0.328839
68.574623
-0.465632
158.059280
-0.499427
73.315315
-0.384092
162.739822
-0.291288
172.981140
-0.321329
65.984688
-0.462413
144.816147
-0.490308
79.614220
-0.349224
166.697159
-0.275731
177.922302
-0.342786
63.713390
-0.427008
132.050964
-0.470460
86.343880
-0.377655
170.818649
-0.268221
183.323196
-0.302553
61.031181
-0.424326
117.105164
-0.492990
93.147034
-0.386775
175.103195
-0.282705
188.304062
-0.308991
58.597343
-0.443101
103.149094
-0.495672
100.017792
-0.378728
179.544937
-0.269830
193.202316
-0.285387
55.507439
-0.436664
88.054688
-0.494599
106.256607
-0.378728
183.835403
-0.253737
197.984161
-0.312209
53.284424
-0.440419
74.271889
-0.509083
112.649925
-0.368536
188.159653
-0.277340
202.756882
-0.319719
51.495392
-0.473678
60.546490
-0.476897
119.057716
-0.403404
192.559036
-0.280023
207.500107
-0.313818
49.745518
-0.402331
46.816795
-0.487626
125.552956
-0.421643
197.154190
-0.290215
212.237961
-0.271440
48.306782
-0.406623
32.573727
-0.481188
131.370667
-0.381947
201.537994
-0.261247
216.976349
-0.298798
47.353519
-0.409842
18.995312
-0.452757
137.393295
-0.372827
206.129410
-0.259101
221.835983
-0.282168
46.397583
-0.409842
4.723812
-0.485480
143.492111
-0.366926
210.824875
-0.248909
226.542725
-0.282705
45.505478
-0.413597
-9.382999
-0.470460
148.982056
-0.379264
215.267685
-0.256956
231.490326
-0.276268
44.845119
-0.393748
-24.227957
-0.440955
154.552994
-0.341177
219.851044
-0.223696
236.226563
-0.270367
44.159008
-0.406087
-39.269783
-0.451148
159.531723
-0.370681
224.418854
-0.285387
240.824951
-0.268221
43.937458
-0.407159
-53.019863
-0.453830
165.062973
-0.355125
229.178162
-0.237107
245.710861
-0.274122
43.818905
-0.426471
-68.052574
-0.463486
170.409683
-0.386238
233.976089
-0.269294
250.466415
-0.260711
43.905273
-0.385702
-83.388908
-0.416815
175.717773
-0.357270
238.972519
-0.251591
255.210175
-0.254273
42.050793
-0.379264
-102.707794
-0.447393
179.748062
-0.367999
243.791916
-0.258565
-252.308456
-0.266075
42.082981
-0.402331
-118.291428
-0.458121
184.628067
-0.382483
248.889709
-0.258029
-247.334564
-0.248373
43.046967
-0.392139
-132.943268
-0.451148
189.573532
-0.339031
253.691940
-0.244617
-242.672348
-0.259638
43.496506
-0.401795
-149.351944
-0.484943
193.864548
-0.376582
-253.414703
-0.234962
-238.254227
-0.238180
44.308140
-0.425935
-163.716248
-0.431836
198.236542
-0.382483
-248.687042
-0.268221
-233.955719
-0.289142
45.848267
-0.400722
-176.565643
-0.464559
202.649323
-0.383020
-243.965271
-0.263929
-229.521484
-0.266612
47.410919
-0.398040
-190.838745
-0.467241
207.049210
-0.381410
-238.857269
-0.259638
-225.224579
-0.283241
48.741299
-0.403941
-205.315186
-0.471532
211.283875
-0.380874
-233.740692
-0.260711
-220.940018
-0.238180
50.149994
-0.381947
-219.638718
-0.469387
215.453644
-0.403404
-228.717453
-0.270367
-216.770264
-0.275731
51.605900
-0.393748
-234.646744
-0.454366
219.327286
-0.392139
-223.603546
-0.263393
-212.575821
-0.260711
53.442677
-0.376046
-249.075958
-0.449002
223.204697
-0.376582
-218.291168
-0.254273
-208.340073
-0.258029
55.356701
-0.392675
247.400009
-0.457585
226.762375
-0.381947
-212.784592
-0.258565
-204.179443
-0.252664
57.386059
-0.373364
233.115112
-0.445783
230.674637
-0.385702
-207.317719
-0.269294
-199.855179
-0.246227
59.617657
-0.381410
216.989670
-0.464559
233.988785
-0.391603
-201.952225
-0.273049
-195.762131
-0.270903
61.732849
-0.397503
201.960709
-0.470996
237.280396
-0.402331
-196.394684
-0.281632
-191.912613
-0.288069
63.986439
-0.429690
188.515320
-0.482261
240.708786
-0.388384
-191.194946
-0.272512
-188.038422
-0.271976
66.192825
-0.404477
173.970779
-0.481725
243.535843
-0.381410
-185.891144
-0.253737
-184.133133
-0.266612
68.798859
-0.396431
159.875229
-0.480652
246.796326
-0.398040
-180.253143
-0.278413
-180.228897
-0.263393
71.356613
-0.375509
145.506638
-0.439346
249.718872
-0.383020
-174.711700
-0.285387
-176.261917
-0.269294
73.944946
-0.389993
130.331772
-0.461876
252.158066
-0.402868
-169.229797
-0.286996
-172.569595
-0.278950
76.828857
-0.389457
116.805389
-0.473142
254.702408
-0.413060
-163.810120
-0.288069
-168.704529
-0.271976
79.868332
-0.402331
102.897064
-0.482261
-254.598816
-0.429154
-157.982758
-0.310600
-164.956940
-0.273585
82.831100
-0.410378
88.447456
-0.507474
-252.332352
-0.422716
-152.290039
-0.292897
-161.091339
-0.274122
86.358208
-0.400186
74.092278
-0.462413
-249.652817
-0.413060
-146.245941
-0.288069
-157.099136
-0.273585
89.732430
-0.396431
58.289238
-0.474215
-248.178146
-0.418425
-140.646561
-0.295579
-153.378922
-0.263393
93.193550
-0.389993
43.833199
-0.478506
-246.167023
-0.408769
-134.913620
-0.281632
-149.691956
-0.279486
96.789864
-0.393748
29.391113
-0.480115
-244.534622
-0.414670
-129.238052
-0.281632
-146.139633
-0.268757
100.593773
-0.393748
16.095938
-0.476897
-242.791733
-0.409842
-123.500816
-0.275731
-142.481644
-0.248373
104.928757
-0.369608
1.753092
-0.470996
-241.535385
-0.408232
-117.488373
-0.288606
-138.826324
-0.247300
108.805626
-0.369608
-13.220610
-0.461876
-239.870270
-0.399649
-111.425507
-0.278950
-135.361450
-0.254273
113.123444
-0.362635
-25.840405
-0.440955
-238.498581
-0.408232
-105.999939
-0.289142
-132.167480
-0.263393
116.884438
-0.377655
-39.348545
-0.481725
-237.389221
-0.424862
-100.125900
-0.298262
-128.950439
-0.286460
120.758080
-0.392675
-53.409225
-0.486016
-236.343170
-0.437737
-93.985245
-0.306845
-125.527931
-0.297189
125.297989
-0.386775
-66.495728
-0.479579
-235.416199
-0.418425
-88.315056
-0.271440
-122.064667
-0.255883
129.689301
-0.365317
-81.276840
-0.472069
-235.211807
-0.397503
-82.553665
-0.274122
-119.050400
-0.255346
133.399872
-0.378728
-94.823608
-0.468850
-234.454346
-0.398040
-76.235458
-0.288606
-115.785614
-0.269294
137.069672
-0.392675
-111.077805
-0.484943
-234.446838
-0.416815
-69.689255
-0.285387
-112.548721
-0.269830
141.305420
-0.389457
-125.318184
-0.482261
-234.237625
-0.424326
-63.526077
-0.296116
-109.367088
-0.253201
145.782013
-0.367463
-138.925568
-0.461876
-234.306824
-0.416279
-57.240051
-0.282705
-106.217636
-0.237107
150.655594
-0.358343
-150.247711
-0.445247
-233.217316
-0.382483
-50.921303
-0.270367
-103.076775
-0.244617
155.047974
-0.356197
-163.506943
-0.443637
-233.538651
-0.406087
-44.804256
-0.284851
-99.973457
-0.238180
159.447342
-0.352979
-177.234482
-0.455439
-234.058990
-0.409842
-38.689892
-0.274658
-96.895355
-0.239790
164.210938
-0.350833
-189.174606
-0.446320
-234.292343
-0.420570
-32.735924
-0.305772
-93.906830
-0.261247
168.841507
-0.381410
-201.833038
-0.469923
-235.174789
-0.401795
-26.881197
-0.296116
-90.892563
-0.253201
173.813248
-0.353515
-213.852020
-0.462413
-235.624329
-0.414670
-21.029688
-0.290751
-88.123985
-0.253737
178.474396
-0.350833
-224.626984
-0.450075
-236.247681
-0.410914
-15.308537
-0.277340
-85.070023
-0.252128
183.643539
-0.360489
-237.655014
-0.458121
-237.752930
-0.424862
-9.094930
-0.286460
-81.896965
-0.252128
189.182846
-0.362635
-251.183533
-0.460804
-239.047897
-0.425935
-2.972519
-0.301480
-78.939026
-0.248373
194.509720
-0.349760
249.305023
-0.462413
-239.941071
-0.424326
2.861286
-0.312746
-76.082474
-0.266075
199.638107
-0.357270
237.322510
-0.464022
-241.289154
-0.433981
8.577074
-0.315964
-73.372368
-0.265539
204.560501
-0.349760
225.614670
-0.442028
-242.867371
-0.427544
14.133003
-0.314891
-70.660660
-0.267684
209.790268
-0.348151
212.773331
-0.457048
-244.689117
-0.420570
20.157244
-0.309527
-67.816444
-0.261784
215.224426
-0.355125
199.717941
-0.452220
-246.589203
-0.420570
26.413231
-0.304163
-65.024261
-0.251591
220.666626
-0.346541
187.951614
-0.465095
-248.659866
-0.423253
32.171932
-0.305235
-62.414474
-0.246227
226.016556
-0.356734
177.377274
-0.470996
-249.979507
-0.431299
38.394123
-0.307918
-59.716709
-0.258565
231.349869
-0.367999
164.634628
-0.477433
-252.943893
-0.429690
44.194668
-0.302553
-57.103703
-0.258029
236.972321
-0.372291
152.625320
-0.476360
-255.284393
-0.425935
50.793442
-0.303626
-54.491768
-0.271976
242.144150
-0.365853
140.271591
-0.464022
253.801193
-0.434518
57.274193
-0.300944
-51.728554
-0.254273
247.873352
-0.349760
128.230087
-0.468850
251.029388
-0.449002
63.609573
-0.325084
-49.135933
-0.263929
253.441071
-0.350833
117.259315
-0.460804
248.616470
-0.429690
70.239990
-0.306845
-46.460155
-0.248373
-252.930099
-0.349760
106.333603
-0.460804
245.890808
-0.449002
76.616676
-0.325084
-43.876652
-0.273049
-247.351639
-0.392139
96.224892
-0.487089
243.482727
-0.462413
83.134445
-0.337958
-41.309242
-0.267684
-241.944305
-0.387311
85.040077
-0.498891
240.093491
-0.465095
89.454803
-0.337958
-38.704815
-0.276804
-236.005890
-0.367463
75.201195
-0.490308
237.444534
-0.455976
96.403877
-0.330985
-35.911026
-0.286460
-229.870071
-0.386238
64.013702
-0.491917
234.340683
-0.467241
103.594345
-0.345469
-33.139771
-0.278950
-223.804535
-0.386238
52.708191
-0.499427
230.553940
-0.482261
110.101921
-0.338495
-30.500475
-0.268757
-217.853775
-0.381410
41.287342
-0.477970
226.586960
-0.470996
116.707664
-0.332594
-27.934137
-0.271440
-212.022659
-0.376582
31.142691
-0.483334
223.074875
-0.460804
123.198074
-0.339568
-25.345270
-0.270367
-205.965698
-0.373900
20.492710
-0.483871
219.355728
-0.467241
130.048965
-0.355125
-22.604050
-0.288069
-199.592224
-0.372291
9.084738
-0.492990
214.710129
-0.471532
136.434235
-0.349760
-20.121935
-0.295043
-193.301376
-0.394285
-0.228966
-0.501037
211.201813
-0.492990
143.071625
-0.349760
-17.719212
-0.282705
-187.702515
-0.373900
-9.949828
-0.488699
206.862000
-0.466168
149.571701
-0.347614
-15.147509
-0.284851
-181.573669
-0.377655
-21.161463
-0.489771
201.883270
-0.465095
156.261124
-0.348151
-12.556496
-0.283778
-175.006012
-0.378728
-33.145039
-0.487089
196.185730
-0.454903
163.533127
-0.333667
-9.879113
-0.282705
-168.386322
-0.364244
-43.571323
-0.463486
191.356125
-0.454366
170.613632
-0.329375
-7.363738
-0.274122
-162.239777
-0.383020
-53.372116
-0.488699
186.684250
-0.473678
177.330948
-0.350833
-4.999102
-0.293434
-156.499847
-0.376046
-62.907906
-0.492990
181.946396
-0.483334
183.973175
-0.362098
-2.613545
-0.282705
-150.311981
-0.361562
-71.403000
-0.479579
177.306183
-0.481188
191.031677
-0.386775
-0.149667
-0.314891
-144.451889
-0.395894
-81.140488
-0.505328
172.076401
-0.486016
197.982910
-0.374973
2.314747
-0.306845
-138.402435
-0.388384
-91.388138
-0.511766
166.342377
-0.558436
205.160492
-0.389457
4.823685
-0.301480
-132.042389
-0.384092
-99.444962
-0.492454
161.666748
-0.491917
212.307510
-0.380337
7.255913
-0.310600
-126.079834
-0.390530
-109.478035
-0.496209
155.250381
-0.477433
219.644424
-0.368536
9.794355
-0.297189
-120.098511
-0.391603
-118.514397
-0.505865
149.506699
-0.488699
226.870300
-0.362635
12.347819
-0.290215
-113.805511
-0.391603
-126.992859
-0.514448
143.696487
-0.496745
233.870316
-0.374973
14.868559
-0.304163
-107.756058
-0.386775
-136.572632
-0.501573
137.135269
-0.497282
241.383194
-0.384629
17.466547
-0.310600
-101.888992
-0.393212
-144.546844
-0.505865
131.695755
-0.490308
248.743713
-0.365317
20.093502
-0.289142
-95.589012
-0.379801
-152.603668
-0.485480
125.776649
-0.477970
-255.845413
-0.357807
22.804680
-0.272512
-88.881348
-0.358343
-160.652435
-0.492990
119.408012
-0.482798
-248.469330
-0.375509
25.435928
-0.290215
-82.657013
-0.358880
-168.747345
-0.485480
113.192802
-0.491381
-241.288528
-0.392675
27.999046
-0.298798
-76.285690
-0.377655
-176.481232
-0.510156
107.038208
-0.502110
-234.164581
-0.387311
30.558949
-0.309527
-70.206734
-0.395358
-184.664642
-0.501037
99.924988
-0.487626
-227.187622
-0.376582
33.153717
-0.288069
-63.609573
-0.373364
-192.532654
-0.484943
92.893837
-0.495672
-219.991241
-0.392139
35.673382
-0.292897
-57.597668
-0.359952
-200.401184
-0.482261
85.693710
-0.502646
-213.108704
-0.378728
38.183933
-0.282705
-51.455948
-0.354588
-208.286346
-0.469923
78.645943
-0.484943
-206.282471
-0.373900
40.618305
-0.289142
-45.449406
-0.376046
-216.448837
-0.496745
70.574104
-0.507474
-199.576950
-0.391066
43.030148
-0.290215
-39.449841
-0.370681
-223.234283
-0.481188
63.747345
-0.481188
-192.463745
-0.374973
45.549812
-0.280559
-33.513573
-0.363708
-230.542236
-0.490308
56.060131
-0.480652
-185.638580
-0.369608
48.006721
-0.288069
-27.610031
-0.350833
-237.170517
-0.491381
48.768280
-0.504792
-178.941635
-0.373900
50.379402
-0.279486
-21.780518
-0.366390
-243.204941
-0.486016
41.760201
-0.491381
-172.136871
-0.371754
52.820751
-0.308991
-15.954760
-0.381947
-249.013000
-0.498354
34.466198
-0.510693
-164.897049
-0.407159
55.412838
-0.317574
-9.759929
-0.363171
-250.729614
-0.486016
31.279200
-0.477970
-157.540283
-0.359952
57.917484
-0.289142
-4.187370
-0.369608
254.567062
-0.488699
22.975615
-0.495136
-150.452286
-0.376582
60.563751
-0.282168
1.889443
-0.356734
248.171616
-0.482261
14.963320
-0.501037
-143.218903
-0.380337
63.186417
-0.277877
7.418550
-0.311136
241.637741
-0.433981
6.688704
-0.442028
-136.045059
-0.345469
65.879356
-0.253201
13.321020
-0.319719
235.430038
-0.439346
-2.035987
-0.452757
-129.049332
-0.345469
68.488609
-0.259638
18.448866
-0.324011
230.045242
-0.442565
-9.747338
-0.458121
-121.640533
-0.344932
71.338188
-0.268757
24.149099
-0.333667
223.468460
-0.447393
-19.198908
-0.468850
-114.049339
-0.342786
74.382492
-0.246227
30.052641
-0.321329
217.994614
-0.448465
-27.481033
-0.442565
-106.991379
-0.366926
77.152679
-0.274122
35.921852
-0.330448
211.495087
-0.445783
-37.268414
-0.454366
-100.057327
-0.341713
79.895500
-0.263929
41.609745
-0.332594
206.564651
-0.458121
-45.244232
-0.479043
-93.115227
-0.363171
82.761711
-0.274658
47.548153
-0.331521
201.951782
-0.445783
-53.284962
-0.465095
-85.900085
-0.359952
85.657425
-0.282168
53.302032
-0.341713
196.430191
-0.450611
-62.940914
-0.484943
-79.161842
-0.376582
88.490372
-0.281096
59.228642
-0.334203
191.873093
-0.451684
-71.789520
-0.472605
-72.214386
-0.376582
91.357658
-0.296116
64.961060
-0.346005
187.842270
-0.460804
-79.905884
-0.493527
-65.331299
-0.375509
94.222794
-0.286460
70.519669
-0.333130
182.638260
-0.460267
-89.554329
-0.481188
-58.708923
-0.376582
96.962944
-0.274658
75.834198
-0.330985
177.142944
-0.459731
-99.888885
-0.490308
-52.471718
-0.356197
99.663391
-0.266075
81.335945
-0.318646
172.545105
-0.453830
-109.571129
-0.473142
-45.697525
-0.353515
102.614899
-0.268757
86.889191
-0.309527
168.028259
-0.446320
-119.380501
-0.487626
-38.854671
-0.368536
105.549767
-0.265002
92.601219
-0.314891
164.178223
-0.449538
-128.641632
-0.483334
-32.415226
-0.377655
108.310295
-0.281632
97.706551
-0.324547
159.923157
-0.461876
-138.709564
-0.488162
-26.220396
-0.378192
111.085312
-0.273049
102.765190
-0.325620
156.595612
-0.451684
-147.726624
-0.491381
-19.742859
-0.386775
114.053444
-0.271976
108.335068
-0.320792
154.443939
-0.437200
-155.341949
-0.458658
-12.690259
-0.343859
117.100433
-0.244617
113.625458
-0.297189
150.095551
-0.421107
-167.242371
-0.448465
-6.508839
-0.357270
120.041740
-0.253201
118.767250
-0.305235
146.691818
-0.443101
-177.233063
-0.468850
0.399996
-0.366926
123.295799
-0.280023
124.025452
-0.332058
144.571274
-0.449538
-185.804871
-0.473142
7.288446
-0.361562
126.459732
-0.249982
129.175827
-0.319719
142.695328
-0.430226
-193.576859
-0.439346
14.220348
-0.362635
129.719696
-0.275731
134.523087
-0.317037
139.491165
-0.442028
-204.393127
-0.483871
21.286360
-0.385165
133.204422
-0.280559
139.869797
-0.330448
136.756927
-0.450611
-213.994370
-0.469923
28.180176
-0.379801
136.590973
-0.289142
145.033051
-0.325620
132.924042
-0.462949
-225.224243
-0.502110
34.585289
-0.403404
139.847168
-0.298262
149.832596
-0.330448
129.786942
-0.446856
-236.623627
-0.501037
40.356331
-0.386775
142.996628
-0.281096
154.771622
-0.314355
126.805389
-0.447393
-247.560059
-0.495672
47.391766
-0.388384
146.717926
-0.293434
160.064148
-0.335813
124.457382
-0.455976
254.193420
-0.502110
54.019508
-0.384629
150.242340
-0.274122
165.123871
-0.328302
121.121788
-0.440419
242.419601
-0.479579
60.301239
-0.388384
153.719559
-0.281096
170.180374
-0.315964
118.557060
-0.446320
231.074921
-0.497282
66.229996
-0.390530
157.120605
-0.286996
175.338791
-0.327230
116.535751
-0.448465
220.729111
-0.477970
73.210175
-0.362635
160.879990
-0.238180
180.374908
-0.274658
114.151268
-0.424326
209.491196
-0.475824
79.132492
-0.376046
164.319107
-0.284314
185.357376
-0.309527
111.813988
-0.435054
197.290894
-0.481188
85.415298
-0.384092
168.114441
-0.276268
190.648849
-0.309527
109.520164
-0.438273
184.561111
-0.496745
91.627296
-0.396431
171.897964
-0.276804
195.622742
-0.317037
107.192009
-0.448465
171.890900
-0.491381
97.481491
-0.384629
175.520554
-0.277340
200.557480
-0.312746
105.149773
-0.440419
159.395020
-0.483334
102.847519
-0.399113
178.871704
-0.274122
205.160141
-0.291824
103.895035
-0.424326
147.746185
-0.484943
108.591736
-0.381410
182.582275
-0.263393
210.091660
-0.294507
102.381729
-0.432372
135.589340
-0.473142
114.646561
-0.378728
186.451630
-0.275195
214.955032
-0.284851
100.840538
-0.421643
122.259300
-0.476360
120.800079
-0.364780
190.489426
-0.252664
219.901031
-0.286460
99.540733
-0.407159
109.829407
-0.456512
126.465446
-0.378728
194.205917
-0.252664
224.649078
-0.270367
97.462563
-0.420570
94.646484
-0.462413
131.954849
-0.367999
198.212601
-0.261247
229.466324
-0.287533
93.816360
-0.414670
75.931641
-0.449538
136.974335
-0.337422
202.395767
-0.225306
234.155899
-0.247836
91.298836
-0.411451
60.139866
-0.459731
141.692337
-0.367463
206.145493
-0.258029
238.634109
-0.266075
88.643448
-0.405014
42.633083
-0.457048
146.234940
-0.370145
210.108185
-0.255883
242.926193
-0.271440
87.091522
-0.392139
28.016119
-0.460804
152.143845
-0.393748
214.866974
-0.270367
248.089432
-0.268221
87.260506
-0.392675
15.038517
-0.449538
158.222794
-0.365853
219.241653
-0.245154
253.990829
-0.254273
87.463280
-0.377119
-2.441442
-0.429154
158.386414
-0.337422
220.689499
-0.249982
-248.081299
-0.267684
90.566597
-0.391603
-31.138399
-0.448465
145.901260
-0.366926
216.740219
-0.248373
-233.082382
-0.270367
100.314819
-0.400186
-64.401550
-0.459194
125.017052
-0.379264
208.864182
-0.255346
-212.958847
-0.261247
124.167709
-0.401795
-92.221962
-0.465632
90.969620
-0.377655
194.341629
-0.261784
-188.362976
-0.259638
153.457428
-0.381947
-132.184204
-0.456512
45.876316
-0.372291
176.603638
-0.258029
-165.073883
-0.291288
192.107544
-0.416279
-153.068420
-0.486016
3.929247
-0.383020
160.368225
-0.282705
-146.611710
-0.322938
237.441162
-0.411451
-139.295273
-0.470996
-20.976139
-0.367999
149.797104
-0.320792
-135.905930
-0.362635
-246.191849
-0.399649
-123.751869
-0.484943
-22.957218
-0.397503
148.521973
-0.392139
-131.171295
-0.417888
-230.961731
-0.386775
-103.587021
-0.461876
-8.100999
-0.362635
153.238907
-0.354052
-128.540588
-0.398576
-213.645401
-0.406623
-67.725883
-0.482798
13.284257
-0.384629
159.680496
-0.356197
-126.134651
-0.398040
-211.285049
-0.403941
-72.454079
-0.469923
20.742407
-0.377655
163.105682
-0.342786
-122.467529
-0.383556
-210.298004
-0.400722
-91.436607
-0.494599
24.270588
-0.388384
166.404800
-0.355661
-117.934601
-0.413597
-207.522980
-0.413060
-118.926041
-0.483871
15.055588
-0.385702
165.126465
-0.374973
-114.270706
-0.435054
-204.742065
-0.398040
-125.519447
-0.488699
44.754616
-0.388920
181.169830
-0.313282
-118.732826
-0.365853
-214.107269
-0.415206
-103.184158
-0.482798
92.132622
-0.384092
201.551941
-0.251591
-123.230354
-0.278413
-228.211395
-0.383556
-101.338791
-0.479043
129.429825
-0.385702
220.887985
-0.246763
-131.689499
-0.266612
-246.052383
-0.402868
-78.498703
-0.502110
186.721802
-0.403404
249.746948
-0.233352
-143.860825
-0.236034
240.769791
-0.416279
-64.871475
-0.501037
231.026550
-0.399113
-239.448975
-0.258029
-152.626831
-0.260174
217.210327
-0.414133
-71.626884
-0.493527
-250.168884
-0.395358
-220.654190
-0.252128
-160.086594
-0.267148
196.801941
-0.417888
-79.053925
-0.503182
-222.190750
-0.417352
-202.497787
-0.318110
-167.458374
-0.309527
177.744827
-0.432909
-82.318703
-0.511766
-190.085236
-0.416815
-180.934418
-0.274658
-176.826797
-0.296116
157.871277
-0.456512
-78.958435
-0.529468
-155.517990
-0.414133
-158.235962
-0.283241
-185.003235
-0.309527
136.405548
-0.462413
-89.439438
-0.517666
-129.399719
-0.417352
-138.280853
-0.298262
-192.437256
-0.303626
115.454819
-0.473142
-101.857536
-0.534296
-104.021729
-0.408769
-117.771614
-0.282168
-199.659378
-0.317037
94.496567
-0.461340
-116.290497
-0.509083
-81.326477
-0.400186
-98.469902
-0.269830
-205.652512
-0.290751
73.774353
-0.451684
-139.783432
-0.517130
-64.629189
-0.400186
-80.773216
-0.280023
-209.553513
-0.321329
58.752377
-0.476897
-158.629166
-0.546098
-50.263817
-0.424862
-64.530830
-0.305772
-212.197632
-0.334740
45.828953
-0.483871
-180.263870
-0.543416
-38.903584
-0.416815
-49.087746
-0.284851
-213.195953
-0.313818
34.433319
-0.479579
-202.706467
-0.539661
-29.027691
-0.406623
-35.375217
-0.274122
-213.928192
-0.306308
24.653986
-0.473678
-221.220673
-0.524640
-18.427599
-0.407159
-21.454550
-0.261247
-214.622345
-0.314891
16.089155
-0.474215
-239.098145
-0.532687
-9.728658
-0.407159
-8.498406
-0.308991
-214.732315
-0.325620
7.984054
-0.465095
253.982162
-0.543416
-2.529608
-0.414133
3.885890
-0.263929
-213.979156
-0.308454
-4.041900
-0.467777
215.914642
-0.534296
-0.970172
-0.395358
16.334024
-0.265539
-212.724411
-0.302553
-14.350703
-0.483871
180.971878
-0.553608
0.426723
-0.407696
28.212456
-0.268757
-211.089340
-0.301480
-19.251099
-0.476360
161.142838
-0.535905
5.655422
-0.405550
40.134876
-0.267148
-209.493423
-0.322938
-25.064522
-0.498354
137.524918
-0.553072
12.235418
-0.411987
56.067200
-0.279486
-206.847702
-0.320256
-36.874825
-0.489235
90.749329
-0.549853
10.265603
-0.420570
69.636497
-0.275731
-204.179443
-0.315964
-38.207344
-0.475824
76.302414
-0.545561
16.132132
-0.416279
80.995117
-0.266612
-200.998337
-0.311673
-39.686852
-0.478506
58.995193
-0.546098
19.049839
-0.414133
90.306671
-0.275731
-198.265701
-0.302553
-40.743641
-0.467241
44.373398
-0.536978
21.793737
-0.424862
98.206322
-0.277877
-194.856613
-0.307918
-40.604168
-0.466168
25.455776
-0.532150
20.668819
-0.405550
105.025566
-0.266612
-190.741562
-0.293434
-39.066189
-0.460804
9.138824
-0.535905
20.758942
-0.421643
111.014938
-0.279486
-186.180725
-0.299871
-36.687069
-0.463486
-5.817712
-0.548780
20.873205
-0.414133
116.739311
-0.268221
-181.744354
-0.305772
-33.831051
-0.468850
-20.514072
-0.548780
20.184412
-0.418425
122.257156
-0.283778
-178.048264
-0.311673
-31.096809
-0.472069
-32.671455
-0.535905
22.051767
-0.417352
130.400345
-0.281096
-173.719727
-0.304699
-28.348082
-0.470460
-44.830444
-0.550389
24.566071
-0.431299
139.690445
-0.282168
-169.686752
-0.311136
-26.363247
-0.472605
-61.342663
-0.536978
24.636345
-0.419498
149.147903
-0.280023
-166.417130
-0.298262
-25.054329
-0.467777
-72.979698
-0.548244
28.836147
-0.439346
161.582626
-0.288069
-163.085831
-0.317037
-24.841362
-0.476360
-83.197838
-0.548244
35.458523
-0.428617
174.789825
-0.281096
-160.195480
-0.297725
-26.014559
-0.475287
-94.626198
-0.550389
40.861565
-0.433981
186.876938
-0.287533
-157.593735
-0.308991
-27.732246
-0.475824
-106.194572
-0.571311
46.443779
-0.445783
198.539200
-0.299335
-155.067642
-0.314891
-28.599136
-0.481188
-114.903702
-0.560045
52.787205
-0.437737
211.682556
-0.288606
-152.356995
-0.300944
-30.706816
-0.467241
-128.801834
-0.550926
56.386730
-0.451148
224.137115
-0.299335
-149.098114
-0.318646
-31.915955
-0.480652
-144.608627
-0.564337
58.006248
-0.451148
235.681885
-0.303090
-145.853714
-0.306845
-32.163792
-0.475287
-159.046967
-0.561655
59.953533
-0.445783
247.236313
-0.302553
-141.911407
-0.308454
-31.660610
-0.472069
-177.401321
-0.543416
59.076450
-0.433981
-253.850388
-0.285924
-137.571594
-0.304163
-30.184322
-0.468314
-193.433441
-0.545561
58.823784
-0.439346
-243.445557
-0.299335
-133.451172
-0.302553
-28.588408
-0.469923
-210.408600
-0.554681
56.747219
-0.449538
-234.709595
-0.287533
-128.290070
-0.300944
-25.310211
-0.467241
-230.354034
-0.553072
52.517914
-0.451148
-226.199493
-0.295043
-123.720657
-0.299335
-22.267511
-0.467241
-246.967651
-0.556290
49.817463
-0.451684
-217.673813
-0.299871
-119.074539
-0.316501
-18.487206
-0.467241
249.665512
-0.542879
47.571377
-0.443101
-208.971664
-0.290215
-114.088852
-0.310063
-14.755716
-0.483334
231.485489
-0.560045
44.039444
-0.454903
-200.261993
-0.300944
-109.458817
-0.307918
-10.989358
-0.450075
216.206558
-0.533760
40.243584
-0.442028
-192.809204
-0.281632
-104.589005
-0.263393
-6.473054
-0.432909
198.990524
-0.520349
36.409096
-0.430226
-184.041046
-0.283778
-100.116684
-0.277877
-2.746392
-0.444710
186.395401
-0.535905
35.247700
-0.439882
-174.826050
-0.292361
-95.940475
-0.299871
0.286113
-0.450075
174.137695
-0.546098
34.637230
-0.447393
-164.548370
-0.281632
-91.393059
-0.284314
3.976833
-0.450075
159.962234
-0.548244
31.385319
-0.432372
-155.336578
-0.278413
-86.524849
-0.288069
7.886422
-0.445247
145.534622
-0.536978
28.024511
-0.452220
-146.823257
-0.293970
-81.526825
-0.284314
12.530399
-0.432372
129.115219
-0.535369
21.874205
-0.438273
-140.263641
-0.293434
-75.806206
-0.291824
19.789530
-0.448465
112.574036
-0.545025
13.901607
-0.439882
-134.921753
-0.283778
-70.605942
-0.282705
26.683346
-0.437737
97.833687
-0.545561
9.271577
-0.454366
-124.462212
-0.294507
-65.144966
-0.278413
31.456068
-0.437737
85.277718
-0.542879
6.728306
-0.453293
-114.048271
-0.301480
-60.302505
-0.293970
35.580769
-0.440419
74.850899
-0.541270
6.780341
-0.445783
-103.558151
-0.290215
-55.605419
-0.275195
38.849308
-0.432372
63.625320
-0.542879
5.561008
-0.446320
-94.593666
-0.280559
-50.622410
-0.271976
42.982594
-0.425935
51.345631
-0.535905
2.946927
-0.460804
-85.637764
-0.302017
-46.232704
-0.290215
46.424404
-0.434518
41.100124
-0.531614
3.020956
-0.449538
-74.078522
-0.302553
-42.356377
-0.287533
46.193195
-0.443101
36.530712
-0.547171
11.281087
-0.445247
-57.118374
-0.296116
-38.618984
-0.282705
42.216553
-0.432909
31.862597
-0.549316
23.344055
-0.445783
-37.854748
-0.288069
-34.317257
-0.276804
39.016678
-0.436127
19.451477
-0.537515
24.134235
-0.455439
-28.440729
-0.292361
-31.085197
-0.262320
38.755970
-0.421643
6.964183
-0.532150
24.547297
-0.450075
-14.257742
-0.332594
-26.308182
-0.345469
39.011852
-0.503719
-7.812644
-0.595987
21.406963
-0.457048
-1.348268
-0.303626
-21.085382
-0.295043
40.953770
-0.440419
-26.313452
-0.547171
14.403179
-0.452757
10.110129
-0.304699
-15.926422
-0.289142
43.894543
-0.445783
-43.658226
-0.556290
7.406905
-0.473142
20.855061
-0.309527
-10.862947
-0.264466
46.675995
-0.424326
-58.834705
-0.540733
2.119197
-0.455976
32.237820
-0.286460
-6.299437
-0.272512
48.517067
-0.424326
-75.182770
-0.537515
-4.388916
-0.452220
44.053486
-0.289142
-1.162470
-0.268757
50.816257
-0.416279
-93.311279
-0.530541
-13.330329
-0.455976
55.888470
-0.296116
5.112291
-0.274658
56.360382
-0.424862
-115.215820
-0.545025
-30.507198
-0.477433
61.856384
-0.303626
12.091936
-0.280023
66.374138
-0.429690
-136.824768
-0.542879
-49.458618
-0.481725
62.596138
-0.309527
16.863586
-0.281632
75.700722
-0.451148
-148.582504
-0.575066
-56.207054
-0.489771
69.805916
-0.326693
22.022011
-0.299335
82.335968
-0.437737
-157.397308
-0.562728
-63.297745
-0.497282
74.795364
-0.340104
27.228180
-0.317574
90.493637
-0.456512
-168.768799
-0.581503
-72.228424
-0.519276
81.145226
-0.349760
32.711689
-0.295579
98.245766
-0.447393
-181.059219
-0.585795
-81.578606
-0.519812
87.771355
-0.356197
38.033192
-0.287533
105.396538
-0.424326
-190.978561
-0.564337
-88.397316
-0.512302
94.814301
-0.354588
43.325726
-0.324011
112.230804
-0.456512
-200.561584
-0.577748
-95.534142
-0.513375
99.592392
-0.357807
48.369892
-0.327766
121.116425
-0.458121
-212.047333
-0.583649
-107.013466
-0.545561
101.141632
-0.374973
53.152809
-0.336885
132.866104
-0.475287
-224.486877
-0.597060
-120.700775
-0.524104
104.004623
-0.372291
58.570869
-0.318110
145.385056
-0.461876
-235.980682
-0.586331
-135.616547
-0.520349
103.148468
-0.295579
63.212166
-0.215113
160.510559
-0.374436
-247.357010
-0.535905
-153.042313
-0.482798
100.595001
-0.305235
67.860435
-0.279486
178.156281
-0.430226
255.517105
-0.552535
-168.677994
-0.487089
101.341194
-0.276268
72.683044
-0.174880
191.908508
-0.314891
249.717636
-0.435591
-179.164886
-0.417352
104.265335
-0.276268
77.215981
-0.247836
203.142151
-0.343323
244.679367
-0.435054
-186.688492
-0.435054
109.093849
-0.311136
82.364746
-0.234962
214.639709
-0.353515
235.809311
-0.464022
-199.159698
-0.432909
112.315720
-0.325084
87.051102
-0.242472
226.308380
-0.401795
227.755173
-0.534296
-210.018890
-0.461340
115.243080
-0.315964
91.182243
-0.263393
237.692215
-0.384092
220.463318
-0.465095
-220.006363
-0.403404
120.104317
-0.265002
95.781158
-0.249982
247.193146
-0.363708
213.189163
-0.441492
-229.173615
-0.408232
126.241745
-0.269830
100.471809
-0.219405
255.344910
-0.352442
206.324860
-0.466704
-236.409683
-0.423253
134.348999
-0.284314
105.601807
-0.224769
-249.434647
-0.349224
198.659637
-0.476897
-244.200958
-0.424326
142.285645
-0.269294
110.659378
-0.238180
-241.914810
-0.384629
190.246613
-0.518739
-253.105896
-0.474215
149.523315
-0.317037
115.343048
-0.282168
-235.243073
-0.420570
181.428574
-0.554681
248.361664
-0.495136
157.038864
-0.348151
120.728386
-0.300944
-226.386429
-0.428617
171.068817
-0.543416
234.062805
-0.489235
162.367355
-0.329375
125.405624
-0.289679
-217.035172
-0.414133
161.741165
-0.555754
222.800217
-0.525177
170.158630
-0.371218
130.528641
-0.308991
-209.897812
-0.425935
153.939697
-0.553072
213.547134
-0.524104
177.667206
-0.358880
135.552963
-0.308454
-202.517975
-0.424326
146.432724
-0.562728
204.769867
-0.519812
185.562561
-0.365317
140.478561
-0.305235
-195.669235
-0.408769
138.179565
-0.543952
194.210556
-0.509083
192.924164
-0.351369
145.520050
-0.302017
-188.628418
-0.429690
129.593811
-0.551462
183.295547
-0.512838
200.701492
-0.356197
150.688126
-0.310063
-181.556503
-0.470460
120.853569
-0.616908
172.712097
-0.533760
208.714859
-0.359952
155.909317
-0.278413
-174.677170
-0.409842
112.525848
-0.556290
161.531570
-0.529468
216.568909
-0.360489
161.089737
-0.280023
-167.736160
-0.404477
104.076355
-0.539661
149.381699
-0.519276
224.682587
-0.353515
166.725052
-0.291824
-160.250641
-0.409842
96.413284
-0.560582
138.656616
-0.513375
232.378387
-0.355125
172.006866
-0.299871
-153.140640
-0.433981
89.447037
-0.596523
127.875214
-0.597060
240.192734
-0.451148
177.389511
-0.396431
-146.315491
-0.502110
80.713768
-0.642657
115.516129
-0.611544
248.452866
-0.454903
182.960464
-0.380337
-139.616943
-0.483871
72.412865
-0.620663
102.871658
-0.588477
-255.732849
-0.425935
188.389786
-0.365317
-133.496140
-0.488699
63.524025
-0.629783
89.579163
-0.603497
-248.370193
-0.440419
193.709702
-0.357270
-126.900597
-0.472069
56.392033
-0.611007
76.963661
-0.587940
-241.241943
-0.440955
199.228622
-0.365317
-118.828751
-0.489235
47.855095
-0.622273
61.687408
-0.583112
-234.595978
-0.424862
204.459991
-0.351906
-111.473061
-0.465095
39.864258
-0.615299
48.031208
-0.605643
-227.246185
-0.454366
209.703171
-0.381410
-105.798042
-0.468314
33.929066
-0.606716
37.829155
-0.593305
-219.497818
-0.432372
215.369614
-0.361025
-98.899406
-0.487626
27.429535
-0.589550
25.071495
-0.537515
-212.327194
-0.353515
220.683609
-0.280023
-92.708321
-0.391066
20.449354
-0.540197
12.318662
-0.510693
-204.200638
-0.364244
226.666000
-0.299871
-86.831062
-0.402331
16.016199
-0.550926
3.261377
-0.534296
-194.141815
-0.373900
234.028671
-0.302553
-81.115814
-0.416279
8.981299
-0.554681
-10.788035
-0.524104
-186.109131
-0.374973
240.138199
-0.295043
-74.743958
-0.400186
2.364825
-0.550926
-24.567619
-0.528395
-179.142899
-0.359952
245.795517
-0.280559
-68.859726
-0.397503
-3.450741
-0.551999
-37.079586
-0.539661
-172.226013
-0.374973
251.356812
-0.286460
-62.079639
-0.387311
-9.495904
-0.545025
-53.885239
-0.516594
-167.534836
-0.367999
-255.624298
-0.278413
-55.311890
-0.389457
-14.327100
-0.516594
-62.344391
-0.534296
-158.532257
-0.371754
-249.379044
-0.290751
-49.499008
-0.383556
-20.545534
-0.526786
-76.668999
-0.518203
-150.608475
-0.365853
-242.995392
-0.270903
-43.899086
-0.379801
-24.689548
-0.530005
-86.411850
-0.524104
-144.927032
-0.357270
-238.697952
-0.261247
-37.297634
-0.377655
-30.811958
-0.521958
-99.683434
-0.517130
-135.478683
-0.359416
-230.904526
-0.276804
-31.331865
-0.356197
-36.530964
-0.521958
-119.165390
-0.502110
-129.537582
-0.345469
-223.925949
-0.238717
-24.597374
-0.346005
-41.812771
-0.475824
-136.951111
-0.477970
-124.886635
-0.321865
-218.371094
-0.232816
-17.348434
-0.320792
-46.548477
-0.471532
-153.404861
-0.487626
-119.930450
-0.325084
-212.784058
-0.227451
-9.129073
-0.331521
-51.058350
-0.491381
-171.151962
-0.510693
-116.364182
-0.366926
-208.275269
-0.281096
-1.114095
-0.373900
-54.261444
-0.518739
-186.381546
-0.531614
-112.316727
-0.391066
-203.593735
-0.304163
6.110704
-0.397503
-57.532127
-0.543952
-200.211029
-0.527859
-106.925491
-0.386775
-198.171387
-0.309527
11.775530
-0.394821
-61.525936
-0.531077
-213.679474
-0.542343
-100.911980
-0.398040
-192.265701
-0.299335
17.727352
-0.381947
-66.175812
-0.528932
-228.917099
-0.535905
-95.102303
-0.383020
-186.594955
-0.293970
23.069241
-0.380337
-70.370255
-0.543952
-244.302795
-0.531077
-89.379539
-0.376582
-180.461273
-0.284851
29.050568
-0.377119
-74.578102
-0.535905
253.510529
-0.546634
-83.234604
-0.398040
-174.331360
-0.298798
35.061398
-0.387847
-77.361702
-0.536978
239.926758
-0.540733
-77.882523
-0.404477
-168.797424
-0.317574
41.733662
-0.396431
-80.606636
-0.527859
224.252457
-0.540733
-73.270729
-0.397503
-163.267776
-0.288606
47.943512
-0.368536
-82.586105
-0.517130
211.633743
-0.529468
-67.682617
-0.391066
-157.067047
-0.293434
54.585201
-0.378728
-84.801613
-0.534296
198.393280
-0.550389
-61.827892
-0.406623
-151.135071
-0.305772
60.835823
-0.384092
-87.106163
-0.525713
185.336273
-0.550389
-56.523018
-0.399113
-145.519608
-0.308991
67.266685
-0.381410
-89.009995
-0.522494
171.371078
-0.542343
-52.649372
-0.418425
-140.390152
-0.308454
74.203949
-0.398040
-90.691742
-0.536978
155.041794
-0.553608
-50.440308
-0.408232
-135.902817
-0.319183
82.521484
-0.399113
-91.704010
-0.533760
137.778030
-0.545561
-47.676556
-0.411451
-130.753510
-0.291824
90.259117
-0.365317
-92.053230
-0.522494
122.916977
-0.558436
-43.825439
-0.412524
-125.284485
-0.295579
97.018829
-0.379264
-92.515648
-0.527322
110.865814
-0.553608
-38.863350
-0.397503
-119.317108
-0.297189
102.878380
-0.386775
-93.567604
-0.546634
98.022858
-0.563800
-33.960274
-0.436127
-113.322906
-0.319183
109.044243
-0.400186
-94.623322
-0.528395
83.980415
-0.540197
-29.717018
-0.404477
-107.834572
-0.310063
115.807701
-0.383020
-96.031494
-0.533760
67.066940
-0.558972
-27.521362
-0.414133
-103.227608
-0.298262
123.202019
-0.363171
-95.881813
-0.494599
51.012310
-0.535369
-25.290836
-0.412524
-98.527840
-0.314355
130.652664
-0.395894
-95.544930
-0.546634
35.466759
-0.580967
-22.651541
-0.435591
-93.720779
-0.323474
137.643570
-0.398040
-96.302933
-0.557900
17.070559
-0.581503
-19.925344
-0.432372
-87.849419
-0.313818
144.122711
-0.384629
-95.876450
-0.534296
2.371515
-0.564873
-15.817273
-0.416279
-81.484001
-0.296116
150.152313
-0.361562
-95.667778
-0.520349
-11.400021
-0.553608
-11.903393
-0.409842
-75.817566
-0.299871
156.090729
-0.373364
-95.591064
-0.550389
-26.243904
-0.569165
-9.148228
-0.406087
-70.602821
-0.290751
161.611786
-0.365853
-95.462318
-0.519276
-41.184883
-0.535369
-5.559968
-0.412524
-64.302849
-0.291288
167.143036
-0.372291
-95.170494
-0.524104
-54.189308
-0.539661
-1.359092
-0.410914
-58.145565
-0.289679
172.489746
-0.360489
-95.505768
-0.520885
-68.400185
-0.567019
2.576782
-0.432372
-51.841301
-0.299335
177.937317
-0.362635
-95.604477
-0.526249
-84.537430
-0.561118
5.806698
-0.414670
-45.734982
-0.301480
183.228241
-0.358880
-95.973015
-0.530005
-99.576584
-0.568628
9.882047
-0.416815
-38.451710
-0.296116
188.897369
-0.364244
-97.470230
-0.522494
-120.634071
-0.558972
11.542335
-0.432909
-31.862597
-0.320256
194.484421
-0.373364
-97.279251
-0.533223
-136.862503
-0.567555
14.418200
-0.423253
-25.139370
-0.322938
199.830063
-0.371218
-96.713310
-0.519812
-151.788467
-0.564337
17.060175
-0.415206
-18.703676
-0.313282
205.507767
-0.369608
-95.743950
-0.523567
-166.750900
-0.557900
20.104483
-0.417352
-11.645175
-0.290751
211.573303
-0.351906
-94.947334
-0.512838
-183.368790
-0.538588
23.393408
-0.399113
-4.318988
-0.271976
217.164642
-0.346541
-93.698502
-0.510693
-197.618851
-0.552535
26.305752
-0.416815
2.300704
-0.293434
222.524231
-0.347078
-91.322060
-0.511766
-208.194260
-0.543416
30.415970
-0.409305
9.649958
-0.290751
228.630554
-0.341177
-88.807220
-0.503182
-221.745850
-0.550389
33.556835
-0.420570
16.358164
-0.289142
234.188080
-0.340641
-87.138351
-0.528932
-235.552261
-0.556290
35.367329
-0.416815
22.439804
-0.290751
239.678024
-0.342786
-85.033890
-0.508010
-252.051605
-0.551999
36.896187
-0.432372
29.502598
-0.302017
245.644867
-0.346541
-82.843597
-0.496745
244.349274
-0.551999
38.957195
-0.432372
36.570221
-0.313818
251.484573
-0.357807
-81.088898
-0.512838
227.145584
-0.561118
40.401833
-0.416815
43.318657
-0.293434
-255.241730
-0.344932
-78.867493
-0.512838
212.640732
-0.568092
42.725700
-0.450075
50.291870
-0.298262
-249.883209
-0.338495
-76.638039
-0.510156
197.761444
-0.569165
46.325760
-0.442028
60.433838
-0.298262
-245.062210
-0.349224
-74.886024
-0.507474
181.060928
-0.556827
47.888416
-0.420570
67.878036
-0.279486
-240.275528
-0.339031
-73.452110
-0.507474
163.977402
-0.558972
48.461338
-0.425935
74.640961
-0.296652
-235.054886
-0.332058
-71.186714
-0.503182
150.323349
-0.548244
49.296043
-0.413060
78.506561
-0.303090
-229.885193
-0.333667
-69.095665
-0.506401
133.166870
-0.556290
49.905975
-0.432909
85.855812
-0.292897
-224.210709
-0.337958
-65.900085
-0.490308
116.885857
-0.558972
50.638756
-0.424862
92.621422
-0.290751
-219.269012
-0.326693
-62.917469
-0.486553
103.052094
-0.548244
51.825367
-0.439346
99.542595
-0.300407
-214.439423
-0.336885
-60.424622
-0.489235
87.291428
-0.558972
52.383266
-0.414133
106.999138
-0.302553
-209.508453
-0.351369
-57.629761
-0.507474
71.886429
-0.558436
53.224407
-0.432909
114.741066
-0.307918
-204.492188
-0.351906
-54.797886
-0.499427
56.566185
-0.571847
54.029068
-0.447393
122.547371
-0.307918
-199.574081
-0.359952
-51.931675
-0.520349
40.309849
-0.586867
54.011902
-0.466168
130.194351
-0.317574
-194.509003
-0.343859
-48.898098
-0.502646
25.087242
-0.558436
54.526886
-0.446320
138.169083
-0.302553
-189.539383
-0.340104
-45.655304
-0.499964
10.555566
-0.578821
54.780624
-0.452757
145.876144
-0.319183
-184.515076
-0.347078
-42.285374
-0.505865
-4.433156
-0.555754
55.086933
-0.443637
153.942093
-0.306845
-179.440872
-0.341713
-38.873608
-0.487626
-20.505489
-0.571311
54.636322
-0.462413
162.255859
-0.329912
-174.313553
-0.346005
-35.539619
-0.487626
-36.419037
-0.553072
54.295681
-0.436664
170.315369
-0.294507
-169.146561
-0.318110
-31.803303
-0.474751
-52.133030
-0.540197
53.638538
-0.437737
178.265427
-0.293434
-163.996719
-0.313282
-27.932875
-0.463486
-68.399559
-0.541270
52.380047
-0.424862
186.117874
-0.280023
-158.750854
-0.305772
-23.685328
-0.477970
-84.565231
-0.546634
50.731560
-0.413597
194.194016
-0.271976
-153.435242
-0.302017
-19.358387
-0.453830
-100.029785
-0.536978
49.586792
-0.428081
202.137115
-0.274658
-148.194748
-0.292897
-15.015891
-0.442028
-117.311256
-0.517130
47.513443
-0.430226
209.821106
-0.290215
-143.252502
-0.306308
-10.737767
-0.470996
-132.782242
-0.546098
45.685787
-0.430226
217.577515
-0.274658
-138.361237
-0.288069
-6.580879
-0.446320
-148.081558
-0.528395
44.103283
-0.425935
225.781311
-0.280559
-133.012909
-0.294507
-1.470197
-0.443637
-164.425323
-0.528395
42.002041
-0.425935
233.858521
-0.285924
-127.638832
-0.288606
3.519248
-0.423789
-181.620438
-0.505328
38.647671
-0.413597
241.080093
-0.274122
-122.752380
-0.290215
8.551610
-0.438273
-195.203690
-0.528395
35.808281
-0.421107
247.633804
-0.273049
-117.902946
-0.267148
13.722373
-0.437200
-212.198166
-0.528932
31.836468
-0.429690
255.135956
-0.266612
-112.730042
-0.287533
19.529356
-0.443101
-227.739960
-0.542879
29.352741
-0.435054
-247.688812
-0.300407
-107.548553
-0.308454
25.065437
-0.458658
-244.016144
-0.543952
27.366299
-0.458121
-236.522781
-0.315428
-102.389587
-0.319183
29.363409
-0.462413
252.871277
-0.551999
24.949627
-0.447393
-227.751419
-0.310063
-97.839493
-0.322938
33.503666
-0.462413
238.465134
-0.551462
22.470728
-0.452220
-219.609833
-0.302553
-93.333374
-0.312209
37.929310
-0.463486
223.679184
-0.545025
19.719318
-0.450611
-211.672638
-0.303626
-88.831551
-0.322402
42.412891
-0.473142
210.199478
-0.556290
17.480209
-0.483334
-203.049347
-0.303626
-84.034691
-0.284314
47.227459
-0.472605
195.935501
-0.532150
13.997093
-0.432372
-198.049713
-0.311673
-79.835426
-0.324011
51.976044
-0.504255
181.228928
-0.532150
9.914233
-0.453830
-190.431686
-0.327230
-75.372231
-0.361025
56.998749
-0.443101
167.857574
-0.562191
6.808236
-0.489771
-181.799255
-0.350833
-70.504555
-0.292361
62.252659
-0.435591
153.566238
-0.548780
2.627208
-0.483334
-173.335281
-0.293434
-65.445374
-0.284851
67.770500
-0.451684
139.682053
-0.587404
-0.634895
-0.469923
-164.334320
-0.283778
-60.364193
-0.288606
73.076981
-0.447393
122.039551
-0.545561
-6.886589
-0.430226
-155.966370
-0.308991
-55.406937
-0.306308
78.333572
-0.466704
104.256500
-0.549316
-13.605524
-0.454366
-147.633286
-0.320256
-50.511368
-0.343859
83.471611
-0.460267
87.553841
-0.525177
-20.192492
-0.472605
-139.516373
-0.327230
-45.503681
-0.325084
89.243195
-0.432909
72.271149
-0.562191
-26.109983
-0.497282
-131.952011
-0.333130
-40.853268
-0.267148
95.134399
-0.451148
58.398766
-0.564873
-31.491032
-0.515521
-123.727821
-0.305772
-35.876694
-0.297189
101.227844
-0.467241
45.394341
-0.568092
-36.813606
-0.461876
-115.799751
-0.343859
-30.936604
-0.325084
107.579315
-0.457585
32.831409
-0.550926
-41.814854
-0.477970
-107.814812
-0.338495
-26.117746
-0.308454
113.843346
-0.438273
19.545891
-0.544488
-47.757019
-0.478506
-99.891037
-0.335276
-21.426561
-0.319183
119.810188
-0.469923
7.008172
-0.583112
-53.070480
-0.494599
-91.913063
-0.348151
-16.638281
-0.322938
126.039886
-0.433981
-5.200172
-0.569701
-58.363552
-0.478506
-84.869583
-0.321329
-12.251797
-0.290215
132.412811
-0.444710
-18.206741
-0.554681
-65.116280
-0.467777
-77.562172
-0.310600
-7.466198
-0.289142
139.403732
-0.434518
-31.425743
-0.547171
-71.965034
-0.481188
-70.345955
-0.323474
-2.757311
-0.309527
146.235306
-0.446856
-43.802528
-0.556827
-78.161476
-0.492990
-63.277264
-0.349760
1.750946
-0.328302
153.219788
-0.474215
-56.683037
-0.587940
-85.383049
-0.512838
-56.279915
-0.356197
6.479145
-0.329375
160.595322
-0.481188
-68.578636
-0.568092
-92.207664
-0.474215
-49.201569
-0.311136
10.699869
-0.289679
167.138840
-0.440419
-79.698532
-0.542879
-98.668037
-0.487089
-42.247131
-0.337958
14.986040
-0.303626
173.539124
-0.435054
-90.219765
-0.521421
-104.279221
-0.477970
-34.952595
-0.317574
19.380571
-0.289142
180.189392
-0.409305
-100.535019
-0.519812
-110.416115
-0.457048
-27.596369
-0.319183
23.858252
-0.258565
186.955536
-0.409305
-112.610321
-0.528932
-117.924690
-0.464022
-19.895746
-0.298798
28.397087
-0.280023
194.043564
-0.416279
-125.000519
-0.533223
-126.578033
-0.459731
-12.229992
-0.311673
33.179466
-0.271440
201.123520
-0.409305
-136.783997
-0.517666
-135.230301
-0.479043
-5.181682
-0.321329
37.830418
-0.275731
208.844528
-0.400722
-148.146378
-0.530541
-143.545151
-0.479043
1.697112
-0.320256
42.302197
-0.275195
216.193237
-0.409305
-159.320450
-0.524104
-151.904526
-0.480115
9.390761
-0.320256
46.963875
-0.273049
223.428238
-0.413597
-169.182404
-0.518739
-159.500534
-0.454903
16.272238
-0.293434
51.498959
-0.261247
230.960953
-0.385702
-180.309814
-0.526249
-168.309982
-0.476897
23.566774
-0.316501
55.917629
-0.293970
237.550064
-0.409842
-189.239426
-0.518739
-175.867386
-0.470996
30.887596
-0.310600
60.482750
-0.289142
244.767349
-0.418425
-198.098236
-0.559509
-182.924271
-0.489235
39.043121
-0.312746
65.428207
-0.278413
251.937973
-0.413060
-208.089462
-0.512302
-190.615768
-0.462413
46.589787
-0.324547
69.907494
-0.283778
-252.934921
-0.400186
-217.701431
-0.533223
-198.435501
-0.496745
54.031311
-0.322938
74.368004
-0.293434
-246.084030
-0.433981
-228.069778
-0.531614
-207.499222
-0.474751
60.491676
-0.317037
78.595703
-0.279486
-239.037323
-0.414133
-238.745499
-0.527859
-217.441635
-0.477970
66.854950
-0.324011
82.918892
-0.275731
-231.800201
-0.403404
-251.207581
-0.540197
-228.563141
-0.446320
73.189255
-0.318646
87.038765
-0.276268
-224.642456
-0.397503
251.075363
-0.520885
-237.960541
-0.468850
80.826042
-0.327766
91.639290
-0.266075
-217.612381
-0.402331
241.138855
-0.532150
-247.067169
-0.473142
88.555634
-0.330985
96.303123
-0.271976
-210.623077
-0.398040
232.540771
-0.526249
-255.393814
-0.477970
96.076553
-0.326693
100.719109
-0.271976
-203.827438
-0.399113
222.733002
-0.522494
246.767899
-0.477970
103.219276
-0.331521
105.058388
-0.276804
-196.900894
-0.398576
213.520157
-0.530541
237.108185
-0.484943
110.619492
-0.327766
109.521584
-0.278413
-190.228088
-0.401259
205.036331
-0.538588
227.884613
-0.486016
118.187073
-0.346005
114.043251
-0.297189
-183.311737
-0.425935
195.247864
-0.498891
217.153625
-0.495672
126.019127
-0.311673
118.535416
-0.260711
-176.839569
-0.406623
187.157242
-0.555754
208.845215
-0.516594
134.643494
-0.334740
123.213188
-0.277340
-171.051895
-0.408232
178.764069
-0.526249
200.523926
-0.477970
145.419540
-0.331521
128.493378
-0.275195
-170.952118
-0.388384
175.561508
-0.530541
208.462204
-0.494063
168.505844
-0.355125
137.535110
-0.302017
-172.412323
-0.425935
165.003265
-0.563264
197.452271
-0.521421
178.440216
-0.355125
143.009506
-0.297725
-168.009201
-0.432372
152.322861
-0.560045
183.422150
-0.528932
187.582260
-0.373900
148.590637
-0.303626
-162.508530
-0.416815
140.794189
-0.549853
169.282089
-0.524104
195.256607
-0.352442
153.758179
-0.295043
-156.425812
-0.417888
130.753601
-0.549316
156.138718
-0.519812
202.663269
-0.366390
158.774994
-0.316501
-149.885513
-0.424862
121.583130
-0.553608
143.548431
-0.524104
210.207245
-0.346541
163.811096
-0.276268
-143.496490
-0.424326
114.330437
-0.563800
132.533142
-0.526786
217.459396
-0.361562
168.860092
-0.296116
-136.711578
-0.417888
106.439377
-0.550389
120.123627
-0.535905
224.009354
-0.373364
173.811981
-0.305772
-129.517899
-0.420034
99.448471
-0.564873
108.252174
-0.530541
230.353851
-0.370145
178.529999
-0.299335
-122.502846
-0.407159
93.218765
-0.548780
97.067360
-0.515521
237.500870
-0.361562
183.916946
-0.293434
-115.200264
-0.408232
86.975113
-0.545025
86.207626
-0.533760
245.021774
-0.373364
189.352173
-0.293434
-108.579498
-0.409842
79.577049
-0.550389
73.007935
-0.528932
252.519623
-0.372291
194.971420
-0.302017
-101.971069
-0.410378
73.237381
-0.549853
61.942753
-0.515521
-251.412888
-0.355125
200.542892
-0.300944
-95.770866
-0.406087
67.783913
-0.546634
52.340446
-0.526249
-242.878098
-0.370681
