-50.957150
-52.635139
-54.304546
-53.844818
-51.999992
-51.482864
-52.900681
-54.199406
-53.325005
-50.524242
-49.450287
-50.531754
-51.933475
-50.901360
-48.247047
-47.282520
-48.208424
-48.903114
-47.518555
-45.403900
-45.114223
-46.901112
-48.824795
-48.407978
-46.066944
-45.603458
-47.736351
-49.795753
-49.307594
-47.464912
-47.685390
-49.783951
-51.818138
-51.429218
-49.354263
-48.853226
-50.611145
-52.408226
-52.020916
-49.919674
-49.468525
-51.356262
-53.193039
-52.461868
-50.301083
-49.610683
-51.130421
-53.274578
-52.973099
-50.816605
-50.040371
-51.589081
-53.626484
-53.183384
-50.882050
-50.235638
-51.762352
-53.494522
-52.723656
-50.489372
-50.136932
-52.011795
-54.245003
-53.841599
-51.241467
-50.443775
-52.087971
-53.980000
-53.553528
-51.164753
-50.414272
-51.987118
-53.888805
-53.384014
-51.000065
-50.451824
-52.180237
-54.356045
-53.921528
-51.256485
-50.294109
-51.842281
-53.762741
-53.678520
-51.619656
-50.976463
-52.111038
-54.063148
-53.983219
-51.401325
-50.238319
-51.670620
-53.574451
-53.005821
-50.739891
-50.386375
-52.793392
-54.278263
-52.988655
-50.656208
-50.154099
-51.260239
-53.284237
-53.738064
-51.842281
-50.458797
-51.058002
-53.501495
-54.173656
-52.372284
-50.795147
-51.319786
-53.495594
-54.124840
-52.027889
-50.449677
-51.435658
-53.931721
-54.262707
-52.094406
-50.235100
-50.654598
-53.087360
-53.427467
-51.248440
-49.695438
-50.822502
-53.316422
-53.397423
-51.202843
-49.935764
-50.669083
-52.742966
-52.235493
-49.912163
-49.348362
-50.919601
-53.052494
-52.856689
-50.697514
-49.447605
-50.233490
-52.607246
-52.955399
-50.904045
-49.545235
-50.080070
-52.156635
-52.137321
-50.291962
-48.682102
-49.317249
-51.976929
-52.543945
-50.326832
-48.619873
-49.080677
-51.747330
-52.492447
-50.100452
-48.637039
-49.414345
-52.014477
-52.848106
-50.391205
-48.782417
-49.189575
-51.720509
-52.644798
-50.429291
-48.791534
-48.904190
-51.317638
-52.690395
-50.492058
-48.424072
-48.906334
-51.578350
-52.668400
-50.920673
-49.197620
-49.818821
-52.308449
-52.840061
-50.777443
-49.911091
-51.032253
-53.804047
-54.348000
-52.716145
-50.919601
-50.360092
-52.425392
-53.364700
-51.840134
-49.355873
-49.473354
-51.651306
-51.859982
-49.012550
-47.632816
-48.926182
-52.392670
-53.273506
-51.411518
-49.459404
-49.511440
-52.092262
-52.895317
-50.773151
-48.188576
-48.170334
-51.893242
-53.754158
-51.016697
-48.187500
-49.186893
-52.678055
-53.598053
-50.630993
-47.773903
-48.190720
-51.372356
-52.551994
-50.040371
-47.656422
-47.728840
-50.641186
-51.637360
-48.069485
-44.803085
-44.809525
-48.240608
-48.174091
-45.099201
-43.886307
-43.745224
-46.539013
-46.463909
-40.931049
-37.460808
-37.256962
-40.469711
-40.355984
-36.318722
-34.001831
-35.846119
-39.933804
-39.293293
-35.361710
-33.560875
-34.714226
-38.292294
-38.246696
-34.760895
-32.360317
-33.780819
-37.776234
-37.841145
-33.808712
-31.829779
-33.771698
-36.792938
-36.053185
-31.960670
-30.144814
-32.537346
-35.360104
-32.616737
-28.160517
-28.743092
-33.824268
-36.895935
-33.068424
-28.637949
-32.117847
-39.053505
-41.076962
-38.299801
-34.465317
-36.855164
-43.083790
-42.977573
-36.785965
-30.301456
-32.350662
-38.193588
-38.897934
-32.861893
-26.696568
-29.640022
-37.361565
-38.939777
-33.351665
-28.190557
-30.902807
-37.388390
-39.094273
-34.441177
-29.394869
-31.524544
-36.905056
-38.642052
-34.719589
-30.437176
-31.872158
-36.302631
-38.080399
-35.155182
-30.647461
-30.598644
-35.264614
-37.354591
-34.764114
-30.423763
-30.561092
-34.810249
-37.061695
-34.249668
-29.763941
-30.351345
-34.497501
-36.974255
-35.437885
-31.732681
-30.286972
-33.332890
-36.564949
-35.868111
-32.232647
-31.150642
-33.395653
-36.325161
-36.003834
-32.947723
-31.085197
-32.839363
-36.537056
-36.921684
-34.086590
-32.059376
-33.896152
-37.871185
-37.889961
-34.704571
-32.350662
-34.060303
-38.690868
-39.189758
-36.470535
-35.964134
-38.684433
-43.480759
-43.426041
-39.867821
-37.077251
-38.550858
-42.299511
-42.630497
-39.322262
-37.491386
-38.911346
-43.731812
-44.255917
-40.702526
-38.625423
-40.636005
-45.382980
-45.510117
-41.869286
-39.893036
-41.748589
-46.281521
-46.794895
-43.144947
-40.821079
-42.605286
-47.643009
-47.978821
-44.125561
-41.723373
-43.496853
-48.031399
-48.585007
-45.246723
-42.721691
-44.237679
-48.439095
-48.627922
-44.756416
-42.334919
-44.022564
-47.980968
-48.226662
-44.460838
-41.727131
-43.836956
-48.149414
-48.327515
-44.984406
-42.514088
-44.039730
-47.849003
-48.152096
-44.547203
-41.725521
-43.088081
-47.349575
-47.615116
-44.364815
-41.858021
-43.450718
-47.718647
-47.980968
-44.480148
-42.410019
-44.415775
-48.935303
-48.773834
-44.368568
-41.412773
-43.174984
-47.496025
-47.273403
-43.928688
-40.853802
-41.957264
-46.314781
-46.564224
-43.495777
-40.838783
-42.269474
-47.154312
-47.559326
-44.016663
-41.209999
-42.398754
-47.047024
-47.763172
-44.464054
-41.637009
-42.787674
-47.857586
-48.329124
-44.831516
-41.265789
-42.792503
-47.617260
-48.478790
-45.448963
-41.853729
-42.891743
-48.059292
-49.190113
-45.202198
-41.752880
-42.766216
-47.269108
-47.903183
-44.495705
-41.179424
-42.464199
-47.373180
-48.083431
-44.759098
-41.457298
-42.722767
-47.224049
-47.761562
-44.400757
-41.320507
-42.268398
-47.042732
-48.019596
-44.711891
-41.234676
-42.249622
-46.830837
-47.567371
-44.220512
-41.125778
-42.339745
-46.895210
-47.365669
-44.289177
-41.395607
-42.249622
-46.489658
-47.096375
-44.148090
-41.156357
-42.391781
-46.458012
-46.941345
-44.098740
-41.024929
-42.239967
-46.934368
-47.829693
-44.777336
-41.617695
-42.348866
-46.884480
-47.649982
-44.493023
-41.178349
-42.133751
-46.558861
-47.343140
-44.205490
-41.038876
-42.189007
-46.746078
-47.427898
-44.403439
-41.222874
-42.376225
-46.795967
-47.571125
-44.486588
-41.228775
-42.260353
-46.583538
-47.550743
-44.696335
-41.384342
-42.407337
-46.691360
-47.494953
-44.632500
-41.165474
-42.160038
-46.369495
-47.216537
-44.373932
-40.903690
-42.067234
-46.408657
-47.220829
-44.050995
-40.457909
-41.868752
-46.660786
-47.317924
-44.543987
-41.270081
-42.129459
-46.637718
-47.261600
-44.323509
-41.203564
-42.278591
-46.530964
-47.462231
-44.652882
-41.259888
-42.377834
-46.679562
-47.490662
-44.616405
-41.058186
-42.290928
-46.627525
-47.314171
-44.464592
-41.186398
-42.301659
-46.666687
-47.553959
-44.446354
-40.918713
-41.928833
-46.413486
-47.160213
-44.228020
-40.993813
-42.235142
-46.502533
-47.183277
-44.258060
-40.963238
-42.100494
-46.415630
-47.069553
-44.612652
-41.392391
-42.333843
-46.772900
-47.537868
-44.679707
-41.244869
-41.926685
-46.354477
-47.001427
-44.000034
-40.734711
-41.822079
-46.291176
-47.347965
-44.407192
-41.137043
-42.092983
-46.467129
-47.344749
-44.315998
-41.228775
-42.197590
-46.424213
-47.540550
-44.695797
-41.435307
-42.383736
-46.480003
-47.674122
-44.996742
-41.611259
-42.595631
-46.706921
-47.788387
-45.036438
-41.624134
-42.780163
-46.952610
-47.729378
-44.855122
-41.423504
-42.619232
-46.905937
-47.756199
-44.898037
-41.351086
-42.532864
-46.892529
-48.007256
-45.055752
-41.236820
-42.511406
-46.783630
-47.413948
-44.573490
-41.353767
-42.720619
-46.979969
-47.724010
-44.681850
-41.159573
-42.272156
-46.636108
-47.276619
-44.298832
-40.912811
-41.971748
-46.248798
-46.913986
-44.201199
-40.820007
-42.097275
-46.431725
-47.004108
-44.212463
-41.054966
-42.344574
-46.612507
-47.145729
-44.290249
-40.988987
-41.970673
-46.304050
-47.209026
-44.705456
-41.383270
-42.146091
-46.559933
-47.595802
-44.679169
-41.357521
-42.161110
-46.581928
-47.522312
-44.601921
-41.165474
-42.159500
-46.697262
-47.713284
-44.524673
-41.101101
-42.160038
-46.500389
-47.556107
-44.597630
-41.216972
-42.248550
-46.410267
-47.541084
-44.769291
-41.446033
-42.369251
-46.551350
-47.508900
-44.496777
-40.898865
-41.810814
-46.022419
-47.212784
-44.431870
-40.820007
-41.745369
-45.741859
-46.740715
-44.001106
-40.592018
-41.612331
-45.973602
-47.220829
-44.254845
-40.842537
-41.961555
-46.061043
-47.095303
-44.290249
-40.809277
-42.048996
-46.232704
-47.395172
-44.457081
-40.771725
-41.757706
-45.940880
-47.188644
-44.411484
-40.564659
-41.653099
-45.607750
-46.725159
-43.837490
-40.098492
-41.425114
-45.581463
-46.705845
-43.910984
-40.375832
-41.819935
-45.822327
-46.984261
-44.396999
-40.680531
-41.915421
-46.020809
-47.248726
-44.589046
-40.755634
-42.032364
-46.150627
-47.202591
-44.644299
-40.712181
-41.874115
-46.019199
-46.788994
-44.145947
-40.519600
-41.584972
-45.688217
-46.520775
-43.919567
-40.067913
-41.111294
-45.413559
-46.372181
-43.902939
-40.016953
-40.997032
-45.393173
-46.579247
-44.144337
-40.545349
-41.682606
-46.036366
-46.887165
-43.700699
-40.138725
-41.339283
-45.690899
-46.588902
-43.978039
-40.477219
-41.343037
-45.649593
-46.525066
-43.932442
-40.380661
-41.340893
-46.003643
-46.797577
-43.897572
-40.572170
-41.696014
-45.975750
-47.125881
-43.995205
-40.305023
-41.505581
-45.792820
-46.938663
-44.025784
-40.422504
-41.355911
-45.441452
-46.440308
-43.759708
-40.272835
-41.218582
-45.468811
-46.586758
-43.654564
-40.421967
-41.845684
-45.626526
-46.819035
-44.099274
-40.362423
-41.467491
-45.435551
-46.562614
-43.675488
-39.886597
-41.042629
-45.134609
-46.493950
-43.833736
-39.932732
-41.405266
-45.764927
-46.843174
-44.170086
-40.306095
-41.370396
-45.498314
-46.830299
-44.123951
-39.780384
-40.962162
-45.326118
-46.621090
-44.010761
-39.802376
-40.739540
-44.724232
-46.023491
-43.837490
-39.957409
-41.005615
-45.260670
-46.642544
-44.268253
-40.121021
-40.934269
-45.255306
-46.707455
-44.294003
-40.303413
-41.480904
-45.859879
-46.718719
-44.268253
-40.037338
-41.078571
-45.548740
-46.665611
-44.525211
-40.384415
-41.125240
-45.586292
-47.029320
-44.394318
-40.353840
-41.297977
-45.711819
-46.836201
-44.188862
-40.252987
-41.119877
-45.496170
-46.666687
-43.865925
-39.968674
-40.722374
-45.179668
-46.511654
-43.620232
-39.731030
-40.587193
-45.148018
-46.570663
-43.682995
-39.991203
-40.788357
-44.816498
-46.427433
-43.888454
-40.251377
-41.231995
-45.441990
-47.038975
-44.163113
-40.073280
-41.016346
-45.345966
-47.121052
-44.359447
-40.318432
-41.181030
-45.184498
-46.778801
-44.278984
-40.469711
-41.391853
-45.402294
-46.888237
-44.194225
-40.114048
-40.948753
-44.768219
-46.561008
-44.178131
-40.154819
-41.181568
-44.998352
-46.529892
-43.966774
-39.668266
-40.778702
-44.855659
-46.506290
-44.015591
-39.754097
-40.810886
-44.601383
-46.312634
-43.884697
-39.705280
-40.913883
-44.995670
-46.707993
-44.071918
-39.785748
-41.105392
-44.984406
-46.426361
-43.922249
-39.619450
-40.793186
-44.862633
-46.420460
-43.981258
-39.654854
-40.636543
-44.762852
-46.361450
-43.947998
-39.580826
-40.505116
-44.626060
-46.150627
-44.013981
-39.822224
-40.709499
-44.989231
-46.318535
-43.966236
-39.911274
-40.726665
-44.911449
-46.287422
-43.887917
-39.811497
-40.667122
-44.917347
-46.569054
-44.152382
-39.890888
-40.783527
-44.981724
-46.432262
-43.967846
-39.775555
-40.667122
-44.842785
-46.451572
-43.892746
-39.627495
-40.307705
-44.699554
-46.370571
-43.696945
-39.564198
-40.345257
-44.801479
-46.366814
-43.680851
-39.755169
-40.524426
-44.851368
-46.446743
-43.958191
-39.781456
-40.450935
-44.703846
-46.335163
-43.842319
-39.820080
-40.440742
-44.753197
-46.650055
-43.919567
-39.895718
-40.433769
-44.602993
-46.521847
-44.021492
-39.913956
-40.475613
-44.415241
-46.462299
-43.741467
-39.526108
-40.251377
-44.332092
-46.550816
-44.053143
-39.751949
-40.505650
-44.545593
-46.566906
-43.860023
-39.441349
-40.291073
-44.289711
-46.462299
-43.919029
-39.476219
-40.287857
-44.065479
-46.124344
-43.502216
-39.165085
-40.171448
-44.069233
-45.917812
-43.252232
-38.761143
-39.684895
-43.737179
-45.637253
-43.114902
-38.838928
-39.984768
-43.871288
-45.622234
-43.147629
-38.620060
-39.963310
-44.141117
-46.166721
-43.866997
-39.095882
-39.889278
-44.024708
-46.031540
-43.774193
-39.115730
-39.959019
-44.183498
-46.126488
-43.849293
-38.977329
-39.772873
-44.002178
-45.808914
-43.491486
-38.927441
-39.814178
-44.013981
-45.948925
-43.626671
-38.927441
-39.485874
-43.952290
-45.861485
-43.374542
-38.963917
-39.654854
-43.941025
-45.842712
-43.203953
-38.861996
-39.440277
-43.878262
-45.779411
-43.109005
-38.896862
-39.539520
-43.640617
-45.688217
-42.955582
-38.556221
-39.376442
-43.483440
-45.672657
-43.060188
-38.634007
-39.264862
-43.559616
-45.751514
-43.107929
-38.721981
-39.539520
-43.567661
-45.703236
-43.004398
-38.640980
-39.578144
-43.729130
-45.996670
-43.232922
-38.472000
-39.148991
-43.190006
-45.370644
-42.610111
-38.201099
-39.212826
-43.269936
-45.372787
-42.840782
-38.349693
-39.258961
-43.370789
-45.767609
-43.233994
-38.524570
-39.560978
-43.595554
-45.720940
-43.053215
-37.947895
-38.717155
-42.982941
-45.278374
-42.889599
-38.117413
-38.775627
-43.065014
-45.164112
-42.749050
-38.225239
-39.005760
-43.079498
-45.297688
-43.171230
-38.325550
-38.954800
-43.090229
-45.376545
-43.015663
-38.262253
-39.221409
-43.536549
-45.381371
-42.947536
-38.311069
-38.860386
-43.228630
-45.260136
-42.706673
-37.832027
-38.338428
-42.694332
-44.788601
-42.268398
-37.835243
-38.676922
-43.058578
-45.598095
-43.059650
-38.110973
-38.778847
-43.033901
-45.577171
-43.028000
-38.393681
-39.178493
-43.382587
-45.961800
-43.271545
-38.482193
-39.313141
-43.713573
-46.106640
-43.522602
-38.564270
-39.125923
-43.100422
-45.298759
-42.773190
-38.057331
-39.023998
-43.098274
-45.977894
-48.667080
-49.259850
-47.101204
-46.478394
-47.018593
-43.969994
-38.705891
-39.406483
-43.706062
-45.770828
-43.267254
-38.391533
-38.987522
-43.493633
-46.226269
-43.548885
-38.454296
-39.037945
-43.261890
-45.357769
-42.736713
-37.878159
-38.502041
-43.121880
-45.403366
-42.693260
-37.873333
-38.482193
-43.011372
-45.475246
-42.963093
-38.146915
-38.796013
-43.267792
-45.595409
-42.949142
-38.177494
-38.830879
-43.352013
-45.834129
-43.119732
-38.179638
-38.434448
-42.872971
-45.609360
-42.983475
-38.205925
-38.893108
-43.125095
-45.606140
-42.899254
-38.113659
-38.705353
-42.905693
-45.466663
-42.698627
-38.080936
-38.635616
-42.872433
-45.796577
-42.946999
-37.972572
-38.562660
-42.938953
-45.689823
-42.778019
-37.935024
-38.645809
-42.490486
-45.468273
-42.814495
-37.561123
-38.455372
-42.732960
-45.594875
-43.052677
-37.999931
-38.610939
-42.808598
-45.539085
-42.745831
-37.464561
-38.235432
-42.707745
-45.370106
-42.781239
-37.794476
-38.468246
-42.770508
-45.519238
-43.211464
-38.047138
-38.472000
-42.702915
-45.363667
-43.068233
-37.806278
-38.364712
-42.585972
-45.304123
-42.948608
-37.753170
-38.173203
-42.679852
-45.357231
-42.701309
-37.747803
-38.506332
-42.978649
-45.665150
-42.906765
-37.794476
-38.364178
-42.672878
-45.411949
-42.830055
-37.733318
-38.251522
-42.459373
-45.172695
-42.642834
-37.622276
-37.963989
-42.291466
-45.402828
-42.824154
-37.698986
-38.121166
-42.455082
-45.463448
-42.773190
-37.652855
-37.947361
-42.456154
-45.374397
-42.500141
-37.461346
-37.833633
-42.374077
-45.301979
-42.586510
-37.749950
-38.226849
-42.589191
-45.443062
-42.592945
-37.742977
-38.372761
-42.661610
-45.670513
-42.718475
-37.786964
-38.332527
-42.532864
-45.620087
-42.870823
-37.668411
-37.933949
-41.824226
-44.880871
-42.488338
-37.436668
-38.085224
-42.197052
-45.261745
-42.528038
-37.156109
-37.891571
-42.201344
-45.217754
-42.517845
-37.174347
-37.974182
-42.292538
-45.218830
-42.676632
-37.431839
-37.999931
-42.259281
-45.244579
-42.605820
-37.214046
-37.779453
-42.072598
-45.120659
-42.702915
-37.471539
-37.954872
-42.283421
-45.238678
-42.488876
-37.231747
-37.664654
-42.083328
-45.372787
-42.935734
-37.665192
-38.369541
-42.919102
-45.765999
-43.101494
-37.536983
-37.920540
-42.478683
-45.616871
-43.121342
-37.616375
-37.888889
-42.333843
-45.191471
-42.534473
-37.212437
-37.664654
-42.379444
-45.468811
-42.913204
-37.329380
-37.639980
-42.437378
-45.417850
-42.617085
-37.381413
-37.703281
-42.494240
-45.756882
-43.203419
-37.403408
-37.613155
-42.021637
-45.098667
-42.563442
-37.449543
-37.650707
-42.117661
-45.249405
-42.588654
-37.295582
-37.525181
-42.021099
-45.516556
-42.747440
-37.785355
-38.091125
-42.243725
-45.580929
-42.552177
-37.137871
-37.528934
-41.972282
-45.427505
-42.653564
-37.293976
-37.642124
-41.965847
-45.547131
-43.003323
-37.416283
-37.790718
-42.217976
-45.501534
-42.650883
-37.046673
-37.320259
-41.765217
-45.323437
-42.713646
-37.258034
-37.604038
-42.047386
-45.240822
-42.488876
-36.814396
-37.126068
-41.573708
-44.932907
-42.599918
-37.303093
-37.787502
-42.289322
-45.823936
-43.263500
-37.800377
-37.917858
-42.376225
-45.663002
-43.065014
-37.225845
-37.341183
-41.859631
-45.622768
-43.275837
-37.518208
-37.673237
-41.980865
-45.121735
-42.464199
-37.128216
-37.482803
-41.862312
-45.228485
-42.979183
-37.314896
-37.288609
-41.682068
-44.895893
-42.659466
-37.135723
-37.320797
-41.890209
-45.262817
-42.701843
-36.967281
-36.792938
-41.282955
-45.174839
-42.754951
-37.314358
-37.182396
-41.665974
-45.405510
-42.937344
-37.212971
-37.246231
-41.891281
-45.341137
-42.617085
-37.151279
-37.201706
-41.856949
-45.321827
-42.447033
-37.011269
-37.108902
-41.769508
-45.300903
-42.467957
-37.040775
-37.025753
-41.776482
-45.199516
-41.953506
-36.530083
-36.987129
-41.478222
-45.102959
-42.497997
-36.928120
-36.846581
-41.466419
-45.585220
-42.870289
-36.980156
-36.824589
-41.426186
-45.459156
-42.677166
-37.170593
-37.110512
-41.619305
-45.691433
-43.008690
-37.298267
-36.972111
-41.082863
-45.051994
-42.614941
-36.957626
-37.057404
-41.571026
-45.443600
-42.695942
-36.829414
-37.013950
-41.493240
-45.249943
-42.496387
-36.834244
-37.109974
-41.251305
-44.913593
-42.438988
-36.781136
-37.150745
-41.750195
-45.269791
-42.951824
-37.348690
-37.336353
-41.645054
-45.269791
-42.774799
-36.918465
-36.866428
-41.507187
-45.316998
-42.677166
-36.825123
-36.741440
-41.528111
-45.261208
-42.746906
-37.033802
-36.636295
-41.241112
-45.171085
-42.514088
-36.927586
-36.758068
-41.392391
-45.210781
-42.555931
-37.126606
-37.004833
-41.598919
-45.324509
-42.686287
-37.027901
-36.549931
-41.400436
-45.803551
-42.931442
-36.886280
-36.705498
-41.429939
-45.615795
-42.752270
-37.027363
-36.836926
-41.426186
-45.506363
-42.500141
-36.889496
-36.755924
-41.450325
-45.823399
-43.152454
-37.523571
-37.065449
-41.804913
-46.220901
-43.319824
-38.326626
-38.576069
-43.473785
-47.817890
-45.477932
-40.336136
-39.929512
-44.373932
-48.670300
-46.109322
-40.527111
-40.160183
-44.695797
-49.276478
-46.223049
-39.968136
-39.517525
-44.278446
-48.725552
-45.473103
-39.217655
-39.042240
-43.718937
-48.024422
-44.930225
-38.964993
-38.783672
-43.370251
-47.984188
-45.288029
-39.182785
-38.990742
-43.755417
-48.351654
-45.881336
-39.821152
-39.429012
-44.028465
-48.478252
-45.768147
-39.940777
-39.917713
-44.785919
-49.158997
-46.394173
-40.697697
-40.487411
-45.057896
-49.539337
-47.062042
-41.336063
-41.101639
-45.745617
-50.366528
-47.748154
-41.748051
-41.729275
-46.498779
-51.136322
-48.386520
-42.568806
-42.602604
-47.202591
-52.037010
-49.855301
-43.681923
-43.530647
-48.760960
-53.698368
-51.122375
-44.921104
-44.873898
-49.892849
-54.587788
-52.023060
-46.010082
-45.848076
-50.718433
-54.904827
-52.506393
-46.680096
-46.294395
-51.167973
-55.700905
-53.245613
-46.986404
-46.164040
-50.893314
-55.409618
-52.990265
-46.794357
-45.943027
-50.866493
-55.473991
-53.004211
-46.829765
-45.916740
-50.975391
-55.818924
-53.326077
-47.031467
-46.011692
-50.988800
-55.902607
-53.123840
-46.818501
-45.959656
-50.917454
-55.803902
-53.225761
-46.940269
-46.072845
-51.107353
-55.864521
-53.201622
-47.159676
-46.183887
-51.058540
-55.916557
-53.154415
-46.948853
-45.996132
-51.074631
-56.081779
-53.299793
-46.985867
-45.912449
-50.786026
-56.056568
-53.294964
-46.961193
-45.961800
-50.760815
-55.934258
-53.238640
-46.883408
-45.808914
-50.679810
-56.056030
-53.259022
-46.888771
-46.118443
-50.745255
-55.726654
-52.844353
-46.444061
-45.818035
-50.591297
-55.856476
-53.165146
-46.580856
-45.760098
-50.374577
-55.743820
-53.270287
-46.650055
-45.824471
-50.705025
-56.019554
-53.537437
-46.880188
-45.943027
-50.713608
-55.926746
-53.431755
-46.751442
-45.725231
-50.740429
-55.879005
-53.384552
-46.761101
-45.787457
-50.697514
-55.888123
-53.477356
-46.825474
-45.751514
-50.977535
-56.208916
-53.888805
-47.276619
-46.014908
-51.002213
-56.197113
-53.611465
-46.751980
-45.463448
-50.424999
-55.830189
-53.356117
-46.441917
-45.387810
-50.397644
-55.667110
-53.196796
-46.429577
-45.322361
-50.570377
-56.074268
-53.873249
-46.981041
-45.599705
-50.670155
-55.684814
-53.266533
-46.425285
-45.083645
-50.315029
-55.727192
-53.636143
-47.086720
-45.549812
-50.610611
-55.892952
-53.763279
-47.192936
-45.630817
-50.707706
-56.240028
-54.106602
-47.568443
-45.756344
-50.730774
-56.193359
-53.887733
-47.329727
-45.625988
-50.567158
-55.985222
-53.563187
-46.892529
-45.306271
-50.512440
-56.039402
-53.574986
-47.141972
-45.485977
-50.266212
-55.778690
-53.292820
-46.864098
-45.217754
-50.004967
-55.779762
-53.358265
-46.756809
-45.110470
-49.988338
-55.631168
-53.448387
-47.108715
-45.524063
-50.257095
-55.733093
-53.399570
-46.782021
-45.089008
-50.039299
-55.622047
-53.275116
-46.995525
-45.429649
-50.222225
-55.771717
-53.537971
-47.163429
-45.555180
-50.378868
-56.092506
-53.696224
-47.231560
-45.659786
-50.297863
-56.069977
-53.610928
-47.046486
-45.673733
-50.534973
-56.343563
-53.915627
-47.057751
-45.425896
-50.197014
-56.191750
-54.058857
-47.360306
-45.685535
-50.389061
-56.138107
-53.964981
-47.230488
-45.443062
-50.169655
-55.919773
-53.814777
-47.046486
-45.476856
-50.430901
-56.051739
-53.991802
-46.935444
-44.981186
-50.102062
-55.943378
-53.789028
-46.786850
-44.795040
-49.831161
-55.635460
-53.514904
-46.904331
-44.901257
-49.932549
-55.784054
-53.794392
-47.052925
-44.865849
-49.847252
-55.707878
-53.736992
-47.160213
-45.071308
-50.019451
-55.889198
-53.962299
-47.317924
-44.955437
-49.900898
-55.645653
-53.470383
-46.853905
-44.666832
-49.760887
-55.830189
-53.713390
-46.939735
-44.346039
-49.420780
-55.542656
-53.587326
-47.043804
-44.456547
-49.690075
-55.904755
-53.488083
-46.787922
-44.256989
-49.548992
-55.856476
-53.620049
-46.974602
-44.396999
-49.342999
-55.728264
-53.458580
-46.968166
-44.496777
-49.256630
-56.000778
-53.766495
-47.075993
-44.796112
-49.573132
-56.095192
-53.780979
-46.740715
-44.311169
-49.034542
-55.722900
-53.367386
-46.346432
-44.290249
-49.074776
-55.759377
-53.590008
-46.574417
-44.372860
-49.160072
-55.726120
-53.607712
-46.537403
-44.382515
-49.127884
-55.748112
-53.848572
-46.795967
-44.445278
-49.130566
-55.935329
-53.990730
-46.772900
-44.525211
-49.342461
-55.837700
-53.966053
-46.985332
-44.601921
-49.233028
-55.609711
-53.936012
-46.777729
-44.305805
-48.963734
-55.315742
-53.459652
-46.270790
-43.929760
-48.937984
-55.306622
-53.809948
-46.748226
-44.129852
-49.001820
-55.372066
-53.945667
-46.655422
-44.029003
-48.954079
-55.178413
-53.639359
-46.640400
-43.883625
-49.070484
-55.345245
-53.620583
-46.576565
-43.608433
-48.976070
-55.396206
-53.816921
-46.804016
-43.718403
-49.062973
-55.432686
-53.582497
-46.712818
-43.603065
-48.943886
-55.617756
-53.799221
-46.998745
-43.783848
-48.709995
-55.484718
-53.559429
-46.840492
-43.596092
-48.749695
-55.601665
-53.355583
-46.431187
-43.494167
-48.410660
-55.214890
-53.283161
-46.596413
-43.723228
-48.596806
-55.476673
-53.194649
-46.227875
-43.400829
-48.349506
-55.225082
-53.311058
-46.574417
-43.623451
-48.341995
-55.400497
-53.605564
-46.667221
-43.612720
-48.241684
-55.424637
-53.615219
-46.617870
-43.744686
-48.464844
-55.502422
-53.551384
-46.360378
-43.627743
-48.420319
-55.404789
-53.651699
-46.513264
-43.585365
-48.199303
-55.269070
-53.769180
-46.562614
-43.713573
-48.026569
-55.029282
-53.524563
-46.320145
-43.748444
-48.448750
-55.138180
-53.648479
-46.052998
-43.188934
-48.398861
-55.092045
-53.499886
-46.022419
-43.397610
-48.708385
-55.344173
-53.902218
-46.370033
-43.296223
-48.426754
-55.188602
-54.195114
-47.071163
-43.463055
-48.491127
-55.135498
-54.160782
-47.104958
-43.458225
-48.635967
-55.220253
-53.942986
-46.938126
-43.100956
-48.173553
-54.964371
-53.634533
-46.711746
-42.881554
-48.108646
-55.272827
-53.819603
-46.797039
-42.838100
-47.810917
-54.831871
-53.508469
-46.823864
-43.091839
-48.153168
-55.402645
-53.959080
-47.100132
-43.066090
-47.728840
-54.967052
-53.782055
-46.845322
-42.791965
-47.717575
-55.040546
-53.600201
-46.622696
-42.753880
-47.792141
-55.219181
-53.931721
-46.974068
-43.036583
-48.000282
-55.586643
-54.321712
-47.206345
-43.188396
-47.836666
-54.970272
-53.514370
-46.813671
-43.054287
-47.862415
-55.116184
-53.864666
-46.988552
-43.101494
-47.646229
-54.982075
-53.790638
-46.855515
-43.090763
-47.701481
-55.145153
-54.086216
-47.082428
-42.937878
-47.406975
-55.073269
-54.022381
-46.664005
-42.744759
-47.575954
-55.062538
-54.139862
-46.968166
-42.979183
-47.765320
-55.140324
-54.348537
-47.443989
-43.631496
-48.358089
-55.542118
-54.670937
-47.801796
-43.733959
-48.240608
-55.479893
-54.793247
-47.722939
-43.544056
-48.230953
-55.719681
-54.899460
-47.660175
-43.269936
-47.967556
-55.281944
-54.397888
-47.328117
-43.015125
-47.924641
-55.289455
-54.438660
-47.486904
-43.060188
-47.755127
-55.248684
-54.328690
-46.917202
-42.427723
-47.341530
-55.095264
-54.554531
-47.306126
-42.570415
-47.390881
-54.894634
-54.380722
-47.326508
-42.574707
-47.432724
-54.786274
-54.101772
-47.119980
-42.354767
-47.203663
-54.860840
-54.403252
-47.717575
-42.904083
-47.588291
-55.023918
-54.155952
-47.513191
-42.663219
-47.292175
-54.790028
-53.926891
-47.297543
-42.459908
-47.300224
-55.329151
-54.564720
-47.674122
-42.749588
-47.231560
-55.009968
-54.243393
-47.648911
-42.782848
-47.143047
-55.301258
-54.765350
-47.666077
-42.611721
-47.088863
-55.168221
-54.516979
-47.460621
-42.767292
-47.199909
-55.108673
-54.604954
-47.312561
-42.579536
-47.000351
-54.982075
-54.546482
-47.507290
-42.719547
-47.340458
-55.352757
-54.928967
-47.623161
-42.555397
-47.019127
-54.998169
-54.656452
-47.368889
-42.359058
-46.719257
-54.666111
-54.543800
-47.358158
-42.469566
-46.974068
-54.684349
-54.474602
-47.280376
-42.256062
-46.634499
-54.368919
-54.184921
-46.966557
-42.030754
-46.519165
-54.220325
-54.298645
-47.338310
-42.355839
-46.812061
-54.535217
-54.634995
-47.524456
-42.175060
-46.949928
-54.646797
-54.669865
-47.645691
-42.282883
-46.970310
-54.724045
-54.710098
-47.972919
-42.406265
-46.669369
-54.306156
-54.338345
-47.762638
-42.304340
-46.949928
-54.763206
-54.580280
-47.827545
-42.254990
-46.795433
-54.733166
-54.477283
-47.699337
-42.110683
-46.343746
-54.431686
-54.269680
-47.379616
-41.890209
-46.232166
-54.491768
-54.468163
-47.577026
-42.173450
-46.374863
-54.682739
-54.574379
-47.673050
-42.477612
-46.675804
-54.665573
-54.755695
-47.929470
-42.320972
-46.651127
-54.830795
-54.786808
-47.721867
-42.001251
-46.345356
-54.399498
-54.556675
-47.807159
-42.343502
-46.526138
-54.594765
-54.920383
-47.829693
-42.047920
-46.292248
-54.373211
-54.664501
-47.652664
-41.930439
-45.769756
-53.975174
-54.646797
-47.634426
-42.157356
-46.304050
-54.279873
-55.024990
-47.871532
-41.963165
-45.936588
-54.055637
-54.709560
-47.548061
-41.987305
-46.214466
-54.504639
-55.271751
-47.808235
-41.888062
-46.003643
-53.866276
-55.020699
-47.861877
-41.840855
-46.116833
-54.005749
-54.867275
-47.581318
-41.368786
-45.905476
-53.895779
-54.777691
-47.876900
-41.908447
-46.534721
-54.478889
-54.885513
-47.868851
-41.582291
-46.068016
-54.094799
-54.740677
-47.906403
-41.333382
-45.713428
-53.942451
-54.665035
-48.065731
-41.459980
-45.682850
-53.909191
-54.613003
-47.958439
-41.476074
-45.735958
-53.860909
-54.286308
-47.638180
-41.477684
-45.774048
-54.024525
-54.840454
-48.031399
-41.646664
-45.776192
-53.764889
-54.477818
-47.886555
-41.670265
-45.784237
-54.113575
-54.812557
-48.115082
-41.475536
-45.454327
-53.949425
-54.717072
-47.863487
-41.442814
-45.624916
-54.197796
-54.851181
-48.105965
-41.577461
-45.490807
-53.996632
-55.029816
-48.212715
-41.591412
-45.506363
-54.214962
-55.289993
-48.447140
-41.635399
-45.287495
-53.884514
-55.177876
-48.220226
-41.557613
-45.428577
-53.844818
-55.156418
-48.117764
-41.662220
-45.453255
-53.548702
-54.892487
-47.840420
-41.303875
-45.379227
-53.699440
-55.179485
-48.302299
-41.596237
-45.512264
-53.806194
-55.475601
-48.477718
-41.552250
-45.621696
-54.012722
-55.503494
-48.655815
-41.918102
-45.815887
-54.039547
-55.593616
-48.806019
-41.856411
-45.717720
-53.978390
-55.385479
-48.598953
-41.603748
-45.646908
-54.061005
-55.523880
-48.625237
-41.544201
-45.435017
-53.721436
-55.426785
-48.765251
-41.868752
-45.725765
-54.034718
-55.688568
-48.630066
-41.424576
-45.363667
-53.596981
-55.396744
-48.683174
-41.515236
-45.657639
-53.886658
-55.579132
-48.824795
-41.414921
-45.425358
-53.695148
-55.271751
-48.512585
-41.260426
-45.114758
-53.658672
-55.614540
-49.250195
-41.742687
-45.518162
-53.888805
-55.475601
-48.915989
-41.242188
-44.991913
-53.861984
-55.692860
-48.989483
-41.462666
-45.024101
-53.585716
-55.338272
-48.742718
-41.269543
-44.931297
-53.753086
-55.393524
-48.699268
-41.330162
-44.820251
-53.710709
-55.564114
-48.669762
-41.361813
-44.803085
-53.218788
-55.255661
-48.695511
-41.240578
-44.736031
-53.628094
-55.699833
-48.796364
-41.231457
-44.664684
-53.372211
-55.492767
-48.746475
-41.116123
-44.480686
-53.358265
-55.599518
-48.866100
-41.319969
-44.724232
-53.215572
-55.295357
-48.631138
-41.336063
-44.894283
-53.559429
-55.521736
-48.338779
-40.809814
-44.299366
-53.011723
-55.624733
-48.586617
-40.861851
-44.506435
-53.338951
-55.851109
-48.948711
-41.115585
-44.543987
-53.136715
-55.793709
-49.028107
-41.095737
-44.734421
-53.246147
-56.048519
-49.451897
-41.468563
-44.763390
-53.156563
-55.798538
-48.874146
-40.613476
-44.160431
-52.907654
-55.693932
-49.012012
-40.782455
-44.118050
-52.883514
-55.681057
-49.045273
-40.901546
-44.092838
-53.028889
-56.046375
-49.304909
-41.166012
-44.386272
-53.074486
-55.993267
-49.429901
-41.198196
-44.365349
-53.152809
-56.242714
-49.381084
-40.837708
-43.775799
-52.520344
-55.598984
-49.111790
-40.875797
-43.849293
-52.644798
-56.073734
-49.715286
-40.958408
-43.888988
-52.704880
-56.028671
-49.395569
-40.713791
-43.760780
-52.694149
-55.909046
-49.420780
-40.894035
-43.978577
-52.951103
-56.183704
-49.373573
-40.527645
-43.446960
-52.515514
-55.951962
-49.450287
-40.726128
-43.516701
-52.570766
-55.931576
-49.565086
-40.873650
-43.739323
-52.624413
-55.836624
-49.429363
-40.772263
-43.389561
-52.286991
-56.082317
-49.654133
-40.709499
-43.391708
-52.607246
-56.400963
-49.842960
-40.822151
-43.317680
-52.281624
-56.095726
-49.707779
-40.838783
-43.495777
-52.467236
-56.219646
-49.586540
-40.733105
-43.510799
-52.469379
-56.078560
-49.448677
-40.686432
-43.414776
-52.475281
-56.102165
-49.581177
-40.764751
-43.327335
-51.946884
-55.799610
-49.613365
-40.881699
-43.404045
-52.029499
-55.851109
-49.589226
-41.142406
-43.791359
-52.392670
-56.174583
-49.716362
-41.146164
-43.799942
-52.218861
-56.247002
-49.852615
-40.874187
-43.357376
-51.947960
-56.428856
-50.028034
-41.035656
-43.511871
-51.706024
-55.991119
-49.942204
-40.847366
-43.232384
-51.597664
-55.738457
-49.920746
-41.046921
-43.735569
-52.200623
-56.363411
-50.376720
-41.149918
-43.506508
-52.136250
-56.393990
-50.216862
-40.848972
-43.125633
-52.001068
-56.308159
-50.121910
-40.585583
-42.819862
-51.946350
-56.396133
-50.448067
-40.960552
-42.831661
-51.825115
-56.402573
-50.172874
-40.756706
-42.986156
-52.058464
-56.321568
-49.892849
-40.249767
-42.239967
-51.490910
-56.313522
-50.128883
-40.774410
-42.733494
-51.861591
-56.597836
-50.411591
-40.614548
-42.383736
-51.613220
-56.360191
-50.390133
-40.882771
-42.897110
-51.887341
-56.341415
-49.950249
-40.442886
-42.432014
-51.691002
-56.526489
-50.326832
-40.802841
-42.414310
-51.541336
-56.473381
-50.203449
-40.604893
-42.405193
-51.461407
-56.249687
-49.836525
-40.634933
-42.310780
-51.214642
-56.295284
-50.176628
-40.740612
-42.434158
-51.252193
-56.354294
-50.098309
-40.778164
-42.468491
-50.988800
-56.407936
-50.112255
-40.661221
-42.543594
-51.082680
-56.643433
-50.595589
-40.968601
-42.803230
-51.319786
-56.775398
-50.607391
-40.841465
-42.703991
-51.537045
-57.158417
-50.798901
-40.964848
-42.923931
-51.488766
-56.546337
-50.549454
-40.767971
-42.532330
-51.206596
-56.745358
-50.921211
-41.147774
-42.557541
-51.228054
-56.842453
-51.097160
-41.382198
-42.835419
-51.273651
-56.281334
-50.353653
-40.941780
-42.503361
-50.774223
-56.281872
-50.120838
-40.035191
-41.155819
-49.631065
-54.832943
-48.375793
-37.892643
-39.153282
-47.659641
-52.833626
-46.628063
-36.490921
-37.969891
-46.209637
-51.217861
-45.124950
-34.485703
-35.160545
-43.800476
-49.339779
-43.493095
-33.158009
-34.247520
-42.629963
-48.110790
-42.721691
-32.506229
-33.391895
-41.612865
-47.383907
-41.489487
-31.180147
-32.581871
-40.983620
-47.032539
-41.647198
-31.536880
-32.611374
-40.676239
-47.065800
-41.237358
-31.050327
-31.881277
-40.153744
-46.566906
-40.857021
-30.928556
-31.550293
-40.330235
-46.760563
-40.788891
-30.755285
-31.250957
-39.861385
-46.028320
-40.010517
-30.174318
-30.403915
-39.451008
-45.458618
-39.801304
-30.085806
-30.236010
-38.967674
-45.320751
-39.931122
-29.923264
-30.261759
-39.124851
-45.308414
-39.457443
-29.298309
-29.869619
-38.590553
-45.231705
-39.630714
-29.439930
-29.766623
-38.284782
-45.093838
-39.468174
-29.599253
-30.039673
-38.282635
-44.836346
-38.985912
-29.086414
-29.970470
-38.198952
-45.050388
-39.488560
-29.446367
-30.124430
-38.161938
-44.834736
-39.047066
-28.959278
-30.065422
-38.339500
-45.418922
-40.151062
-29.857819
-30.418400
-38.697308
-45.324509
-39.968674
-29.619102
-30.304138
-38.625957
-45.159821
-39.931122
-29.363218
-29.885714
-38.518135
-45.218292
-40.174129
-29.587988
-29.505375
-38.178032
-44.858341
-39.874260
-29.625538
-29.694202
-38.448933
-45.073990
-39.977795
-29.991928
-29.893761
-38.595383
-45.267109
-40.223484
-30.138914
-29.581015
-38.272980
-45.127636
-40.116196
-30.097071
-29.620710
-38.341644
-45.173767
-39.857632
-29.985491
-29.395405
-37.935024
-44.869068
-39.668266
-30.025724
-29.746239
-38.499359
-45.663002
-40.319508
-30.395332
-29.682402
-38.120632
-45.359913
-39.989059
-30.108873
-29.616419
-37.855629
-45.141582
-39.967602
-30.117992
-29.999975
-38.056259
-45.474712
-40.198807
-29.853527
-29.412571
-37.769260
-45.667831
-40.096882
-29.581551
-29.362146
-37.359959
-45.316463
-40.131752
-29.622856
-29.637877
-37.445251
-45.320751
-40.244942
-29.351954
-29.487137
-37.920540
-45.800331
-40.711109
-29.911463
-29.519859
-37.689869
-45.357769
-40.381733
-29.540245
-29.007557
-37.297729
-44.970455
-40.104931
-29.241983
-29.045109
-37.699524
-44.991913
-40.027145
-29.369656
-28.707150
-37.363712
-44.862095
-40.314140
-29.577259
-28.615419
-37.350300
-45.153919
-40.235821
-29.743557
-28.808002
-37.311142
-45.093838
-40.212219
-29.790764
-28.632586
-37.261250
-44.920567
-39.989594
-29.325130
-28.264585
-37.082615
-45.226875
-40.255135
-29.628757
-28.606836
-37.323479
-45.233315
-40.374222
-29.745165
-28.404060
-37.205997
-45.190399
-40.243332
-29.641632
-28.296772
-36.851948
-44.813816
-40.138187
-29.698494
-28.531197
-37.249451
-45.290176
-40.427330
-29.921118
-28.525297
-36.824589
-44.877117
-40.029827
-29.862646
-28.450731
-36.877159
-44.998890
-40.079182
-29.476944
-28.038208
-36.402409
-44.565441
-39.893570
-29.428127
-27.864937
-36.105221
-44.687214
-40.048603
-29.591743
-28.112774
-36.428158
-45.143726
-40.430012
-29.724781
-28.063957
-36.336964
-44.957047
-40.379051
-29.618029
-27.885859
-36.183540
-45.002106
-40.185932
-29.514496
-27.629974
-35.777454
-44.871216
-40.548565
-29.585842
-27.853134
-36.199635
-44.911449
-40.174667
-29.270950
-27.574722
-35.968426
-44.920567
-40.440205
-29.561165
-27.765696
-35.858456
-44.635715
-40.418213
-29.725317
-27.751747
-35.991493
-44.748905
-40.452545
-29.814903
-27.972761
-36.285999
-44.932369
-40.637081
-29.974762
-27.990463
-35.974327
-44.745152
-41.017952
-30.282681
-27.781252
-35.932484
-44.573490
-40.678921
-29.770378
-27.705078
-36.161011
-44.800404
-41.065697
-30.369583
-27.723852
-35.997395
-44.646984
-40.719692
-30.311111
-27.913216
-36.384171
-45.188251
-41.266327
-30.799810
-27.950232
-36.068741
-45.213467
-41.153137
-30.627075
-27.891758
-35.963062
-45.075062
-41.049603
-30.344372
-27.386431
-35.480801
-44.767147
-40.633862
-30.264441
-27.658407
-35.818760
-45.214001
-41.148308
-30.387287
-27.789835
-36.073570
-45.305733
-41.340355
-30.818048
-27.913216
-35.834316
-44.983868
-40.926220
-30.393187
-27.473335
-35.791939
-45.183422
-41.146164
-30.572895
-27.455631
-35.386925
-44.995132
-41.192833
-30.572895
-27.423981
-35.445934
-45.137825
-41.369324
-30.519251
-27.440075
-35.623493
-45.395855
-41.637543
-30.564848
-27.502838
-35.657825
-45.513336
-41.799549
-30.900124
-27.655724
-35.582726
-45.279984
-41.813496
-30.727926
-27.311865
-35.436813
-45.230633
-41.891819
-30.731682
-27.273241
-35.419647
-45.131924
-41.508263
-30.475262
-26.966396
-35.231892
-45.330410
-41.830128
-30.875984
-27.257685
-35.420719
-45.043949
-41.499680
-31.046036
-27.302210
-34.645561
-44.323509
-41.153675
-30.817513
-27.139132
-35.483482
-45.239216
-41.646664
-30.911390
-26.866081
-34.849407
-45.033222
-41.859093
-31.004194
-27.034525
-35.030727
-45.055752
-41.707817
-31.152788
-27.154688
-35.089733
-45.034294
-41.758778
-31.122747
-26.949230
-34.747486
-44.829910
-41.564053
-30.787472
-26.527588
-34.604794
-45.039658
-41.746979
-30.849163
-26.749674
-34.539345
-44.909302
-41.768436
-31.263296
-27.045790
-34.531834
-44.615334
-41.713718
-31.021360
-26.635412
-34.722271
-44.921104
-41.826370
-31.135622
-26.819948
-34.425083
-44.739250
-41.599457
-30.528370
-26.417618
-34.415966
-44.966702
-41.914349
-30.879740
-26.666527
-34.448689
-44.669514
-41.954044
-31.060520
-26.751820
-34.605865
-44.537548
-41.948143
-31.196239
-26.677792
-34.464245
-44.462444
-41.773800
-30.988638
-26.141350
-34.179394
-44.484440
-41.912201
-30.863647
-25.931065
-34.097317
-44.340137
-41.874115
-31.333569
-26.250784
-34.204605
-44.568127
-41.972282
-31.352882
-26.066248
-34.086052
-44.767147
-42.356911
-32.030407
-26.893440
-34.546318
-45.067017
-42.223873
-31.535271
-26.207333
-33.863430
-44.706528
-42.126244
-31.881277
-26.905243
-34.340862
-45.156601
-42.408947
-31.629684
-26.637022
-33.998077
-44.674877
-42.270546
-31.806711
-26.665989
-33.978764
-44.778946
-42.202953
-31.417791
-26.476625
-34.120384
-44.684532
-42.232456
-31.610910
-26.185337
-33.539417
-44.444744
-42.444351
-31.763260
-26.535633
-33.774918
-44.506435
-42.325798
-31.605545
-26.318375
-33.752922
-44.586903
-42.607967
-31.770233
-26.093069
-33.447685
-44.067623
-42.064014
-31.417255
-26.046936
-33.394581
-44.050995
-41.999641
-31.375412
-25.911217
-33.539417
-44.305805
-42.621380
-31.990173
-26.011530
-33.427837
-44.125023
-42.205097
-31.609301
-26.046398
-33.700352
-44.336384
-42.623524
-31.983200
-25.900486
-33.388142
-43.967312
-42.235676
-31.793301
-25.536779
-33.190193
-44.038658
-42.134289
-31.736973
-25.335613
-32.923046
-44.064407
-42.169693
-31.779352
-25.414471
-32.954697
-44.059578
-42.454006
-32.119991
-25.763695
-32.938068
-43.796185
-42.191689
-31.729464
-25.502447
-32.600643
-43.667976
-42.119267
-31.655434
-25.521223
-32.606010
-43.775799
-42.537693
-31.916145
-25.619392
-32.774452
-43.962482
-42.793575
-32.080296
-25.627975
-32.992249
-44.018810
-42.882088
-32.360317
-25.795881
-33.101681
-44.187786
-43.061260
-32.682720
-25.985245
-33.138161
-44.033291
-42.941097
-32.596355
-25.679474
-32.847408
-43.856804
-42.840782
-32.381779
-25.423054
-32.573822
-43.895962
-42.928223
-32.266441
-25.357071
-32.463314
-43.634182
-42.712574
-32.529297
-25.463287
-32.510525
-43.811741
-42.925003
-32.551830
-25.640312
-32.500866
-43.439453
-42.621914
-32.455807
-25.346878
-32.310966
-43.716793
-42.996349
-32.747093
-25.593643
-32.619419
-43.753269
-42.860630
-32.543781
-25.248173
-32.338863
-43.538158
-43.078964
-32.974010
-25.511566
-32.570068
-43.900791
-43.021027
-32.861355
-25.506203
-32.324913
-43.541912
-42.797867
-32.876377
-25.568430
-32.402699
-43.657246
-43.109005
-32.970791
-25.358681
-32.399479
-43.611649
-43.065014
-32.872086
-25.221888
-31.858746
-43.161575
-42.808598
-32.593670
-24.789516
-31.782036
-43.416386
-43.028538
-32.812004
-24.926308
-31.843189
-43.262962
-42.913204
-32.921436
-25.015358
-31.775597
-43.317142
-43.110615
-33.076469
-25.242809
-31.888250
-43.165867
-43.004932
-33.263149
-25.119427
-31.669918
-43.299442
-43.215755
-33.298557
-25.167171
-31.747166
-43.412094
-43.130463
-33.265297
-25.322739
-31.673674
-43.421211
-43.164795
-33.037846
-25.221352
-31.605009
-43.407265
-43.100956
-32.797520
-24.987463
-31.369511
-43.202881
-43.306416
-33.155327
-25.300745
-31.706932
-43.478611
-43.645981
-33.529762
-25.592033
-31.730000
-43.421749
-43.994133
-33.888103
-25.603298
-31.509521
-43.054287
-43.594482
-33.368832
-24.909142
-31.090561
-42.948608
-43.824615
-33.611301
-25.412325
-31.664555
-43.135826
-43.856804
-33.668701
-25.333467
-31.536880
-42.943241
-43.679241
-33.598427
-25.266949
-31.400089
-42.651417
-43.533329
-33.266369
-24.870518
-31.247202
-42.434696
-43.498459
-33.652073
-25.235836
-31.455341
-42.579536
-43.805843
-33.798519
-24.920408
-31.587843
-43.036049
-43.656712
-33.755070
-24.842625
-31.630758
-42.940025
-43.777409
-34.325306
-25.029842
-31.189266
-42.867069
-43.669048
-33.989494
-24.744455
-30.907099
-42.937344
-43.980721
-34.125214
-24.969761
-31.180147
-42.758171
-43.684071
-34.240547
-24.579767
-30.735437
-43.122414
-43.802086
-33.858601
-25.067392
-30.871157
-42.557541
-43.553177
-34.146133
-25.101189
-30.481163
-42.576317
-44.073524
-33.944969
-24.658625
-30.498329
-42.390171
-43.676559
-34.004513
-25.182728
-30.650143
-42.360130
-43.866459
-34.168663
-25.427881
-30.930702
-42.347256
-44.099274
-34.413818
-25.492790
-31.269733
-42.790356
-44.533257
-34.419720
-25.262121
-31.097534
-42.736713
-44.689362
-34.386459
-25.261585
-31.333033
-42.812351
-44.682388
-34.437420
-24.999264
-30.954842
-42.780701
-44.776264
-34.407917
-24.867300
-30.463997
-42.065624
-44.703308
-34.790401
-25.053446
-30.747238
-42.177204
-44.585293
-34.955090
-24.972979
-30.790154
-42.180958
-44.528965
-35.101536
-25.096897
-30.722563
-41.816715
-43.930832
-34.816151
-24.753574
-30.222599
-41.786674
-44.383053
-35.368149
-25.130157
-30.872766
-42.568806
-44.898037
-35.933022
-25.361362
-30.502621
-41.991596
-44.202271
-35.442177
-25.391941
-30.576115
-42.162182
-44.037048
-35.048428
-25.056128
-29.999975
-41.551178
-44.003788
-35.111195
-25.157515
-30.005341
-41.617695
-44.285419
-35.456123
-25.611345
-30.427519
-41.958336
-44.683998
-35.592381
-25.305037
-30.123356
-41.714256
-44.691505
-35.675529
-25.524441
-30.084732
-41.523819
-44.590656
-35.401943
-25.009457
-29.707615
-41.133823
-44.470493
-35.469536
-24.989609
-29.578331
-41.042629
-44.267719
-35.334888
-25.106016
-29.840115
-41.290466
-44.383053
-35.514061
-25.315765
-29.926483
-41.506115
-44.746223
-35.892788
-25.661770
-30.019823
-41.588726
-44.869068
-35.690548
-25.433783
-29.997293
-41.436378
-45.076672
-36.185684
-25.763157
-30.193094
-41.612865
-45.115295
-36.001686
-25.575403
-30.137840
-41.571026
-45.449497
-36.539200
-25.803928
-30.201141
-41.126316
-44.575100
-35.766190
-25.169317
-29.762331
-40.929440
-44.839565
-35.966816
-25.246029
-29.851381
-41.132751
-44.937733
-36.054794
-25.066856
-29.461388
-40.533546
-44.432941
-35.868111
-25.132301
-29.762331
-41.066769
-45.079353
-36.372906
-25.432709
-30.087416
-41.212681
-45.195225
-36.663654
-25.641922
-30.145887
-41.215900
-44.957047
-36.148670
-25.100653
-29.676500
-40.910130
-45.022491
-36.665802
-25.345270
-29.637877
-40.649418
-44.324581
-36.398117
-25.302891
-29.373411
-40.493851
-44.324043
-36.444252
-25.185410
-29.200140
-40.844147
-44.777874
-36.711399
-25.827530
-29.668991
-41.230385
-45.090084
-37.065987
-25.904778
-29.239838
-40.796940
-44.980114
-36.748413
-25.689665
-29.303673
-40.981476
-45.376007
-37.422184
-26.710514
-29.955986
-41.648808
-46.047096
-37.295048
-26.341442
-29.706005
-41.464809
-46.196224
-37.304165
-26.173000
-29.646996
-41.391315
-46.425823
-37.763897
-26.537781
-29.793446
-40.931049
-45.862560
-37.359959
-26.124184
-29.418472
-40.281956
-45.260670
-37.224236
-26.022259
-29.510204
-40.765289
-45.803013
-37.519279
-26.259903
-29.479090
-40.661755
-46.011154
-37.785355
-26.503448
-29.780571
-40.730419
-45.976284
-37.878696
-26.655796
-29.730682
-40.773335
-46.201054
-37.827198
-26.160126
-29.184584
-40.607574
-46.209637
-37.859383
-26.388649
-29.757504
-40.914955
-46.281521
-38.097027
-26.745918
-30.187729
-41.135433
-46.279373
-38.466637
-26.808147
-29.855673
-40.860241
-46.209637
-38.296585
-26.534025
-29.321377
-40.338818
-45.620625
-37.965061
-26.254539
-28.751675
-39.782528
-45.510117
-38.276199
-26.522223
-29.128258
-40.503506
-45.938732
-38.123314
-26.822630
-29.296700
-40.627960
-46.722477
-38.804596
-27.040426
-29.526833
-40.276592
-45.708599
-37.782673
-26.303890
-29.053692
-40.078106
-46.382370
-38.888817
-27.254467
-29.475872
-40.340427
-46.448891
-38.386169
-26.694420
-29.244129
-39.828663
-46.181206
-38.360420
-26.655260
-29.429737
-40.199879
-46.429577
-38.740757
-26.812975
-29.311720
-40.212219
-46.442451
-38.995029
-27.408424
-29.430811
-40.435913
-46.864098
-38.901154
-26.950840
-29.104118
-39.949898
-46.530430
-38.635078
-26.840332
-28.662626
-39.256279
-45.728985
-38.259571
-26.832287
-29.090706
-40.087227
-47.113007
-39.280418
-27.497475
-29.453876
-40.227776
-47.274475
-39.582436
-27.704004
-29.366974
-39.987450
-47.054531
-39.185467
-27.157906
-28.927092
-39.250916
-46.532040
-39.444569
-27.523224
-28.949085
-39.594772
-46.778267
-39.318504
-26.981417
-28.878811
-39.453690
-46.563690
-39.362495
-27.272169
-29.209797
-39.667728
-46.566372
-39.297047
-27.062420
-28.767769
-39.447788
-46.236458
-38.876476
-27.062956
-28.777962
-39.017563
-46.328728
-39.201023
-26.398304
-27.848307
-38.558903
-46.341602
-39.483192
-26.820484
-28.204504
-38.818542
-45.941952
-38.941925
-26.837650
-28.702858
-39.549713
-46.711746
-39.594238
-27.252319
-29.095535
-39.890888
-46.961193
-40.011589
-27.759258
-29.315475
-40.144089
-47.662323
-41.182640
-28.650824
-29.482309
-40.656391
-48.209496
-42.071526
-30.159298
-30.715052
-41.257744
-48.645088
-42.361202
-30.504230
-30.989710
-42.271080
-50.409443
-43.688362
-31.558338
-32.198315
-43.291393
-51.375038
-44.599239
-33.132793
-33.799057
-44.440990
-52.720436
-46.290638
-34.757141
-35.508698
-46.467667
-54.879078
-47.887627
-35.671238
-36.309605
-47.046486
-55.621513
-49.046883
-37.023071
-37.833099
-48.534042
-57.177193
-49.755520
-36.398117
-37.523571
-48.634895
-57.566650
-50.938377
-38.412991
-39.422039
-50.172874
-58.256516
-51.275261
-38.822834
-39.795403
-50.753304
-59.674332
-52.815922
-40.167694
-41.107540
-51.657207
-59.889442
-52.961296
-40.191296
-40.849510
-51.323540
-59.937721
-53.167828
-40.792110
-41.488949
-51.741966
-60.538002
-53.955860
-40.958408
-41.352158
-52.020916
-60.829288
-53.914555
-40.875259
-41.461056
-52.342781
-60.991833
-54.154881
-40.852192
-41.539375
-52.349216
-60.771355
-54.409153
-41.352158
-41.626278
-52.756378
-61.301895
-54.542191
-41.757172
-41.789894
-52.554676
-61.033672
-54.655380
-41.804913
-41.302803
-52.290745
-61.172077
-54.641968
-41.811352
-41.271690
-52.171120
-61.282581
-54.712780
-42.028610
-41.595165
-52.263924
-61.214993
-54.534683
-41.581753
-41.435841
-52.619583
-62.148937
-55.067905
-41.709427
-41.599457
-52.220470
-61.569580
-55.308231
-42.412701
-42.129459
-52.384621
-61.351784
-55.058250
-42.238895
-41.631641
-52.222618
-61.877495
-55.564114
-42.084400
-41.664902
-52.320251
-61.492332
-55.395134
-42.265179
-41.626816
-52.466164
-61.514862
-55.344173
-42.449718
-41.615551
-52.331516
-61.663456
-55.554459
-42.712574
-41.738396
-52.415199
-61.860867
-55.750793
-42.897110
-41.601067
-52.114258
-61.466045
-55.289455
-42.620842
-41.419750
-52.047737
-61.997658
-55.815166
-43.034439
-41.547958
-51.994095
-62.023945
-55.536217
-42.501751
-41.345184
-51.805267
-61.696716
-55.593616
-42.781773
-41.204636
-51.604099
-61.753578
-55.824287
-42.856876
-41.523819
-51.695293
-61.311012
-55.780300
-43.862167
-42.653564
-52.188820
-61.772354
-56.442268
-44.619087
-43.046776
-52.483330
-62.016434
-56.514687
-44.285957
-42.806450
-52.333122
-62.018581
-56.614468
-44.667904
-43.130463
-52.166290
-61.877495
-56.550095
-44.239822
-42.327408
-51.793999
-61.535782
-56.766815
-45.378689
-43.814426
-52.378723
-61.769672
-56.737846
-44.342281
-42.366570
-52.045055
-61.709053
-56.543121
-44.119122
-42.236214
-52.157173
-61.891445
-56.463726
-43.971066
-42.051140
-52.442020
-62.715954
-57.482964
-44.817570
-42.237823
-52.470989
-62.601158
-57.057568
-44.341209
-41.750732
-52.276260
-62.496014
-56.752331
-44.568127
-42.098885
-52.383015
-63.210018
-57.656773
-45.569126
-43.424431
-53.663498
-64.379463
-58.517761
-45.607750
-42.591873
-52.223152
-62.909073
-57.089218
-44.542912
-41.813496
-51.558502
-62.681622
-57.115501
-44.410412
-41.655781
-51.171726
-62.134453
-56.731949
-43.963554
-41.351086
-51.037079
-61.942406
-56.594082
-44.088547
-41.400974
-51.096088
-62.059349
-56.568871
-43.829445
-40.962700
-50.584324
-62.012142
-56.921848
-44.262890
-41.443352
-50.928185
-62.198826
-57.368702
-44.466202
-41.447643
-50.914772
-62.190243
-57.245857
-44.326725
-41.314068
-50.855762
-62.087246
-57.040401
-43.950146
-41.136509
-50.632603
-61.961182
-57.451851
-44.260746
-41.240578
-50.794071
-62.199364
-57.808586
-44.426506
-40.880089
-50.482399
-61.749287
-57.344563
-44.276302
-41.068378
-50.607391
-61.856041
-57.783909
-45.075062
-41.521671
-51.257557
-62.327034
-57.921238
-44.867458
-40.926758
-50.956078
-62.240131
-57.942162
-45.076672
-41.341427
-50.857910
-61.960110
-57.866520
-45.219902
-41.142944
-50.672836
-62.097439
-58.036037
-45.321827
-41.318897
-50.787098
-62.005707
-57.720608
-45.252625
-41.312996
-50.958759
-62.469727
-58.255978
-45.514946
-41.432621
-50.871319
-62.357075
-58.167465
-45.431797
-41.007763
-50.393887
-62.038967
-57.900318
-45.044487
-40.747585
-50.257629
-61.931679
-58.068760
-45.341675
-40.893497
-50.646553
-62.484211
-58.307476
-45.379761
-40.837173
-50.266750
-62.206871
-58.121330
-45.372787
-40.744904
-50.136395
-62.026093
-57.852573
-45.200054
-40.906372
-50.082214
-61.952061
-57.963081
-45.203808
-40.626350
-49.742645
-62.073833
-58.357903
-45.371716
-40.887062
-49.891243
-61.808296
-58.204479
-45.380833
-40.439133
-49.558647
-61.593719
-57.821999
-44.911449
-40.130680
-49.530216
-61.467655
-58.027992
-45.237606
-40.236359
-49.638039
-61.611420
-58.264561
-45.415703
-40.269081
-50.802654
-63.093609
-58.974812
-45.887772
-40.368858
-49.867638
-61.962254
-58.701759
-46.051922
-40.740612
-49.927719
-61.815269
-58.330544
-45.447353
-40.056648
-49.428291
-61.683304
-58.515617
-45.844318
-40.383881
-49.539337
-61.740166
-58.652946
-46.177452
-40.450935
-49.576351
-61.788982
-58.595009
-45.716648
-40.066307
-49.323151
-61.790592
-58.750576
-46.064796
-40.214901
-49.462090
-61.821171
-58.746822
-46.191399
-40.115124
-49.286671
-61.793274
-59.008068
-46.236458
-39.952579
-49.052784
-61.467655
-58.493084
-45.947853
-39.670410
-48.924038
-61.742313
-58.458752
-45.814816
-39.546494
-48.582859
-61.506279
-58.305332
-45.471493
-39.275589
-48.291035
-61.412403
-58.263489
-45.603458
-39.351765
-47.977215
-61.029381
-58.356293
-45.594337
-39.562050
-48.255093
-61.004707
-58.135815
-45.552494
-39.387707
-48.008331
-60.787983
-58.337517
-45.617405
-39.273445
-48.026031
-60.782619
-58.296211
-45.633499
-39.299732
-48.045345
-60.747749
-58.534393
-45.570736
-39.056187
-47.997597
-60.855038
-59.000023
-46.235386
-39.248234
-47.749226
-60.619003
-58.979103
-46.272938
-39.368397
-48.216469
-60.952133
-59.106773
-46.287422
-39.310459
-48.139221
-60.967155
-59.186169
-46.293324
-39.188686
-48.233635
-60.963402
-59.199577
-46.286350
-38.973576
-48.099525
-60.796028
-59.030602
-46.250408
-38.656536
-47.680561
-60.426956
-58.489868
-45.830910
-38.363102
-47.830765
-60.450024
-58.044083
-45.359913
-37.349228
-46.839954
-60.215599
-58.316059
-46.408119
-38.481655
-47.514263
-60.556240
-58.231838
-46.187107
-38.179638
-47.110859
-60.355610
-58.174976
-46.184959
-38.175350
-46.977821
-60.463974
-58.401890
-46.169403
-38.081470
-46.609287
-60.271927
-58.089680
-45.860950
-38.051968
-46.593193
-60.031601
-57.968983
-45.657101
-37.862602
-46.313171
-59.961864
-58.292992
-45.833591
-37.590092
-46.030464
-59.856186
-58.174976
-45.689823
-37.781063
-46.188179
-60.507423
-60.163567
-46.691360
-38.133507
-46.348038
-59.949524
-58.743069
-46.184425
-37.987595
-46.421532
-60.264416
-59.065468
-46.322289
-38.084152
-46.305660
-60.098656
-58.895954
-45.971458
-37.765507
-46.051388
-60.060032
-59.137890
-46.304050
-37.982227
-46.023491
-59.615322
-58.859474
-46.339993
-38.063770
-46.238068
-59.693108
-59.086926
-46.481075
-37.962379
-46.248798
-59.705978
-59.169003
-46.635036
-38.087910
-46.351795
-59.898563
-59.402355
-46.898964
-38.102390
-46.363060
-59.766060
-59.216743
-46.667759
-37.598675
-46.069626
-59.445271
-58.866447
-46.571198
-37.341183
-45.823399
-59.340664
-58.674404
-46.676876
-37.518742
-45.639935
-59.077271
-58.379898
-46.497169
-37.316505
-45.424286
-59.076199
-58.642754
-46.810989
-37.586334
-45.659786
-59.243031
-58.599300
-46.468739
-37.046139
-45.174305
-59.175438
-58.867523
-46.911304
-37.275734
-45.240288
-59.264488
-59.055275
-47.128563
-37.461346
-45.404976
-59.322426
-58.997341
-47.138756
-37.491386
-45.104568
-59.246788
-59.172756
-47.133389
-37.461346
-45.097591
-59.242493
-59.112675
-47.156994
-37.783745
-45.346500
-59.600838
-59.596546
-47.364597
-37.924294
-45.080963
-59.276291
-59.497841
-47.036293
-37.635151
-44.867458
-59.066544
-59.474773
-46.991768
-37.521961
-44.725304
-58.710342
-59.341202
-46.986404
-37.629787
-45.105103
-59.039719
-59.836872
-47.435944
-37.727955
-45.220440
-58.858402
-59.649117
-47.289494
-37.473682
-44.983868
-58.521515
-59.663601
-47.400539
-37.138943
-44.952755
-58.746822
-59.839020
-47.556107
-37.190979
-45.033222
-58.591255
-59.790737
-47.631207
-37.366932
-45.247261
-58.702297
-59.961864
-47.864025
-37.169521
-45.225803
-58.851967
-59.819168
-47.775509
-36.983376
-44.979576
-58.478600
-59.658775
-47.868317
-37.195271
-44.981186
-58.407791
-59.369095
-47.896210
-36.930267
-44.682922
-58.535999
-59.483894
-47.897282
-36.773624
-44.616405
-58.470554
-59.505352
-47.979897
-36.720516
-44.368568
-58.529026
-59.405037
-47.920349
-36.634686
-44.131462
-58.453926
-59.289703
-47.986870
-36.750023
-43.939415
-58.463581
-59.418983
-48.193401
-37.227455
-44.270401
-58.832115
-60.053596
-48.628456
-37.418964
-44.258598
-59.076199
-60.408718
-49.079605
-37.916782
-44.414165
-59.270927
-60.813194
-48.793682
-37.638371
-44.001106
-58.599838
-60.279438
-48.116692
-37.186687
-43.849293
-58.512932
-60.727364
-48.887558
-38.160328
-44.604603
-58.649727
-60.634560
-48.372040
-37.282711
-43.962482
-58.163712
-60.268173
-48.015839
-37.060623
-43.784382
-58.147617
-60.554630
-47.761562
-36.636295
-43.818180
-57.824680
-60.345955
-48.264214
-36.914711
-43.524208
-57.367630
-60.349174
-48.428364
-36.941532
-43.802086
-57.370850
-60.124405
-48.256702
-36.593918
-43.635254
