-246.416183
-168.456696
-100.131706
-161.496353
-236.776321
-244.337463
-167.956726
-101.207275
-160.054932
-232.512146
-237.686127
-161.038773
-92.977707
-151.723465
-228.109573
-237.702225
-159.490067
-91.181702
-150.668808
-224.586212
-232.535751
-153.334930
-84.928398
-146.619751
-222.351944
-232.711166
-156.116379
-94.768890
-160.067276
-233.887589
-240.978806
-172.049240
-111.028450
-172.917740
-243.420685
-246.866791
-177.905045
-115.947617
-178.083130
-246.637726
-252.295044
-181.850037
-121.342079
-180.427917
-245.125504
-245.233871
-175.734055
-111.975266
-165.648422
-226.726624
-225.922501
-157.942429
-98.710136
-153.666458
-220.304337
-222.360519
-154.805847
-96.164719
-149.846451
-211.903122
-210.121063
-144.566788
-89.506935
-144.114029
-205.663239
-202.968689
-133.219437
-76.170448
-126.160400
-186.701080
-185.711334
-117.851990
-62.976128
-114.942863
-175.153625
-173.415024
-106.500877
-52.361557
-105.724113
-164.110443
-159.826950
-90.484863
-35.496357
-87.794075
-147.301041
-144.532990
-72.724884
-9.748757
-61.353394
-120.180145
-117.743088
-49.702415
6.253839
-51.741428
-123.094635
-121.503548
-46.707993
11.355937
-50.181458
-121.955765
-121.721878
-44.328873
16.938688
-49.923428
-126.267151
-124.371902
-46.445133
13.955536
-50.969490
-125.166908
-120.254707
-39.595844
23.038568
-38.415138
-112.849129
-115.146179
-36.116486
29.958670
-37.095490
-115.380600
-121.700424
-43.186253
25.737946
-38.211288
-117.308037
-125.349838
-44.348721
22.114815
-47.983650
-134.131393
-147.240417
-64.833824
6.597699
-59.818096
-140.736053
-149.581985
-69.373199
4.039944
-63.216454
-146.009277
-156.459167
-73.573540
-1.568556
-64.960960
-149.146393
-160.552216
-76.651100
-3.217042
-69.042213
-152.808685
-163.554153
-79.232460
-5.510867
-72.047897
-156.716660
-166.329697
-81.176529
-9.090544
-73.905060
-157.212875
-167.440125
-81.507515
-7.543446
-73.795090
-156.695740
-172.742325
-88.150269
-10.496021
-77.640305
-163.049896
-177.075165
-92.121552
-15.002670
-82.243507
-166.306091
-176.975922
-93.175659
-14.339628
-82.013916
-166.244400
-177.452286
-94.533394
-11.818351
-76.418289
-164.912949
-176.806412
-94.503349
-14.238777
-79.187401
-166.451462
-175.813995
-94.479744
-20.177725
-86.835449
-182.047440
-199.653473
-130.367706
-53.195724
-111.460281
-198.938934
-199.945831
-108.752327
-29.179218
-90.361481
-179.267059
-191.669067
-102.082748
-15.992405
-73.876625
-172.314240
-186.769745
-95.735558
-17.628553
-80.805305
-173.187027
-184.854645
-89.915161
-17.185452
-90.645798
-183.247467
-194.756302
-94.968445
-14.936687
-84.501930
-176.117615
-192.997849
-102.414803
-22.092821
-89.237640
-180.197250
-192.316559
-94.539291
-4.804373
-77.555008
-175.602097
-187.674179
-96.018806
-11.971236
-85.964272
-182.022766
-191.783325
-98.588364
-7.011295
-74.363716
-171.066483
-182.464798
-95.397598
-12.189569
-79.553253
-174.573196
-184.964615
-93.695473
-12.929859
-83.951538
-179.725723
-189.058731
-97.021950
-15.576662
-81.537552
-178.470444
-191.078445
-98.725693
-22.227468
-91.722969
-184.906677
-186.997726
-91.146835
-12.199761
-83.579247
-176.858444
-184.313370
-92.915482
-12.613358
-85.824257
-183.659988
-187.862473
-88.887878
-5.817175
-76.342110
-173.111923
-184.218964
-94.583817
-13.164284
-81.244652
-173.794281
-182.192276
-92.635994
-10.448814
-79.960411
-175.674515
-183.456680
-94.146080
-12.176158
-79.450256
-173.036835
-177.247360
-89.584183
-11.461617
-75.423729
-169.092911
-179.178558
-90.410301
-13.602020
-79.206711
-170.457611
-180.957397
-91.180092
-6.442667
-72.004982
-166.693405
-180.712234
-97.573952
-22.764446
-91.983147
-176.216324
-183.558594
-101.533432
-20.127298
-85.143517
-178.418411
-187.821701
-102.128342
-20.985069
-88.985512
-180.991730
-184.894333
-98.591042
-22.475304
-89.015015
-185.373917
-193.173798
-106.104988
-27.023796
-96.058502
-191.870758
-193.264450
-101.363373
-20.816626
-82.226341
-176.767776
-181.160172
-92.686424
-17.201544
-83.535797
-180.647324
-191.240982
-99.435944
-20.436825
-81.952225
-179.285309
-190.872452
-100.666534
-24.839405
-88.227516
-178.411972
-191.764008
-106.129128
-27.941113
-88.713531
-180.902145
-192.697433
-100.972313
-23.416224
-90.493446
-181.245468
-193.997772
-108.063538
-29.421154
-95.478600
-177.240921
-178.570221
-90.264389
-14.232876
-86.583862
-182.122543
-187.124329
-93.592476
-10.857583
-82.709679
-177.849777
-185.385727
-97.566978
-14.731230
-84.492271
-178.319702
-182.643433
-96.633034
-16.513826
-87.324684
-184.383102
-187.684372
-99.875824
-20.436289
-88.203377
-185.018250
-189.348419
-97.780479
-16.970875
-82.833595
-179.247757
-187.706360
-99.223511
-23.817482
-91.258949
-186.372772
-192.586395
-97.896355
-21.803143
-90.552460
-183.171280
-190.127869
-103.998917
-24.084631
-90.372215
-185.138962
-190.897659
-98.587830
-21.107914
-91.462799
-186.075043
-191.647064
-99.041656
-20.785513
-91.039543
-181.424637
-186.761688
-95.846603
-17.614605
-87.659424
-182.028671
-186.905991
-98.219826
-19.223394
-89.342781
-187.741241
-189.479843
-99.064720
-20.596148
-88.279015
-187.635559
-192.019913
-104.958069
-24.400597
-93.864449
-193.985962
-195.807724
-105.184990
-23.480597
-92.929428
-191.831604
-193.513901
-105.878067
-25.974516
-92.163925
-186.699463
-188.490646
-102.227585
-20.983995
-87.111717
-185.981705
-190.737793
-103.909332
-25.658016
-86.221230
-183.684662
-187.190842
-97.033752
-19.789339
-87.276939
-188.537857
-192.950104
-105.090034
-28.622393
-92.021774
-190.147720
-188.425201
-90.501495
-13.561787
-86.407906
-191.880417
-198.643890
-100.753441
-23.833574
-92.738991
-188.707367
-190.413788
-95.238274
-20.051661
-88.186745
-184.193741
-192.288666
-97.171082
-27.017359
-102.872391
-200.478531
-202.169388
-101.413803
-26.241665
-93.263634
-188.041107
-196.189133
-100.664932
-26.221815
-100.146187
-187.941864
-191.813370
-99.170937
-24.131838
-96.743004
-193.377640
-197.619293
-104.794456
-25.975590
-97.649590
-189.278671
-194.533142
-112.107773
-35.675529
-106.770172
-199.946381
-197.929352
-108.174576
-29.906635
-109.223320
-205.449738
-205.822021
-114.789978
-29.723707
-104.976845
-205.002869
-197.918625
-101.642860
-13.258698
-85.160683
-184.645432
-179.734299
-94.817169
-19.334974
-92.249756
-189.031921
-181.192352
-89.958076
-9.434403
-81.345505
-186.290695
-181.612930
-91.544334
-17.758371
-88.186745
-188.543213
-185.026306
-94.076881
-18.500271
-87.311813
-190.934677
-187.562607
-93.770569
-22.875490
-90.865204
-188.898346
-185.527344
-93.584427
-24.511103
-93.439583
-193.669998
-192.468369
-98.186569
-27.777496
-97.630280
-192.442093
-189.049622
-92.566261
-23.097040
-94.128914
-190.601547
-190.456711
-96.456009
-27.769987
-97.834663
-190.138062
-190.904633
-97.603989
-25.280897
-95.352005
-188.126938
-190.292023
-97.697868
-22.860470
-97.915665
-194.681732
-195.589935
-105.961220
-31.999294
-105.044441
-198.703979
-194.724121
-102.607384
-26.359144
-99.677879
-194.868423
-189.994827
-100.288879
-25.598471
-101.219612
-194.978928
-188.297531
-98.925781
-23.779930
-98.121658
-195.304550
-189.750214
-102.108490
-24.851208
-94.481895
-191.566605
-187.062103
-98.432259
-22.797169
-95.881470
-193.982208
-185.486038
-97.315926
-24.972443
-97.244041
-194.944595
-190.173996
-102.636887
-30.089561
-100.636497
-196.550705
-184.300491
-95.864304
-24.741236
-96.641083
-195.362473
-182.988892
-90.525101
-19.790413
-91.868347
-190.737793
-182.527557
-93.003998
-24.709587
-94.537148
-192.991409
-185.284866
-93.023308
-23.260654
-93.100555
-189.579620
-182.216415
-93.079636
-25.976662
-95.246323
-191.478622
-184.689423
-89.413055
-22.590103
-92.550163
-189.646133
-184.995728
-90.617905
-22.802534
-94.801079
-190.899811
-184.359512
-87.445923
-19.304934
-94.163246
-187.762161
-181.162857
-89.247292
-22.161486
-96.303123
-191.557480
-182.689026
-89.976318
-21.119715
-95.492546
-192.606781
-182.345703
-89.280556
-20.518364
-93.947594
-189.963715
-180.918228
-91.323326
-20.680370
-93.073730
-189.765228
-177.800430
-88.598198
-22.228540
-95.641144
-192.186203
-177.395416
-86.588692
-20.294132
-92.332909
-191.223816
-178.674835
-86.166512
-18.320562
-91.747116
-191.099899
-177.969955
-85.134392
-22.365870
-95.619148
-191.209335
-178.678589
-85.370964
-21.467329
-95.288704
-190.791443
-179.230057
-86.154709
-20.970049
-94.687889
-192.989792
-181.970200
-86.301155
-19.206228
-92.850571
-189.177292
-175.829544
-83.024033
-20.140173
-93.897171
-189.023331
-178.263382
-86.437950
-20.118715
-91.747116
-189.450333
-180.507858
-89.132492
-22.152903
-93.650406
-191.008698
-179.105591
-84.673058
-17.611923
-88.929718
-188.580231
-178.773544
-87.328438
-23.161949
-93.333374
-187.811508
-178.354584
-85.671371
-20.722750
-91.865669
-187.266479
-175.715820
-83.437096
-20.760836
-93.345711
-185.706512
-171.828766
-79.349403
-18.953564
-92.068977
-183.622437
-171.816422
-80.558548
-17.790022
-94.246933
-187.425278
-176.569305
-83.842110
-18.322172
-95.598763
-187.713882
-171.517624
-80.387955
-15.255334
-91.603882
-187.020264
-173.131775
-80.661003
-14.771463
-92.605423
-190.612808
-175.793060
-82.905479
-17.360331
-90.349678
-186.787445
-175.704559
-85.100601
-20.549479
-94.176125
-189.898270
-174.856979
-84.741180
-23.650112
-95.619148
-191.547287
-174.282440
-80.427650
-21.483959
-94.920166
-189.028152
-172.821716
-79.058121
-16.229513
-88.498955
-183.022690
-169.332169
-79.090843
-20.316662
-96.261818
-188.148926
-170.500534
-78.227707
-17.964901
-95.156738
-189.735733
-171.403366
-79.209396
-17.753544
-94.097801
-189.973373
-171.294998
-80.370255
-21.317663
-99.199905
-195.541656
-172.371643
-77.898865
-14.825108
-89.067589
-186.376526
-165.643585
-73.552078
-14.917376
-91.469238
-191.090775
-172.204269
-79.665367
-19.219639
-94.863304
-192.487152
-171.278915
-77.810356
-18.588247
-91.181168
-184.776855
-162.983902
-71.108047
-16.166748
-87.655136
-184.062851
-169.455551
-75.991280
-17.142000
-90.266533
-185.843307
-172.776657
-80.158897
-21.614315
-97.822327
-192.674362
-176.451279
-81.316536
-16.332510
-92.435371
-188.902634
-168.275909
-71.668098
-13.070406
-89.641579
-185.773560
-167.113434
-75.927444
-17.776073
-94.389626
-189.675110
-170.326721
-79.280739
-22.082628
-96.830978
-191.465744
-170.823471
-75.585197
-17.839911
-94.999023
-190.931992
-171.490799
-76.885529
-20.197573
-93.941162
-186.269775
-164.487549
-70.280319
-16.322317
-94.809662
-191.707687
-168.130539
-71.108589
-14.280083
-95.715706
-191.285507
-165.808273
-67.533203
-10.716498
-92.322716
-189.489502
-165.940247
-70.589851
-11.384906
-91.851181
-189.989456
-165.319046
-71.058159
-12.306513
-95.571945
-193.436646
-168.388565
-71.798454
-9.522916
-92.616150
-191.523682
-166.252991
-72.275887
-14.421703
-95.583748
-195.763199
-167.250229
-70.425163
-12.953463
-91.536293
-189.781326
-165.010056
-71.491074
-17.768026
-95.401352
-191.003876
-165.904297
-68.814224
-16.056778
-94.717926
-193.996155
-169.290863
-70.734154
-14.155092
-92.075951
-191.803177
-167.655243
-71.668633
-16.251507
-94.170219
-190.960953
-165.770721
-67.882423
-13.220074
-94.235130
-193.246750
-165.447250
-67.193100
-11.568368
-93.783981
-193.048813
-166.699844
-69.177933
-7.962943
-87.899216
-193.542328
-170.615860
-73.246841
-18.531384
-97.448425
-194.299789
-164.888275
-67.314331
-15.706482
-92.060928
-187.962250
-159.502396
-62.559315
-13.304832
-90.176949
-189.514175
-164.672089
-65.495262
-14.838518
-92.152664
-188.321671
-167.703522
-69.176323
-15.101912
-93.560287
-192.334259
-167.035660
-68.045502
-15.367987
-92.380112
-188.803925
-165.588867
-67.501549
-14.927568
-94.489937
-191.647064
-169.417450
-71.697601
-17.725111
-96.643761
-190.942184
-164.126526
-67.583626
-14.039221
-92.402641
-189.464279
-164.589478
-69.980988
-14.309051
-95.857330
-192.829941
-165.516449
-71.506088
-16.339483
-96.450104
-194.403854
-165.591019
-68.552444
-17.750860
-99.580246
-194.791168
-161.031799
-65.471657
-17.999769
-99.224045
-195.342636
-165.365707
-66.103584
-14.742496
-96.206558
-192.581024
-159.972855
-60.154446
-10.812522
-92.325394
-189.681015
-161.626175
-65.502769
-17.371061
-95.855186
-192.711914
-162.103073
-61.872669
-12.043657
-92.091507
-189.587662
-160.986740
-63.211628
-13.363304
-95.799393
-192.983353
-162.166916
-65.858429
-16.338409
-93.560822
-194.837845
-165.931122
-69.640884
-21.831573
-99.553421
-198.858475
-169.146011
-71.449226
-23.735943
-101.349426
-197.353210
-165.316360
-66.386292
-22.699537
-100.837128
-194.876465
-162.888962
-64.854752
-22.013964
-100.276009
-195.469238
-163.582047
-63.239521
-19.625189
-98.697800
-193.142151
-162.320862
-62.838264
-17.387690
-97.244576
-193.142685
-164.490234
-62.250324
-17.072798
-98.342133
-195.314194
-166.411774
-67.568611
-23.492933
-103.365913
-195.705261
-165.196732
-68.475197
-22.355141
-102.187347
-194.777222
-161.304306
-64.119820
-20.620825
-100.049629
-193.711304
-163.076172
-63.240597
-19.031347
-99.370499
-187.962250
-154.655655
-57.350464
-17.026129
-99.328651
-194.769714
-165.127533
-63.188023
-18.587709
-100.313026
-193.505859
-162.500580
-64.832756
-19.337120
-100.975525
-192.805267
-160.039917
-60.790131
-16.949417
-99.227264
-187.733719
-157.408676
-60.688206
-16.109886
-100.291565
-190.204575
-158.011627
-59.025234
-8.792819
-94.424492
-192.896988
-162.214645
-66.310654
-18.564644
-102.132637
-193.027344
-160.140228
-65.431961
-17.685951
-99.693436
-193.084213
-155.767151
-64.390724
-20.408930
-101.517334
-193.209732
-151.846298
-58.262417
-16.039076
-97.966629
-196.719147
-159.097382
-62.997589
-20.838621
-98.689217
-196.203079
-158.410736
-59.155590
-20.486177
-100.539398
-199.885223
-163.714005
-63.816196
-25.657478
-104.345459
-198.422348
-161.507614
-59.944160
-22.427025
-101.287735
-193.062759
-158.433807
-58.709808
-20.593466
-100.486832
-192.224838
-158.433273
-55.932114
-15.674295
-97.597557
-188.723465
-154.552658
-57.581135
-22.006990
-102.695358
-192.830475
-158.787323
-61.238060
-25.066856
-105.640427
-191.723785
-155.029007
-59.147545
-20.197035
-98.256302
-186.509567
-153.373550
-57.595619
-21.302643
-106.632309
-195.109818
-160.542023
-63.449806
-22.210302
-105.431747
-194.020844
-158.566849
-61.546513
-19.713165
-102.366524
-189.409576
-152.571045
-56.704052
-18.392447
-103.185669
-191.523148
-156.193634
-63.293167
-22.614243
-105.497734
-193.410904
-152.582306
-59.483894
-20.402493
-100.492195
-189.636490
-150.557236
-59.023628
-23.001017
-107.575912
-201.033737
-159.439636
-63.646145
-25.042717
-105.668861
-194.025131
-148.604584
-54.334587
-19.849421
-100.931007
-195.155945
-151.615097
-56.324787
-26.589815
-107.885971
-199.405640
-156.153931
-57.307014
-24.275068
-104.311661
-195.722961
-152.369339
-51.089653
-18.077555
-97.983253
-191.703934
-155.799881
-57.934113
-24.329784
-100.728226
-190.577408
-152.608047
-52.813774
-19.179405
-98.790604
-188.632797
-151.277679
-55.646187
-22.257509
-99.542694
-187.288483
-152.846237
-57.668575
-24.101261
-102.723793
-190.518936
-150.546509
-54.623196
-21.725359
-102.120293
-190.118744
-146.784973
-49.213715
-20.253899
-104.614212
-191.333252
-147.600372
-49.471207
-17.808260
-101.289345
-190.314545
-147.963547
-52.021988
-22.009136
-102.974312
-191.906174
-152.674042
-52.963444
-21.169605
-103.256477
-190.624069
-148.949524
-50.965733
-21.810652
-104.995621
-192.653442
-150.990143
-53.857155
-20.687344
-102.964119
-193.036469
-151.004623
-51.954933
-18.646183
-102.919594
-192.723190
-148.274673
-51.136860
-24.354998
-107.453598
-195.746033
-150.584595
-51.126667
-20.723822
-106.077087
-193.973633
-146.846130
-47.439697
-15.689316
-99.104416
-188.689133
-145.508240
-50.891705
-21.418514
-101.321533
-190.268951
-145.859619
-49.316711
-21.360579
-103.176552
-193.457581
-148.538605
-50.178238
-22.381426
-103.806335
-192.928101
-148.495682
-50.028034
-21.560135
-101.707237
-192.444229
-149.016571
-48.814602
-21.452847
-102.937836
-188.969147
-145.268448
-47.548595
-22.345486
-104.239777
-191.211472
-144.352219
-45.791748
-23.678007
-104.498344
-191.365967
-146.191132
-46.809380
-21.039249
-103.416336
-192.127197
-147.378281
-45.321289
-19.914867
-101.859589
-188.561447
-144.520126
-44.474247
-19.181015
-101.545769
-187.922546
-142.668854
-42.631569
-18.225077
-102.226509
-188.198288
-142.349136
-39.842072
-12.110712
-97.208633
-184.722137
-140.797745
-42.090302
-16.170504
-98.003639
-181.895630
-139.373489
-43.251698
-18.303932
-100.088791
-183.941086
-141.015549
-44.340137
-18.376352
-100.707306
-184.250610
-139.646011
-43.028538
-16.706945
-98.448891
-184.018860
-141.032715
-47.286274
-21.792414
-102.131027
-187.171539
-142.101303
-47.222439
-20.390692
-98.301903
-184.097183
-139.664780
-45.215073
-20.527483
-98.031540
-184.311768
-140.552597
-44.649128
-21.215202
-100.262062
-187.707977
-143.040070
-44.662003
-19.627871
-96.878723
-184.185699
-141.177551
-44.920567
-23.046614
-100.457329
-186.036423
-142.604492
-45.789066
-24.012211
-101.515724
-186.378677
-144.078629
-45.358303
-23.814798
-102.420166
-185.408249
-141.066513
-43.691044
-21.330000
-99.723473
-185.248932
-142.899521
-44.665222
-22.358360
-102.401924
-187.091599
-146.526947
-49.097843
-25.386040
-104.625481
-187.402740
-144.090424
-45.260136
-20.542505
-101.737274
-187.295456
-146.137497
-46.017056
-21.934570
-101.404144
-183.549484
-141.366379
-46.098057
-25.786224
-107.957321
-190.013596
-143.580811
-43.614868
-20.843985
-103.360550
-186.541214
-140.895386
-42.347794
-19.869270
-100.837662
-184.042465
-141.348679
-44.325115
-21.835329
-103.654518
-187.702072
-143.811478
-44.604603
-20.686808
-102.257622
-184.831573
-141.456497
-46.499317
-23.086847
-100.365059
-183.359039
-141.029495
-43.545132
-21.367552
-105.700508
-189.521149
-141.672150
-43.361668
-22.027376
-103.734985
-186.768127
-140.049408
-42.573635
-22.156658
-107.160706
-191.552124
-145.588715
-48.973927
-27.885323
-108.279182
-190.361755
-144.144608
-47.240143
-27.198677
-109.285545
-192.393280
-144.145142
-44.595486
-24.081413
-108.815628
-193.615829
-146.419662
-48.358627
-27.109091
-109.897095
-192.268814
-145.145615
-49.379475
-30.197386
-111.342270
-195.316345
-149.261734
-51.688320
-31.883959
-111.944687
-196.205765
-148.807892
-49.856373
-30.768696
-110.817093
-192.497345
-142.246140
-44.570808
-29.721561
-114.991142
-198.502274
-145.785049
-46.506290
-30.234400
-110.871269
-192.563858
-141.779968
-43.545132
-28.243664
-111.741913
-193.581497
-144.917618
-46.716038
-30.410889
-112.183411
-192.311203
-143.036316
-43.984478
-30.675892
-116.676109
-196.880615
-145.411682
-44.957581
-31.140987
-116.834358
-197.472839
-143.943451
-43.403511
-29.938284
-115.675644
-194.669403
-145.089279
-45.184498
-29.295628
-115.193916
-195.749786
-144.392990
-44.875507
-27.103189
-110.627190
-191.342911
-140.972092
-44.922176
-32.077076
-116.546822
-196.203079
-144.000305
-47.417168
-34.331741
-116.342979
-194.535828
-141.845963
-43.126171
-28.737728
-112.166779
-192.118073
-141.469910
-45.914593
-33.968037
-115.072144
-193.597580
-141.327225
-44.222118
-31.372730
-111.982239
-192.036545
-140.376114
-42.432552
-31.661873
-113.361435
-191.839111
-141.249969
-43.666904
-32.327595
-113.587273
-191.722702
-139.766174
-42.116585
-32.256248
-113.204796
-190.783401
-141.200089
-44.370716
-32.828098
-112.827675
-191.342911
-140.058533
-42.524818
-33.077541
-114.624214
-190.156830
-137.371490
-40.699306
-30.379776
-114.099579
-191.421768
-138.960434
-42.517845
-31.049255
-113.937035
-190.655182
-137.590363
-40.073814
-29.134159
-113.579765
-191.907242
-139.375641
-43.060722
-30.618492
-111.588493
-188.175217
-135.512726
-40.881699
-30.706469
-112.675858
-190.426666
-135.116837
-38.843754
-29.882494
-111.859398
-189.119354
-133.433472
-37.843292
-30.598108
-112.828209
-190.810760
-134.838425
-39.965992
-33.938530
-113.705826
-191.443222
-134.575562
-35.261395
-30.749384
-113.002556
-190.744232
-135.449966
-35.811249
-31.050865
-108.604805
-185.900162
-134.594879
-37.317577
-34.449760
-114.716484
-189.698715
-138.106415
-40.279808
-35.764042
-114.631729
-187.578690
-136.766922
-37.506405
-34.683113
-115.332321
-185.053131
-134.575562
-35.830563
-32.290047
-114.439682
-187.693497
-138.593506
-39.074963
-32.969181
-115.994827
-186.875961
-137.914917
-40.309849
-34.868183
-118.906631
-189.201431
-138.731369
-40.851120
-33.599499
-117.676575
-187.962250
-136.602768
-38.667801
-30.895296
-115.890755
-186.156586
-134.344894
-39.609257
-31.812613
-116.634804
-184.637924
-130.729279
-38.026752
-30.937675
-115.674034
-186.786362
-132.979111
-38.863068
-31.992321
-116.261978
-186.942474
-133.095520
-38.647953
-29.584232
-112.270309
-183.631561
-129.390854
-38.386707
-33.285683
-116.256073
-188.690201
-131.254990
-36.444786
-31.495575
-112.674789
-186.324493
-130.568344
-36.159935
-33.433739
-114.747597
-186.697327
-129.761536
-36.047821
-34.407917
-114.238518
-187.423126
-131.031830
-37.077251
-36.585873
-116.087097
-187.841019
-131.458832
-35.775845
-35.908882
-115.414398
-186.288544
-130.552780
-35.040920
-34.713688
-114.902634
-185.766052
-130.216431
-33.731464
-34.565094
-116.266266
-187.440826
-133.222656
-36.682968
-35.860065
-117.190552
-186.022476
-131.766220
-36.457661
-35.516205
-115.408493
-184.361115
-131.627808
-36.529545
-34.584408
-115.537781
-183.872955
-131.464737
-36.462490
-35.374584
-116.594566
-186.180191
-134.587906
-40.024464
-37.377659
-116.769447
-183.744202
-131.595627
-37.974182
-37.053112
-119.394257
-187.791122
-133.236603
-37.022533
-36.181931
-118.879272
-185.542358
-131.138046
-36.608402
-36.220016
-118.613197
-184.845520
-130.367172
-36.686722
-37.692013
-120.503616
-185.495697
-129.418747
-34.742657
-36.041382
-118.796127
-183.035034
-127.932800
-34.472828
-35.116020
-116.636414
-182.649872
-128.147385
-35.078468
-36.215725
-118.853523
-185.391083
-130.032974
-37.016636
-37.055794
-117.494720
-183.486176
-127.656532
-35.441105
-37.361031
-117.605225
-182.523804
-126.731171
-34.979763
-35.542492
-115.188553
-182.168671
-125.641121
-34.701889
-36.619129
-116.989388
-182.342484
-125.110580
-35.107975
-36.998932
-116.535027
-181.573761
-124.206680
-35.793545
-40.004078
-121.148956
-185.837936
-126.958084
-36.033871
-37.210289
-116.770523
-182.842987
-125.708176
-34.303310
-37.007515
-117.053764
-181.844666
-123.768944
-33.536198
-37.332062
-118.604614
-183.262482
-124.160004
-33.764725
-39.582973
-119.086342
-184.377213
-127.662437
-36.475903
-40.569489
-118.058517
-181.793167
-125.413132
-33.110264
-38.816933
-118.644852
-182.325317
-125.025826
-32.918217
-39.224091
-118.916290
-181.305008
-122.442322
-30.481701
-37.750484
-117.789223
-181.421951
-124.979691
-32.894077
-39.324406
-118.877129
-180.913940
-123.476578
-30.647461
-38.468246
-119.241371
-182.253433
-125.139015
-32.925194
-40.213291
-119.065422
-180.281479
-123.624100
-30.956987
-38.326626
-118.896439
-180.108734
-122.674065
-30.987028
-39.371613
-120.470894
-182.006134
-124.624565
-33.096855
-41.287785
-120.780960
-180.967590
-122.399406
-30.384068
-38.486485
-118.425446
-178.880829
-121.957916
-30.141060
-38.812641
-119.250488
-180.559891
-123.304916
-31.616810
-40.391388
-121.033089
-182.209976
-122.784569
-31.699959
-41.266861
-122.122063
-182.100006
-122.519028
-31.121140
-40.178959
-121.037376
-180.374283
-122.148888
-31.302992
-40.887600
-122.359711
-181.859146
-122.777596
-31.109873
-41.657928
-123.090881
-183.014114
-126.629250
-37.376049
-45.466663
-124.416428
-182.054413
-122.090950
-29.569748
-39.918785
-121.487457
-179.215027
-121.726707
-31.458023
-42.358521
-123.597282
-181.567856
-122.865036
-31.629684
-43.645447
-124.774773
-181.612930
-122.395653
-31.495575
-43.174984
-125.124527
-182.708878
-122.358101
-30.982737
-43.929222
-126.455978
-182.058701
-121.274490
-29.021505
-40.762070
-123.479797
-179.703186
-119.154465
-27.995293
-40.273907
-121.377487
-177.753769
-118.031693
-28.183046
-41.668121
-123.667015
-178.999374
-116.305428
-22.877636
-38.026218
-120.338928
-176.882050
-116.046860
-25.607054
-40.957870
-121.283607
-176.758667
-116.874588
-25.796953
-40.737930
-122.801201
-178.846497
-117.632050
-26.792053
-42.092445
-122.595741
-178.443085
-118.151321
-26.559774
-41.874653
-122.717514
-178.280548
-118.629829
-27.966862
-43.148163
-123.626785
-177.415802
-117.630440
-26.543144
-38.963917
-118.838501
-173.197769
-113.335686
-23.595930
-38.878086
-119.454338
-171.499924
-112.069679
-21.328928
-34.754459
-116.481377
-168.848831
-110.176575
-20.518900
-31.959597
-113.808289
-167.402588
-108.814018
-18.782438
-31.444077
-114.645142
-168.069916
-110.485031
-19.711020
-29.789154
-113.425270
-167.512558
-108.910576
-19.118252
-29.583160
-111.751038
-164.169449
-104.369057
-16.556206
-30.241911
-113.407028
-166.189682
-104.744034
-16.598047
-31.880203
-113.520760
-165.111435
-104.664642
-16.753080
-31.369511
-112.263336
-165.221939
-105.147438
-17.454744
-33.821587
-114.112450
-166.066299
-102.064507
-11.594117
-28.671209
-109.760834
-163.869568
-104.557350
-16.305151
-33.980911
-113.935425
-166.531403
-105.857689
-16.559423
-33.190731
-112.928528
-164.752563
-102.124588
-12.028100
-31.577114
-114.325958
-166.587723
-104.882973
-16.551378
-35.803204
-116.013603
-166.276596
-104.933929
-14.688314
-33.175175
-115.790977
-164.647949
-103.571907
-15.994015
-33.445004
-114.145714
-162.984985
-103.104126
-17.216566
-35.399261
-116.147179
-161.940536
-99.433258
-14.148655
-30.710760
-110.382034
-159.506165
-99.870995
-16.256870
-35.525326
-117.904022
-164.595383
-99.580246
-15.062752
-33.423546
-114.917648
-163.481735
-100.557106
-15.670540
-33.697670
-115.226105
-164.325546
-101.865486
-18.575373
-36.857311
-114.888145
-162.611084
-99.053459
-14.448525
-34.159008
-113.953125
-164.144775
-101.289345
-15.694143
-35.823051
-114.167168
-162.690475
-99.379074
-13.243677
-33.451977
-112.160339
-162.292969
-100.164963
-13.344528
-34.764652
-112.358284
-159.211655
-97.423744
-11.644007
-33.488995
-109.940544
-156.923187
-96.609962
-9.322824
-31.506304
-110.285477
-157.776672
-98.732666
-13.367596
-36.132042
-115.921333
-161.633682
-100.166573
-14.800968
-36.595528
-114.929451
-159.353271
-99.666077
-14.254333
-35.919609
-114.471870
-157.755219
-97.481682
-13.413729
-34.995319
-114.668205
-157.937607
-97.204346
-15.242459
-38.475220
-119.054688
-161.778519
-100.187492
-17.304005
-38.246696
-117.806389
-159.888107
-98.601234
-16.975166
-37.827198
-118.976372
-162.721588
-99.133385
-16.700508
-36.704426
-116.780716
-159.763657
-95.238274
-14.645936
-36.619667
-116.038277
-159.302841
-94.530708
-14.036001
-36.871796
-116.977051
-161.627792
-95.982323
-14.281693
-38.466637
-117.084343
-163.443634
-98.075523
-15.305223
-40.137653
-117.652969
-161.212036
-96.453323
-13.124587
-37.816467
-116.766228
-162.811172
-100.277618
-15.766563
-39.992813
-116.359070
-158.939133
-96.290245
-12.295784
-38.260643
-114.891365
-157.682251
-98.631813
-14.979603
-39.992275
-118.123962
-160.356415
-99.341530
-14.202835
-39.271835
-117.805321
-158.448288
-97.504753
-13.418557
-38.584118
-117.683548
-157.252029
-95.924919
-12.984575
-38.060551
-116.157906
-157.044968
-97.344894
-13.845565
-38.986446
-118.273094
-159.094711
-97.732201
-15.828254
-41.372005
-119.886177
-159.345230
-100.044800
-18.978777
-44.479076
-123.427765
-163.344406
-102.500099
-19.680443
-45.269791
-124.838608
-165.056717
-103.149193
-19.905210
-44.648590
-124.573067
-164.776169
-103.957611
-21.225395
-46.690826
-126.283241
-165.519669
-103.171722
-20.684662
-47.174160
-127.084152
-166.568420
-105.039612
-22.756399
-46.882870
-126.589554
-166.781387
-105.357719
-22.362116
-47.151093
-127.927971
-168.525360
-106.173111
-22.409859
-47.742786
-127.312141
-166.918716
-104.540184
-20.911577
-46.598557
-125.831024
-165.346405
-104.148582
-21.909895
-46.839420
-126.274658
-166.158569
-104.460251
-21.625044
-47.655346
-127.515450
-166.147842
-102.608994
-19.989969
-47.535721
-127.374901
-164.637222
-102.156776
-19.174578
-47.210636
-128.276657
-165.041168
-101.750687
-19.286694
-45.695724
-126.352448
-163.616913
-101.722794
-19.493223
-46.636108
-127.244545
-164.853409
-103.459251
-22.258045
-50.652988
-131.053284
-165.585648
-100.353790
-18.060389
-45.931225
-125.267761
-159.781357
-97.020340
-17.586710
-46.956902
-125.897003
-162.908264
-100.372032
-19.588175
-47.884945
-127.507942
-163.709183
-100.767929
-20.273746
-50.727554
-132.083786
-168.557541
-102.971092
-22.084238
-51.684566
-131.927689
-166.469177
-101.896599
-20.809116
-51.399178
-131.920181
-166.165009
-101.224442
-20.723286
-50.231346
-130.498596
-165.905914
-102.125656
-21.718386
-50.718433
-129.097412
-162.184616
-97.794426
-18.897774
-48.979828
-128.993347
-163.771408
-98.542763
-17.637672
-48.791534
-129.294830
-164.465561
-101.535576
-20.937326
-51.305840
-130.572098
-163.856705
-98.580315
-17.943443
-49.619801
-130.431549
-164.450012
-101.005569
-19.788803
-51.348755
-131.096207
-162.194809
-97.421600
-18.207911
-50.965733
-131.186859
-162.703888
-99.289490
-19.421341
-51.790783
-135.098587
-165.467102
-99.831299
-18.770638
-49.264141
-130.639145
-160.497498
-98.181206
-22.380890
-53.328758
-134.002640
-163.059006
-99.878502
-23.121717
-54.507324
-136.374786
-167.095734
-102.041435
-23.333075
-52.662498
-131.986160
-163.236572
-97.154457
-20.513536
-51.238785
-130.138657
-161.917999
-96.340134
-19.318880
-51.250584
-132.891129
-165.089981
-99.243896
-23.072363
-53.106136
-127.962845
-159.164444
-98.069626
-24.543289
-56.092506
-131.533401
-160.937927
-98.108246
-23.224714
-55.440731
-131.493698
-160.297409
-96.800400
-21.131517
-53.460190
-127.544952
-156.573425
-95.926529
-20.783903
-52.865810
-127.121704
-155.442078
-91.950424
-18.538895
-54.073341
-129.853806
-158.159683
-94.767815
-20.235659
-54.889271
-132.218979
-162.258102
-99.727768
-24.032597
-56.989441
-130.992661
-158.798050
-95.973198
-22.033812
-55.642433
-129.855408
-156.760117
-94.755478
-20.456675
-56.228764
-133.393784
-159.323761
-96.286491
-21.398664
-55.708954
-132.422821
-159.111877
-97.444130
-20.046295
-52.697906
-131.500137
-158.586700
-98.211243
-24.804001
-58.617538
-134.636185
-158.936996
-95.814949
-21.312834
-54.605492
-132.206635
-159.175705
-95.592865
-19.215883
-50.838062
-127.043381
-153.604767
-90.561043
-18.135490
-53.228981
-130.915955
-157.180679
-92.810875
-19.822063
-54.422565
-131.430405
-157.565842
-93.922386
-19.999624
-53.833015
-130.115051
-155.391647
-92.884369
-20.235659
-56.071053
-132.866455
-159.199310
-96.321358
-21.647573
-55.925140
-130.736786
-154.400299
-93.183701
-17.238024
-49.499638
-126.104073
-151.434860
-91.188141
-17.515364
-50.574669
-128.034729
-153.750671
-91.739601
-18.424631
-51.316032
-128.215500
-153.798416
-92.408012
-17.946127
-51.059074
-129.347397
-155.855667
-95.577309
-20.706120
-50.444313
-125.713539
-153.719559
-94.053810
-20.506563
-51.191040
-126.413597
-154.257614
-93.290993
-19.873562
-51.784344
-126.697380
-153.165421
-93.139183
-19.364477
-49.421318
-124.542488
-153.230331
-92.693932
-17.626944
-48.553356
-123.856918
-150.361969
-88.974785
-15.555204
-47.752445
-122.919754
-149.168930
-87.939445
-12.713137
-42.958263
-115.203041
-139.799438
-80.805847
-8.421064
-43.352013
-122.420326
-148.382507
-87.062904
-14.292421
-47.207954
-120.932236
-145.295273
-87.063972
-14.461937
-47.018593
-123.288292
-147.153519
-85.367744
-13.653519
-49.229809
-125.812248
-149.387787
-87.825722
-13.068260
-44.667366
-119.906563
-140.885193
-79.164871
-8.102418
-44.095520
-119.396400
-142.260086
-85.677277
-14.829399
-49.717972
-126.031113
-147.696396
-86.255562
-11.094153
-43.113297
-120.740189
-143.335663
-82.453255
-8.513869
-43.029610
-122.120995
-143.706345
-82.794975
-12.148263
-47.788921
-125.737686
-147.588028
-84.514801
-11.381150
-43.420677
-121.092094
-144.501343
-81.641624
-10.764242
-44.989231
-121.287895
-143.863510
-81.372330
-11.438550
-46.915596
-122.688545
-145.076950
-80.194839
-6.956042
-42.982941
-119.236008
-140.475891
-79.011986
-10.088326
-47.185963
-122.456268
-145.510925
-86.397713
-15.751543
-50.857910
-124.753311
-145.119324
-84.949326
-14.056387
-48.933693
-123.800591
-144.967514
-84.711678
-14.603558
-49.756058
-124.613838
-142.910797
-81.355164
-11.589826
-46.018665
-122.777596
-142.432831
-80.756493
-11.822642
-47.065262
-122.620422
-142.203232
-80.331093
-12.810232
-49.184212
-126.010735
-145.963684
-82.557327
-12.503923
-47.505680
-122.350052
-142.320175
-78.952972
-10.645688
-47.935905
-124.118698
-144.473984
-80.982872
-11.893453
-49.015770
-123.781281
-143.404861
-82.231705
-12.388052
-50.724335
-126.552536
-144.437500
-82.232246
-10.653199
-49.045807
-125.320328
-141.715073
-80.168015
-10.745467
-49.779663
-125.466240
-141.355118
-79.956657
-10.743321
-49.550602
-126.138405
-141.337418
-79.660545
-10.796429
-48.052319
-125.232887
-143.383942
-81.880875
-10.338307
-46.131317
-122.395111
-140.231796
-80.236679
-10.895134
-46.460693
-121.775520
-138.364456
-76.438133
-7.611574
-43.957119
-120.831383
-136.990616
-72.894402
-3.502965
-38.452690
-113.279892
-130.245407
-68.701576
0.352979
-34.561340
-113.338364
-132.601456
-70.690163
-2.464414
-36.929195
-111.999947
-129.123703
-66.981201
1.243472
-34.636440
-112.537460
-131.331696
-68.716591
-1.655460
-37.806278
-114.660156
-132.304810
-67.978989
-2.575994
-39.312603
-114.730431
-131.933044
-67.994545
-1.319111
-37.416283
-111.443657
-130.517380
-67.183983
0.040770
-38.666191
-114.552872
-131.863312
-67.521400
1.117945
-38.152817
-114.379066
-133.077286
-72.023758
-2.984226
-42.519455
-119.884567
-134.830368
-71.937393
-1.284778
-40.707355
-116.869766
-130.505035
-69.129120
1.099169
-38.087910
-116.333855
-129.207382
-70.734688
-3.509939
-40.862923
-118.438858
-130.181030
-69.225677
-2.264858
-38.834099
-117.076828
-128.742828
-66.593895
0.901759
-34.669701
-114.485817
-128.159180
-66.663094
-2.482653
-37.641052
-114.987923
-128.752487
-65.081665
-1.686037
-37.773018
-115.604836
-132.161041
-67.755287
-4.646659
-42.522671
-118.111626
-132.892212
-68.041748
-4.400969
-41.233067
-114.904243
-130.321045
-67.127113
-4.846216
-44.073524
-117.737190
-131.740463
-66.722099
-2.537906
-42.256596
-116.973297
-132.794037
-67.605621
-1.036942
-41.816715
-117.118675
-132.908829
-68.806175
-1.913488
-43.334309
-116.776962
-127.843216
-62.869377
1.637757
-39.461735
-112.313225
-126.736534
-64.610130
1.500964
-39.744442
-114.148392
-126.735466
-62.482605
5.852044
-35.318260
-111.259117
-124.502258
-64.207802
0.670016
-42.742615
-118.011314
-127.297119
-66.049942
1.012802
-40.324871
-115.636482
-123.524857
-63.245960
1.824439
-40.240112
-117.709831
-126.118019
-66.006493
-0.806809
-39.967064
-117.120819
-123.740509
-63.107021
1.082003
-39.371613
-118.329956
-124.866501
-63.617714
-1.286924
-39.784672
-118.543999
-124.715225
-62.173615
-0.976861
-37.532692
-115.874664
-124.016777
-59.826679
0.589550
-38.455906
-118.456558
-129.213287
-63.549049
-3.874720
-41.823154
-117.827309
-128.035797
-60.848602
-2.467096
-43.913128
-119.690910
-131.380508
-63.223431
-1.187146
-42.013588
-115.064636
-126.020386
-58.665821
4.039944
-38.630253
-111.982780
-123.335495
-56.452995
6.588043
-36.513988
-109.122467
-119.464531
-55.798538
4.240036
-42.054359
-116.625145
-124.937851
-61.033138
0.554681
-44.920033
-120.193558
-129.791580
-68.632912
-7.591189
-49.619801
-123.452438
-132.143341
-71.754997
-11.919202
-55.318958
-128.780914
-135.020279
-71.617134
-10.529817
-54.799683
-130.397217
-136.312027
-73.807426
-13.390125
-57.597229
-132.812820
-136.382828
-73.046753
-11.647225
-56.256660
-131.661606
-135.442993
-72.823051
-10.055066
-54.434902
-132.570343
-135.252548
-73.636841
-12.382152
-56.867668
-134.978424
-135.841568
-72.725426
-11.988938
-55.681057
-132.905624
-133.091766
-71.285614
-13.376715
-55.464336
-133.247330
-135.712280
-71.885353
-13.677658
-55.751869
-133.145950
-133.477463
-68.646317
-13.702871
-56.450314
-134.240280
-136.923035
-70.784576
-15.030565
-56.232521
-133.300980
-137.052307
-69.397873
-11.596263
-56.356438
-135.348572
-138.496948
-67.710228
-10.560394
-55.758305
-134.423218
-137.546371
-67.804642
-10.999204
-57.131596
-133.987625
-136.994370
-67.156624
-9.415092
-57.027527
-135.240753
-138.279160
-68.926338
-10.315777
-57.207771
-134.828766
-137.306046
-69.095856
-10.864020
-56.305477
-132.817108
-136.348495
-69.333504
-11.773290
-58.809586
-136.949310
-139.747940
-70.321625
-11.204661
-57.620293
-135.419922
-138.775360
-71.412216
-12.867632
-58.755943
-134.318069
-137.298004
-69.616203
-10.413409
-57.578453
-133.606750
-136.258377
-68.680115
-10.447742
-58.922237
-134.919418
-135.954224
-67.741875
-7.690431
-56.096264
-134.045563
-136.945023
-75.022469
-27.016285
-50.310738
-105.417267
-124.714149
-95.472702
-38.049286
-48.152096
-103.953857
-122.416031
-92.217575
-36.846046
-47.229950
-105.288521
-123.557045
-93.153130
-37.586334
-47.579174
-106.309906
-121.673065
-89.819138
-37.727421
-48.563549
-107.551765
-124.620277
-91.713852
-38.852337
-49.330658
-108.380569
-128.082474
-93.314056
-38.314285
-49.202988
-111.262337
-128.365707
-86.979752
-29.881422
-47.836666
-115.624680
-127.865746
-76.298660
-21.084846
-55.108673
-126.182396
-126.975250
-66.409355
-17.338873
-57.355827
-130.352158
-131.751724
-66.514503
-11.117221
-52.375504
-131.639084
-134.132462
-67.624397
-16.211809
-58.102020
-133.720474
-135.588898
-69.239090
-17.350676
-57.935722
-132.571411
-136.150024
-68.765945
-15.197398
-56.775936
-129.875793
-133.419525
-66.455490
-14.850857
-57.169147
-129.492233
-134.359375
-66.884109
-12.682559
-57.570942
-129.659073
-132.982330
-64.994225
-10.075451
-56.404716
-128.322800
-130.168152
-63.864479
-7.395924
-55.041618
-128.118942
-127.713394
-60.886154
-4.455686
-53.610928
-128.120026
-127.374367
-64.142357
-8.116365
-54.618904
-128.731033
-127.131897
-65.324669
-8.966626
-54.355511
-129.676239
-127.549248
-66.751610
-12.673439
-56.840309
-133.175446
-128.572784
-65.627228
-11.593581
-55.928894
-133.384659
-129.080795
-65.329498
-11.519552
-54.409691
-131.928757
-127.194122
-62.410183
-11.074841
-55.807121
-133.369644
-129.745438
-64.381607
-12.646081
-55.837700
-133.108398
-128.911270
-62.653191
-12.626232
-56.081779
-132.324646
-128.507324
-61.521301
-11.575342
-55.520660
-131.648727
-127.762749
-60.503670
-11.891307
-57.077953
-133.627136
-131.664825
-63.650974
-13.409437
-58.294601
-133.060654
-129.181641
-61.554558
-13.311269
-58.158882
-133.300980
-131.172913
-63.344128
-16.316952
-60.136208
-133.517166
-131.874573
-63.136524
-14.247896
-59.241421
-131.984009
-130.190689
-63.085564
-13.749542
-59.944698
-132.731812
-129.720764
-63.192314
-13.450744
-60.723076
-133.716721
-129.762604
-63.696033
-13.397099
-60.127625
-133.246796
-128.489624
-63.791519
-11.604846
-58.521515
-133.519836
-127.549782
-63.501842
-12.758734
-60.337910
-134.967163
-127.313210
-64.391266
-14.928104
-61.042255
-136.516403
-127.878624
-62.634953
-14.781119
-59.902317
-135.252548
-126.252670
-60.282654
-13.460936
-56.515224
-132.587509
-126.698990
-60.098118
-13.781192
-57.063469
-131.961487
-125.833702
-59.813271
-15.622260
-57.600983
-129.075424
-127.105072
-63.118286
-18.589319
-61.887154
-132.020493
-127.912415
-62.285728
-16.782047
-60.697327
-130.524353
-126.786423
-61.978886
-16.731085
-62.563068
-131.591873
-126.551468
-62.563068
-16.812624
-63.760944
-134.461304
-128.116272
-64.795738
-18.169287
-64.294167
-135.169937
-128.663971
-65.961967
-18.001379
-61.530418
-132.311234
-125.380951
-62.560387
-16.744497
-62.324352
-134.400681
-126.531082
-63.573189
-18.297495
-62.867233
-132.481293
-122.365608
-60.294994
-16.632380
-60.844845
-132.531723
-124.270515
-62.115677
-17.111959
-61.243423
-133.900711
-124.441101
-61.437077
-18.748106
-63.030312
-134.700012
-125.756454
-64.074760
-19.654694
-62.891373
-135.621078
-124.001755
-60.687668
-18.360258
-61.907539
-135.869461
-125.423325
-61.882862
-20.273211
-63.162811
-136.413940
-125.656677
-60.352928
-19.554379
-61.221966
-134.997208
-125.048355
-58.713028
-19.551161
-63.195000
-136.879044
-127.629715
-60.696789
-23.234369
-69.890862
-150.217667
-146.929276
-82.167336
-50.909409
-107.062531
-191.331100
-192.926498
-144.668716
-157.437103
-248.606476
176.396652
194.712936
-247.166656
-236.842834
147.116592
-57.178173
-81.944084
32.667797
79.513649
-60.087833
-229.213470
-198.695297
-14.483835
141.300491
95.076904
0.854647
39.642075
192.458817
-201.068069
246.653381
105.348160
138.081299
-224.301910
-136.989014
-238.078262
116.964806
136.044968
-224.760025
-142.366837
232.056808
28.247515
-4.525865
126.951744
177.963608
-25.877861
244.030273
-202.843597
59.508663
241.813599
141.199097
-44.332531
31.434515
-222.831512
-78.365570
-213.156250
96.070396
148.296234
-131.981857
-5.842388
-158.103363
143.158188
192.860611
-94.019478
30.235474
-129.031433
166.426346
216.165253
-74.566490
48.292107
-115.681541
177.366547
229.750107
-64.337616
58.106846
-105.804581
183.232544
238.112701
-55.973419
64.076912
-97.439842
189.062592
245.114868
-49.035618
67.296097
-93.698685
190.878448
249.190750
-43.905621
69.847946
-90.077705
191.847794
251.407867
-39.327625
72.311287
-88.046204
194.483353
253.685593
-35.936775
74.245697
-86.730309
195.608795
255.477844
-33.266907
77.434845
-84.453117
196.821167
-253.390457
-28.544609
80.405121
-82.560013
198.936356
-250.706650
-24.809900
82.880806
-81.836349
199.552719
-249.120392
-21.831573
84.079750
-79.143951
202.341675
-247.134476
-17.575981
84.080826
-78.882698
203.286362
-248.637589
-15.093328
83.769684
-81.064949
205.398865
-249.606934
-13.618650
83.894676
-83.756813
206.425613
-250.728638
-13.499023
84.539482
-86.959908
208.705490
-249.607468
-13.821424
86.640724
-89.133034
213.087677
-231.024597
16.269209
131.191147
-42.436306
-249.798981
-188.843628
37.975792
142.756836
-37.487095
-245.555725
-188.525513
27.937357
133.007004
-53.298183
243.036697
-205.907318
12.042048
127.814247
-46.168331
249.397278
-194.021912
17.389299
122.273338
-59.424885
224.867950
-213.978088
-0.057399
107.200935
-66.007027
218.518616
-219.747513
-3.982008
96.222115
-73.761826
209.999924
-227.691147
-7.580460
91.903221
-74.085838
209.591690
-226.686386
-3.070057
92.846817
-72.992569
211.266998
-224.799194
0.888348
93.805977
-72.743660
211.968674
-226.817810
-2.304554
91.199409
-74.932884
211.900543
-226.310349
-0.188291
91.289528
-73.753784
214.990448
-221.971069
3.538371
96.194763
-72.746346
219.687531
-208.282684
30.439322
121.297554
-51.990875
245.885193
-186.427490
32.025578
89.766029
-110.338585
152.993317
214.135895
-68.600182
17.018082
-148.864761
144.907532
221.418625
-47.556644
45.321289
-120.979446
180.190369
-251.841751
-6.233455
86.963127
-88.593910
205.685867
-239.839935
-8.734346
80.179283
-102.336479
192.517288
-248.118317
-16.828718
79.729210
-101.127876
197.248169
-237.829361
-11.071624
85.805481
-97.566444
199.930908
-229.840668
-7.253231
90.792244
-90.501495
198.989990
-230.731155
-8.870603
84.750305
-92.044304
196.821701
-229.714066
-4.177809
87.952858
-83.103966
201.452255
-224.646835
3.344179
88.836380
-81.368576
201.545609
-227.523773
2.944529
84.574883
-84.513191
200.516708
-233.873642
-1.487017
83.403831
-82.409271
206.592453
-226.267960
8.135140
86.367676
-81.921104
209.440414
-223.207031
13.122441
93.954033
-75.787430
211.826508
-222.477997
13.237776
90.510612
-84.079216
206.188507
-224.400070
11.524381
91.883904
-81.123955
210.277802
-218.769043
16.338409
94.855255
-78.139191
211.460114
-216.517593
20.493151
98.757339
-70.529228
223.171173
-207.465683
24.822775
98.905403
-77.126389
213.692795
-214.946365
20.857395
96.854050
-75.955338
217.008545
-214.498428
18.861296
97.339523
-76.056725
221.098907
-208.499939
23.677469
102.502777
-73.197495
223.824570
-206.243134
22.840084
102.711990
-75.385635
219.460083
-206.495255
20.982386
98.970306
-77.272842
213.805450
-208.515503
21.514536
99.128021
-74.887283
212.856476
-205.481918
25.296453
98.343742
-70.495972
215.082718
-204.035141
28.465216
94.507103
-71.237869
213.782913
-206.517242
30.877058
90.521339
-73.372910
214.205627
-210.948792
33.084515
89.424316
-76.285789
213.508255
-213.650848
36.579433
92.052345
-80.657791
212.196121
-218.561981
35.370293
91.817924
-85.652061
213.763062
-218.828583
33.882206
93.844063
-90.155487
213.598373
-217.018097
32.247665
96.003250
-90.687637
214.523209
-213.359024
31.078760
99.010010
-88.607323
214.354767
-211.392426
30.815367
101.142365
-88.056396
212.228302
-210.423080
29.168491
100.764709
-87.065048
213.090897
-208.152863
29.177610
98.785240
-87.891167
211.118408
-208.317017
30.735973
97.416771
-88.508614
210.776154
-207.216766
32.819515
97.545517
-88.025276
213.638077
-204.053375
28.656189
89.561111
-86.432587
218.586746
-201.771881
27.283970
88.328903
-85.725555
218.308868
-200.974731
28.257076
87.309128
-85.997528
216.972595
-200.877106
30.108873
86.508759
-84.683250
217.798187
-200.740311
31.150642
84.519630
-83.577103
217.477921
-201.588425
34.227139
82.681244
-83.387741
219.093689
-202.989075
35.684650
82.660858
-83.212326
221.023270
-205.346191
36.808495
82.911919
-85.639725
225.213959
-205.490494
38.600746
84.614044
-88.635216
227.768494
-206.298386
38.159790
88.254875
-91.040085
229.040924
-205.069397
35.992565
90.963905
-94.150375
227.237411
-203.646210
33.388680
93.836014
-95.383652
226.610840
-200.459213
30.339006
90.615219
-96.335304
228.272202
-195.312592
26.355389
88.202309
-94.835945
226.271820
-192.878220
26.319984
86.323685
-93.363411
223.459244
-191.496872
27.840260
83.009552
-93.366096
221.404678
-190.918579
28.912071
81.212471
-92.196648
221.877823
-190.161118
32.498722
80.747375
-91.776077
221.831146
-190.346191
34.187977
79.052216
-92.111893
223.049942
-190.849915
35.003368
79.355309
-92.595230
222.545685
-190.264664
36.572460
79.590271
-93.058716
220.657944
-190.185257
37.431839
78.480904
-93.963158
220.215927
-188.774429
39.108757
76.716011
-93.209991
221.046875
-189.802246
39.910736
74.162552
-93.929359
219.454712
-192.662567
40.353302
71.774315
-94.875107
220.327499
-195.240173
42.977573
72.709328
-96.655029
220.796890
-197.147751
44.961338
75.432304
-99.735809
222.444305
-197.794708
43.343964
76.856560
-104.007500
222.440018
-197.672394
42.680923
79.392860
-106.493904
223.701721
-194.730011
41.032974
81.557404
-107.171967
223.868561
-191.773132
38.007977
81.973145
-107.929420
221.641785
-188.902634
36.701206
81.987625
-106.759445
219.778183
-186.873810
36.100391
80.452866
-105.495590
218.317993
-184.685669
37.955406
78.146164
-102.975922
216.370178
-184.722137
40.567879
77.333458
-100.718033
216.180801
-184.574615
42.672878
75.807816
-99.426285
216.710815
-185.215668
43.761852
74.666809
-100.327507
216.178665
-185.342804
46.139900
74.229607
-101.072090
215.855194
-184.924911
47.240677
74.060089
-101.983505
215.357376
-184.471085
47.115150
72.957703
-101.160065
216.482819
-183.848282
47.574345
72.220093
-100.866096
215.577850
-184.049973
49.745865
71.215874
-102.311806
215.405655
-184.884140
52.233883
70.754539
-103.558495
216.803619
-186.225250
54.681129
71.230896
-105.091644
219.256226
-187.514328
54.829189
70.983597
-107.549088
220.565689
-188.607590
54.108746
70.973404
-109.237267
225.483246
-187.420441
51.446384
72.817688
-112.270309
226.603867
-185.196884
50.786564
75.548714
-113.416687
225.969269
-182.296890
50.239929
75.867363
-114.331856
224.190414
-180.044373
49.380547
76.354454
-111.865295
221.540405
-177.450134
48.962662
75.048752
-109.171822
219.884933
-175.852081
51.039764
73.022072
-107.263161
218.460678
-176.434113
51.895924
70.847343
-106.418800
218.638245
-176.638504
55.213280
69.824883
-107.089890
219.498169
-176.510818
57.288239
69.184372
-107.502419
220.502914
-178.589539
57.921776
69.179543
-110.096115
222.048401
-177.625015
58.518299
69.927345
-111.697929
222.128876
-178.612076
58.092361
71.428841
-112.616318
221.339233
-177.840134
58.857864
72.308609
-113.059418
220.739487
-176.959824
58.380432
71.800064
-112.905457
220.730377
-176.161606
59.858330
71.445473
-112.062172
221.191177
-175.410583
62.057205
71.280251
-112.794418
220.870377
-176.185745
63.375244
70.641884
-113.559380
222.096695
-176.273178
64.245354
69.957916
-116.198677
222.783875
-174.635422
64.946480
69.262154
-117.862717
223.409897
-173.754593
65.586990
69.992790
-119.295013
222.150330
-172.624847
66.302071
71.542030
-119.264442
221.030777
-171.837875
65.454491
70.933174
-119.018745
219.982040
-170.185638
65.684090
68.981598
-118.739265
219.016968
-169.835876
66.735512
66.769844
-118.618561
217.925858
-170.620163
67.895302
64.365517
-119.642097
218.025101
-172.362518
69.290588
63.425133
-121.915535
218.697250
-173.395706
69.435425
58.791885
-126.610474
222.916367
-171.980576
