-108.000549
-255.575928
-108.000549
-30.561630
232.136642
233.652527
159.349838
-178.944321
101.220840
144.728790
-108.000549
251.616013
-108.000549
-34.612301
-227.902054
238.802368
150.384277
-180.273087
64.526070
145.278107
-108.000549
253.134140
-108.000549
-43.520454
-221.922882
252.592682
124.512230
-173.434525
11.172095
156.441467
-108.000549
252.538147
-108.000549
-54.916092
-151.712830
211.073151
111.862396
-199.834442
-62.993137
134.557861
-108.000549
254.185028
-108.000549
-49.913773
-183.983017
216.352280
108.000015
-171.333282
-81.708519
171.563766
-108.000549
-252.045609
-108.000549
-25.876347
-174.402176
245.289017
108.000015
-148.134323
-168.633560
186.041245
-108.000549
-253.346466
-108.000549
-32.078152
-219.744934
235.803116
108.000015
-156.863297
-167.690491
173.705231
-108.000549
251.942169
-108.000549
-37.522499
-155.485092
231.032547
108.000015
-172.291901
-203.457764
144.306076
-108.000549
250.265244
-108.000549
-26.188557
-163.366486
248.397705
108.000015
-156.280182
-213.457047
174.107025
-108.000549
254.937653
-108.000549
-38.994495
-159.313675
223.331924
108.000015
-174.734314
-239.156357
179.265991
-108.000549
-250.850952
-108.000549
-33.160152
-188.853912
234.867035
108.000015
-178.499603
140.789948
170.429184
-108.000549
-254.688644
-108.000549
-58.831043
-191.507156
194.228882
108.000015
-175.760529
137.988113
176.576813
-108.000549
255.013824
-108.000549
-50.064510
-152.087799
222.492935
108.000015
-164.862717
102.448311
181.570007
-108.000549
-253.984833
-108.000549
-59.894272
-153.874146
204.782303
108.000015
-176.850586
51.170372
176.945877
-108.000549
254.092758
-108.000549
-39.189224
-123.151588
240.737320
108.000015
-150.522018
24.205046
176.150879
-108.000549
254.765991
-108.000549
-52.796608
-69.992882
219.566635
108.000015
-143.803619
20.371096
203.747604
-108.000549
-247.880127
-108.000549
-37.720448
54.763111
254.588242
108.000015
-154.694458
13.110355
175.402542
-108.000549
254.274078
-108.000549
-49.782879
16.735281
226.827911
108.000015
-148.192245
28.358179
172.984253
-108.000549
250.675629
-108.000549
-53.172657
36.712914
218.046356
108.000015
-168.483170
30.776459
179.585175
-108.000549
-251.101471
-108.000549
-47.644619
42.391685
238.675766
108.000015
-157.726440
41.327194
152.723389
-108.000549
249.152664
-108.000549
-50.599342
37.988571
236.248367
108.000015
-139.093124
15.463725
186.462357
-108.000549
-255.677307
-108.000549
-52.038616
55.502327
227.947998
108.000015
-144.816956
-11.533248
172.128632
-108.000549
255.063721
-108.000549
-48.232563
38.069576
231.955765
108.000015
-144.207565
15.306547
198.211517
-108.000549
-251.214661
-108.000549
-46.861950
51.969322
209.330261
108.000015
-161.171463
21.311478
171.722015
-108.000549
248.562042
-108.000549
-54.439732
32.985180
226.285568
108.000015
-136.935562
52.494308
199.931351
-108.000549
-251.917389
-108.000549
-54.243393
59.522957
215.016006
108.000015
-150.607849
28.677361
188.940186
-108.000549
-255.774414
-108.000549
-45.689289
79.701752
233.311356
108.000015
-144.632431
34.620064
201.098648
-108.000549
-250.642273
-108.000549
-46.286884
99.897720
227.917435
108.000015
-140.970139
34.217731
190.173462
-108.000549
251.846146
-108.000549
-59.864231
145.268356
214.165207
108.000015
-142.744690
25.047796
194.087891
-108.000549
254.983246
-108.000549
-54.036865
192.724701
214.963425
108.000015
-137.837860
31.516212
191.706070
-108.000549
-255.866135
-108.000549
-49.954006
215.993393
212.090256
108.000015
-149.931396
49.308380
198.185242
-108.000549
-253.911880
-108.000549
-66.061745
244.580917
186.584579
108.000015
-144.201660
22.955135
206.974304
-108.000549
-252.687180
-108.000549
-54.825432
-222.095169
214.304138
108.000015
-149.057541
-4.196869
186.455917
-108.000549
-255.083466
-108.000549
-75.270302
-179.509720
188.461044
108.000015
-140.895569
-26.105156
196.739532
-108.000549
-254.143097
-108.000549
-56.676155
-169.167130
186.394669
108.000015
-150.766632
-18.725325
222.508575
-108.000549
-243.305893
-108.000549
-61.892517
-165.590134
188.303864
108.000015
-136.169525
-38.658432
200.886215
-108.000549
-255.230453
-108.000549
-62.185951
-137.906525
207.073441
108.000015
-147.578568
-54.342918
197.859085
-108.000549
-254.219269
-108.000549
-64.866013
-122.478989
184.089050
108.000015
-156.229767
-51.398392
217.973495
-108.000549
-246.136154
-108.000549
-71.791481
-54.631432
211.026489
108.000015
-126.655724
-41.062225
217.157043
-108.000549
-246.886642
-108.000549
-45.678558
-98.844437
230.686005
108.000015
-155.245392
-67.120430
189.785614
-108.000549
-250.267303
-108.000549
-66.721031
-40.342228
199.273041
108.000015
-139.603821
-67.316765
224.532578
-108.000549
-246.470901
-108.000549
-64.742096
-10.019851
198.717285
108.000015
-145.185501
-64.408714
222.192078
-108.000549
-244.077835
-108.000549
-70.507233
14.206937
191.628204
108.000015
-163.715805
-97.399895
208.999359
-108.000549
-251.086441
-108.000549
-72.571999
44.607098
196.317245
108.000015
-149.885269
-92.750008
221.152985
-108.000549
-246.947800
-108.000549
-67.871696
78.283844
210.182663
108.000015
-141.228699
-83.050064
208.609909
-108.000549
-248.626862
-108.000549
-88.129883
84.493156
162.148575
108.000015
-148.780197
-89.779190
223.735428
-108.000549
-247.029877
-108.000549
-73.615913
139.231689
183.195328
108.850273
-146.134995
-129.841751
247.254105
-108.000549
-239.395233
-108.000549
-73.157799
152.232346
188.687424
114.316078
-160.930603
-132.809875
216.098099
-108.000549
-248.329132
-108.000549
-85.407982
215.442383
175.872910
133.127487
-133.966354
-123.169487
210.864044
-108.000549
-251.173355
-108.000549
-68.622719
-247.524216
211.330643
151.842865
-129.689301
-102.088928
226.343063
-108.000549
-243.401917
-108.000549
-68.286903
229.582977
190.982864
134.463226
-131.588303
-138.123337
229.167435
-108.000549
-242.437927
-108.000549
-84.524994
-201.465866
174.559158
156.449295
-140.650421
-144.674896
216.915100
-108.000549
-250.557510
-108.000549
-80.453407
-177.043793
179.108719
172.351578
-163.062424
-114.840149
217.007370
-108.000549
-239.151688
-108.000549
-83.468208
-164.292038
176.175461
174.136322
-141.892288
-119.655251
217.659149
-108.000549
-245.811081
-108.000549
-83.638260
-150.752792
167.644958
164.250763
-150.791321
-174.113220
215.025223
-108.000549
-246.128647
-108.000549
-84.932693
-105.861725
159.183121
185.012131
-151.854004
-147.923050
240.221893
-108.000549
-236.828354
-108.000549
-62.287876
-92.044586
178.459625
176.028351
-158.694717
-203.758621
218.028748
-108.000549
-248.245987
-108.000549
-89.177017
-81.563583
181.382156
188.318771
-153.397354
-171.515228
220.302734
-108.000549
-240.023407
-108.000549
-76.303490
-72.491821
166.427231
189.205505
-141.229782
-190.628647
247.109268
-108.000549
-237.649109
-108.000549
-88.257561
-28.529337
157.081345
196.996262
-148.659500
-194.408432
212.907883
-108.000549
-247.792160
-108.000549
-84.495491
15.161172
172.697159
203.102036
-141.325790
-231.556488
242.104797
-108.000549
-242.551117
-108.000549
-93.538292
-6.754088
185.305161
194.220169
-132.756134
-245.369873
250.972183
-108.000549
-237.407715
-108.000549
-88.979073
-15.299070
163.631302
186.112915
-138.535767
243.745056
246.588379
-108.000549
-235.578979
-108.000549
-79.898720
35.573856
174.496399
204.474792
-138.642517
255.416946
243.568207
-108.000549
-239.833511
-108.000549
-97.933907
54.838024
156.064255
214.240723
-138.332993
-247.199677
242.996902
-108.000549
-241.623077
-108.000549
-103.527382
98.582710
144.539337
218.335922
-152.652237
224.730865
227.484085
-108.000549
-237.098724
-108.000549
-100.545837
108.013359
149.537369
223.022812
-141.782303
228.877563
212.122528
-108.000549
-249.497498
-108.000549
-89.112114
130.594345
166.825272
223.768463
-154.598984
201.552826
204.021179
-108.000549
-249.274338
-108.000549
-104.987038
137.516586
142.007324
232.156265
-154.320572
221.954788
222.557404
-108.000549
-242.910004
-108.000549
-98.773972
169.277695
146.236099
237.374771
-145.815277
201.569992
-255.428497
-108.000549
-232.850098
-108.000549
-94.954498
158.435669
147.487091
244.518570
-147.862885
237.002518
239.735336
-108.000549
-239.377533
-108.000549
-95.691566
189.914078
143.588760
248.117554
-149.820358
199.485916
238.114212
-108.000549
-236.142792
-108.000549
-101.319923
226.275192
146.803650
-251.428467
-141.686295
205.890503
249.115021
-108.000549
-236.184097
-108.000549
-101.320457
248.254288
146.012939
-249.940918
-142.209320
179.710510
245.122284
-108.000549
-240.764236
-108.000549
-104.285378
-248.934616
152.927139
-248.725876
-142.297836
159.660461
249.724960
-108.000549
-238.772964
-108.000549
-95.339661
-221.451630
160.246887
-238.115601
-131.061523
165.447067
249.098923
-108.000549
-235.820389
-108.000549
-106.249290
-187.012589
134.910202
-227.102448
-141.823074
152.067123
234.487320
-108.000549
-242.945404
-108.000549
-104.733841
-147.594315
134.550797
-208.302307
-141.178284
169.624329
239.312088
-108.000549
-236.047836
-108.000549
-97.904396
-122.161606
146.679199
-199.001480
-144.581467
150.204605
-245.488770
-108.000549
-226.791534
-108.000549
-99.752441
-97.050766
136.126862
-182.666809
-146.653198
161.262283
244.313873
-108.000549
-233.696609
-108.000549
-96.138969
-89.269135
152.426636
-186.796341
-132.664948
127.597336
240.120499
-108.000549
-239.673645
-108.000549
-101.432037
-65.872223
144.699738
-170.118362
-147.442307
156.943390
246.655441
-108.000549
-237.577774
-108.000549
-102.874535
-22.975647
132.003235
-157.095169
-138.361954
143.974365
-247.297653
-108.000549
-241.167633
-108.000549
-88.008110
-45.759941
163.425842
-174.457108
-125.610199
103.202110
-242.610229
-108.000549
-231.305145
-108.000549
-97.373856
-9.183728
143.030869
-151.717880
-138.980469
134.800674
-254.759552
-108.000549
-239.548111
-108.000549
-103.780045
2.509632
138.651886
-153.113693
-145.771835
109.004265
-240.979446
-108.000549
-230.174866
-108.000549
-94.989365
45.959812
145.789246
-137.409897
-134.139084
95.529373
-241.531967
-108.000549
-229.410980
-108.000549
-103.362694
95.450867
137.895508
-116.870613
-136.768723
90.906319
-245.834778
-108.000549
-232.471909
-108.000549
-110.430313
92.050896
144.317245
-112.307106
-137.303558
119.467560
-237.751129
-108.000549
-230.152878
-108.000549
-102.236168
119.801041
137.128387
-99.492043
-137.207001
110.217155
-246.810562
-108.000549
-228.331650
-108.000549
-95.889519
134.909378
152.339203
-94.732185
-132.446609
103.331924
-242.063049
-108.000549
-233.102234
-108.000549
-103.435112
145.544342
138.218979
-92.967293
-137.607727
86.562210
-252.811203
-108.000549
-230.696289
-108.000549
-115.157440
147.964767
116.480751
-98.003952
-131.210114
61.392365
-223.218384
-108.000549
-225.338318
-108.000549
-99.649445
166.326630
134.505722
-85.010788
-136.929657
83.757156
-237.812820
-108.000549
-228.172333
-108.000549
-104.380325
199.002396
148.396896
-77.751122
-129.216156
46.967442
-243.181534
-108.000549
-230.401245
-108.000549
-119.506912
221.357529
97.986916
-71.050964
-136.586868
42.457573
-241.135010
-108.000549
-233.929962
-108.000549
-109.870804
228.064133
152.975418
-66.853310
-109.283058
34.469418
-221.279694
-108.000549
-222.520920
-108.000549
-108.812408
252.650330
117.078880
-61.488892
-137.000473
15.204182
-255.299210
-108.000549
-236.015106
-108.000549
-116.807533
-212.322021
115.015190
-43.477852
-136.878693
-2.854060
-223.574585
-108.000549
-223.333084
-108.000549
-116.651428
-214.985458
108.599342
-45.216461
-137.578751
-18.829836
-220.626297
-108.000549
-224.999283
-108.000549
-114.402664
-180.528717
113.887589
-30.976076
-130.377563
-28.936937
-224.419479
-108.000549
-230.706482
-108.000549
-115.544754
-170.090088
115.826828
-23.779171
-141.070450
-15.961481
-227.907959
-108.000549
-228.616501
-108.000549
-115.057129
-122.773239
118.516006
-1.799003
-123.635017
-12.711717
-221.429886
-108.000549
-227.508759
-108.000549
-116.212624
-119.936539
116.387405
-4.322962
-142.422287
-40.499405
-250.360733
-108.000549
-233.105988
-108.000549
-120.537949
-113.423599
111.244537
0.113948
-144.808914
-48.734863
-232.376526
-108.000549
-229.478561
-108.000549
-120.467140
-98.781960
107.761421
10.381446
-144.387802
-34.715488
-226.137161
-108.000549
-227.087112
-108.000549
-136.688599
-37.305714
88.551437
33.885109
-123.619461
-61.460335
-217.303574
-108.000549
-230.208130
-108.000549
-115.380066
-38.673641
108.078995
43.319511
-137.372757
-43.322163
-228.425629
-108.000549
-228.275330
-108.000549
-114.593102
4.039469
110.727943
68.510284
-137.125992
-52.501755
-228.441727
-108.000549
-227.213715
-108.000549
-117.473259
36.490982
115.439514
84.965103
-126.789833
-33.715561
-222.639038
-108.000549
-230.476349
-108.000549
-109.853104
42.357510
107.495880
73.463249
-154.184845
-125.281357
-221.250717
-108.000549
-227.469055
-108.000549
-118.235542
39.775082
120.012680
83.892754
-134.923904
-59.305447
-219.246567
-108.000549
-225.373184
-108.000549
-125.254349
82.805763
108.394424
98.319290
-130.110413
-100.635612
-223.925949
-108.000549
-223.732208
-108.000549
-127.425865
88.907249
96.075577
102.541626
-137.883987
-100.137260
-237.297302
-108.000549
-232.684875
-108.000549
-129.121552
93.568932
93.430374
104.264679
-133.287750
-102.225090
-229.491531
-108.000549
-236.505417
-108.000549
-134.090088
127.658745
93.616516
124.787865
-133.817215
-95.114548
-229.699677
-108.000549
-232.766953
-108.000549
-132.457153
127.839523
79.978554
120.638489
-141.521606
-135.424942
-229.032349
-108.000549
-227.040970
-108.000549
-127.616302
168.356979
99.662224
149.746353
-143.188324
-103.115051
-229.380493
-108.000549
-228.517258
-108.000549
-111.870125
202.245621
122.925560
164.856857
-149.651917
-126.974373
-225.975693
-108.000549
-220.451324
-108.000549
-117.097748
209.390488
110.587936
167.026215
-132.031937
-138.234283
-236.685760
-108.000549
-229.985504
-108.000549
-123.720657
225.729431
129.916473
185.577988
-121.410393
-115.055168
-197.549118
-108.000549
-215.312210
-108.000549
-133.776260
-239.415115
83.018036
207.344666
-138.270767
-150.182983
-226.799133
-108.000549
-232.399490
-108.000549
-128.528259
-237.227509
104.781487
213.714905
-123.700470
-134.997925
-227.961609
-108.000549
-231.657593
-108.000549
-131.688965
-222.002213
93.629929
223.604218
-143.740326
-142.659393
254.071747
-108.000549
-236.501663
-108.000549
-133.396469
-187.017075
82.507347
255.738159
-146.029861
-128.082123
-222.053772
-108.000549
-223.804092
-108.000549
-130.581223
-174.206848
92.759819
254.172287
-130.703720
-186.333267
-222.111710
-108.000549
-227.959366
-108.000549
-128.199951
-122.803375
95.932877
-220.294556
-133.934708
-148.916443
-228.864441
-108.000549
-226.742722
-108.000549
-145.989975
-114.586166
69.816200
-213.802002
-140.900406
-153.235336
-220.619858
-108.000549
-224.140976
-108.000549
-129.464340
-105.508492
75.703117
-203.341385
-150.929184
-147.363449
-231.928055
-108.000549
-229.967804
-108.000549
-127.606644
-74.282211
85.156830
-187.065720
-135.980698
-141.686295
-253.668427
-108.000549
-239.794876
-108.000549
-143.998154
-66.560127
66.620621
-178.526108
-142.322510
-148.182068
-228.086594
-108.000549
-228.538193
-108.000549
-133.320816
-15.217279
81.581444
-144.976501
-150.824570
-154.229904
-225.244522
-108.000549
-227.528595
-108.000549
-132.904007
-29.832638
93.871330
-146.714569
-141.093521
-136.784286
-220.826935
-108.000549
-219.811890
-108.000549
-145.096252
-16.818022
71.201294
-130.893829
-142.385269
-116.074409
-231.382492
-108.000549
-229.327835
-108.000549
-135.637711
-4.736814
101.902939
-127.014282
-142.860016
-159.483276
-227.509384
-108.000549
-224.168335
-108.000549
-143.466553
-10.702584
62.013123
-123.756477
-149.931931
-148.455109
-242.344681
-108.000549
-231.468765
-108.000549
-139.376709
29.802532
89.460701
-102.662514
-148.717422
-151.121765
-224.762802
-108.000549
-227.551132
-108.000549
-145.252365
41.395039
64.157814
-90.655327
-132.873077
-157.052124
-226.946655
-108.000549
-224.713898
-108.000549
-140.296707
42.205067
62.980328
-83.572685
-153.316879
-142.363815
-229.514603
-108.000549
-222.143799
-108.000549
-143.359802
63.403641
66.501534
-77.862259
-147.028168
-183.378540
-245.123459
-108.000549
-231.070724
-108.000549
-144.710022
67.876495
61.135502
-62.797905
-131.769089
-150.831543
-218.822784
-108.000549
-226.782944
-108.000549
-128.214432
111.422165
75.363548
-29.698368
-162.137054
-128.005951
-218.689209
-108.000549
-221.370255
-108.000549
-145.844589
107.964798
56.317184
-27.058537
-147.371490
-128.811142
-228.219635
-108.000549
-224.783630
-108.000549
-141.635132
127.799194
66.301971
-12.588017
-152.895767
-155.216965
-232.360428
-108.000549
-228.947495
-108.000549
-146.780685
145.256088
64.201271
2.078304
-147.878967
-137.834641
-229.383179
-108.000549
-225.892456
-108.000549
-143.001984
152.490540
55.088196
10.705361
-132.640808
-136.814865
-228.846741
-108.000549
-229.347137
-108.000549
-127.659218
191.811188
85.270554
41.560959
-146.773895
-124.916580
-211.963837
-108.000549
-219.205704
-108.000549
-140.568695
211.661697
63.851509
66.692726
-141.141266
-98.607864
-209.613144
-108.000549
-218.607574
-108.000549
-127.563728
208.985382
92.556511
62.836784
-132.693375
-144.286423
-208.060684
-108.000549
-217.844757
-108.000549
-141.338486
241.506638
60.382339
88.423447
-154.283554
-122.821236
-218.057816
-108.000549
-221.639008
-108.000549
-136.752975
229.993515
74.690315
85.656479
-141.725983
-125.853745
-196.513779
-108.000549
-214.199631
-108.000549
-143.058853
-251.372498
62.623055
109.178391
-143.824005
-139.747589
-207.398178
-108.000549
-225.264282
-108.000549
-132.750580
-214.607452
79.626656
155.616013
-142.193756
-88.026543
-208.332123
-108.000549
-221.964096
-108.000549
-136.658569
-219.584030
58.098705
153.706284
-138.524506
-103.669189
-204.014847
-108.000549
-218.205246
-108.000549
-145.242706
-215.489365
43.355137
169.579056
-160.182266
-91.590126
-214.945389
-108.000549
-217.110901
-108.000549
-129.485260
-172.442047
83.628510
188.961227
-130.499329
-117.204689
-201.213547
-108.000549
-221.118118
-108.000549
-126.146454
-176.863403
96.506874
201.685104
-134.622421
-78.731079
-199.432556
-108.000549
-225.799118
-108.000549
-146.111740
-164.020447
53.346905
208.196442
-147.397781
-100.926903
-198.244339
-108.000549
-216.892029
-108.000549
-145.046371
-133.168594
68.891914
241.763748
-154.708405
-92.962883
-207.231888
-108.000549
-219.552246
-108.000549
-144.778152
-123.464905
51.417324
-245.267090
-147.380081
-74.490509
-203.909164
-108.000549
-217.253601
-108.000549
-144.043762
-82.985535
62.559219
-216.099670
-136.980621
-75.740952
-232.100250
-108.000549
-225.877975
-108.000549
-144.300171
-72.565689
45.603363
-194.537933
-144.681244
-81.415436
-208.602493
-108.000549
-225.103882
-108.000549
-147.375061
-37.508144
60.912342
-173.062012
-148.037216
-80.767952
-229.986679
-108.000549
-224.388809
-108.000549
-143.213882
-31.025780
53.331348
-159.236832
-150.755905
-49.441357
-235.753967
-108.000549
-229.601944
-108.000549
-144.246002
-13.680469
54.683182
-143.671967
-150.102524
-77.075081
-203.842102
-108.000549
-211.950333
-108.000549
-141.872772
4.651360
52.041206
-112.787941
-152.288528
-37.388042
-201.752136
-108.000549
-216.402802
-108.000549
-157.145279
11.701815
28.387873
-97.546562
-159.952133
-39.833679
-207.074173
-108.000549
-214.440491
-108.000549
-154.909393
21.244579
38.184372
-78.971184
-149.344528
-47.535912
-201.914673
-108.000549
-217.805588
-108.000549
-138.236237
47.562416
70.241066
-50.083790
-158.421127
-37.766232
-227.685333
-108.000549
-220.152527
-108.000549
-154.581619
44.674213
35.307972
-46.025066
-142.702301
-41.125969
-224.118530
-108.000549
-223.773514
-108.000549
-153.670746
71.883621
43.906063
-9.457973
-139.237961
-32.128765
-197.479370
-108.000549
-213.874008
-108.000549
-142.657593
100.612762
67.626450
25.731541
-149.297867
4.928638
-197.887070
-108.000549
-208.652283
-108.000549
-142.268143
110.941956
59.474678
37.199059
-143.472641
-3.133010
-205.914917
-108.000549
-220.138580
-108.000549
-144.084000
113.848930
49.966785
53.651196
-162.432632
5.609383
-213.922928
-108.000549
-218.499756
-108.000549
-151.839874
147.045563
43.679146
84.345856
-157.234512
16.245417
-216.760696
-108.000549
-218.473465
-108.000549
-137.858582
157.951950
74.153870
101.785591
-138.619446
19.553652
-202.862564
-108.000549
-215.598145
-108.000549
-148.376602
175.892715
19.369211
128.534729
-150.091797
21.599642
-176.730865
-108.000549
-212.292587
-108.000549
-155.305817
170.642563
33.395557
135.229523
-151.255341
45.115643
-202.786392
-108.000549
-212.729248
-108.000549
-154.703400
182.590729
37.180691
157.189301
-153.750870
61.183151
-208.502182
-108.000549
-214.709259
-108.000549
-155.496796
221.733292
42.325703
200.658264
-144.390488
71.714577
-204.891922
-108.000549
-215.744583
-108.000549
-154.005478
211.513000
35.486073
206.606873
-136.070282
83.959396
-201.381989
-108.000549
-226.222366
-108.000549
-140.364838
-253.177185
73.001595
250.320969
-130.150101
43.826572
-195.612549
-108.000549
-215.167374
-108.000549
-143.796997
239.962662
68.605995
234.619324
-131.901047
58.517036
-202.358841
-108.000549
-216.267609
-108.000549
-142.301392
-248.851852
61.549637
-231.359390
-146.909088
89.470802
-212.523346
-108.000549
-221.599304
-108.000549
-158.298096
-243.354935
30.988543
-221.560211
-146.829697
75.035690
-183.035126
-108.000549
-208.366898
-108.000549
-141.727402
-238.173447
65.239822
-200.463028
-139.383881
86.292381
-209.430756
-108.000549
-219.223953
-108.000549
-142.492905
-216.265686
55.709930
-183.903595
-148.179382
67.526573
-206.575821
-108.000549
-218.697693
-108.000549
-140.906647
-209.721100
60.279343
-156.086945
-145.841568
105.308716
-204.465454
-108.000549
-220.192230
-108.000549
-146.789810
-197.239716
52.013847
-129.360336
-155.599976
140.009521
-211.512161
-108.000549
-217.212830
-108.000549
-144.320023
-173.621780
57.267220
-92.482635
-144.728455
134.168213
-209.852402
-108.000549
-219.338745
-108.000549
-154.235611
-131.827057
41.368156
-55.412361
-142.451248
129.257629
-200.342896
-108.000549
-214.811172
-108.000549
-149.037491
-139.900497
67.761093
-63.903698
-123.054054
119.426254
-169.837051
-108.000549
-210.930023
-108.000549
-143.210663
-127.775848
59.938702
-28.608507
-145.757339
136.570938
-189.172562
-108.000549
-213.818756
-108.000549
-156.045029
-120.683014
41.753319
-12.617712
-136.565948
137.559067
-183.397766
-108.000549
-214.053726
-108.000549
-133.196899
-118.192314
57.098778
16.009508
-152.899536
193.722931
-186.775192
-108.000549
-209.691910
-108.000549
-148.663055
-89.294724
45.197811
40.365578
-140.147232
158.478683
-174.648926
-108.000549
-211.954086
-108.000549
-147.494690
-73.495979
49.287651
79.922798
-137.497757
174.021545
-179.966141
-108.000549
-211.436951
-108.000549
-140.710846
-73.853783
66.532646
84.818901
-128.213013
187.404160
-188.562622
-108.000549
-217.165619
-108.000549
-141.277863
-73.612381
74.598045
113.890305
-147.956223
224.886444
-208.511841
-108.000549
-217.357132
-108.000549
-144.568939
-44.290470
65.370171
148.634567
-143.362137
202.490524
-185.043564
-108.000549
-219.993210
-108.000549
-152.454086
-22.545801
62.610180
183.095047
-135.581039
192.182266
-203.319611
-108.000549
-225.123734
-108.000549
-158.393570
-32.385220
43.776779
185.048767
-156.534454
224.281326
-214.762451
-108.000549
-218.925690
-108.000549
-156.381927
-12.803481
26.361732
222.326660
-146.654282
224.459427
-183.813507
-108.000549
-210.543243
-108.000549
-139.926025
2.087073
69.000275
253.696701
-134.694839
237.275558
-185.634720
-108.000549
-217.577072
-108.000549
-160.533447
-2.764508
23.759451
-238.659927
-143.421143
-241.399124
-200.673889
-108.000549
-216.870041
-108.000549
-157.754669
44.847927
33.504456
-170.551117
-142.542984
-234.975769
-209.120163
-108.000549
-221.213074
-108.000549
-157.436035
52.249752
37.149578
-140.875153
-127.272095
-208.344116
-179.112671
-108.000549
-216.811569
-108.000549
-152.354309
46.435257
42.742519
-140.757675
-137.875412
-214.572739
-191.714218
-108.000549
-217.356064
-108.000549
-156.521393
62.889004
50.676498
-120.659348
-141.724380
-250.050323
-195.525650
-108.000549
-215.123917
-108.000549
-156.439316
60.972298
41.730789
-100.401154
-151.294495
-218.095016
-203.441391
-108.000549
-215.185074
-108.000549
-156.621704
77.964088
20.358410
-66.766785
-151.020370
-214.464920
-184.366577
-108.000549
-210.681641
-108.000549
-151.352783
113.110695
33.496944
-15.788713
-159.881851
-199.412369
-190.647232
-108.000549
-209.814224
-108.000549
-157.925262
132.175827
35.290806
24.740543
-131.309891
-185.181625
-190.123672
-108.000549
-215.030045
-108.000549
-154.412109
120.830093
35.285442
37.818459
-144.481689
-169.638214
-206.908951
-108.000549
-225.785172
-108.000549
-152.135986
158.181992
22.147980
100.405136
-150.036011
-157.741013
-198.490570
-108.000549
-215.841141
-108.000549
-155.467285
133.175232
30.202656
82.454712
-135.177109
-137.951675
-199.452408
-108.000549
-223.999359
-108.000549
-161.219009
154.246658
21.708097
133.138275
-160.171005
-192.617249
-187.617416
-108.000549
-212.868713
-108.000549
-155.558487
169.087326
34.056988
170.851212
-140.636475
-110.446159
-198.163879
-108.000549
-220.865463
-108.000549
-157.616806
184.256821
30.602840
211.497421
-157.921158
-97.539902
-210.675842
-108.000549
-219.074814
-108.000549
-155.307434
203.982346
35.337475
-251.037338
-151.294495
-59.575909
-195.430161
-108.000549
-216.603958
-108.000549
-155.519318
208.837677
31.642466
-219.143738
-150.133636
-40.829948
-190.178925
-108.000549
-219.993210
-108.000549
-159.207352
213.356659
23.626413
-190.047653
-148.017914
-48.060650
-203.162979
-108.000549
-218.532471
-108.000549
-162.701202
200.873657
42.243629
-186.053848
-132.988419
-30.230392
-195.252060
-108.000549
-220.334915
-108.000549
-160.176178
199.939713
42.102543
-209.928741
-161.832901
-75.561874
-218.301361
-108.000549
-217.024002
-108.000549
-156.314865
215.828049
36.093323
-223.993698
-135.397049
-145.061142
-200.074142
-108.000549
-222.671127
-108.000549
-158.065811
171.556030
29.386726
176.220459
-152.076096
-202.854172
-213.257202
-108.000549
-219.767365
-108.000549
-166.607574
168.614716
3.597284
146.401794
-157.388474
-179.602081
-211.045990
-108.000549
-219.973892
-108.000549
-155.733902
98.367661
42.759148
-48.469292
-131.766403
188.749023
-178.187836
-108.000549
-219.184250
-108.000549
-156.551971
15.006739
30.109852
254.261047
-160.704758
40.540329
-214.160568
-108.000549
-215.696304
-108.000549
-152.541000
-199.382263
32.190174
-254.261703
-142.804230
228.822403
-179.872803
-108.000549
-212.705643
-108.000549
-145.182632
-127.545082
58.504791
-12.592846
-131.161835
-24.256292
-172.604019
-108.000549
-206.953384
-108.000549
-139.803726
156.653427
58.261246
205.664093
-149.893311
-43.842571
-191.260925
-108.000549
-212.296341
-108.000549
-140.479111
-191.469437
74.552452
108.000015
-107.096519
-175.020111
-151.424225
-117.386139
-204.587128
-108.000549
-145.536133
42.430561
85.671814
108.000015
-93.209641
-91.665001
-142.624435
131.253159
-209.124893
-108.000549
-173.885483
-115.566681
54.989491
108.000015
-96.807564
225.723602
-224.025726
-7.733569
-252.273590
-108.000549
-236.032272
-187.392044
-100.183838
192.527161
-195.857269
242.788452
114.308250
54.015278
210.306229
-108.000549
213.568329
165.292282
86.617119
108.000015
-143.382416
172.166946
-20.778002
-23.603033
185.409958
-108.000549
193.745743
29.862171
62.617786
108.000015
-155.521561
-177.619522
-48.214325
150.337708
167.618332
-108.000549
181.132370
-145.177200
75.944611
108.000015
-145.780319
185.524887
-41.087154
-7.810185
151.774521
-108.000549
163.741455
-192.950577
107.475060
108.000015
-8.307433
-22.305567
-42.327408
253.464996
135.110489
-108.000549
154.065125
-1.366255
149.065384
108.000015
132.421112
-52.970730
13.562860
212.589737
124.952423
-108.000549
142.347092
-21.940409
248.019073
108.000015
-238.782806
-51.975094
30.738119
214.480164
110.460991
-108.000549
129.259521
-60.259525
-231.554153
108.000015
-179.382050
-23.172993
49.842426
253.105576
99.774529
-108.000549
123.140862
-189.572586
-191.966888
108.000015
-139.443954
-35.637756
37.349228
236.641647
87.606949
-108.000549
121.651703
21.899227
-165.709122
108.000015
-93.556725
-169.964935
50.397644
49.686287
76.541229
-108.000549
95.069389
191.313995
246.247208
112.085556
-184.079132
-126.248154
4.333377
113.230507
62.497181
-108.000549
92.257362
230.655045
-226.702576
134.297470
-111.194397
-102.629158
26.194458
146.699646
56.393547
-108.000549
80.509285
191.002869
250.803207
111.689659
-154.439117
-108.479057
-0.242472
138.692184
45.615353
-108.000549
62.293869
154.960419
212.622498
108.000015
-207.593002
-95.375916
-59.307404
157.048141
30.699591
-108.000549
54.272457
132.977020
190.126251
108.000015
-205.243927
-80.605530
-63.282436
177.179199
20.028688
-108.000549
51.598293
107.509453
201.955887
108.000015
-218.860962
-83.614967
-56.117184
173.170914
15.897550
-108.000549
45.420628
91.810478
226.349503
108.000015
-171.537659
-92.409935
-52.037010
160.932526
19.537844
-108.000549
48.993332
65.360138
228.597198
108.000015
-157.301575
-83.867096
-8.383513
172.905899
17.104544
-108.000549
50.420269
49.800644
-188.263824
108.000015
-24.812237
-80.078209
31.925800
178.180206
13.435818
-108.000549
57.546360
51.580559
-140.708252
108.000015
-26.173189
-59.301819
11.047483
206.504883
12.321093
-108.000549
56.259972
63.969681
-122.478355
108.000015
69.362282
-44.905323
67.297165
225.659073
19.336142
-108.000549
65.391823
83.727371
-82.305298
108.000015
66.438133
-58.699394
80.784386
207.107834
9.624398
-108.000549
53.006454
106.940826
-90.207619
108.000015
51.859795
-47.717354
78.394539
221.964600
17.507948
-108.000549
57.304424
141.065491
-82.362694
108.000015
96.951492
-49.947880
115.410645
218.892395
20.264723
-108.000549
57.331783
156.660934
-88.285011
108.000015
102.834648
-55.274750
142.432831
211.726608
25.565306
-108.000549
65.392891
165.689789
-81.977531
108.000015
85.654015
-67.360245
158.970795
195.570587
26.145737
-108.000549
78.958969
179.907104
9.113516
108.000015
179.018509
-87.652763
244.304214
167.793076
42.588749
-108.000549
92.664520
213.382156
43.389469
124.037476
181.140671
-103.999229
-207.095627
145.146652
68.829880
-108.000549
110.580078
222.177124
83.221886
129.167465
228.299820
-89.639214
-159.499817
164.993393
70.475143
-108.000549
128.174301
197.851624
136.726593
115.325668
254.547379
-111.762611
-148.414246
134.437668
75.030075
-108.000549
107.496613
157.754730
81.748817
108.000015
203.268906
-125.271294
-197.071671
115.299568
71.041626
-108.000549
106.645813
137.236374
64.807983
108.000015
185.268585
-119.782959
-213.693329
123.140732
65.958305
-108.000549
132.901428
108.824806
123.849312
108.000015
223.249222
-105.214806
-129.472488
143.619400
85.724037
-108.000549
109.387566
157.625458
69.450890
108.000015
164.173553
-79.352936
-249.220795
179.002029
57.378456
-108.000549
64.243835
218.244995
-94.958885
127.001320
68.891281
-54.118717
161.578964
213.143341
40.239136
-108.000549
68.749947
254.154419
-95.362823
147.601227
102.650108
-60.800098
236.322495
204.083374
61.470970
-108.000549
96.650833
231.625473
94.822441
134.661713
255.452896
-51.612995
-65.104286
216.458023
105.158798
-108.000549
185.064484
230.459244
-213.570038
133.956818
-198.071259
-55.081631
-26.498178
211.715332
98.894768
-108.000549
183.281357
254.255264
-200.138611
147.671494
-216.852081
-59.141422
-49.096867
206.358429
81.834839
-108.000549
162.158951
-240.880676
-229.920792
157.463699
-195.526917
-56.826138
-68.930725
209.353378
56.219204
-108.000549
182.111374
-242.270599
-189.417801
156.645096
-195.945343
-55.561745
-72.893959
211.165482
50.434216
-108.000549
164.051529
-242.495895
-211.351852
156.533508
-215.427292
-51.787338
-211.148453
216.287964
19.733109
-108.000549
115.213326
-231.589493
178.305130
162.954727
240.511917
-52.503490
165.687042
215.293411
6.872988
-108.000549
90.136276
-229.339127
96.046608
164.271149
204.218414
-51.637138
99.651054
216.315323
7.958746
-108.000549
100.441330
-223.250519
84.388107
167.867996
207.063690
-65.807243
134.516556
197.285049
9.030557
-108.000549
95.097290
-227.956177
90.601715
165.098343
202.893402
-69.889030
103.942589
191.618607
4.577553
-108.000549
99.995010
-231.911362
93.401939
162.767502
202.762497
-62.018356
101.223366
202.394119
7.349885
-108.000549
96.676041
-226.363480
90.227814
166.056427
221.456421
-65.914536
136.187576
197.217468
7.440544
-108.000549
118.594521
-228.712555
162.821274
164.667587
-198.511673
-66.562553
-214.046310
196.326431
-242.415939
-108.000549
-223.634033
-227.446030
133.766510
165.442734
-215.267975
-69.933022
-230.349838
191.823532
8.103049
-108.000549
88.092430
-221.341858
64.825150
169.020264
208.234207
-76.485123
125.093414
182.974915
3.334618
-108.000549
82.557426
-224.353439
53.087265
167.278976
183.909775
-78.724762
47.301296
179.911301
-1.371587
-108.000549
74.188934
-220.393967
0.117386
169.604462
168.446304
-87.220390
63.519009
168.059158
-0.747705
-108.000549
78.271255
-206.545181
3.113950
177.850632
158.920166
-93.074585
54.048664
160.055984
8.238769
-108.000549
76.231705
-206.438431
-10.278857
177.913940
139.299820
-87.158165
35.311821
168.331665
7.780648
-108.000549
86.959999
-202.180145
44.648495
180.454529
187.205673
-92.107918
96.300972
161.480225
8.113242
-108.000549
93.703613
-192.286560
72.872314
186.370407
224.199799
-101.087959
181.500275
149.245071
18.525578
-108.000549
114.903259
-188.580261
126.933319
188.617569
241.824585
-104.744347
210.924118
144.014755
6.764627
-108.000549
114.203209
-176.186310
187.237427
196.122406
-200.716995
-101.766556
-141.477524
148.216705
22.761858
-108.000549
110.185791
-164.251556
151.679916
203.413177
-208.965851
-107.869118
-101.466469
139.617538
34.704666
-108.000549
105.575073
-174.811417
142.141434
196.959244
-226.940414
-96.446663
-219.404816
155.553619
22.218443
-108.000549
93.713264
-152.149963
82.762688
210.884735
221.533676
-104.747025
168.316147
144.017975
9.192563
-108.000549
85.714386
-160.586044
32.237915
205.707535
195.293625
-107.614845
138.114471
140.044556
14.293589
-108.000549
75.670044
-151.733688
-10.352886
211.150284
168.793381
-97.524910
104.190964
154.067139
9.210265
-108.000549
83.125511
-132.996841
20.570841
222.707916
150.995316
-111.712189
60.554096
134.392609
10.180152
-108.000549
78.570053
-128.496628
-19.997038
225.531204
137.272064
-128.987228
65.856819
109.632591
5.331254
-108.000549
67.652924
-139.953430
-60.310108
218.433548
132.340012
-103.441864
78.281883
145.791992
14.216341
-108.000549
66.165909
-145.133301
-18.473007
215.278198
149.638657
-127.083931
102.337021
112.343773
14.060773
-108.000549
75.531105
-134.495667
-25.577644
221.828690
165.907867
-109.804604
114.957352
137.100021
17.946756
-108.000549
76.639397
-120.322334
-25.909164
230.639206
152.845505
-129.951752
145.369843
108.533958
22.793509
-108.000549
88.668030
-119.282173
57.169052
231.302795
214.584610
-127.742676
233.638672
111.461861
25.901655
-108.000549
85.580811
-122.106003
55.343540
229.528778
199.950470
-128.112823
202.566360
110.975845
31.427542
-108.000549
80.776436
-116.665947
-24.214008
232.943756
146.634583
-130.734421
160.767868
107.272789
28.202454
-108.000549
61.658188
-84.474602
-71.731491
253.212677
116.155571
-160.629242
94.832726
64.215279
13.488390
-108.000549
63.049179
-78.441780
-70.082466
-254.936798
103.942932
-167.174911
104.098160
54.542160
27.297476
-108.000549
63.361927
-74.393257
-123.550171
-252.337738
101.120712
-151.933517
121.638733
76.869942
24.817505
-108.000549
65.077469
-63.756683
-121.079849
-245.597351
83.108063
-169.122726
97.494019
51.708138
23.707069
-108.000549
59.354168
-61.252037
-78.923027
-244.013229
121.441666
-172.618179
126.768723
46.498211
25.196234
-108.000549
74.846069
-45.416271
-18.863001
-233.765045
177.949371
-178.255112
217.007904
38.137226
44.070400
-108.000549
89.817093
-45.595982
0.290120
-233.929733
171.913330
-166.744141
202.741241
55.137074
32.937626
-108.000549
99.020828
-32.254135
49.827309
-225.277466
187.934158
-184.925766
-236.653030
28.249533
47.371666
-108.000549
107.594246
-21.427666
93.374046
-218.196442
216.990021
-185.990601
-234.355988
26.913256
40.755192
-108.000549
104.842293
-24.821199
96.820694
-220.432327
234.076218
-196.406174
-230.348236
11.222867
43.439548
-108.000549
96.297852
-50.571484
54.920288
-237.136597
208.604355
-203.536560
-221.756042
0.439849
55.241806
-108.000549
97.825104
-64.515213
41.305927
-246.027039
206.946747
-199.421509
-227.230972
7.052568
53.056343
-108.000549
97.643784
-41.172482
43.355137
-231.018463
184.258469
-221.883408
-231.029510
-27.278103
51.632626
-108.000549
107.872658
-65.346161
89.233788
-246.559723
217.042587
-205.883484
-224.321854
-3.017519
49.229904
-108.000549
112.142197
-54.027779
87.814903
-239.300064
235.796585
-222.502457
-192.825745
-28.519428
49.060925
-108.000549
112.274162
-45.327759
89.859818
-233.680298
212.068161
-218.689972
-195.639374
-22.452806
58.191700
-108.000549
109.732498
-39.416706
71.931931
-229.875305
206.358276
-231.778610
-197.698776
-42.288818
48.673615
-108.000549
121.284241
-30.854561
128.494904
-224.282913
226.966751
-238.989990
-149.783249
-53.487579
63.696129
-108.000549
111.213615
-28.079546
126.322845
-222.452026
241.122391
-242.846481
-148.918503
-59.353569
62.280460
-108.000549
125.486183
-43.183064
127.799667
-232.240479
226.380966
-244.434875
-156.019379
-61.692993
64.805489
-108.000549
124.139717
-30.236580
115.742065
-223.877899
238.276566
255.349335
-150.626526
-81.154564
59.306961
-108.000549
116.525459
-28.178251
127.323845
-222.524994
236.966034
248.412064
-165.809448
-91.784157
57.119354
-108.000549
133.949631
-26.420868
173.552261
-221.382904
241.038162
240.988785
-163.694260
-103.765594
56.600613
-108.000549
123.739532
-41.005112
127.684334
-230.839294
239.963135
221.039581
-112.463524
-135.908112
63.820045
-108.000549
118.796753
-32.618382
129.307068
-225.416946
235.963959
221.887161
-160.944458
-134.383011
55.022938
-108.000549
118.781738
-23.872768
112.055099
-219.663071
229.063171
227.844879
-115.618874
-124.684143
63.478333
-108.000549
120.909264
-8.222077
123.178223
-209.388596
227.938797
225.559647
-162.325256
-128.678482
56.389793
-108.000549
117.780739
6.146518
121.156914
-199.870514
228.973587
232.473846
-156.464630
-117.386925
60.021503
-108.000549
136.596970
24.549156
162.320236
-187.552719
243.189301
230.978241
-117.803268
-119.646416
70.455299
-108.000549
137.209045
48.012054
171.155426
-171.572113
253.442841
233.404572
-121.927429
-115.932632
70.342644
-108.000549
126.063400
64.511932
117.284340
-160.231201
225.592392
242.388351
-121.897392
-101.425102
68.509621
-108.000549
122.031502
84.496529
110.849182
-146.390472
219.708694
238.641846
-160.580750
-107.707909
60.770912
-108.000549
128.327713
93.263062
116.920631
-140.292740
215.961655
239.013062
-162.962006
-106.900024
60.549896
-108.000549
125.908905
100.494308
118.509033
-135.219070
218.574127
238.385971
-159.280945
-107.810905
60.253246
-108.000549
115.360313
108.654663
118.233841
-129.540298
218.132629
227.136246
-158.875397
-126.007011
61.198994
-108.000549
110.506584
113.846344
73.547157
-125.842064
221.220398
217.079575
-150.791748
-142.489716
57.731434
-108.000549
122.158104
107.825317
104.007401
-130.075134
208.666046
220.210251
-196.720840
-137.129059
52.274212
-108.000549
110.791969
116.621895
115.499062
-123.828796
213.311096
214.582428
-204.603851
-146.464752
56.047543
-108.000549
112.760178
114.549080
88.487061
-125.348000
230.439682
210.396042
-157.859909
-153.495895
63.265366
-108.000549
113.966095
113.838295
81.059486
-125.832947
208.132294
209.599960
-193.216278
-154.744736
57.348412
-108.000549
114.895752
125.648598
78.544647
-117.473038
210.219040
196.779541
-208.751617
-175.937943
47.797062
-108.000549
109.087158
137.016876
78.882072
-109.350235
202.735687
186.464828
-207.961975
-192.842850
52.510246
-108.000549
110.211540
150.720276
65.432404
-99.635277
201.008881
172.693283
-166.702087
-216.113159
62.640949
-108.000549
111.642769
146.052170
68.204735
-103.004669
214.388275
194.377350
-159.371063
-179.512253
65.686325
-108.000549
113.157684
154.383636
76.675148
-96.969696
215.326508
187.875656
-153.488449
-190.511993
67.962990
-108.000549
115.030396
178.213455
69.147797
-79.754196
195.736191
195.825745
-206.825256
-177.053741
56.945007
-108.000549
106.989670
209.928986
76.496513
-56.375526
203.835388
195.333298
-203.571213
-178.399139
55.747673
-108.000549
105.687195
242.241028
69.181053
-32.026966
212.594406
188.066101
-164.394852
-190.031876
61.630291
-108.000549
116.844109
236.428680
73.735985
-36.489090
201.532974
188.042496
-197.808212
-190.171890
57.807072
-108.000549
113.160896
249.705612
77.245384
-26.306887
217.368210
176.807800
-161.288315
-208.862076
61.384064
-108.000549
116.487373
-254.071869
75.079231
-19.972580
197.354630
170.891922
-167.508896
-218.914993
64.420860
-108.000549
120.124985
-244.278046
78.120857
-12.471515
207.448853
165.146622
-160.147293
-228.471695
61.030014
-108.000549
110.011452
-226.436539
75.276642
1.372441
196.251175
153.803558
-167.007324
-247.710114
69.094345
-108.000549
107.978874
-223.844986
67.564224
3.406629
213.546051
159.431915
-167.600082
-238.214020
64.432129
-108.000549
117.778587
-212.530350
63.361198
12.306736
204.328918
155.865112
-170.632599
-243.849884
64.647774
-108.000549
112.658257
-213.759338
69.451424
11.307343
190.755844
161.303558
-162.577377
-234.992157
69.095955
-108.000549
110.311317
-208.300507
64.983398
15.613899
189.410995
146.521896
-169.833832
252.028503
67.507545
-108.000549
112.557938
-181.447830
61.906368
36.907959
193.355453
139.577667
-158.845352
239.804596
74.018883
-108.000549
110.713654
-182.236404
68.616722
36.326992
204.326767
132.401138
-158.529922
227.296921
69.986984
-108.000549
111.864319
-175.704681
66.093300
41.444649
211.002792
138.928574
-117.608002
238.752106
79.392952
-108.000549
111.078430
-164.083740
57.185680
50.729385
192.955811
123.020920
-159.085678
211.046494
73.298439
-108.000549
115.229416
-152.900543
64.496849
59.771111
202.471222
121.186295
-120.195259
207.795120
80.212639
-108.000549
110.339752
-137.410248
67.820107
72.391441
198.147491
113.824165
-126.682991
194.804642
78.044876
-108.000549
113.674812
-122.933289
67.498772
84.316544
200.799133
108.000015
-125.974884
183.106445
75.581535
-108.000549
114.101280
-113.440414
62.407944
92.138939
199.933304
108.543968
-127.091217
185.340714
81.074165
-108.000549
113.441460
-109.906342
64.065544
95.121017
202.932022
108.000015
-120.496201
173.859253
82.103592
-108.000549
124.947060
-95.227676
105.781952
107.362625
214.392563
108.000015
-120.848114
164.243530
76.079887
-108.000549
126.840164
-96.277496
106.153168
106.526848
222.348526
108.000015
-118.764572
148.456589
72.877327
-108.000549
106.166237
-86.155907
60.125381
115.099190
212.627670
108.000015
-89.489861
133.607346
88.375671
-108.000549
117.732994
-76.798752
70.510895
123.063210
213.137817
108.000015
-122.043304
134.947372
72.956184
-108.000549
126.691574
-70.552422
110.849716
128.481812
219.294571
108.000015
-124.677231
133.622360
76.549278
-108.000549
116.865570
-62.168911
57.349297
135.707138
212.209778
108.000015
-79.658493
117.089233
94.534561
-108.000549
116.882195
-55.258469
59.284241
141.661636
204.117554
108.000015
-85.457428
111.799911
95.464211
-108.000549
117.255562
-52.065567
62.277588
144.473129
196.652435
108.000015
-131.058746
117.889061
73.340279
-108.000549
119.130959
-49.759941
61.021240
146.455826
189.102005
108.000015
-132.027557
100.125870
74.190002
-108.000549
115.348511
-34.982037
59.134037
159.295563
190.229599
108.000015
-133.713058
88.899208
81.912086
-108.000549
115.413422
-35.749687
59.747192
158.692596
199.472504
108.000015
-123.846283
70.858665
86.187523
-108.000549
119.194260
-18.500935
51.087410
173.867996
200.756744
108.000015
-129.409180
76.913483
78.172546
-108.000549
112.296158
-18.417250
64.891129
173.955978
211.910446
108.000015
-90.698463
53.158234
87.593536
-108.000549
115.457947
4.198066
65.846535
194.063446
200.531982
108.000015
-93.630119
35.190647
91.952126
-108.000549
120.797684
11.812858
65.298828
200.860687
194.692810
108.000015
-94.540993
14.558022
95.466362
-108.000549
113.897972
25.642330
57.479652
213.284149
208.285172
108.000015
-123.622047
5.826357
75.331551
-108.000549
116.197159
36.522980
52.083046
223.168091
202.486237
108.000015
-91.442513
10.667209
93.053444
-108.000549
111.886314
43.600792
53.617805
229.647232
194.919724
108.000015
-128.503677
-2.154289
81.779579
-108.000549
119.610542
47.803814
59.529396
233.509613
189.571381
108.000015
-92.752502
-20.459829
92.361969
-108.000549
119.413666
50.042927
56.732925
235.560974
205.092270
108.000015
-91.406029
-47.249737
93.850594
-108.000549
106.465569
51.729500
17.766859
237.135422
191.016556
108.000015
-92.286331
-83.927338
89.730721
-108.000549
110.185257
55.840252
17.232027
240.918411
187.958847
108.000015
-79.966942
-103.195801
92.128082
-108.000549
113.730598
51.567493
62.128994
236.953568
201.144058
108.000015
-91.327713
-104.970886
95.271095
-108.000549
122.917702
66.873253
69.775436
251.167664
197.817047
108.000015
-89.724289
-110.215141
96.421234
-108.000549
108.921402
77.667534
11.422361
-250.687744
184.201065
108.000015
-97.502167
-119.996620
93.213303
-108.000549
120.334198
90.462746
62.884838
-238.596344
194.567825
108.000015
-86.005135
-124.899696
93.951447
-108.000549
125.613319
96.874840
72.615891
-232.478226
217.765701
108.000015
-86.532997
-152.801651
88.870270
-108.000549
107.150070
106.742683
26.291458
-222.950485
197.129868
108.000015
-92.506271
-162.024689
95.793053
-108.000549
108.719162
119.899460
52.846405
-210.187988
210.256592
108.000015
-96.708763
-160.450775
89.004379
-108.000549
124.607498
135.497574
64.238815
-194.889740
203.384781
108.000015
-87.536674
-168.517776
92.564743
-108.000549
116.068947
139.645340
63.791428
-190.798294
222.753540
108.000015
-44.309120
-182.649261
98.556274
-108.000549
124.419205
150.199844
63.171299
-180.411163
212.020950
108.000015
-61.210258
-195.173584
97.221069
-108.000549
123.935867
173.304916
58.714542
-157.342026
218.274796
108.000015
-13.272739
-236.026855
105.966141
-108.000549
119.487160
184.151245
61.868820
-146.388962
211.355225
108.000015
-49.490078
-245.042297
102.782898
-108.000549
122.496597
190.895386
57.062836
-139.572388
203.097778
108.000015
-56.595787
239.537003
101.293732
-108.000549
124.861229
211.467407
53.064201
-118.605560
199.840500
108.000015
-47.069649
206.054993
98.129799
-108.000549
123.502426
221.178070
59.483261
-108.576782
206.521347
108.000015
-53.413078
205.746536
101.060379
-108.000549
119.787567
228.898544
52.144203
-100.505478
205.341187
108.000015
-55.799706
182.845291
100.600647
-108.000549
120.584183
235.284882
64.194832
-93.847153
205.158783
108.000015
-51.606876
161.085068
99.785263
-108.000549
119.832092
240.059753
62.775940
-88.838936
221.574448
108.000015
-48.452065
151.953751
102.547935
-108.000549
117.172951
246.466476
61.824829
-82.029877
206.867889
108.000015
-17.467178
127.853027
112.986557
-108.000549
115.428978
-242.598007
55.932018
-57.594955
222.169891
108.000015
-42.794743
115.423676
102.868187
-108.000549
125.981323
-233.454361
59.938702
-47.520039
203.734543
108.000015
-58.330101
98.345512
99.254181
-108.000549
119.289207
-208.594040
57.045670
-20.213001
209.790436
108.000015
-53.688808
61.331020
100.972404
-108.000549
116.682106
-204.225800
26.902466
-15.484803
206.806198
108.000015
-53.548260
52.265690
99.616280
-108.000549
110.256065
-191.284119
22.543337
-0.974587
203.852554
108.000015
-18.221952
30.030172
116.305519
-108.000549
112.725845
-178.029709
18.657888
13.909529
213.947311
108.000015
-12.587168
19.949892
120.270897
-108.000549
116.364532
-168.245560
11.247481
25.054646
197.822418
108.000015
-50.627869
-11.759185
102.511993
-108.000549
103.444862
-154.122116
-21.153606
41.125370
185.739578
108.000015
-55.543823
-28.565372
105.711868
-108.000549
99.196243
-143.766098
-32.081463
52.900806
190.858841
108.000015
-50.962074
-58.736473
105.145386
-108.000549
108.288933
-138.539551
16.797510
58.994251
201.669769
108.000015
-49.767956
-29.474642
101.885429
-108.000549
104.374519
-123.287437
-23.971535
76.675911
193.345810
108.000015
-18.863537
-75.873108
122.609787
-108.000549
107.063164
-99.631966
-16.898550
104.639015
195.763550
108.000015
-17.367937
-99.327957
120.685028
-108.000549
105.298805
-96.748055
20.318712
108.099068
208.955719
108.000015
-45.183517
-105.499725
101.851097
-108.000549
99.444618
-76.312828
-30.623951
132.755539
184.448364
108.000015
-20.683147
-134.412323
115.919823
-108.000549
94.875198
-70.265526
-32.797615
140.248032
197.063339
108.000015
-16.356745
-151.043091
113.547134
-108.000549
105.904449
-46.357380
-19.972361
169.812943
206.513306
108.000015
-16.396976
-184.721451
110.573639
-108.000549
103.434135
-45.164871
-20.580687
171.360580
201.853241
108.000015
14.848080
-162.976776
129.072830
-108.000549
101.388145
-18.520342
-23.050465
204.858704
197.709763
108.000015
22.816923
-195.714233
125.530708
-108.000549
97.875526
-6.803915
-27.812460
219.863510
191.496140
108.000015
15.743937
-222.314774
128.281052
-108.000549
104.854637
8.036750
-25.156000
238.770935
199.419403
108.000015
22.198404
-231.567856
127.406647
-108.000549
107.993355
19.972044
31.829683
254.237091
236.224136
108.000015
60.391457
-246.350586
138.944977
-108.000549
112.160439
39.516232
12.376156
-232.106567
218.795670
108.000015
26.157885
243.707397
116.167122
-108.000549
101.036240
61.162197
-29.952328
-203.259399
196.258148
108.000015
18.086578
178.966370
123.088287
-108.000549
101.169815
73.933800
-25.764326
-185.918915
192.605515
108.000015
-24.954298
176.232132
107.470863
-108.000549
87.711021
95.411858
-77.971916
-156.259048
181.723770
108.000015
-20.439066
143.480209
114.020279
-108.000549
86.332367
82.597878
-105.336357
-173.890808
179.163345
108.000015
-12.961603
133.033005
117.500717
-108.000549
89.208229
97.671364
-72.255058
-153.049515
190.518204
108.000015
15.915062
115.624931
125.809662
-108.000549
93.301277
109.735939
-69.221481
-136.218109
189.442642
108.000015
26.283947
69.281181
124.996948
-108.000549
95.511421
130.293457
-25.859276
-107.204124
209.702454
108.000015
53.612442
9.243682
133.181976
-108.000549
101.416580
143.587555
-14.928736
-88.202271
207.805054
108.000015
20.974245
31.272667
130.579697
-108.000549
100.212807
152.784851
-68.716148
-75.016533
197.415787
108.000015
49.265118
5.821719
137.179550
-108.000549
93.070076
154.356628
-69.470390
-72.826241
190.693619
108.000015
24.596302
-16.422380
125.410011
-108.000549
98.359932
174.790771
-63.285213
-43.048351
204.538132
108.000015
67.154915
-41.559509
139.037781
-108.000549
89.395981
200.118881
-71.053429
-5.391744
206.583038
108.000015
63.896568
-78.344933
137.800201
-108.000549
93.930527
219.147552
-63.806099
23.349737
200.582397
108.000015
50.021500
