119.110481
125.937241
134.269791
134.674271
128.871033
123.620880
125.774162
126.910347
121.782494
115.701927
112.942474
113.625366
112.302498
98.123802
82.978432
82.130859
90.025131
97.269791
97.539085
94.995804
95.166931
99.077599
101.486221
100.525452
100.104347
99.477249
101.407364
104.112106
101.158989
97.753120
97.035904
102.309662
107.218636
107.662277
114.682693
119.071854
121.327057
120.479477
116.465820
120.143669
122.432129
122.696594
125.182999
123.876228
122.447151
121.798050
122.538879
124.205605
122.291046
119.499397
119.687691
121.335106
122.341469
123.321014
117.268341
109.140709
105.491829
107.753471
107.896698
102.840736
102.915298
104.232803
104.116928
100.458397
95.538147
96.647514
101.626770
106.522873
107.109207
104.090111
105.557816
110.935104
116.868156
119.612053
118.602470
120.022964
124.501724
123.598892
117.906708
111.976341
107.955170
108.573151
110.117035
107.589317
103.276329
105.425850
112.214523
114.663918
113.280968
111.128227
110.353065
111.195816
112.297668
110.944763
105.608780
102.757050
104.533211
107.691780
109.231903
110.396523
109.357430
112.350243
115.232010
114.922478
109.760300
106.654839
109.402496
110.645432
107.287842
101.913231
99.905861
101.259308
103.708160
100.459473
97.492950
96.356232
98.964943
102.913696
106.367302
104.383011
100.183739
99.978287
104.574516
105.195717
103.177086
101.610138
102.850395
100.542084
96.839027
94.399284
95.853035
102.590752
110.179260
109.048981
101.790382
97.135681
99.462761
102.631523
99.182739
95.484505
93.287773
91.976173
92.950890
92.151588
89.976852
90.171043
88.587471
85.645088
84.859200
85.991089
89.092262
91.586182
90.019768
88.881439
90.855545
92.462723
93.133278
95.055351
95.938866
94.677696
94.528030
96.447426
98.358765
96.478539
89.631386
86.216400
82.972000
78.591949
75.602364
72.801598
73.041389
80.904015
86.653061
92.141937
100.175697
104.575592
106.681664
107.974487
108.502342
115.358604
109.036102
97.929077
95.209846
92.445023
88.570839
88.399719
94.085999
104.954315
104.826645
96.046165
91.036324
90.842674
91.632317
91.777153
95.010826
99.943413
96.356232
89.060074
85.419785
80.704460
80.395470
87.924431
91.800758
81.468887
75.104546
74.484955
77.151604
77.877411
74.032196
69.066353
68.768631
71.989426
74.744591
76.529335
74.310074
72.721130
72.592918
73.638451
77.416069
78.868217
75.751488
76.217659
79.341362
79.171310
76.069603
76.156502
80.890602
85.150490
87.704491
85.478790
82.269257
84.743866
84.820038
80.949615
82.038055
87.214180
89.590614
93.133278
94.535538
91.462265
83.880196
78.141342
78.219124
79.076355
77.584511
69.956306
74.546104
80.036049
77.679466
77.246552
75.830345
77.625816
77.625282
77.547501
80.134224
82.420532
84.612976
85.814606
80.183037
76.798622
76.607117
81.533264
83.422607
76.552399
66.542397
66.331573
70.487923
71.738907
71.897156
70.275490
70.362930
74.672707
85.530289
91.260559
90.006897
88.501106
87.355797
89.427536
87.632607
84.178459
83.429047
84.451508
84.801804
85.529213
81.239288
77.160721
77.833961
81.055824
82.159286
80.873436
81.365891
81.945786
80.709290
78.471252
75.638840
74.777847
77.408562
80.642235
79.646057
76.048683
76.405411
80.162117
83.683319
79.727600
73.320869
78.251312
85.792610
81.854591
76.821693
75.485413
75.662979
75.424263
76.706894
76.089989
75.812111
76.963852
79.974358
81.642159
79.061340
79.981331
77.925690
78.418144
79.638008
76.849586
77.442894
78.796867
78.610725
78.751274
79.839180
78.676704
76.557762
75.490242
75.886673
75.217735
74.017708
73.990349
73.934029
75.287468
75.319656
77.037346
78.721230
79.877266
78.131683
74.273598
71.349449
72.487244
78.062485
81.585297
87.377258
92.169830
90.112038
86.591904
84.520706
81.303665
79.714188
84.074387
88.042984
90.926353
88.635216
84.135002
82.399078
84.116226
88.379333
93.160637
89.398033
87.384232
105.974632
121.435959
122.481483
118.353027
115.743774
114.203644
112.574471
111.037033
108.326393
102.735062
102.022125
102.676048
96.530037
89.791245
88.658279
90.738068
94.990974
95.473778
91.469772
91.532539
93.663284
95.523666
95.505424
96.593338
97.092224
95.096123
90.860374
84.457939
80.096672
80.882561
84.710068
87.766716
86.173485
86.113403
86.707779
86.664864
85.499710
81.990311
81.317078
85.269043
90.271896
92.647797
89.761742
85.833916
85.127419
84.359772
70.340401
56.458897
53.596443
50.968952
51.678665
56.267387
60.462898
60.189850
61.891979
67.884575
72.453987
71.694382
68.047112
66.380386
71.981911
77.168770
75.882385
71.457275
71.235191
73.823517
74.967751
72.306465
69.896233
71.015785
74.647491
77.306099
76.459595
74.905525
74.552010
78.912209
82.561623
81.376083
78.212685
80.696411
85.484154
86.485695
82.940887
77.728813
71.203537
70.031410
74.562202
78.817795
77.775490
75.158188
78.977119
81.424896
79.887459
73.989281
70.959457
73.540276
76.396294
74.632477
72.791939
77.736862
84.344749
84.123741
80.876656
80.605217
82.792824
87.968956
90.722511
88.059074
88.253265
90.615219
96.258057
95.785446
91.002533
85.526535
83.997673
85.027641
85.520096
85.120445
82.224731
81.710289
84.266434
86.074242
84.511589
90.570694
100.362373
102.498489
101.303833
99.075989
96.890526
94.394455
93.927750
93.189606
89.299332
85.651527
84.350655
86.067802
86.494278
85.380623
81.611046
76.111977
73.563881
74.592773
73.439964
70.526009
72.077934
76.320656
79.281815
79.265182
79.412170
78.570496
76.683830
76.670418
75.671028
72.279640
74.741905
83.800804
91.219788
93.246468
86.678810
81.123421
79.415924
79.525360
79.876732
79.871361
80.906700
85.165504
85.642944
82.877045
80.661545
82.726845
86.608002
90.801369
91.630707
87.666397
84.992241
86.835991
89.510147
90.999313
89.013405
88.875000
90.409767
92.870956
91.970276
88.926498
86.087654
88.356262
92.082390
95.625053
95.681374
96.734421
97.851288
98.293320
97.746689
97.200584
96.030609
98.586220
101.783409
99.879578
97.703232
98.662926
100.879509
100.286201
98.371643
96.534325
102.060211
110.748428
114.204185
111.879242
109.547333
111.518753
116.911606
119.536949
116.287720
110.007065
106.454742
105.476814
107.863441
108.179405
105.452675
103.572983
104.070801
106.174721
108.336044
107.770638
107.771172
107.898308
107.955711
107.404785
107.410683
110.809578
115.468040
117.338615
115.427811
114.204720
112.246704
111.318665
114.545898
115.926163
114.352242
112.115814
107.994331
104.088501
100.681023
97.859337
99.420387
105.341629
109.983994
107.515289
102.968948
102.746857
105.977852
110.329468
110.294594
106.893021
103.110031
106.263771
114.104408
116.823090
114.421982
115.180511
117.276382
116.934135
116.660553
112.609879
113.382355
117.351486
117.512955
115.682617
113.121109
113.475693
115.076973
117.593422
115.876274
114.828064
115.435318
117.104721
118.911995
117.898659
117.671204
118.961884
121.829170
124.893860
125.245766
124.033943
124.854698
127.275658
125.969421
124.042526
125.122917
125.652924
127.408165
126.249451
120.946182
115.682617
117.734505
124.272125
129.225098
129.670868
126.575066
125.600357
127.570168
127.596451
122.524399
118.690979
119.126572
121.146278
122.159615
123.377335
120.481628
115.682083
118.700638
120.235931
117.058594
113.421516
113.344269
117.483986
122.110802
121.078682
117.634193
120.735901
125.222160
123.926117
119.553047
113.666130
115.874130
119.629753
120.903809
120.814217
116.847771
114.486351
112.379745
110.487175
107.831253
105.186058
109.263557
116.051155
119.617416
118.613197
115.236298
116.608513
119.853455
123.589767
120.036919
116.031303
117.898125
119.816437
116.965248
114.005699
112.501518
111.798782
114.250854
116.442215
114.406960
112.090607
111.725288
117.338074
120.789543
118.712440
115.215912
114.420906
114.346344
116.830063
116.228714
110.546188
106.126442
108.936859
114.761009
116.070999
115.795807
114.616707
113.996048
116.298988
116.098892
115.194992
117.025330
118.263977
114.904243
111.086922
108.757690
109.878319
111.620140
111.782150
109.686272
107.297493
109.027519
113.582985
116.030769
113.563675
110.487175
111.241951
116.239983
118.332100
115.924019
112.908142
113.491791
119.190407
122.655289
122.270660
121.074394
120.580864
121.271805
122.503471
117.473259
112.969833
112.919945
114.811432
114.611343
112.836258
112.281036
114.388184
116.516785
115.941719
113.217667
109.978630
109.453995
112.504196
116.222816
114.367264
112.312691
112.130302
115.172997
117.264046
119.316475
118.070854
116.223885
120.918289
125.982834
125.921143
124.226524
125.509697
126.435059
125.267761
123.496429
119.612587
120.173172
122.498108
122.693909
124.906731
124.515671
124.924438
123.347298
122.682114
118.537025
113.071220
112.203789
114.980415
118.430809
115.440681
113.012749
113.385040
116.181511
118.131477
117.574112
116.422905
117.524223
120.471436
123.333885
121.172562
115.095749
113.629654
115.528656
119.910316
119.070244
113.153297
108.805435
113.095894
116.539848
114.482597
110.072510
110.055344
114.120499
116.265732
116.776421
115.303352
115.134911
118.088562
118.662018
117.788689
119.178070
119.930702
122.447685
123.050644
121.092636
116.218521
112.694633
115.058197
118.732292
116.676643
113.449944
114.940186
119.410889
119.977371
112.726288
106.608704
107.264771
113.532021
116.686836
112.237587
111.887291
112.608803
113.627510
116.451340
116.124107
117.815506
120.911316
123.577965
121.608154
117.200211
113.923622
112.229004
114.423592
117.109550
116.886932
114.928383
115.554405
120.201065
123.521645
121.857063
118.262901
116.278603
118.220520
117.253319
117.600937
116.205650
115.006699
116.219055
118.682938
119.156075
118.091240
119.681793
121.627998
123.876762
123.047424
117.593956
113.363579
113.193527
117.016212
114.922478
112.818016
115.402596
115.505592
118.331566
119.010162
117.785469
118.935600
120.714981
121.129112
119.420547
114.895660
112.835182
113.297058
117.799416
119.743484
118.908241
120.887177
124.561264
122.603256
116.882103
113.860321
116.791977
120.268120
120.257393
117.482376
113.772888
112.575012
115.417076
118.099289
117.900803
115.127937
115.569427
118.646996
119.246201
116.925018
114.222420
113.267021
116.397697
117.533340
111.894798
106.407539
108.738914
115.301743
118.137909
115.407959
110.397591
108.730865
112.881317
117.228104
114.026619
110.126152
112.559456
121.611908
124.925507
121.191872
118.808998
119.252098
117.661552
110.939934
109.371918
104.918373
105.265991
118.162590
126.614761
122.410133
112.632942
110.224861
115.192307
121.398407
119.623322
113.581375
111.491936
115.920258
120.868935
117.051079
114.604370
116.803780
124.423935
124.205070
119.802490
116.305962
118.003265
120.819580
121.287895
118.099289
116.006088
117.171242
116.029160
117.159981
118.645920
115.399376
110.908287
110.201790
110.824066
111.746208
107.015327
105.947807
109.528557
114.488495
115.238441
113.099648
113.454239
116.935745
119.914604
119.756889
118.316544
116.857964
120.669380
121.754066
119.579865
118.156685
119.620636
120.140450
117.686768
114.182190
107.096863
105.878067
110.860542
113.386642
108.366089
105.062675
107.557671
112.358284
115.598396
112.454308
106.971878
109.714699
116.184723
121.219772
122.835533
120.731071
122.273880
125.355736
122.921898
118.679184
115.887001
115.669739
120.027794
122.176247
117.897049
112.816948
112.929062
114.434853
115.516319
113.032059
111.801460
114.946617
120.703712
125.611618
124.184143
119.998291
118.072998
121.018600
121.558266
122.090416
118.960274
116.972763
118.794518
120.016533
117.190552
113.432777
112.911896
116.389648
120.334641
120.607689
118.127182
117.230255
119.686081
119.834679
116.065102
112.480057
112.591103
115.663841
116.835968
114.269630
111.821846
114.634949
121.146278
122.064133
118.067101
114.919258
115.844086
121.203674
123.193878
120.103432
115.932060
114.825920
116.959885
120.785789
121.334030
119.619560
117.833214
117.602005
117.407280
116.128403
115.348412
117.179825
119.585770
119.618492
116.770523
114.548042
115.414398
116.088165
115.021187
114.322205
113.314766
115.964249
118.813828
120.583015
117.126183
112.259048
111.612633
113.389862
114.327568
110.732872
108.401489
112.258507
116.834358
116.272705
113.972443
111.992432
110.790268
114.977196
118.619637
118.802567
116.304886
114.478302
115.266876
116.945938
115.727142
113.454239
115.922409
121.270195
122.402084
118.462456
115.051758
114.683762
117.117599
118.788612
120.619492
118.349266
115.796883
117.335930
117.650284
116.761398
115.105942
114.329712
117.615417
121.183830
120.714981
117.699638
117.919579
119.701637
120.030479
117.133690
112.995041
113.846916
117.914215
119.669991
117.666382
115.094139
115.280289
115.174072
114.241196
111.910355
108.776466
110.358971
114.998657
119.302528
116.009850
113.129150
113.597466
115.256149
115.378990
114.810898
116.019501
117.347733
118.493576
116.873520
113.606049
110.980171
110.350388
112.188232
113.703148
114.139275
114.853813
117.598251
118.470505
117.239372
113.626968
109.725967
111.305786
116.387505
119.791763
115.792587
112.226860
111.720459
115.075905
116.642845
112.741844
109.058098
107.831795
109.059174
110.394913
108.176727
105.903282
105.864662
108.963684
111.637848
111.221031
115.499153
124.247986
130.788284
130.911667
127.970352
125.673843
126.182930
127.336815
127.693550
124.448074
120.029404
119.738113
121.626389
122.580719
121.037918
118.257538
115.591423
114.823235
113.887680
111.936111
110.350388
110.040855
112.316978
113.619995
111.259117
108.252365
111.597610
117.995758
120.905411
118.111626
113.526123
113.049225
116.333321
119.697884
117.359535
114.561989
116.079582
118.960274
119.986488
117.349876
115.964783
115.646141
114.044327
114.851669
112.277283
108.505562
110.220566
114.957352
115.788300
113.964928
111.020935
112.687126
118.693130
117.701782
111.733330
108.992111
112.244560
117.993073
122.750778
122.852165
120.945114
121.501938
123.502869
122.240616
115.799561
112.254753
115.428345
120.945114
124.645485
123.364464
120.960129
120.557800
120.732147
117.984489
114.102798
112.401199
114.726143
119.636192
119.450050
114.141953
110.481277
111.519829
113.785225
115.583908
113.461212
108.752861
106.748718
109.725967
111.637306
110.681374
109.706657
110.960854
114.021255
115.341980
115.304962
116.353172
118.482841
120.309425
118.033302
114.780319
112.776711
112.894730
113.906456
115.778641
116.068855
115.979805
118.207115
119.097603
120.817436
119.882957
116.091919
114.037354
115.637016
116.198135
114.864540
114.522293
114.564133
116.934669
117.887390
116.471184
113.986923
113.608200
116.580086
115.377380
109.517288
105.598045
105.672073
108.027596
110.008675
110.399734
108.876778
110.679764
114.746529
115.394547
113.285255
110.232903
110.215202
111.477448
113.421516
110.860542
106.138245
106.021835
110.117569
113.431168
113.334610
115.026550
114.241196
113.378067
113.350708
112.363655
111.243027
108.476059
108.540428
110.772026
110.312836
109.134270
112.550873
117.240982
117.102043
113.314224
110.716240
110.976952
113.067467
115.396690
113.625900
110.553696
108.726578
109.684662
110.841766
110.590172
108.381111
107.986290
108.752327
108.961540
107.956779
108.652550
109.698608
110.004913
110.861618
109.836472
107.809799
108.329613
110.495224
111.671638
108.276505
101.947563
98.648445
101.301147
103.591217
97.743469
92.842529
93.656845
98.713356
101.342453
101.354790
103.125053
104.209740
102.905113
102.028030
99.058289
96.092300
96.592262
99.936981
103.535431
101.709381
96.353546
94.451317
97.969307
101.470131
97.489731
93.927750
95.503281
98.967628
98.715500
94.239960
88.751625
88.834770
91.903755
92.473457
90.503639
90.506859
93.216965
96.226944
98.036903
96.001640
93.183167
94.441124
95.330009
96.406120
92.485260
87.158386
86.690079
87.567696
86.183136
83.984261
82.745621
84.632286
85.714287
85.258850
84.755669
85.824257
87.966270
90.819069
93.775932
90.849648
88.907722
90.265457
91.595299
93.810265
91.694542
87.054321
86.564552
91.595299
92.893486
88.864815
83.071777
81.877655
84.656425
85.564087
83.812599
81.650742
82.799263
86.988335
88.143837
83.736427
81.046173
82.578789
86.295792
89.185600
87.429291
82.664619
81.641624
85.287819
86.396645
83.021889
81.895363
82.135147
82.481155
82.674271
79.335999
73.763977
72.671242
74.176498
75.737007
73.497360
71.302780
71.917007
74.430771
76.500900
75.771339
74.950584
78.472862
82.961266
83.931694
82.041267
81.914673
84.154312
85.997528
86.266823
85.294258
86.035080
88.433510
89.461868
89.020378
86.562401
83.209641
80.961411
82.855591
83.785782
80.687828
77.685898
77.417145
77.375298
76.803452
72.697525
70.147285
76.496071
83.006332
80.417465
75.242943
70.873093
69.096931
73.336433
75.380272
73.545639
73.221092
73.044067
75.735397
76.614090
73.085373
70.080231
73.541351
80.091309
84.406982
86.984581
85.934227
85.279770
85.497566
84.499786
81.850838
84.977219
87.916916
89.789101
90.491837
88.473206
83.466057
80.034439
79.600464
78.970139
78.301201
77.730965
80.391716
83.071236
83.009010
80.746834
78.230927
78.326408
80.417465
81.099281
79.496391
79.462059
81.666832
83.316391
81.476936
78.144020
75.889359
76.774483
80.017273
81.969925
77.266937
71.679359
69.735298
72.323631
73.064987
69.465469
66.807396
71.065674
75.864143
77.728279
77.534622
72.752243
74.593849
79.427193
80.407272
78.850517
75.240799
76.054047
80.919037
84.784637
84.358162
84.500854
86.960976
92.343636
92.176270
85.227737
78.977119
78.223412
83.138832
85.993240
83.348579
76.582977
74.941467
78.130608
80.927620
79.598854
75.645279
75.271378
76.659149
76.391464
75.266014
74.376595
77.648346
83.395790
83.879654
81.049927
77.342041
77.486343
80.929230
78.383812
74.535912
73.501656
74.529480
75.281029
75.949974
76.203712
76.076042
78.683144
83.839958
85.350044
82.823402
79.787140
73.891647
74.039169
83.238609
87.614365
86.025963
82.961807
81.023102
81.394859
77.447723
70.240623
74.204933
77.056656
77.262650
77.485809
77.891357
77.918182
81.718330
88.477501
84.234245
74.545570
72.885284
75.715012
79.479759
80.298912
77.338821
78.878944
80.554794
81.716187
79.950218
79.210464
80.841248
82.806770
80.939957
77.210609
73.694771
75.664055
79.016815
81.482300
84.072777
88.380943
90.197868
91.311523
88.020988
81.612656
75.981087
76.266472
80.056435
79.790901
73.472687
66.487679
66.968864
69.840973
70.160156
66.566002
66.179756
66.234474
72.978622
81.328339
81.037056
78.059799
81.790756
85.072166
83.220909
78.589272
74.298805
74.689339
74.671631
78.000793
82.091164
82.676956
86.237320
91.061005
90.820145
87.768326
87.431435
92.598442
94.286095
91.564720
86.796829
81.842789
83.460159
88.597664
89.080994
83.193008
75.105614
73.070358
75.113129
70.412285
62.922485
61.035820
62.807686
69.346375
74.199028
74.269302
76.569031
82.587372
81.577782
78.177284
74.355133
74.790184
78.338211
81.958122
80.149239
74.903374
74.661438
77.796410
79.919106
76.319046
71.510918
67.688232
68.020294
72.316116
77.316292
78.652565
74.249451
75.501511
80.399757
86.256630
89.231735
89.186676
91.236420
92.111893
89.116402
83.135078
77.776558
75.136192
77.101715
78.788292
79.459373
78.198204
76.290077
76.596924
75.763832
71.657364
70.284073
77.107613
82.849152
82.571274
79.698097
77.357597
76.633400
80.206642
83.266502
77.998108
73.517212
74.347626
75.748276
75.864143
73.299416
72.197563
77.255676
77.047531
76.504120
75.357208
75.000473
79.245872
82.367424
79.389107
74.593849
69.150574
74.554688
90.204842
94.182556
88.879295
83.761642
85.073776
80.486664
73.496826
67.376564
64.520012
67.164131
71.438499
74.821838
74.171135
73.523651
74.360497
76.298126
78.034050
77.151604
72.817688
74.602432
80.735573
79.228706
78.080185
79.360672
81.078896
83.821182
82.432877
78.942787
75.627037
74.459740
76.949364
78.261505
81.850838
78.072678
76.537376
81.220512
82.673737
78.656326
76.205856
78.809212
84.129639
87.705025
86.040443
81.220512
80.509193
82.177528
82.874901
80.574104
76.774483
76.003082
80.241508
82.592735
79.064018
76.013275
77.229385
79.997429
80.365425
79.028076
77.645668
82.039665
83.918282
82.609901
81.898041
82.820724
81.582077
81.727455
81.891068
79.958801
79.040955
79.795189
81.946861
83.305130
83.081429
81.937202
79.820404
82.774590
85.725014
80.514023
79.584366
78.703529
77.614014
76.030975
76.046532
81.305809
94.257660
97.655487
92.105995
81.895363
68.923660
64.797890
67.160378
68.549759
67.991325
66.885719
68.214485
71.002373
74.094955
76.390930
70.809792
69.044899
71.532913
73.481270
71.683655
69.141991
71.297417
76.688652
82.445213
82.335243
81.921646
82.554649
83.384521
84.369431
83.296547
80.489342
79.126785
81.668442
83.654884
83.809921
83.131325
84.856514
80.653496
75.271378
72.234039
71.643417
76.029907
81.680779
83.267044
80.209320
78.184258
78.800087
81.073532
82.593803
79.964165
77.777092
80.119736
83.521851
82.752060
83.585152
86.426147
86.020058
83.318542
78.376305
74.669487
71.899300
72.973793
79.101570
79.114983
75.694092
71.937393
71.539352
74.182938
74.747269
74.677536
72.408386
74.416290
79.221199
78.862320
79.317757
80.492561
85.068413
90.254196
89.922676
87.764030
87.729164
84.378548
84.805016
86.421318
85.648308
84.373718
89.710777
91.841530
90.159782
82.525139
76.667732
80.064484
87.605247
88.249512
86.237854
84.842033
85.592514
88.031715
90.249901
88.115936
81.385742
79.308098
80.677635
79.847221
75.381348
72.410530
74.736008
80.162651
81.427048
80.987160
78.726059
80.386345
89.786957
89.639435
85.035690
79.993134
76.779854
78.654716
77.937492
72.214195
69.605476
70.001907
75.173744
75.129219
74.344406
68.727859
70.435890
73.057480
73.656685
69.607620
67.956993
70.672997
74.723129
76.523964
79.852592
79.558083
77.168770
77.152679
78.689049
77.158043
73.573540
74.128754
76.748734
77.252991
73.066063
69.722961
71.977623
74.902840
74.422722
72.017319
70.977699
75.114738
79.165947
79.767830
78.571564
76.734787
77.288933
79.418068
80.265648
77.057724
73.074646
73.567101
76.107155
73.290833
69.654831
68.194099
68.724106
72.075256
71.802208
67.764412
67.137848
71.225533
72.357964
71.169205
69.319557
67.082054
67.111557
69.990639
71.720131
67.944656
63.565144
65.175545
71.851563
73.225922
69.799133
67.800354
69.565247
74.348694
80.059120
75.033195
68.951019
72.503334
73.680824
73.371300
74.697380
72.915321
71.356956
78.118813
81.679176
77.365646
74.063309
79.066704
78.716942
75.594315
74.137871
75.870583
74.613701
73.515602
75.032120
76.442963
73.750565
74.822372
77.562515
79.829521
78.577469
77.548569
77.837173
80.666908
80.292473
76.801308
76.770729
78.576393
81.731743
80.855736
76.176353
71.861214
72.931419
77.379593
78.457306
74.777313
69.682724
70.649391
75.613625
78.534012
77.475075
76.582977
77.308784
80.789749
83.529358
80.867538
77.970749
80.251701
83.135612
83.216614
80.378304
79.720085
85.212181
86.380013
87.185745
86.215858
85.449287
87.356873
89.829330
90.110962
86.618729
83.332489
83.620018
85.029251
85.965340
84.421997
80.606293
79.952904
79.404663
79.346184
78.210007
73.798843
73.240410
75.879166
77.243874
76.144165
75.021393
75.039635
78.751274
83.123276
84.136612
82.319145
80.479149
81.622849
79.722771
75.009590
72.605263
75.176422
76.673096
76.303490
73.707649
74.175423
77.893501
81.686150
83.227882
79.761391
74.271446
73.630936
78.548500
80.776344
77.732033
76.035805
76.559906
82.558937
88.021523
79.011986
69.207977
66.456566
69.379097
71.570999
70.240623
69.955238
72.217949
77.459518
80.980728
79.984016
77.767975
78.550644
80.344505
80.698555
77.254066
73.831566
75.654396
77.640305
79.832741
79.505508
77.979332
77.121567
78.583900
80.886848
80.233459
81.035980
83.030472
86.076385
86.374115
81.730133
77.575394
78.225563
81.874977
83.297081
83.252556
82.843254
81.583687
81.030617
81.524681
81.867462
83.300301
86.726021
88.847107
88.593910
87.384232
87.663719
90.971420
92.594688
90.208595
85.014771
80.376694
79.277519
81.561691
80.578934
80.751129
81.691513
83.993385
89.673225
94.349388
95.834267
99.206879
102.604706
103.265602
99.492264
93.762527
88.482864
86.848862
87.141220
85.796364
82.058434
78.754494
80.195374
82.773514
80.053757
78.639694
79.307564
80.229706
80.577324
79.758713
78.171913
78.069992
82.768150
88.318710
88.177094
85.371498
82.003181
82.479546
87.457191
88.329445
85.351654
82.183968
82.040199
83.144196
82.515488
79.863319
77.071678
79.047928
84.361382
84.163971
79.931442
75.603966
81.213539
87.639038
88.968346
86.677734
83.521317
86.603706
92.329689
94.266243
93.069443
91.521271
92.723434
94.743141
93.039398
88.385765
84.833984
84.331879
84.696655
82.776199
79.875122
78.205711
79.419678
81.742470
80.903481
77.048073
74.488167
74.420044
74.933952
73.710869
70.598969
73.520432
79.499611
83.891998
85.793678
84.768005
82.917816
84.159683
85.822647
85.617195
84.497635
82.414101
79.286644
78.878944
77.127464
74.622818
71.664345
73.275810
75.971436
77.759392
77.542671
77.165550
78.379517
81.288643
84.436485
87.084900
88.663643
91.766960
94.630486
93.458359
90.842674
91.399498
95.253830
96.309555
97.837883
96.152382
95.602516
99.086716
104.932861
106.325462
104.720428
101.885872
102.811234
106.636063
107.658524
103.836906
99.324898
99.621010
103.574593
105.521339
102.630455
99.824860
99.419312
98.134537
98.485901
97.781555
95.859474
97.418922
100.298004
102.621330
104.609924
105.255798
107.512070
112.973587
112.358284
107.406929
101.482468
98.903252
101.671829
102.821960
101.693291
100.735199
102.423386
107.092041
107.971802
105.702652
105.037468
105.765419
106.540573
103.280617
101.709381
104.227440
110.040855
118.105186
118.937744
117.851448
115.341438
114.925697
117.225960
116.393936
113.837791
113.786293
116.345657
121.237473
122.457878
119.786934
116.881561
116.810753
120.201599
120.763260
118.208183
114.672501
116.796272
118.489815
116.528046
114.009453
113.985313
115.535629
119.824486
119.665161
114.596321
112.694633
114.649963
116.431488
114.993286
112.737015
112.579834
114.627975
115.897194
113.909676
110.812263
110.614853
112.493469
115.352707
115.881638
112.434998
112.051979
111.700607
113.080872
111.681297
106.221931
102.481323
102.556419
107.464867
112.552483
111.193672
107.200401
105.310516
109.273209
118.574036
122.873619
119.757965
114.605980
113.979416
117.093460
115.020645
108.575302
108.115036
110.684586
115.118820
112.313225
110.093430
112.148537
117.009239
118.652893
117.410500
119.120674
115.832283
112.805145
115.408493
114.442368
110.493080
110.174431
112.697319
113.302422
111.232834
110.263481
112.419441
118.501617
120.799202
115.919189
113.425804
117.783325
119.606155
118.776276
117.411568
118.522537
118.571892
120.137764
122.664406
117.920113
115.514175
116.466362
120.946182
122.347366
118.640022
115.729828
115.991608
116.852600
115.706223
112.646355
111.745132
113.710121
113.363579
112.634552
114.808220
114.788902
117.636337
119.478477
120.939743
120.435493
121.178467
120.068031
119.967712
118.108940
116.039352
114.877953
114.964859
117.026405
117.347198
117.522079
116.153076
118.167953
119.301453
118.919510
118.548828
118.433487
119.761185
121.380165
120.058907
115.198746
111.704903
112.843231
116.135910
116.927696
116.093529
117.030159
116.782860
116.130547
117.423370
116.833824
115.763618
116.301132
117.800491
117.071465
115.441757
116.300598
117.557480
117.418007
114.602226
110.105232
110.772026
113.176895
112.584663
112.638313
114.673035
112.614166
111.079407
114.702538
119.133545
121.414497
122.471291
125.067665
124.025894
121.470291
117.690521
113.293304
112.571259
114.051834
113.917725
111.768204
108.735161
110.463036
114.155365
114.918190
114.158585
114.360291
117.772598
119.697884
121.547539
118.928627
116.410568
118.701714
119.211334
115.091461
109.491539
108.916473
112.098648
113.345879
111.792877
109.983459
109.001236
112.821236
117.267799
115.860176
110.723747
109.147148
112.637238
115.293694
117.618103
117.922798
117.307503
120.855522
122.043205
118.417931
115.920799
115.299065
117.874519
118.874985
120.471970
123.812927
124.585403
122.644562
125.569778
127.658684
125.665260
123.261467
125.054253
126.908195
125.233963
120.826019
118.924332
119.956985
121.007339
119.144279
117.212013
116.088165
119.896904
122.963745
123.894470
122.434273
117.972153
115.383820
117.789223
118.289726
115.653114
114.391403
115.745918
116.839722
115.151001
113.504662
114.802856
116.459381
115.973907
113.385040
113.130226
114.118889
114.052368
114.483673
114.855423
113.015427
109.573616
112.175896
115.184265
114.645142
113.074974
112.477379
110.720528
112.164093
112.337364
113.180649
116.499619
116.854202
117.567673
117.388504
116.396088
113.664520
112.697853
112.748817
110.539749
110.754326
111.631409
111.957031
113.234299
115.308182
115.712662
116.831139
119.387283
118.394867
115.291550
114.945549
116.447586
118.318153
118.952232
112.785828
109.347237
108.405251
109.843987
110.979630
110.298889
106.298637
105.454819
109.757614
108.824211
104.299858
101.413269
100.316780
102.436256
107.679443
111.085846
109.882072
108.580124
113.334610
117.302673
113.398987
109.898705
111.122864
112.827675
112.784760
110.404030
108.362869
107.220245
108.524338
112.024620
113.304031
113.115204
115.448189
115.759865
117.354706
118.397011
120.168343
120.540634
123.390213
122.739510
119.641556
116.310257
117.093994
116.712585
113.435463
109.717918
103.653442
102.354721
102.475960
104.705406
107.038391
105.736984
105.218781
106.039001
109.641212
108.723892
106.358185
109.319344
112.624901
113.628044
112.394768
106.678978
106.838837
113.958496
118.425446
119.929092
117.125107
116.813438
118.812752
120.315865
120.611443
121.430588
120.615196
122.221840
127.776161
129.311462
127.397430
124.280167
118.019897
119.003731
121.367828
122.505623
124.086517
126.664116
124.003365
118.951157
116.106941
116.447586
118.653435
118.598175
116.153610
115.654182
113.386642
114.132835
119.645851
119.629753
111.300964
106.791634
106.012184
108.411148
108.435287
106.345848
105.324997
111.123398
116.767838
114.458458
110.680298
109.090286
109.038246
113.434929
113.784683
108.595688
109.800529
115.625221
119.476334
119.384064
121.302383
123.653069
126.512306
125.778992
122.280853
115.701393
114.916039
117.209869
119.484917
118.455482
116.992073
117.342369
121.181679
121.791618
119.192558
115.550652
113.478378
113.077652
116.560234
115.014748
113.724602
117.199677
120.637192
123.234642
126.362099
124.607399
115.147247
114.214378
116.507126
111.795021
107.305542
106.944519
109.554840
113.381821
116.595108
117.488281
118.129868
120.685471
121.766403
119.621170
114.892975
114.969147
118.924332
120.894150
116.905167
114.522827
116.327957
118.105186
122.801201
124.905663
120.290115
116.640701
118.460846
119.842720
119.625465
117.804779
114.969688
116.088165
118.482307
117.882027
118.353027
116.999046
118.590134
120.599106
118.960815
117.225960
115.350021
114.827530
115.816727
116.708298
117.132622
117.991997
120.346977
123.668625
122.512054
117.478622
116.247490
119.319695
120.087341
118.366432
117.780640
117.534950
115.434242
116.244812
113.473015
110.331612
111.512856
113.083557
116.933601
116.503906
113.649506
111.637848
113.091606
115.825310
114.315224
110.586960
109.847740
110.220566
112.700539
113.929527
114.743309
115.602684
115.067856
115.561378
114.810898
114.573792
117.361679
122.970177
125.556366
119.604004
117.549438
118.696350
120.204819
120.105583
118.977982
118.121284
116.897659
118.542389
120.507378
119.084732
114.221352
112.383499
112.271385
112.583054
111.744064
109.106377
107.835007
109.917480
112.653870
114.738480
114.612419
115.564598
115.873055
116.602615
115.006699
111.698463
109.389084
111.800926
116.091919
116.611198
114.030380
112.903313
114.945007
117.566063
119.384064
115.179970
112.676399
113.561523
114.477234
113.363579
111.575623
110.317665
109.184158
107.570541
106.210663
102.871315
105.362549
110.504341
114.300209
120.552971
120.517570
119.470436
121.680038
126.395897
125.968887
121.946114
118.815971
118.032234
115.782928
110.857323
107.926208
107.727188
108.627335
112.097580
112.300888
110.208229
109.642822
110.487175
115.737869
118.675423
114.507271
110.589638
110.677612
112.435532
114.500298
113.518074
113.201035
114.217056
116.854744
119.415176
118.308502
117.200211
118.876595
120.750381
118.444756
116.647141
117.718414
120.607689
123.419182
121.142525
114.805000
111.160950
113.342659
115.009384
115.361824
112.394768
111.619606
114.697174
118.351418
120.559410
118.888397
117.644386
118.164200
119.111015
117.869690
115.057129
115.038887
116.670746
120.262222
121.037918
118.579407
114.929451
112.685516
112.366867
111.604584
113.617317
113.998192
113.896805
114.968079
115.066780
113.248245
113.007385
115.963173
117.667992
118.625534
116.597252
116.523758
117.166412
118.434563
118.933456
118.028481
118.960274
119.910316
120.666161
120.851768
117.576256
113.673645
114.182724
111.239807
109.673393
110.429779
111.259651
111.778397
113.614632
111.687737
109.940010
111.758011
113.164558
115.584984
115.666527
115.646675
116.126793
117.954987
120.065880
118.818657
115.070000
112.871124
113.807755
117.635803
120.143127
120.250954
116.396088
113.329781
114.084023
114.429489
112.227394
109.956635
109.250679
109.137489
108.069969
106.165070
106.825966
107.630089
111.063850
113.068001
113.831894
113.771812
116.654114
120.093781
120.009018
115.574257
111.149681
110.588562
110.693710
111.650719
110.380424
108.481422
109.797852
113.412399
112.725754
109.161095
110.413689
114.733650
118.004333
117.428200
113.322807
112.393692
115.151001
117.485062
119.448975
117.723778
113.576546
112.149612
114.185944
113.960106
110.945839
112.099724
116.410034
118.778419
117.069321
111.570793
107.954636
108.761444
111.806824
112.035889
110.016716
107.458961
106.889267
106.083527
103.525772
100.155312
99.806625
101.493195
103.660957
100.560326
97.242966
96.233917
96.260742
99.948242
101.969017
99.093689
96.955437
99.058823
101.059753
101.202446
99.687531
97.593262
98.457474
99.011612
95.767746
90.981071
90.334663
93.798470
96.027924
93.937943
88.137932
86.163826
86.927185
87.798904
89.169510
91.285774
92.103310
92.969124
92.804977
91.618904
90.677986
89.423782
88.427612
91.430077
94.331154
90.408157
88.813850
89.813774
91.324394
89.680740
87.293037
84.607613
82.906013
83.087868
81.454941
77.081863
78.223412
81.953835
79.569344
79.393394
80.212006
82.685539
86.709389
91.431145
86.710999
78.753960
75.367935
77.645134
80.951225
81.517166
78.892357
78.699776
80.901329
81.666298
82.158218
83.903259
83.119522
83.543312
83.791145
82.661934
81.920036
80.324654
80.207710
83.185501
82.216690
80.988235
82.756882
83.139366
83.096451
79.434166
75.385635
74.541817
78.693871
84.232635
84.483688
79.789291
76.402733
75.868439
79.774803
80.778488
79.060799
79.641228
82.647987
85.990021
87.605247
83.111473
81.202812
81.546135
82.753128
81.099281
78.289932
76.302414
75.919395
76.586731
74.980087
71.367149
70.523331
71.181541
73.628258
72.129433
68.856071
67.529984
70.206825
74.049362
74.763901
74.460274
74.671631
75.873802
77.191299
78.583900
77.527649
76.898941
76.808815
76.370010
77.275520
73.677071
73.196419
77.631721
80.655640
79.853661
75.406021
75.910812
80.636864
83.330879
83.857124
84.196159
83.683853
87.041985
90.518127
89.060616
84.250877
81.641624
82.101357
83.113617
82.047707
81.238754
82.299835
81.528969
82.623314
82.626526
79.422363
80.368645
85.235245
85.027641
81.685074
79.709892
79.058121
79.805382
83.124344
83.842110
80.776878
79.905159
79.869759
81.721016
80.592880
78.861244
79.867607
83.072845
87.128883
84.612434
81.788071
81.770905
81.819183
86.761955
88.909332
83.854980
79.410027
79.703461
79.886383
80.646523
79.301666
76.388786
78.727669
78.767906
77.612404
75.722527
75.294441
76.578148
77.831810
79.792503
83.063194
81.560616
77.874725
79.600464
80.360596
75.001007
73.411530
77.583443
77.283035
72.315582
68.014931
71.125214
73.172279
74.630325
76.123779
74.785362
70.905815
68.253647
70.026581
73.278496
69.678436
67.960747
73.781143
79.886383
76.736931
71.053871
73.258110
75.988602
80.124565
78.506653
72.385323
73.236649
75.672096
76.024544
74.233894
74.776779
74.733864
74.575073
76.978333
77.818398
77.750809
76.761612
77.395149
79.625137
80.373474
79.048996
80.068237
81.886772
81.289177
80.754883
80.843933
79.906769
80.682999
83.305664
81.252701
78.095207
78.298515
79.894432
82.552498
82.853981
76.441353
73.688873
77.443962
81.016670
80.222733
80.143875
80.057510
80.798874
83.306198
80.485588
76.069061
75.377594
78.864998
81.790215
79.234612
76.487488
75.256355
77.666588
78.983017
79.468498
77.770119
74.487633
77.010521
82.255310
81.735497
81.302055
81.658791
82.443604
82.880264
80.241508
80.451797
81.575638
84.526604
85.565155
81.298302
80.044632
79.893898
81.095528
82.937668
81.715111
76.381813
73.877167
77.167694
79.901939
78.284569
76.069603
76.600677
77.175209
76.378052
77.727203
75.082008
74.265549
76.409172
86.065125
90.019768
85.959976
85.196625
86.213715
91.040085
91.219254
89.105675
88.475357
89.786415
87.378868
87.704491
87.347214
87.357407
89.099770
90.869492
88.601418
84.714897
81.511269
82.010696
80.548889
78.653641
79.384277
77.668198
77.284103
77.921936
76.651100
75.785820
77.007301
83.471962
90.288528
86.250732
80.135826
78.813499
82.122810
86.570984
88.834236
86.650383
85.770615
88.400787
87.905655
84.785172
80.971069
81.767685
83.488594
79.338676
74.757462
73.903450
76.376984
76.702065
75.014420
76.107689
77.743835
78.144554
82.623314
83.448357
82.648521
78.602676
78.394539
80.483444
82.049316
82.842178
80.500610
78.848907
78.798477
82.438240
84.403221
79.252846
75.417824
77.358131
78.194984
74.980621
71.963676
70.305000
71.874092
74.127144
74.673241
73.687798
72.115486
73.153503
77.713257
78.093597
77.313072
78.724991
79.713112
81.496780
81.397003
82.324516
83.370575
84.414490
85.515266
82.852371
77.478836
75.781532
78.488419
80.185722
80.209320
79.813431
80.156212
79.641769
79.440605
79.801628
79.091911
82.053612
85.559792
83.905403
80.046783
76.600143
74.833099
77.115662
82.031082
84.062584
81.519852
79.926079
79.650352
78.118271
77.109764
79.579002
80.096672
80.873970
82.528358
82.691437
79.519455
79.319366
81.314926
83.805092
80.865395
76.353912
72.636909
74.369080
76.726746
75.207001
72.633156
74.476906
76.724060
77.866684
77.031441
78.844078
78.495926
82.084190
85.809776
86.609070
85.534584
86.602638
88.761818
89.179703
88.306908
86.835991
83.750908
81.984947
83.679031
83.546524
80.886314
73.564415
73.282784
74.979012
71.301704
69.218704
69.396263
73.888428
78.646133
81.771439
80.051071
78.963165
79.960953
79.288254
80.690514
78.723381
77.327019
82.293938
85.041588
83.504150
82.040199
80.108475
81.463524
84.204742
80.645988
79.237823
77.974503
81.712433
85.188576
84.556114
76.721375
76.331383
76.575462
78.008301
78.367714
75.924225
74.084770
75.278351
79.811821
78.397224
74.541275
75.566422
76.245018
76.416145
75.901695
74.530014
72.501724
75.125465
76.805595
75.614700
74.018250
73.673317
78.155289
80.446968
76.527725
73.067673
72.317192
76.150604
80.647057
81.297226
79.756569
79.290932
79.563980
80.258141
79.992065
77.823769
78.066238
81.865852
86.197083
85.245438
80.008690
79.495857
83.099670
84.412880
84.703094
81.996208
82.276230
85.433189
86.980293
84.800194
81.579391
79.810745
79.862244
81.758568
81.865852
81.022568
81.161507
82.418388
82.509583
82.951073
81.876587
80.268867
81.219978
82.292328
81.162041
80.318222
80.686218
81.372864
82.101891
80.432480
78.214294
77.567345
80.246338
81.173843
77.867752
72.714157
72.844513
76.144165
78.560837
79.050606
79.146095
78.722839
80.170158
82.090622
82.422142
80.207710
78.881630
78.660614
79.854736
80.958733
79.535011
78.770584
79.642303
83.000427
83.323906
79.806992
78.914886
80.270477
81.096062
79.735641
76.397903
74.965607
77.622063
79.619240
78.854805
74.071358
73.600357
76.688118
81.456551
78.054970
73.052116
72.625648
72.057014
74.695770
75.516533
76.150070
76.418289
77.026611
79.106934
78.759323
74.400734
71.723351
74.152893
75.386711
73.671173
73.348770
75.738083
78.155823
78.198204
75.535843
71.706718
72.031807
74.524651
76.087837
75.826057
76.702065
80.287109
82.327194
83.035301
82.527824
79.392860
77.764221
79.994743
82.215080
80.161041
76.469788
77.590950
81.858345
84.680565
85.152634
83.296005
80.814964
81.450111
84.226196
83.048706
80.524750
80.234001
81.008621
80.614876
78.525970
76.500900
76.897865
80.187866
82.415710
81.330482
78.063553
77.211685
81.560081
87.194870
87.560188
85.748085
87.191109
88.994629
89.086365
88.364311
84.880119
84.713821
88.205521
90.684959
88.214104
84.580788
84.622093
86.145584
85.933159
83.404907
80.061798
79.574173
83.713364
86.306519
84.183281
80.154068
77.587730
79.463669
84.137146
83.381302
78.609650
78.911667
80.835350
81.743011
79.263039
74.494606
71.666489
71.200859
71.784508
71.005592
70.881676
71.916466
73.894333
73.520966
71.437424
74.191521
78.970139
80.173920
78.073212
74.816475
74.398048
75.034271
74.469933
77.656929
78.949219
77.927299
76.616768
76.759468
78.421364
79.614410
79.951294
79.172920
79.835960
79.719017
79.719017
77.602219
76.743370
79.715263
83.083038
82.100815
77.089378
75.350769
75.933342
77.602219
77.575394
75.014420
74.951653
76.456909
78.868217
78.676170
76.961166
73.826736
75.872192
79.996895
81.786995
79.818260
77.004616
76.705284
77.391930
77.255135
76.655396
74.416824
72.957169
74.037560
73.730179
70.654221
69.308823
75.159798
79.044174
78.113441
78.638618
80.273697
79.867073
80.034439
78.179428
74.318657
73.168526
75.289612
79.854736
80.703918
77.817863
76.554543
78.973358
82.202744
82.466667
77.804451
78.230927
78.383812
76.946686
74.345474
72.670708
73.875015
74.138947
74.973114
75.659760
75.903305
77.281960
82.759033
86.470131
90.080925
90.102921
91.538437
95.941551
99.215462
96.701698
91.437050
89.640503
92.791031
94.832191
94.774788
93.390236
93.946526
98.359840
101.631058
101.739426
99.184349
99.919815
104.760666
106.988503
104.897453
103.281158
103.237701
106.390907
110.782761
110.058022
106.721359
104.876534
106.329216
108.976555
110.802605
109.586494
107.910645
107.435364
110.933495
112.049294
110.146538
108.319954
109.561813
111.692566
111.004845
109.361191
110.237732
111.746742
113.247711
110.988754
108.075874
106.494980
109.157341
111.658234
111.994583
110.607338
110.457672
111.133591
112.984848
112.110985
110.018867
109.346703
110.693710
113.583519
112.105087
112.992897
113.660767
113.785759
112.855568
112.816406
111.171143
108.720139
110.004379
112.031059
111.384644
108.348923
109.052200
113.375381
113.613564
109.719528
105.705338
107.550697
111.628723
112.893654
109.693245
106.338341
108.446556
113.145248
115.607513
115.716949
115.317841
115.301743
117.397087
119.574501
120.145813
121.321159
121.672523
122.519569
123.961525
125.721588
125.207138
126.232285
126.863670
127.455902
126.712936
123.318863
122.878448
125.353592
124.576286
121.098000
118.802025
119.027328
119.909241
118.704933
117.131546
114.708435
116.703468
118.288651
117.518860
113.110382
110.201790
109.086533
113.345337
114.949303
111.850281
111.747818
110.093964
112.536385
113.469261
113.866760
113.644676
113.314766
116.106407
121.068497
121.750847
118.574036
118.827240
121.739578
124.224915
122.294800
117.029083
113.224106
111.607269
112.584663
113.129692
111.443657
113.007385
114.671959
115.946007
115.475548
114.746529
114.025551
116.452950
115.472870
112.462891
113.013283
114.032524
116.847229
119.185585
118.151855
118.467285
119.290192
120.851234
119.380310
117.497398
116.682007
115.234154
112.909210
114.929451
115.920258
117.045715
117.531197
119.612587
120.217163
117.866470
115.782394
116.095680
116.884247
116.581154
114.891899
111.600296
113.822777
117.464676
118.138451
118.287041
117.318764
117.721100
123.137550
125.266685
123.627319
121.848480
122.298019
124.156250
123.029724
121.393044
119.161980
120.900589
121.875839
124.898148
125.221092
122.190193
122.110802
123.592987
122.575356
120.724098
116.768913
117.840721
120.415642
120.851768
119.495644
119.836288
121.889786
122.744873
119.730606
117.604691
116.646606
118.417397
122.831238
123.943817
122.591988
120.996613
118.036522
118.593353
122.756142
123.153107
120.393112
115.998047
114.952522
116.415398
116.722244
113.777710
110.448555
112.385109
112.373306
109.565575
110.021011
112.436073
117.767769
123.890175
124.004440
118.151321
115.221275
114.245491
111.762299
110.003845
109.916939
109.411079
109.846130
109.979172
108.307076
106.495514
109.259262
112.612022
114.545898
112.598610
112.969833
112.299278
113.964928
116.906776
116.206718
116.106407
116.524292
117.850914
117.371872
115.097359
112.020332
112.859322
117.739868
119.373337
118.792374
113.138275
113.728897
114.368332
113.761086
109.972733
108.256119
106.917160
109.757614
113.187088
109.049515
106.267525
107.928352
112.521362
113.160271
113.404350
113.371086
115.429413
118.233398
119.107262
118.579941
117.764008
116.919113
117.519394
116.270554
111.565964
105.702652
107.271210
111.806824
113.017578
112.179649
110.951202
113.455307
118.355171
117.840187
114.338295
111.358894
115.689590
116.937355
111.942009
108.875710
106.556671
106.722427
109.561813
113.500908
110.846596
108.081238
109.877243
112.046616
112.495079
113.685982
112.612022
110.860542
111.686661
111.202255
110.523659
110.361115
112.930672
113.971367
114.143562
113.027763
112.487030
110.664742
111.508026
113.372162
113.717628
112.579300
112.093285
114.771202
116.060806
116.481918
115.088776
115.378990
115.830673
115.237373
114.808754
113.655403
116.698105
118.260757
117.143349
114.969147
112.018181
113.755722
114.789978
115.098434
114.511032
111.855103
112.735939
115.301743
117.587524
118.255394
114.445580
115.381134
112.609879
110.422806
104.692535
103.725868
108.463181
108.757690
111.539139
110.393303
109.354752
107.366158
111.148071
113.057274
109.485641
113.064781
113.698853
116.235687
119.123352
120.261147
122.197701
115.853745
116.944328
116.097290
113.717628
112.774033
114.954666
116.181511
114.539993
114.476700
117.049469
125.239868
125.642197
122.325912
117.849304
114.651573
113.846916
115.750206
112.308395
108.338730
107.376892
108.413292
116.915359
117.868614
118.389503
119.884033
116.385895
118.273094
118.882492
117.757034
114.892975
114.285721
114.621536
117.394943
116.298454
114.735794
111.552551
109.611702
107.386543
104.593826
104.160385
110.863220
120.731071
125.621277
123.994781
121.348518
118.791832
117.512421
116.699707
113.477844
108.182625
106.302399
107.755615
108.907356
106.319565
105.109886
106.005203
108.329613
109.816628
111.346024
111.987610
110.693169
112.889366
111.422195
110.233444
109.563965
110.703903
116.582764
119.279457
118.142204
118.100357
114.601685
113.978340
115.368797
112.993431
109.846664
109.018936
111.732262
112.210228
104.591682
102.777435
105.213959
109.322029
114.180580
113.839943
115.661697
118.203354
120.522934
120.034767
118.885178
116.292549
116.174538
119.301453
121.446152
121.361389
120.483238
122.107040
122.475578
123.331207
118.981735
113.685982
113.160271
117.245811
120.360924
120.864647
121.677353
120.464996
119.269264
118.275238
114.912827
114.953590
119.325592
119.671059
117.776352
114.599007
115.425659
118.921654
122.523857
124.082756
118.921120
112.689812
112.522972
116.072075
117.679253
114.855957
114.944473
118.539169
117.231323
114.477234
113.830818
113.668816
114.472404
114.646210
113.746597
112.335754
108.893410
109.749573
112.473083
113.438141
111.475304
107.682121
108.263092
109.843445
114.882248
113.064781
111.069214
112.963394
115.354317
117.798882
115.259361
112.384033
113.141495
114.079193
115.731430
115.273849
115.858566
115.589813
117.732361
118.771988
115.799026
114.606514
113.256294
113.305107
113.682228
112.139954
109.669106
110.712486
113.389862
114.501907
114.033592
114.109230
115.764694
117.956055
119.263367
118.159370
117.866470
118.888931
119.347054
119.310570
117.170708
114.541603
113.866760
115.779175
116.462067
115.255074
114.813042
117.291405
120.785789
121.318474
119.514420
120.184433
122.900444
125.942070
127.225235
124.264610
121.247131
119.628143
120.045502
120.521858
118.544533
116.312401
117.399231
120.521324
123.239471
122.315720
119.878128
120.296555
122.524933
124.179855
121.329201
118.873375
117.912071
117.671745
118.442078
116.388039
115.515244
118.608910
120.529366
121.960594
120.855522
118.975830
117.909927
119.595963
122.431595
121.799660
118.719414
116.075829
115.174606
116.513565
115.924019
113.776642
115.905243
119.947868
121.036842
119.786400
116.204041
115.066246
117.907242
120.390968
119.776741
118.213547
116.484596
114.767448
113.964928
113.130226
115.036743
118.150787
119.486526
120.647385
121.062057
116.589737
116.178825
120.717659
121.345299
119.657112
118.242516
117.624535
120.780426
121.487457
121.066887
119.801414
119.701103
124.253349
124.504402
121.009483
117.598251
116.399307
117.200211
117.714661
115.786148
116.339760
119.472580
122.788322
125.231819
123.375191
121.081902
119.800346
120.059982
120.517029
120.184975
119.014992
116.981346
116.870834
118.294014
115.140808
113.392014
116.656799
119.397476
120.274559
118.946869
115.027084
115.517929
119.305206
120.158150
118.346054
115.618240
113.191917
112.521904
111.687737
112.080948
109.840767
110.362724
112.459137
112.851814
112.186623
113.417763
115.373093
119.612587
120.239693
118.292404
114.557701
111.186165
111.020401
113.049225
113.098579
112.150146
113.365189
116.590813
115.725533
110.921158
107.896164
107.736839
109.938934
111.292374
110.865906
109.856857
111.968292
117.260292
120.471970
119.401772
116.529121
115.248100
115.686905
115.619316
115.906853
115.493790
116.460457
119.702713
120.937065
118.261292
115.553871
116.390182
117.768303
118.655045
117.949081
117.165344
119.268196
122.124207
121.449364
120.221451
119.966644
122.908485
124.834312
123.846191
120.799736
116.266800
113.986923
114.283043
115.528656
116.806465
118.051010
119.024651
119.301453
117.111160
112.747208
109.995262
110.997871
115.463211
116.694344
114.263725
110.751648
110.525269
114.217056
113.209618
109.362259
108.200867
111.207619
114.655334
117.053764
112.738625
105.973557
104.634598
106.790024
108.760376
108.532387
108.137566
110.656693
112.939255
113.555626
112.572861
112.439827
114.077583
115.893440
116.234619
114.240128
112.643677
113.523972
114.276070
113.682762
112.552483
115.060349
118.828850
121.659653
122.225601
120.630219
119.731682
120.199997
121.794838
122.778671
122.432663
122.790474
124.092949
124.020531
122.190193
118.105186
114.961105
114.291626
115.017426
115.755035
115.165489
114.854889
118.932915
128.085159
131.827377
127.091660
120.939743
117.345589
119.141060
118.966179
114.747063
110.448555
113.367332
118.629295
119.022507
116.335464
115.242737
117.339149
120.502548
121.727242
118.893219
118.137909
118.971008
119.802490
120.792763
119.746704
118.033844
117.717339
118.297768
118.567604
117.158371
119.597031
124.418571
127.071815
124.914246
120.537415
116.781250
116.822556
118.218376
118.417397
116.201355
113.912361
113.824921
116.819336
119.117455
118.802567
118.180824
119.726318
121.658577
122.706253
121.889252
119.268730
121.005196
123.748016
123.849945
120.986954
116.461533
116.072075
116.769447
116.440071
114.926231
114.588814
114.660156
115.442825
115.166557
111.702217
110.602516
114.089920
116.956131
117.233467
115.733040
113.453163
112.056274
113.900024
115.868225
117.051079
118.762329
122.688545
123.413277
122.426765
118.118065
112.169456
111.833649
116.420227
119.173241
118.377701
115.413857
115.583374
116.821480
117.748451
116.229248
115.561920
119.791763
123.297943
122.699814
118.688301
112.742378
113.233223
118.481773
122.147278
122.326988
118.076218
117.975906
123.588699
124.261932
117.662086
116.457779
118.185120
119.325058
120.097534
118.403450
116.821480
119.288040
122.361320
121.868866
119.724709
116.739944
114.352242
114.259972
113.668816
112.051979
109.531242
110.229683
112.120644
113.106087
110.124008
106.327072
106.757301
108.388618
108.886436
107.724503
107.543182
110.767738
113.410789
114.493866
114.633339
116.126251
118.262367
116.801636
115.015823
112.949448
111.096573
112.006920
113.312614
112.756325
108.367157
104.304153
105.935471
108.451920
107.885971
105.871094
106.176331
107.612389
108.877319
108.612312
105.867340
104.272499
102.537109
101.827934
102.740959
102.971626
101.407364
102.810158
106.691315
107.342018
106.168823
103.647545
103.025810
102.628845
101.250183
99.590439
98.698868
97.731125
98.025635
99.304512
97.920494
98.214996
100.625229
102.242065
101.823647
99.986870
97.671585
97.006935
97.105103
96.844391
95.267784
91.857086
91.449921
92.551773
92.899391
90.687103
88.095551
84.369965
85.723946
86.728699
82.112083
78.924545
80.438919
84.632286
88.478569
88.093941
86.272186
87.418564
89.855080
92.068443
88.915771
85.328590
83.879654
83.963875
84.844719
83.821182
80.390640
80.056435
82.747231
82.424828
78.345184
74.092278
75.092743
78.604828
80.571419
78.223412
75.954269
79.130539
82.089012
79.924469
77.677856
77.544815
78.181038
79.715263
83.898972
85.049103
83.415634
83.337318
83.129173
79.553787
76.259499
75.884529
72.245842
70.299629
70.614525
68.841583
69.213875
73.601967
77.088303
79.654640
78.859100
74.455986
73.312294
75.181252
77.147850
76.568489
74.193130
73.487167
75.393684
77.089912
75.278351
73.354134
73.782753
74.258034
72.974335
70.527618
68.263840
69.811470
74.034340
72.985596
70.640808
72.516747
75.757393
79.631035
82.188789
81.560616
80.031761
81.723160
85.045341
86.591370
84.614044
81.506439
79.889069
80.183571
82.160896
81.947929
80.479149
81.638939
