244.245834
214.689499
-133.336380
32.938602
-66.144356
242.745407
214.982391
-134.868454
31.499866
-62.707909
243.139694
215.421204
-132.276367
28.794054
-63.826389
243.000214
214.710419
-129.298584
31.460171
-63.417622
245.375046
216.041870
-129.775482
27.251783
-65.125114
244.306992
213.565659
-132.404037
22.446873
-68.875916
243.040451
213.213745
-131.256058
26.456242
-65.643852
244.948578
212.357056
-133.955429
25.768522
-67.615280
242.477722
209.356201
-135.935974
25.273386
-67.064354
246.712387
216.188858
-129.372604
26.411179
-67.871696
246.583649
213.967987
-132.350403
24.208014
-68.148499
247.911346
210.659210
-138.333878
22.092821
-68.077690
249.076492
212.947678
-135.024567
26.377384
-64.950775
251.222794
214.650345
-136.740097
23.106695
-68.286903
249.212219
212.678375
-137.709991
26.523296
-64.486748
250.679916
215.866455
-132.015121
27.835432
-68.006882
248.155426
217.783691
-130.312988
30.897980
-66.317085
250.874649
216.825073
-134.575027
26.790981
-69.353889
249.279800
217.279434
-135.321213
26.211624
-72.096710
247.392609
221.337616
-130.343567
33.453587
-63.920803
251.268387
223.865875
-131.639618
29.443150
-66.224281
246.199554
220.242752
-131.377838
31.351273
-58.169075
254.277832
225.823883
-129.057190
27.049545
-61.694569
250.742142
222.375107
-127.000465
24.670425
-65.054840
249.997559
220.870377
-128.488022
20.257654
-70.747559
248.275055
218.734268
-129.470779
21.283331
-71.057625
249.566269
219.134460
-130.271149
21.785440
-71.208366
252.261887
224.128189
-128.532013
24.295990
-69.190269
252.727509
225.370590
-128.293823
24.027769
-70.997009
250.642365
222.847702
-134.333633
16.391518
-69.685944
-253.238647
226.343704
-130.890213
17.778219
-71.419724
-255.391388
225.210190
-132.817108
14.600338
-74.578293
-255.803375
223.944199
-131.216904
18.979849
-75.139946
-254.930588
224.531067
-136.446136
15.011789
-80.408340
252.514008
221.983505
-140.811691
13.718428
-80.831062
250.816711
221.751221
-142.874313
15.527846
-78.317291
249.971817
222.269424
-144.389221
11.963189
-81.734428
245.891098
221.346741
-144.136566
12.888553
-79.472252
246.582581
224.127655
-141.053101
11.189641
-81.770370
245.228592
225.208588
-138.309189
11.079133
-81.518242
241.502472
218.760559
-146.228683
3.979326
-82.491882
241.155396
219.100662
-145.569397
2.088368
-82.391029
243.395035
223.401321
-139.819275
3.322721
-81.821327
240.064804
216.831512
-143.034180
-0.565946
-81.951683
243.091415
215.985001
-141.849182
4.297972
-78.313004
246.394287
214.783371
-143.685410
1.307845
-83.215004
246.784805
213.196579
-148.116425
3.087223
-79.760323
249.227234
216.776794
-143.371597
2.187610
-84.356018
244.249588
211.757843
-146.852570
3.296972
-83.809380
247.326614
216.460297
-144.897781
3.449858
-85.679955
244.714691
212.897247
-147.809586
2.344787
-87.508690
244.933014
214.513016
-147.327316
4.404724
-84.469208
246.214035
215.242569
-146.759232
7.299901
-81.942566
249.454147
221.218002
-145.743210
7.410408
-83.348045
245.960297
217.348099
-152.947617
2.617300
-83.222519
245.830475
220.826401
-150.144180
1.480043
-83.290108
241.385529
218.114685
-149.849136
-1.851261
-81.047783
244.105286
221.046875
-142.434433
2.661288
-81.573494
241.810928
214.242111
-146.826279
-0.968278
-82.195763
244.700729
212.624191
-147.441574
-1.629174
-85.742722
244.171799
212.726120
-147.221634
0.120163
-85.699806
246.161469
214.875107
-147.533310
1.613617
-84.978828
248.609253
218.051910
-147.836395
3.327013
-84.899971
243.938995
214.452393
-150.435471
2.083540
-84.101204
243.243759
213.347855
-151.360825
-0.541270
-86.212639
240.610901
210.893097
-152.746994
-1.396895
-81.565445
247.740219
213.964233
-151.669281
0.894785
-80.618088
248.130203
214.778549
-150.411316
2.555609
-79.116592
252.842850
220.466446
-150.875885
-0.617445
-81.657715
250.000778
217.221512
-152.500763
0.065982
-82.355629
245.399719
215.594482
-153.799484
-1.972497
-82.170021
246.653381
220.654739
-145.159561
2.897322
-82.569130
244.970032
217.632416
-148.713486
-1.647949
-82.634041
247.775085
217.473633
-148.955414
-2.917707
-81.623383
250.429932
219.213318
-149.273529
-3.181637
-82.360451
247.841064
218.501450
-147.093430
-1.828730
-82.414635
249.501358
221.950775
-143.838303
-1.372218
-81.115906
248.304550
218.741241
-145.133804
-1.788497
-81.265038
248.582428
218.164566
-145.373062
-0.071347
-83.263283
250.077499
219.478851
-147.961395
-2.169907
-81.820793
252.466263
218.190323
-148.297745
-3.149987
-85.166580
249.470245
220.451416
-145.167603
-1.997710
-84.999214
248.860840
218.912903
-147.498444
-2.800226
-82.989700
250.299042
218.863556
-145.520050
-2.517522
-81.761246
252.171219
218.934357
-145.832794
-5.023242
-84.594200
251.477066
216.847061
-143.560959
-5.323649
-87.313423
251.001785
215.525269
-144.229904
-2.661824
-86.228737
253.214600
216.967224
-144.389771
-0.137866
-89.406082
252.807983
217.512787
-149.483276
-0.424862
-88.610535
252.186783
216.832047
-155.434570
-3.447712
-92.250298
248.640900
218.971909
-152.248642
0.671089
-86.325829
250.285629
220.309265
-150.634476
2.089441
-84.087257
250.692261
222.095078
-148.466721
1.900077
-81.614799
252.605209
219.729370
-151.284119
1.528323
-78.317291
254.429108
221.660553
-151.397842
-0.963450
-82.171623
248.757843
216.632492
-153.611740
-0.234425
-80.164261
249.345245
219.123734
-150.832962
-0.419498
-82.165726
247.450531
220.274399
-150.944550
-2.445102
-80.066628
248.579742
220.952454
-146.042542
-0.371218
-80.372398
248.343719
219.163956
-146.448090
-4.014731
-82.777267
248.024536
217.094360
-145.851563
-4.065693
-83.349655
250.153671
216.582596
-144.438049
-0.417888
-79.090302
254.554092
217.207016
-144.813553
0.176489
-81.237679
255.180664
218.473022
-144.001373
2.352834
-82.945709
254.308411
219.205261
-146.419128
-2.256274
-88.338028
250.274368
215.363266
-149.574478
-0.968814
-87.340782
251.360123
217.209167
-150.439758
-0.164688
-88.728554
249.241180
215.949066
-152.852676
-0.271976
-88.528465
249.680527
219.960571
-151.449875
1.923681
-83.859810
253.827225
223.216782
-151.595245
2.290070
-82.809990
250.944382
222.680878
-152.576935
-2.275586
-84.849007
249.184311
220.366669
-153.455627
-4.350007
-84.992241
247.071808
219.857040
-150.710129
-3.503502
-82.151779
250.656845
219.833969
-151.026627
-5.315066
-85.516342
247.521881
217.026245
-149.662979
-4.772723
-86.878365
247.856079
216.098724
-153.625687
-5.689502
-86.027573
249.976639
221.974380
-145.066223
2.938628
-80.152992
252.792419
223.959213
-146.562347
-0.251591
-81.328339
252.427109
221.504456
-148.617996
-2.727270
-81.797188
250.913269
219.031998
-149.260117
-5.244792
-83.042809
251.572556
216.918411
-151.439148
-4.360199
-80.644913
255.997131
219.681625
-151.116211
-3.296435
-80.310173
-255.360275
219.109238
-156.315933
-6.783844
-84.150024
250.736786
217.428040
-156.388351
-6.886304
-88.677055
248.765900
223.629837
-150.688660
-4.322112
-86.523781
246.355118
222.926025
-147.426025
-2.159178
-84.730453
245.548843
222.720032
-145.151505
-3.743291
-85.774910
248.762131
225.137238
-139.721649
0.533760
-81.566521
252.474854
224.968796
-141.524628
-3.050745
-86.204597
250.307083
222.411575
-142.517044
-5.169690
-91.663429
244.776367
216.314911
-147.270462
-5.158961
-90.491837
247.303009
218.760025
-146.243713
-2.974034
-88.239319
250.788284
221.687378
-143.816849
0.074565
-86.278091
252.858948
226.072800
-139.110641
3.745437
-85.040520
253.437225
223.245743
-144.064148
-1.447857
-87.868103
251.356369
222.680344
-148.685593
-7.201732
-93.451927
244.806946
220.137070
-149.328247
-5.525351
-91.746040
247.786880
225.405991
-147.650787
-5.985618
-91.260025
242.872009
220.346817
-147.286011
-2.762139
-85.336098
249.213821
227.323776
-144.316803
-4.322112
-87.044128
246.133575
223.090179
-148.762299
-6.743611
-87.570915
245.969421
222.784943
-147.508636
-6.609500
-86.591904
249.320038
225.122757
-144.422485
-3.666044
-85.312492
248.970276
226.957916
-142.015472
-4.748583
-84.176308
249.657455
225.863586
-141.814301
-4.849971
-82.426971
252.155670
225.992325
-141.990265
-8.788527
-85.399399
251.630493
222.656189
-140.449600
-7.756413
-86.018990
255.864624
224.613678
-137.774368
-5.734027
-86.907333
-254.232132
223.669006
-139.569839
-6.613792
-91.450462
-254.052963
222.295166
-142.976776
-5.647660
-93.448174
-255.433228
223.957062
-143.222473
-1.935482
-91.902679
255.762161
225.184982
-145.534531
-6.203414
-98.255768
247.117401
220.557098
-148.651260
-5.869747
-92.928360
251.092438
225.400101
-146.987747
-4.029751
-88.046204
-255.605423
231.824524
-142.475204
-3.995419
-90.884514
252.356293
227.696060
-146.230835
-6.163717
-90.626488
251.744751
227.770630
-148.059555
-7.756413
-92.374748
250.026535
229.160553
-147.693710
-7.351399
-90.129738
249.016403
227.463257
-147.715698
-8.833589
-91.611397
246.943069
228.368759
-144.352219
-6.393851
-86.598885
250.459442
227.927277
-144.862366
-9.675265
-89.165215
250.002396
226.957382
-142.970871
-6.324650
-85.185890
253.265564
226.735840
-142.321777
-8.895279
-87.381012
255.958496
229.128372
-139.972168
-7.151843
-89.829872
251.922852
223.627151
-142.160309
-6.265105
-87.350975
-255.344727
228.368759
-139.333801
-5.581141
-87.894386
255.452103
225.205368
-141.755829
-7.786990
-89.466164
-254.289001
227.363480
-141.814301
-9.140433
-93.142937
255.941345
226.155411
-143.459030
-6.761850
-93.282410
255.933823
226.817383
-144.991653
-7.012368
-94.640144
254.025162
227.631165
-146.322571
-6.155671
-92.277115
255.081955
231.072433
-145.815094
-7.771433
-91.977783
253.456009
229.302704
-146.265701
-8.828223
-92.193436
252.811203
229.753326
-144.057175
-7.985474
-91.201012
254.459152
229.797302
-143.972946
-8.281053
-90.417274
-254.899475
230.354141
-145.642349
-8.586288
-89.385696
-254.224091
229.639053
-148.815414
-9.635032
-91.336739
253.547195
227.718597
-150.574936
-9.741248
-89.056854
253.994583
228.623032
-152.613419
-14.416339
-90.793854
253.791275
229.959320
-148.410934
-11.252940
-85.868782
-255.618301
231.893723
-143.818451
-11.861266
-88.348755
-254.558289
233.428482
-142.117935
-13.744177
-91.100700
255.911835
227.954636
-143.812546
-12.251797
-91.704201
-254.160263
231.325638
-143.129669
-12.679340
-92.675156
-254.010056
231.686661
-144.188065
-12.387516
-94.234055
255.857651
230.660980
-143.790024
-10.680557
-94.723289
253.316528
227.424088
-149.051987
-14.447453
-94.869202
254.355621
228.763046
-147.006531
-11.987329
-92.063080
-254.489090
233.064240
-142.178009
-8.224727
-90.349678
-251.488770
233.170456
-146.298965
-13.709309
-94.905144
255.724609
230.598755
-146.969513
-11.967481
-92.437515
-254.722443
232.131363
-145.353745
-9.529889
-92.578598
-252.797699
238.148102
-141.658203
-8.228482
-90.631851
-254.242325
234.794266
-144.540497
-10.682703
-91.323326
-254.204773
235.095215
-143.088364
-9.110393
-89.137321
-252.626038
235.015808
-142.962830
-8.644761
-87.711464
-252.026291
235.926697
-144.045898
-12.508215
-90.873787
-253.160858
237.313934
-143.650543
-13.926567
-92.616684
255.078201
231.916260
-148.114822
-17.098011
-90.810486
-254.105545
235.472321
-142.197861
-13.901355
-88.524704
-251.577286
236.849915
-140.125046
-14.665785
-89.460258
-250.668549
234.705750
-143.025055
-17.608168
-94.986145
-254.713333
230.114349
-144.673538
-17.266455
-95.834801
-253.353989
232.867905
-144.049667
-14.261844
-94.414841
-254.719757
231.098175
-147.567108
-15.435041
-94.292526
-252.481735
234.393539
-148.930740
-17.689707
-95.336983
255.298676
232.876480
-147.475372
-16.610386
-93.353218
-254.298126
233.832428
-144.305008
-16.477884
-92.532997
-252.017700
235.366119
-142.251511
-16.117933
-93.034035
-250.338104
235.187469
-142.474670
-15.209200
-93.289917
-251.528473
233.086777
-144.160172
-12.388589
-91.314743
-248.966431
235.374695
-145.404709
-13.339701
-92.303406
-249.604248
236.344589
-143.827576
-12.902500
-91.786270
-250.852554
235.020111
-146.156799
-15.533211
-94.352608
-253.407623
233.253067
-146.876709
-17.163994
-94.826286
-252.266617
234.614563
-144.813019
-15.308978
-94.255516
-251.695313
234.359741
-146.776398
-15.335264
-93.001312
-250.490997
235.716949
-147.886826
-18.178942
-96.132530
-254.010056
232.842148
-152.560852
-17.832937
-93.091438
-252.653397
234.801239
-151.301819
-17.750860
-92.939621
-254.448318
234.907990
-148.632477
-16.601267
-90.455894
-251.938843
236.326874
-148.771423
-17.810942
-89.881371
-251.914703
235.117737
-147.581055
-17.877998
-91.791634
-252.689331
235.514175
-146.430923
-16.724648
-87.899216
-249.462631
236.478699
-145.425629
-17.421486
-88.186211
-248.851624
235.969070
-145.658981
-23.025694
-91.054031
-244.438858
239.263901
-147.030670
-26.800100
-93.875717
-245.357239
237.494171
-145.911652
-26.352171
-93.837090
-243.591812
234.191833
-149.147995
-25.063101
-95.693718
-243.700714
235.969070
-147.911499
-23.219349
-93.456749
-238.883469
239.856659
-148.167389
-21.251144
-91.432220
-239.885544
238.174927
-152.662231
-24.682764
-95.313377
-243.338623
238.857819
-152.995361
-24.644676
-92.171974
-243.086487
237.038208
-154.338074
-24.926846
-90.498276
-240.649963
239.198990
-151.868301
-24.205330
-92.521736
-244.571365
235.749130
-152.485748
-25.023405
-95.634705
-245.791763
234.943390
-153.521072
-24.522903
-96.350861
-245.235474
239.008011
-150.387177
-21.068216
-94.870811
-243.318771
241.928940
-151.625824
-21.258654
-92.522804
-240.524979
245.489838
-149.150146
-20.691099
-92.874710
-242.144501
245.314957
-148.714554
-21.616997
-92.809807
-244.300995
241.904800
-147.732864
-20.810724
-89.272507
-239.701004
243.935776
-147.264557
-22.825064
-92.899391
-242.897659
240.968704
-150.018112
-24.972979
-94.638535
-242.177216
244.151413
-148.202255
-22.929670
-94.103699
-242.629974
240.917206
-153.459381
-27.043644
-97.038582
-244.430817
243.287750
-149.619537
-22.481205
-92.708954
-241.793671
245.031189
-149.293915
-24.727825
-93.986221
-241.742157
245.084824
-150.375916
-25.230471
-88.078926
-238.508499
243.386459
-150.856567
-26.591423
-94.017868
-242.032379
243.559189
-149.306259
-26.106480
-92.902069
-239.783081
246.800369
-147.954422
-26.595179
-92.968590
-241.033524
246.038086
-146.632629
-26.284042
-93.305473
-240.981491
243.021667
-149.994507
-26.919189
-91.846352
-239.798096
245.049957
-146.282867
-25.015358
-92.051277
-238.963394
245.096100
-146.487793
-24.901096
-94.752800
-239.301895
244.606857
-150.426880
-26.874664
-95.375069
-241.107025
244.321472
-150.580841
-25.136593
-95.529030
-241.488434
247.010651
-150.643600
-24.033133
-92.991661
-243.649216
245.216263
-151.478302
-26.440683
-92.295357
-242.691666
245.909332
-150.302429
-26.995365
-90.516518
-241.358078
245.070343
-149.731644
-30.170563
-94.132668
-241.696030
245.902359
-146.693787
-28.678719
-93.285088
-239.021332
246.291824
-145.932037
-27.246420
-92.561966
-237.525192
244.774231
-147.554230
-27.767841
-93.961548
-237.328323
247.946747
-145.423492
-25.874737
-92.800682
-238.287476
245.516129
-148.297211
-30.615274
-97.519768
-243.024796
240.703171
-150.817413
-33.325916
-99.697189
-241.777039
242.906342
-147.890045
-32.226208
-101.067795
-242.905701
238.965103
-153.134842
-35.097244
-103.505928
-243.079514
239.413559
-151.710587
-32.291653
-102.627769
-242.778030
240.485916
-152.642380
-30.194704
-101.120369
-241.429413
243.265213
-152.767380
-29.404526
-102.473274
-246.450516
242.039978
-157.763260
-36.641125
-107.613998
-252.045609
236.510345
-161.879379
-37.377659
-105.220390
-251.856232
239.140518
-159.485229
-38.859310
-106.941299
-252.961838
239.122284
-158.839355
-39.015953
-104.826645
-253.270294
236.545212
-158.163437
-40.064697
-106.468689
-254.552399
235.905777
-160.110184
-41.969601
-106.236954
-252.933945
236.609055
-158.747086
-41.634327
-105.468231
-254.298126
232.437134
-161.016785
-44.437233
-107.844131
-254.263260
233.395767
-157.297089
-43.219509
-108.450310
-251.713547
233.626434
-158.755142
-43.446960
-110.437286
-253.255280
230.827820
-158.462784
-41.508263
-109.909966
-250.578430
234.234222
-158.337784
-41.022243
-110.444801
-250.393356
233.633942
-161.316650
-41.996960
-108.604805
-248.947647
234.339355
-162.264008
-43.898109
-111.501587
-250.420181
235.256683
-159.454117
-41.167084
-108.654694
-248.441254
234.549118
-161.682495
-44.008080
-111.446869
-248.816223
233.674713
-164.714478
-43.744152
-111.143784
-249.947571
234.269089
-162.070892
-41.916492
-113.455849
-250.326309
238.136292
-161.268906
-40.408020
-112.656013
-252.670563
237.432480
-162.286530
-41.900936
-111.901237
-253.869507
237.092926
-162.619659
-43.332165
-111.236053
-255.151596
236.442749
-160.985657
-43.406727
-109.345093
-254.106613
237.767227
-159.377945
-45.437160
-109.090286
-251.304779
237.213623
-159.027649
-45.954292
-109.706657
-251.507019
237.287643
-157.609833
-43.540840
-109.035034
-244.599258
242.439102
-159.144592
-46.556713
-113.425804
-252.760681
238.749451
-158.073853
-43.662613
-111.694710
-251.880920
236.883713
-162.982834
-46.048168
-111.232300
-252.115875
237.598251
-160.729782
-45.547668
-110.812263
-250.165375
238.242508
-159.954620
-46.331947
-111.567032
-250.231888
235.223419
-160.404694
-44.745152
-110.812798
-247.951477
236.697556
-158.540558
-42.922859
-110.276360
-247.283066
238.953842
-157.804565
-42.509800
-110.936714
-246.878601
238.693130
-158.411285
-42.725983
-111.860466
-248.025513
237.904556
-161.500641
-45.836811
-113.868904
-248.909027
237.446976
-162.166916
-46.447281
-115.567818
-252.542343
234.688583
-163.836853
-47.390347
-114.424126
-249.113419
238.841721
-159.799591
-42.298977
-111.639992
-248.649384
238.940430
-161.426620
-43.972675
-112.684441
-249.229279
240.559402
-161.009262
-43.201809
-110.067680
-247.984741
242.673523
-159.329132
-42.971676
-110.281181
-249.864426
241.871536
-158.672531
-43.979649
-110.782761
-250.352585
239.949478
-162.211441
-48.136539
-113.402206
-251.857849
238.793976
-162.208221
-46.305660
-111.106766
-249.133789
241.943954
-160.396652
-45.311096
-112.313225
-249.680969
242.600571
-160.570999
-44.673267
-112.266022
-251.371826
242.704636
-161.414810
-45.316998
-110.715706
-250.258713
244.667480
-160.281311
-46.495560
-109.974342
-250.449158
243.436340
-158.906952
-47.922497
-110.645432
-251.364853
240.733749
-160.205139
-50.160000
-110.936180
-250.290359
239.218842
-159.484695
-49.406296
-110.769882
-247.621033
241.350128
-157.059982
-47.987942
-111.224251
-247.928406
239.800873
-157.367371
-46.763783
-110.516144
-247.185440
240.265976
-158.749237
-48.095772
-111.517685
-248.674606
240.044418
-158.007339
-48.016376
-111.732262
-249.548996
237.274231
-161.891708
-51.922211
-112.985390
-247.544861
238.955978
-158.998154
-48.642403
-111.363190
-245.472580
239.210251
-158.392502
-48.604855
-114.001411
-245.908173
238.802551
-158.652679
-47.610287
-114.330246
-245.982742
238.401840
-160.852631
-46.085182
-113.922012
-245.592743
240.892532
-161.600433
-44.721012
-112.700539
-245.153931
242.232574
-163.908203
-46.104496
-114.629044
-248.228821
243.545242
-162.208755
-45.702702
-112.476303
-246.903809
243.876755
-162.278488
-46.054607
-113.116280
-249.542023
241.198303
-164.576065
-48.165508
-111.511246
-241.149933
247.846436
-163.962387
-49.507687
-112.391006
-250.815536
242.458939
-162.099319
-48.190720
-110.019936
-248.773300
244.330597
-159.863434
-49.019524
-107.968582
-248.558731
239.253708
-162.937775
-51.891098
-107.536209
-245.841110
240.939209
-160.081223
-50.913162
-106.425781
-243.740952
239.364746
-160.480865
-51.495201
-109.231369
-243.672821
239.202744
-160.548462
-51.493591
-111.312759
-244.840652
238.567062
-160.297943
-50.717361
-111.985458
-244.393265
240.425827
-158.759964
-48.740574
-111.120178
-242.904633
243.026505
-158.013779
-49.887486
-112.876488
-243.838043
239.875977
-161.170731
-51.689930
-114.384430
-242.995300
243.092484
-156.798737
-48.646160
-113.238586
-241.857498
240.998749
-159.485779
-47.754055
-114.291084
-243.187332
239.643692
-164.833023
-51.162071
-118.505913
-245.751526
240.162445
-165.429550
-48.016376
-113.972977
-242.990997
245.055328
-162.866425
-46.879116
-113.777176
-245.729538
244.290894
-165.055649
-49.171337
-113.227859
-245.952698
245.544556
-163.300949
-49.277016
-111.514999
-245.859894
244.706635
-162.208221
-49.729237
-111.844910
-245.225815
244.646561
-162.589096
-50.419636
-111.964539
-246.302994
242.096848
-163.357803
-50.611145
-112.077728
-246.607162
241.686462
-164.099716
-50.898144
-111.853493
-245.363144
246.784271
-159.776520
-49.326904
-109.245850
-244.555267
244.331131
-162.099854
-50.946423
-108.983536
-243.908310
244.998459
-159.110260
-51.255413
-109.872414
-244.582092
244.237793
-158.510529
-52.941448
-110.981239
-243.905640
242.626312
-159.333420
-52.864201
-112.154442
-244.289734
242.438568
-158.455261
-52.437729
-113.291695
-244.106262
242.177307
-158.513733
-52.099773
-113.260048
-244.904495
238.927551
-161.758133
-53.401180
-114.982559
-244.702255
240.792221
-160.213730
-51.452286
-113.603905
-242.640701
242.237930
-159.005661
-48.682102
-110.939400
-238.225784
246.021988
-157.781494
-46.382908
-110.758080
-238.725754
244.806946
-160.220703
-48.409588
-114.125862
-240.852203
245.393814
-160.888031
-47.765320
-112.202179
-240.292160
246.217789
-161.036621
-47.663395
-112.606659
-241.236298
246.820221
-161.486694
-49.084969
-112.852890
-241.892365
247.248840
-159.102753
-48.010475
-111.904991
-241.852142
247.355591
-159.773849
-50.534435
-113.376457
-242.682541
244.782272
-161.589157
-51.541874
-115.090385
-243.599869
244.992020
-162.314972
-51.491447
-113.515930
-242.330109
245.972641
-162.100388
-50.979145
-113.584595
-244.966721
244.209885
-163.438812
-53.230057
-112.808899
-244.564392
244.405701
-162.847122
-54.137177
-111.672714
-243.852524
243.054398
-162.464630
-55.399963
-112.194672
-242.580093
242.719116
-160.686325
-54.262707
-113.249855
-240.860794
243.351044
-159.226135
-52.092262
-113.111450
-238.350250
245.068741
-160.154175
-51.420101
-115.905777
-240.079727
244.294647
-162.789719
-49.958832
-115.168167
-240.712189
244.604172
-163.528397
-50.325760
-116.032379
-241.581772
245.725876
-165.144699
-49.973316
-113.860321
-240.851135
246.344391
-166.053436
-51.641651
-114.905312
-243.496323
245.017242
-166.262100
-52.445240
-114.494934
-241.911148
246.717758
-164.742371
-51.633068
-111.922699
-240.423584
248.104996
-163.497284
-52.045593
-112.686050
-243.320908
245.508087
-164.936554
-53.949959
-111.937714
-243.038208
243.347824
-166.787277
-55.129597
-111.203865
-242.514099
245.800446
-164.356125
-55.365631
-110.552086
-241.711594
243.910019
-166.097961
-55.752941
-108.373062
-238.884537
244.486694
-166.693939
-56.718536
-108.143997
-236.798309
244.287140
-166.705200
-57.326324
-108.735695
-236.340729
243.417038
-168.162186
-56.862301
-108.206764
-237.434006
244.058075
-165.294907
-55.278725
-110.177650
-238.410858
243.949722
-166.088837
-55.675156
-108.923988
-235.894943
244.517273
-165.284164
-55.379578
-110.694244
-236.904526
244.772079
-164.832489
-50.711998
-107.505638
-236.635773
242.238998
-167.719620
-54.904289
-111.988678
-235.720612
247.147446
-164.275131
-52.238708
-110.973198
-236.147614
244.668549
-169.045700
-53.942451
-110.927597
-237.548798
246.075104
-167.785065
-54.529854
-110.620216
-238.514389
246.293976
-166.482590
-53.598591
-107.247604
-236.165314
247.926895
-163.757996
-53.544411
-107.012642
-236.021545
246.440414
-164.193588
-54.455288
-107.782440
-236.005463
244.561798
-165.532547
-54.861912
-107.575912
-234.347855
245.417953
-165.644669
-55.294281
-108.710480
-234.861755
246.119095
-165.670944
-54.614075
-107.786728
-234.768951
246.882446
-165.876404
-56.223938
-108.417587
-235.886368
246.514450
-165.632324
-55.940697
-106.549156
-233.716461
247.197342
-163.446854
-55.343098
-106.582954
-233.947128
246.184540
-162.089661
-55.104382
-107.568398
-233.365082
244.821976
-163.690933
-56.242714
-109.348846
-232.339417
244.609543
-164.609329
-54.990658
-108.996407
-231.121689
246.370148
-165.034729
-53.939766
-108.551163
-231.330902
246.484940
-166.427872
-54.652161
-109.706116
-232.705261
245.645950
-167.765213
-55.561966
-110.762909
-233.977707
245.758057
-166.384949
-54.114113
-108.820992
-233.844131
244.043594
-167.797943
-55.204697
-109.405708
-233.790482
245.228592
-167.249695
-53.455360
-107.005135
-232.459045
245.709244
-167.283493
-54.177410
-106.798065
-232.681656
245.615906
-167.125778
-54.538437
-107.740059
-233.263168
246.793930
-164.690338
-54.572769
-106.975632
-231.817993
246.208130
-166.158569
-54.560966
-106.528236
-230.115860
247.311066
-165.493927
-53.870567
-108.407394
-231.417267
245.714081
-166.565735
-52.962372
-107.388153
-229.781662
247.121704
-167.526505
-54.416126
-108.156876
-230.475815
246.273041
-168.471710
-53.559429
-107.175186
-230.616898
249.524963
-164.522430
-50.286598
-103.505928
-228.695358
250.145615
-165.580826
-53.449459
-105.655449
-230.786407
248.543808
-164.669952
-52.659279
-105.289055
-230.921600
246.746185
-166.894577
-53.621658
-105.682266
-228.878830
248.337814
-166.481506
-54.550240
-107.477737
-229.221069
248.780914
-167.716934
-53.930111
-107.960541
-230.741882
249.189682
-166.780304
-51.899143
-105.029953
-229.277939
252.270462
-165.074966
-52.087971
-103.630913
-230.973633
249.191833
-167.359131
-54.617294
-102.452888
-230.488693
248.471924
-165.721909
-55.344173
-102.874535
-228.573593
249.896179
-163.671631
-55.356510
-102.784409
-227.386444
248.115189
-164.248840
-56.748039
-104.919449
-226.637573
248.540054
-164.649033
-57.402500
-107.126907
-227.174545
247.371140
-166.004074
-56.697079
-106.769638
-226.081818
248.781448
-165.065308
-55.963760
-107.306076
-226.141357
248.115723
-166.293213
-56.426712
-107.311981
-226.322144
247.125458
-169.142792
-56.848892
-106.122688
-223.058975
249.370468
-168.312393
-54.605492
-105.909187
-222.677017
249.015869
-170.298294
-54.712780
-106.122154
-223.157669
249.264786
-171.704849
-55.200405
-107.917625
-225.356018
247.691940
-173.955750
-56.583889
-108.767349
-228.534973
247.147446
-173.308807
-55.975029
-108.703506
-228.545700
249.365631
-171.204880
-53.378113
-105.006355
-226.454651
250.008286
-172.419922
-56.253441
-107.601654
-228.753296
249.683212
-171.790680
-54.934330
-101.908936
-220.155746
251.798401
-174.379013
-59.042938
-105.154945
-228.053772
250.215363
-171.970383
-57.241566
-104.756905
-229.671692
250.707809
-170.227478
-56.661137
-100.639717
-226.810837
250.828506
-169.142792
-58.398136
-102.397102
-229.063904
246.984909
-170.302048
-61.081417
-104.150726
-228.132095
246.680206
-169.340744
-60.257980
-104.259628
-226.387589
247.441956
-168.929291
-58.691570
-103.615898
-225.711136
246.451141
-168.959869
-57.654625
-103.154556
-224.736420
249.011581
-168.030212
-58.231300
-103.821350
-225.456329
246.907120
-169.391708
-57.874569
-101.592972
-222.085327
248.610321
-168.903015
-58.237202
-104.016617
-223.345963
247.276199
-168.949677
-57.447559
-104.275719
-222.456009
246.299332
-169.669586
-56.010971
-104.349747
-220.479752
247.596985
-170.015045
-54.881222
-105.630768
-220.905151
248.797012
-171.091156
-53.958542
-106.110352
-222.180283
249.491699
-173.703629
-54.273434
-105.081451
-222.982788
250.912735
-175.171860
-55.618832
-104.300392
-223.941956
254.182877
-171.034836
-53.819603
-101.186890
-224.793823
253.445267
-172.338379
-57.020016
-100.268501
-225.289490
251.303268
-171.813736
-57.394451
-99.354935
-224.203735
251.993668
-170.899109
-58.797249
-99.270714
-224.688141
250.290466
-170.532181
-58.985538
-98.740173
-223.633499
250.096268
-169.635788
-59.934505
-98.447815
-221.897568
249.173584
-169.923859
-60.386726
-98.777191
-221.341812
249.218109
-168.622452
-59.925922
-98.908615
-219.409027
248.992264
-168.521591
-59.483894
-99.903183
-219.020630
248.630707
-168.464203
-58.194286
-100.146187
-218.736862
247.148514
-169.275299
-58.148155
-100.532967
-217.046524
249.630630
-168.780701
-57.456142
-101.102669
-217.786285
248.974030
-169.067154
-57.489403
-101.886940
-218.137115
248.459045
-170.346573
-58.172295
-102.389587
-217.658081
249.602203
-169.761856
-57.217964
-101.527527
-216.799774
249.438049
-169.914734
-55.383331
-101.304901
-216.280487
249.950897
-171.596481
-55.418201
-101.375175
-215.880844
251.278046
-171.576630
-54.825970
-101.495338
-217.919327
250.721756
-172.834061
-55.230446
-101.623550
-219.404190
250.403107
-174.591431
-56.641289
-99.849541
-218.652100
251.813416
-173.206345
-57.820389
-100.588753
-219.391312
251.256058
-171.997208
-58.386871
-100.323753
-219.175125
250.149368
-171.698410
-58.640072
-100.362373
-218.059875
249.558212
-172.462830
-58.590717
-100.780800
-217.377518
251.335449
-172.110931
-57.175583
-98.943489
-216.653854
252.215210
-172.529892
-56.879467
-98.341599
-216.497757
253.559006
-172.446747
-58.678158
-98.919350
-218.901550
252.190536
-172.086258
-58.813877
-97.560005
-217.806671
251.761917
-171.713425
-59.121258
-97.171623
-216.528320
251.510864
-171.916733
-60.275146
-97.373322
-216.068604
248.764816
-173.734741
-60.718246
-97.329872
-213.681961
249.683212
-173.958435
-59.886223
-97.371178
-213.117630
250.191223
-173.069016
-57.771572
-96.228020
-211.483093
251.211533
-173.327576
-57.788738
-95.526344
-212.618744
249.771179
-172.583542
-57.438976
-97.525131
-213.521027
250.027603
-172.395782
-58.050522
-99.031998
-213.605255
251.173447
-170.821320
-56.512005
-98.039581
-212.582260
251.009293
-171.817490
-56.268997
-98.296005
-213.082230
250.768967
-173.254623
-57.587570
-98.905403
-214.316574
251.324722
-173.486908
-57.532856
-98.476250
-214.971039
251.505493
-173.984726
-58.891125
-98.405434
-214.864288
253.284882
-172.211777
-58.268852
-97.763855
-215.188293
251.746902
-174.197159
-60.156593
-99.395172
-215.935028
250.992661
-174.389740
-60.192532
-99.237457
-216.178024
250.096802
-175.574203
-61.042255
-98.945633
-216.063232
250.277588
-175.766251
-61.523983
-98.294930
-214.854095
251.101028
-174.069473
-61.018116
-98.436546
-215.570236
251.129990
-172.035294
-59.238205
-97.259598
-213.619736
249.508331
-172.805618
-60.311089
-99.455788
-213.547852
249.440735
-173.005722
-56.906826
-91.852791
-205.204575
248.630173
-177.969955
-61.853893
-103.395950
-213.010345
249.999710
-176.295181
-58.365414
-101.693291
-212.705109
252.180878
-175.500168
-56.598907
-99.004105
-211.939606
252.935120
-176.629913
-57.609566
-98.120049
-213.162155
254.121735
-175.120911
-57.765133
-96.193687
-212.580658
253.911972
-175.570450
-59.769817
-97.398537
-214.576752
251.575241
-175.477646
-61.087852
-97.903862
-213.978088
250.518982
-175.260910
-61.028847
-96.553642
-213.022675
250.494308
-174.369354
-60.831436
-98.020805
-213.427155
250.624664
-175.786087
-61.099121
-97.090080
-213.220093
250.650406
-175.275406
-60.179123
-96.439911
-213.507629
251.202408
-174.777588
-61.061569
-95.973198
-211.280319
252.715714
-172.375397
-58.856255
-94.938408
-209.425308
254.248871
-171.836807
-58.463581
-94.460434
-207.772522
255.383972
-170.690964
-54.903755
-92.263710
-205.884781
-255.241730
-169.639542
-51.698513
-89.405006
-203.140350
-252.018784
-168.508728
-50.313419
-88.362701
-202.627518
-249.722275
-167.448181
-49.645550
-86.073166
-201.647964
-249.223389
-167.056580
-49.447605
-85.080750
-201.487030
-247.333496
-166.166626
-49.302765
-83.942421
-200.486572
-245.727386
-161.234573
-45.790676
-81.892143
-197.946518
-244.724243
-162.171738
-47.470814
-81.523605
-198.295212
-244.957596
-161.721664
-47.245506
-80.330025
-197.304932
-245.543396
-161.440033
-47.989552
-80.391716
-196.329147
-244.701172
-158.389282
-46.814743
-79.456161
-195.869415
-247.360321
-160.920212
-49.521095
-81.338531
-195.821671
-248.862350
-160.804886
-48.970169
-82.091164
-194.219864
-247.305069
-159.391891
-47.382298
-83.212326
-194.858231
-248.671387
-161.436279
-47.159676
-83.544380
-194.593765
-247.559341
-162.530075
-46.814743
-82.580933
-195.690781
-247.743881
-163.398575
-47.378544
-83.124886
-196.810867
-247.222458
-162.994644
-48.086113
-82.312714
-195.553986
-246.444611
-162.218414
-48.019058
-81.609436
-194.690857
-246.324448
-161.728638
-47.177380
-81.944710
-194.205368
-246.013855
-162.807953
-47.516945
-81.525749
-193.568619
-247.705246
-166.166077
-47.570053
-81.333168
-193.298782
-244.714050
-164.978394
-46.663467
-78.854805
-192.517731
-244.778961
-165.032043
-46.881264
-78.898262
-193.354584
-244.026871
-164.444641
-48.234711
-78.152069
-194.447311
-245.146957
-162.093948
-48.160145
-79.119270
-194.756302
-245.872223
-161.217407
-48.198769
-80.479691
-194.276718
-246.672058
-160.411667
-48.071632
-81.062263
-193.312729
-247.690231
-161.198624
-48.587151
-82.310028
-193.353500
-247.004120
-161.098312
-48.145660
-82.885628
-193.300934
-246.763260
-162.776306
-47.822182
-81.462990
-192.772003
-246.603943
-163.504257
-47.876900
-82.461845
-193.373886
-245.641556
-163.133575
-47.322216
-81.407196
-192.799362
-246.326065
-163.910873
-47.990623
-82.110474
-193.113174
-246.219849
-164.171585
-47.871532
-81.476936
-193.317032
-245.649612
-163.368546
-47.346355
-80.469498
-193.419495
-245.526230
-164.132965
-48.391888
-81.142731
-194.857681
-246.102905
-164.503647
-49.322075
-80.296761
-194.654373
-246.089493
-164.167831
-49.632675
-80.883095
-194.840515
-246.925262
-164.467712
-49.506611
-79.868149
-193.893707
-248.163910
-165.120026
-50.047344
-80.988770
-193.526245
-247.099609
-164.147995
-49.903042
-80.590195
-191.540848
-245.861496
-163.361023
-49.072094
-78.909523
-191.157837
-246.304062
-163.806274
-48.355946
-77.951973
-190.111771
-246.068573
-162.703888
-48.122055
-77.165550
-188.174149
-243.332184
-159.377411
-46.020275
-77.014809
-187.928986
-246.565308
-162.607864
-49.023277
-80.700165
-188.982559
-247.917145
-163.646957
-47.553425
-80.069847
-187.611954
-245.520859
-163.202240
-45.101887
-79.206711
-186.668350
-244.298843
-164.667267
-45.634037
-80.031227
-188.718094
-244.869614
-166.935883
-46.957973
-80.542450
-190.146103
-244.725861
-166.772797
-46.636646
-78.471786
-189.606445
-243.375092
-164.846970
-47.174694
-79.084404
-190.893906
-245.333099
-166.868820
-48.976070
-78.599998
-190.133224
-244.939362
-165.069595
-47.724010
-78.556007
-189.480911
-245.089020
-166.591476
-48.099525
-77.747589
-189.439606
-244.119141
-166.339355
-47.691826
-76.945610
-189.450333
-242.722244
-166.082932
-48.585007
-77.865608
-191.754898
-244.707077
-167.012589
-49.457260
-76.072281
-190.150925
-244.416321
-165.932724
-50.806412
-78.180496
-187.913971
-242.525909
-168.970596
-52.764961
-71.979233
-179.854462
-241.151535
-169.406723
-54.123230
-73.381493
-179.954239
-241.618240
-168.698090
-54.346928
-74.417358
-180.375351
-243.086487
-169.522064
-54.504639
-73.343407
-182.766815
-244.804169
-163.392685
-49.845642
-75.432304
-184.638458
-248.593597
-172.056747
-51.245758
-74.196342
-183.188995
-246.856064
-171.921570
-50.355263
-73.649178
-183.377823
-246.517563
-171.956970
-49.988873
-73.429237
-183.407852
-246.264374
-172.522919
-50.780125
-72.923370
-183.238342
-245.961823
-172.041733
-51.289745
-73.825668
-182.947052
-245.609375
-171.392105
-50.144440
-72.397659
-182.552231
-246.103973
-171.974670
-50.523705
-71.592995
-181.892410
-245.760651
-170.694183
-49.613899
-72.302170
-182.813477
-245.912460
-171.563217
-50.558575
-72.158943
-182.763596
-245.920517
-172.059433
-50.926575
-73.349304
-183.807510
-245.490280
-173.095840
-51.622337
-71.206223
-182.171356
-244.821884
-174.219147
-51.437267
-69.354424
-181.668182
-243.951767
-173.162888
-51.594444
-69.398415
-181.910645
-243.735046
-172.553497
-52.438805
-68.720345
-181.237411
-245.058441
-173.536789
-53.887733
-70.411751
-183.822525
-247.409134
-172.043335
-52.849182
-71.003983
-182.471771
-246.141525
-170.956512
-53.174263
-72.234581
-183.440582
-248.121536
-172.233780
-52.394814
-70.623108
-181.346848
-246.622177
-171.549271
-52.887268
-71.861748
-181.946060
-246.745026
-171.520844
-52.094406
-71.564560
-181.905289
-245.580399
-170.323502
-51.856228
-71.222847
-180.531998
-244.669525
-170.456009
-52.671082
-72.250671
-181.483109
-246.328201
-171.816422
-52.640507
-72.257645
-181.487396
-246.796524
-171.396393
-52.582569
-72.467934
-181.803360
-247.489609
-171.846466
-54.093189
-73.768265
-181.891876
-247.740662
-171.960190
-52.685566
-72.863289
-181.264236
-247.150040
-172.774506
-52.647480
-72.322556
-180.707947
-246.753601
-173.200974
-52.642113
-71.643959
-180.329224
-245.977371
-172.611435
-52.460262
-71.324776
-180.277725
-246.121674
-173.340988
-52.651772
-70.655830
-181.082382
-247.286285
-173.816284
-52.918381
-68.031021
-180.004669
-250.936783
-176.994690
-51.799900
-65.648148
-178.438797
-251.174957
-176.400848
-51.257557
-65.880959
-178.216705
-251.659897
-178.033783
-52.380333
-66.868011
-177.400253
-249.373581
-175.504456
-50.582176
-67.226357
-178.554672
-250.629395
-177.382004
-51.394352
-67.858826
-176.761887
-245.943039
-175.029709
-51.606781
-69.911247
-179.503632
-246.075012
-174.763641
-50.905117
-68.220924
-179.174255
-245.992935
-175.435257
-53.066441
-69.619965
-179.637741
-244.665237
-173.362442
-52.614220
-68.465004
-178.851852
-245.420547
-173.902649
-55.070049
-69.972404
-178.646942
-245.576645
-173.342606
-55.699295
-70.718056
-179.069656
-246.896835
-172.466599
-55.254585
-70.853775
-178.320251
-246.711761
-172.095367
-53.878613
-70.317337
-177.435654
-246.783112
-172.489655
-53.529926
-70.784042
-177.108429
-246.254181
-173.409653
-53.874321
-71.819908
-178.366379
-246.558334
-173.962189
-52.658207
-70.292122
-177.734451
-245.408737
-173.537872
-52.322395
-70.231506
-178.836838
-246.702637
-173.888702
-52.080997
-69.879066
-178.899063
-246.364685
-174.155304
-53.270287
-70.563026
-179.483246
-246.659195
-173.947174
-52.438267
-70.181618
-179.038544
-245.912460
-173.887085
-52.754230
-70.240623
-179.362549
-246.211258
-173.894058
-52.395889
-70.518501
-179.439804
-244.778961
-172.123276
-51.344997
-70.159622
-179.045517
-245.273026
-174.296936
-53.146370
-69.358711
-178.816986
-244.627686
-173.145187
-52.542873
-69.090492
-178.756378
-244.479095
-172.611435
-51.876076
-68.098610
-177.341782
-243.864868
-171.785309
-53.548164
-69.203148
-177.726410
-245.920517
-172.604462
-53.733772
-69.437035
-178.236023
-246.994461
-172.189789
-54.312057
-70.179466
-176.127274
-245.972549
-171.815353
-53.673157
-71.425621
-177.894302
-246.872696
-172.916672
-54.932186
-72.450226
-176.730225
-246.302994
-172.594269
-53.501495
-73.026901
-179.204300
-247.045959
-174.515793
-54.739601
-72.974335
-178.266602
-245.533737
-174.512039
-53.438194
-70.900986
-177.531143
-244.377167
-173.854904
-53.090580
-69.126968
-174.990021
-244.768234
-176.615967
-55.095264
-68.992859
-174.461624
-244.856750
-175.722794
-54.028282
-69.356567
-174.523315
-244.942581
-175.263062
-53.349144
-69.079765
-174.638107
-244.771454
-176.126740
-53.886124
-69.236938
-175.328506
-245.347595
-175.768921
-53.832478
-72.247452
-176.784943
-244.088562
-174.455719
-51.999458
-70.142456
-176.472733
-244.612671
-176.345062
-53.348610
-70.929413
-177.001663
-243.816055
-175.084961
-52.921600
-69.604942
-176.303223
-243.232941
-174.907394
-52.995094
-68.831390
-177.519867
-244.022049
-175.288269
-53.144226
-67.942505
-176.395493
-243.006027
-174.651520
-53.914017
-68.031021
-176.401932
-243.467361
-174.751297
-54.004677
-68.159767
-177.709244
-243.490433
-171.685532
-53.344318
-68.327675
-177.849777
-244.631439
-176.066116
-55.756695
-68.180153
-178.304688
-244.657196
-174.958359
-55.411762
-67.436646
-177.408829
-242.463684
-172.198364
-54.297039
-67.142136
-176.979141
-243.055908
-172.874283
-55.300720
-66.509674
-175.293106
-242.850983
-171.712891
-55.027672
-66.884109
-174.932083
-243.634201
-171.345963
-55.718609
-67.695747
-174.203049
-244.851379
-171.558929
-54.617294
-68.761658
-173.618866
-246.025116
-173.228882
-55.222935
-69.404312
-166.383347
-237.522507
-166.354370
-48.853226
-67.372269
-169.723221
-243.573578
-174.284058
-52.825577
-70.652611
-172.756271
-243.406738
-174.422455
-52.607246
-70.589851
-173.699341
-242.235687
-174.346817
-52.097092
-70.438034
-175.292572
-241.618790
-175.359619
-53.269753
-69.140381
-175.290955
-240.787842
-174.990555
-53.360947
-67.455421
-176.495804
-241.598938
-175.414871
-54.731018
-67.597572
-177.093399
-241.535095
-174.440704
-55.839844
-66.558487
-175.092468
-240.604370
-172.711746
-55.994877
-66.946335
-176.070404
-242.113922
-172.981583
-56.721218
-67.411430
-175.822037
-242.337082
-173.006790
-57.349392
-66.901810
-174.657959
-242.641235
-172.319077
-56.945988
-67.234940
-174.469666
-243.533340
-173.167191
-58.494694
-68.007416
-174.490051
-244.887863
-173.618866
-58.201260
-68.350204
-173.949860
-244.930771
-172.367889
-56.783981
-68.182297
-173.354935
-245.858276
-173.093155
-56.978710
-68.917221
-172.055679
-245.959671
-173.523376
-56.982464
-70.234184
-172.079819
-245.684479
-173.711670
-55.719681
-69.524475
-170.619080
-244.677032
-173.678421
-54.426857
-70.024437
-170.373398
-244.034378
-175.062973
-54.513760
-69.781967
-170.316528
-243.526901
-176.840195
-54.677910
-69.259476
-171.120117
-242.060806
-175.403610
-53.723579
-68.773994
-172.209641
-242.160049
-176.662643
-54.622658
-68.316406
-172.630203
-240.677856
-174.887024
-53.275116
-67.100296
-171.625992
-239.575470
-174.166046
-53.443558
-66.304749
-171.522461
-240.409637
-174.594116
-54.461189
-67.287514
-173.055069
-242.439545
-176.168045
-55.688568
-67.473122
-172.746078
-240.970230
-175.052780
-56.053886
-68.123825
-174.074310
-241.331253
-174.029251
-55.071659
-66.628761
-173.212250
-241.311935
-175.222290
-56.780762
-66.748924
-173.757263
-241.921341
-174.285660
-57.243176
-66.677040
-173.594727
-241.870377
-173.323822
-57.033428
-65.615425
-172.215530
-241.805466
-172.181747
-57.649261
-65.173393
-171.375473
-242.648758
-172.660782
-58.221107
-65.311798
-169.228088
-243.340225
-173.711670
-57.238884
-63.955135
-167.161713
-243.546219
-174.339310
-58.070370
-66.967255
-167.507187
-242.223358
-172.968704
-56.248077
-67.029488
-166.663895
-241.642929
-174.059830
-55.958935
-67.679649
-168.458298
-242.316696
-173.661240
-54.582424
-68.954773
-169.671188
-242.771057
-174.344681
-53.823360
-68.496651
-169.353088
-240.627975
-174.080215
-53.925819
-68.426376
-169.276901
-240.323807
-174.344131
-53.423172
-67.770309
-169.658859
-239.997650
-174.144043
-54.777153
-68.821198
-169.817108
-240.241196
-174.808701
-54.063148
-68.283150
-170.296143
-240.124786
-175.240524
-54.512688
-67.970940
-170.444748
-239.039566
-175.427216
-54.621048
-66.409897
-169.846069
-237.514465
-174.558716
-54.010040
-65.585922
-170.761246
-238.232224
-175.074768
-54.807732
-64.715271
-170.462982
-237.197968
-174.221832
-55.328613
-63.481457
-170.606216
-238.785828
-174.553345
-56.582817
-63.906319
-171.259064
-239.181732
-173.209564
-58.049446
-64.028091
-170.141647
-240.975052
-172.999817
-58.113823
-65.504913
-170.857803
-241.654190
-170.548813
-56.965298
-65.707153
-169.779556
-242.177750
-170.653412
-56.294746
-67.218849
-168.630493
-241.397232
-170.624451
-55.252441
-67.564316
-167.657928
-241.280289
-171.985397
-53.684959
-67.601334
-169.165329
-241.213226
-170.871750
-52.587933
-68.960670
-170.367493
-241.112381
-170.557388
-51.635750
-67.643707
-168.727051
-238.890976
-170.690964
-50.875076
-66.959747
-169.114899
-238.535309
-171.013367
-51.712460
-66.885719
-169.256531
-238.772430
-172.671509
-53.714462
-68.266518
-171.140503
-239.352859
-172.614655
-53.687103
-67.598114
-170.839569
-239.667206
-174.727158
-57.105846
-68.717667
-169.252228
-236.866974
-174.873062
-59.147545
-68.767555
-168.855804
-235.550018
-173.617798
-58.663673
-67.847557
-168.678772
-234.664352
-171.453796
-58.342880
-69.000374
-169.863770
-235.207230
-172.422073
-59.924313
-68.359322
-169.632034
-235.963608
-172.577103
-60.634560
-68.734833
-169.503281
-236.223785
-171.903320
-60.754189
-69.952553
-169.457153
-237.676468
-172.967621
-61.338909
-69.821663
-168.646057
-238.011749
-172.918808
-60.010143
-69.151108
-167.714249
-237.035431
-171.815353
-59.477455
-69.936462
-167.798477
-238.252075
-173.581314
-60.509033
-71.521645
-169.669586
-238.122253
-173.743866
-60.583061
-71.273811
-169.264572
-238.235443
-174.394028
-60.848064
-70.744347
-168.339203
-236.853027
-174.289963
-60.614712
-70.434280
-169.174988
-237.276825
-174.464844
-61.700470
-70.902054
-169.370789
-238.323425
-175.038834
-62.364586
-71.028122
-168.935730
-238.546051
-174.861267
-62.862942
-71.742661
-169.183029
-239.243423
-174.683701
-62.035210
-71.795769
-170.022018
-240.516937
-175.647156
-62.649437
-71.832245
-169.413162
-240.272308
-175.804871
-62.869915
-71.845123
-169.500610
-240.318451
-176.499557
-63.767918
-71.743736
-168.722229
-240.696106
-177.404541
-65.034996
-73.077332
-170.542374
-242.013611
-178.157166
-65.965187
-74.402878
-170.975815
-241.896118
-178.711304
-66.784332
-74.740295
-170.348724
-242.138062
-180.092117
-67.501015
-76.990135
-171.881866
-243.304825
-181.627945
-68.154938
-78.235756
-173.062576
-243.775284
-182.764130
-67.994545
-77.604362
-171.571274
-244.186188
-186.816940
-70.022827
-77.680534
-172.036362
-243.542999
-188.331863
-71.661659
-79.173454
-175.056000
-245.477402
-190.258224
-73.221092
-78.234680
-175.473877
-244.910385
-189.964249
-74.581512
-79.410561
-179.050339
-247.301315
-189.446579
-76.032051
-81.134148
-180.695602
-245.907104
-186.379745
-76.254135
-81.807922
-181.709488
-250.091339
-187.701538
-78.620918
-82.974678
-181.123688
-252.147522
-188.800171
-80.606293
-84.790535
-180.722961
-253.300339
-188.515320
-79.760323
-85.485229
-179.497726
-254.362488
-189.324280
-80.180893
-86.959373
-179.341629
-255.370468
-191.288727
-79.757637
-88.235031
-179.359329
-254.739075
-193.156097
-81.174385
-89.356194
-179.459641
-254.271835
-194.428528
-80.342361
-88.255951
-179.552994
-253.834641
-196.707870
-83.310493
-91.072807
-183.577911
254.837341
-199.692642
-83.094307
-89.107285
-181.151047
-252.433456
-196.454132
-80.326263
-87.565552
-181.876312
-251.781677
-197.153656
-80.840714
-86.288284
-181.171967
-250.017853
-196.324326
-80.249557
-85.373108
-181.375275
-249.123596
-197.050659
-82.279449
-85.645622
-182.623047
-249.175110
-195.876923
-80.950684
-83.551353
-182.487854
-249.296875
-195.606567
-82.326118
-83.056755
-182.636459
-250.320404
-194.225754
-82.414101
-82.931229
-181.983063
-250.111191
-192.712997
-83.067482
-82.170021
-181.425705
-252.850266
-193.604019
-86.156319
-85.381157
-180.440796
-252.914108
-191.442688
-84.115158
-84.133392
-177.892700
-254.006836
-192.205521
-84.216545
-85.779732
-177.489304
-253.899551
-190.714203
-81.822403
-85.631142
-175.226578
-253.085220
-190.839722
-80.041954
-87.083824
-176.576279
-253.752563
-192.656128
-80.362747
-89.271973
-177.456039
-252.988663
-194.372208
-79.009300
-87.072021
-175.323685
-250.155182
-193.625488
-78.313538
-88.147049
-178.174332
-250.050568
-194.519196
-77.977722
-87.445389
-178.377640
-249.029190
-196.032501
-79.633720
-87.935158
-182.002380
-251.003296
-196.606491
-80.072533
-86.439560
-181.449310
-249.374115
-195.749786
-79.822014
-84.817894
-181.894562
-249.076401
-194.792236
-80.257065
-83.970314
-181.699295
-248.253494
-194.616821
-81.082649
-83.654884
-181.738983
-248.272278
-193.732773
-81.850296
-84.049171
-184.106308
-250.922836
-194.168900
-83.092697
-83.458015
-182.450302
-248.959457
-191.141739
-82.208641
-81.847076
-180.263779
-249.721741
-191.529053
-81.665222
-80.888458
-180.776077
-253.017639
-192.207123
-84.242294
-83.645767
-179.700516
-252.429153
-189.849991
-82.555183
-84.629066
-178.885651
-252.389999
-189.691742
-82.168411
-85.352730
-177.520416
-252.441498
-190.185806
-80.501686
-85.632751
-177.824570
-252.696838
-192.587997
-82.127098
-87.530144
-178.413055
-251.664734
-192.143829
-80.067162
-87.216866
-178.727402
-250.638519
-192.371811
-79.686295
-87.091873
-178.550385
-248.994324
-191.831604
-79.452942
-86.034004
-176.877747
-247.602249
-192.439407
-81.243584
-87.393890
-180.032028
-249.721741
-192.394882
-80.996284
-86.145050
-179.002594
-249.120392
-192.026886
-80.887383
-85.753983
-179.633987
-250.578964
-192.563324
-81.840645
-86.267357
-179.131348
-249.147202
-190.969009
-78.955124
-83.115761
-177.329437
-247.068497
-190.558624
-80.899185
-84.408592
-177.711380
-248.092560
-192.776825
-82.078819
-83.761101
-177.864807
-248.696594
-193.079926
-82.635651
-85.114006
-177.583176
-247.560944
-192.982819
-83.218758
-84.459549
-178.492447
-249.097855
-193.335266
-83.272408
-84.437019
-179.033707
-249.360718
-190.437393
-81.537018
-85.394569
-179.698364
-248.958923
-190.009842
-81.665222
-85.678886
-178.481720
-248.508835
-189.925095
-81.490883
-86.199234
-178.458649
-249.467468
-190.838654
-81.259140
-87.305374
-179.286377
-249.333893
-190.522690
-81.011841
-87.815529
-179.392059
-249.671310
-191.702316
-80.541382
-87.049492
-180.582962
-249.644485
-191.989319
-81.947395
-87.002823
-179.876465
-248.934235
-191.263519
-81.597633
-86.981903
-180.770706
-249.456741
-190.102112
-81.584763
-86.579567
-179.980530
-248.403168
-188.489029
-81.169556
-86.422394
-179.404388
-249.317261
-189.282974
-82.785851
-88.086433
-179.335724
-249.303848
-189.241669
-82.755272
-88.147591
-178.577744
-249.875153
-190.112839
-82.220978
-87.628853
-177.265594
-248.310898
-189.178360
-81.376617
-88.042442
-177.281693
-246.866257
-188.645142
-81.132538
-89.688248
-179.451599
-249.293655
-190.883179
-82.201134
-89.988655
-180.144684
-249.919678
-191.143356
-81.544525
-89.798218
-179.806717
-249.122528
-191.367050
-80.984482
-90.007965
-180.916626
-249.274338
-191.266190
-80.348259
-90.267067
-180.241241
-249.452972
-194.900604
-80.738251
-86.668617
-178.804657
-250.416962
-195.941833
-79.889603
-85.270653
-179.905960
-250.296265
-196.737915
-81.577248
-86.256630
-181.153198
-250.390137
-196.512070
-81.057434
-83.983192
-179.752014
-248.051788
-194.920990
-80.988235
-82.520317
-180.267532
-249.285614
-195.566864
-83.248802
-83.556717
-181.513153
-249.106445
-192.670609
-82.871681
-83.328728
-181.704117
-250.797836
-193.040756
-83.831917
-82.978973
-180.401108
-251.155106
-190.936279
-81.317612
-81.955437
-179.209671
-251.863754
-191.203430
-83.305664
-84.523926
-178.602951
-251.836395
-190.287720
-82.524071
-85.948715
-178.638885
-253.212906
-191.811218
-82.652817
-87.191109
-178.043442
-252.356201
-192.037613
-82.074532
-88.719437
-178.868484
-252.383560
-192.295105
-81.018814
-87.236710
-176.421783
-248.940674
-190.364975
-79.211540
-88.205521
-179.980530
-251.700668
-193.847031
-81.491417
-88.945274
-179.789017
-249.969040
-192.556885
-80.343971
-87.655136
-179.364166
-249.220703
-192.532745
-80.243652
-87.445923
-180.015930
-249.699738
-194.784195
-81.996208
-88.436195
-181.087204
-249.077469
-193.279480
-80.357384
-87.364380
-180.917160
-248.606476
-194.121689
-81.175987
-86.776978
-181.984680
-249.140228
-194.605560
-81.054222
-85.565155
-182.035645
-249.100540
-194.882904
-83.269722
-87.613289
-182.836548
-248.729858
-193.580963
-82.326660
-86.259315
-182.740524
-249.003983
-192.758057
-82.465599
-85.376328
-182.020615
-250.385315
-193.123901
-83.800804
-86.000214
-180.139313
-245.113159
-184.878784
-79.017883
-83.594269
-178.308441
-248.383850
-188.905853
-82.430725
-85.803337
-179.946198
-254.229996
-195.079773
-86.435265
-90.338951
-182.101089
-252.042923
-191.586456
-81.714043
-88.206062
-181.215958
-251.846039
-192.763962
-83.056221
-87.908875
-179.956924
-250.141235
-192.495193
-82.942497
-87.857910
-180.236954
-250.686798
-194.355042
-83.379692
-86.331734
-179.042297
-248.604324
-192.388977
-82.643692
-87.031792
-179.963364
-249.937393
-194.709091
-84.750839
-87.804802
-180.925201
-250.834320
-194.637741
-84.307739
-87.245827
-181.097397
-251.795090
-193.608307
-82.698410
-87.750084
-180.595291
-248.747025
-190.599930
-80.703918
-87.723801
-180.945053
-250.173950
-192.524170
-80.784927
-87.837524
-180.262695
-248.737900
-191.716263
-80.238823
-87.495811
-180.890335
-249.131119
-191.865936
-78.676170
-86.624092
-182.577988
-250.251740
-192.792923
-79.517845
-85.448753
-182.468552
-250.100998
-192.492523
-80.430870
-86.295792
-183.003922
-249.326920
-190.896042
-78.777557
-83.221443
-181.665497
-250.447540
-191.984497
-81.258064
-84.712753
-182.640213
-251.164230
-190.847229
-81.239288
-85.133324
-182.296890
-249.595673
-188.246033
-80.694801
-85.689613
-182.487320
-250.502792
-190.089249
-82.033226
-86.059219
-181.663879
-250.261932
-190.041504
-82.596489
-86.815605
-181.921371
-250.309677
-189.866623
-83.594269
-89.053642
-183.195435
-250.280167
-187.044937
-78.696556
-85.314636
-181.176804
-250.994171
-190.940567
-83.539551
-89.319710
-181.035172
-250.560730
-189.470718
-81.602997
-89.431831
-179.894699
-249.657898
-189.440689
-80.642769
-89.125519
-178.505310
-248.473969
-189.002945
-79.621918
-89.594910
-179.128128
-249.073181
-189.379532
-78.750740
-90.069122
-179.677979
-248.336105
-190.784470
-77.793190
-87.724869
-179.634521
-246.850159
-190.413254
-78.515778
-89.487617
-181.494904
-245.661407
-191.179825
-80.657791
-90.689247
-183.956100
-246.992325
-192.971558
-81.453865
-89.155029
-184.504349
-246.305145
-192.136856
-82.836815
-89.148590
-185.440430
-246.071793
-189.375244
-81.691513
-88.328903
-185.822388
-247.509979
-190.124115
-83.205353
-86.115013
-183.631561
-246.901657
-188.619934
-84.160217
-88.071953
-184.915253
-248.989487
-188.218124
-83.988556
-87.304298
-183.004456
-248.158005
-186.978958
-83.997139
-88.004356
-182.731400
-248.846268
-186.777786
-83.525070
-88.747330
-182.278107
-247.527161
-184.505417
-81.789680
-88.645409
-180.667709
-247.538422
-186.076660
-83.402763
-89.582031
-178.282150
-244.057449
-181.968582
-78.793655
-88.572990
-178.879745
-247.507309
-185.651794
-82.223122
-92.350609
-180.069580
-248.370438
-185.487640
-80.110619
-91.853867
-179.358795
-248.151031
-185.549332
-79.458839
-92.803902
-179.616821
-248.114563
-186.945160
-79.309708
-93.949203
-180.868881
-247.297012
-187.847458
-78.699242
-93.640213
-180.630157
-246.408676
-190.054367
-79.689507
-93.631630
-182.925598
-244.581558
-186.897415
-77.692871
-92.269073
-184.692093
-245.821808
-189.922943
-79.670738
-91.715996
-184.815475
-243.405670
-188.249252
-79.539841
-90.013336
-185.091217
-243.509735
-188.865616
-81.554718
-90.562653
-186.587891
-244.165268
-187.811508
-81.484444
-89.707024
-186.455917
-245.306290
-187.596939
-83.075531
-90.461266
-186.137817
-244.850845
-184.951202
-81.086403
-88.880905
-183.868118
-244.116989
-184.840164
-81.759636
-89.120155
-182.844589
-244.290802
-183.495834
-80.027466
-88.952248
-182.390762
-244.616959
-183.343491
-81.116447
-89.273582
-181.620972
-245.102432
-183.749573
-81.191010
-88.923820
-179.686020
-245.260147
-184.818695
-82.617409
-91.403793
-181.176254
-246.328201
-185.332611
-82.495102
-91.654846
-181.391907
-247.839355
-187.121643
-82.974144
-93.167076
-181.601654
-247.419861
-186.818024
-80.354698
-91.593689
-181.042145
-246.103973
-185.925385
-79.982941
-94.076881
-182.759842
-245.403381
-185.943619
-78.949219
-93.149910
-182.760910
-245.072937
-186.661911
-79.860634
-93.295822
-183.370850
-244.218384
-185.871735
-78.714798
-91.985832
-183.147690
-242.354782
-185.474762
-80.054825
-93.044762
-185.485504
-243.113846
-184.162094
-78.285103
-88.901291
-181.874710
-242.014145
-183.968979
-79.347794
-90.717148
-184.373459
-245.171097
-186.362045
-81.039734
-90.501495
-183.370850
-243.665314
-184.782227
-81.822937
-93.302795
-183.627792
-243.493103
-184.702835
-80.445892
-92.670868
-184.289764
-244.532196
-185.626053
-79.938423
-92.302864
-184.437286
-244.210876
-185.633026
-80.264038
-91.745506
-184.599838
-243.681946
-185.407181
-80.182503
-91.579208
-185.019867
-242.582764
-184.316589
-79.597778
-90.310524
-184.421738
-242.575790
-184.826218
-81.748909
-91.823822
-185.701141
-244.559555
-186.249390
-83.319077
-93.407402
-186.953735
-245.511734
-185.813797
-82.676414
-91.578133
-184.692093
-244.376633
-184.394913
-81.463524
-91.050812
-183.929810
-243.048935
-184.185165
-82.378159
-91.418274
-184.625046
-245.003189
-184.471085
-80.973755
-90.011185
-182.757156
-243.127258
-182.814560
-81.891068
-92.263710
-183.867584
-245.046112
-185.015045
-83.451042
-93.221252
-184.835861
-245.542313
-182.818314
-82.284279
-93.340347
-184.120789
-246.649536
-184.369156
-83.476791
-94.441658
-183.386932
-245.899582
-182.745346
-81.140587
-93.661674
-183.090820
-246.927948
-184.756470
-81.898041
-94.620834
-183.882614
-246.621643
-183.168610
-79.538231
-92.654770
-181.487396
-244.945801
-185.374985
-79.535011
-91.534142
-180.236954
-241.619858
-185.584198
-80.334846
-94.813950
-185.057419
-242.344055
-186.246170
-79.874580
-93.204086
-186.071289
-242.035599
-186.441971
-80.466278
-92.744896
-186.088455
-240.556091
-186.421051
-81.952759
-92.644043
-188.510498
-243.792984
-186.497223
-82.203278
-91.092651
-186.178574
-241.072693
-183.495834
-82.519241
-90.710167
-185.643204
-242.294693
-182.114502
-81.999962
-90.906509
-185.135208
-242.904633
-181.147827
-80.002792
-87.879364
-181.421417
-241.709442
-180.218704
-82.102959
-91.609245
-183.185242
-244.143814
-180.866196
-82.635651
-93.600517
-183.173965
-245.065964
-181.483109
-82.114227
-93.701904
-182.278107
-246.055695
-184.051590
-84.968102
-96.945244
-184.997879
-247.574356
-183.677155
-83.236465
-95.850357
-183.307007
-246.467682
-182.856400
-81.626602
-94.998489
-182.550629
-245.233871
-180.423096
-76.709038
-91.916626
-180.030426
-243.544067
-183.062927
-81.027397
-95.660454
-182.159027
-242.422379
-178.784271
-77.352768
-95.255440
-182.886444
-243.882034
-184.850357
-79.843468
-94.932503
-182.771637
-242.000732
-184.093964
-79.517845
-94.930359
-183.524796
-241.680481
-184.858398
-80.117592
-94.535004
-184.898636
-240.691818
-185.054199
-80.926010
-94.242638
-185.968826
-240.798035
-183.595078
-80.640083
-93.905220
