109.713089
112.811043
108.131660
103.416878
115.554405
149.288544
173.229950
185.240341
185.027908
185.736557
183.085464
170.236069
145.140244
106.968658
62.921947
29.133621
-7.040800
-64.717957
-135.815811
-191.317688
-230.639969
-240.092072
-207.019897
-153.621933
-119.809998
-102.389587
-86.389130
-39.928978
-9.322287
-30.565384
-57.751186
-56.400963
-52.924820
-47.774975
-43.688362
-61.279366
-69.925735
-60.817490
-53.249367
-56.777008
-42.524281
-27.244274
-20.003380
-2.122164
8.157135
13.796212
26.004557
33.027115
28.418545
14.691534
0.501037
16.278864
20.323637
12.891235
23.309471
18.311979
-7.309557
-37.659828
-52.729019
-63.503452
-50.485619
-27.032379
-19.196571
-24.254684
-51.244148
-22.888365
45.952145
68.054626
79.504974
80.379372
82.152313
75.639908
74.541817
77.319511
99.728836
115.381676
107.982529
82.406052
40.360275
13.983431
20.794096
42.749050
61.015434
72.872948
72.782288
75.852341
81.894821
81.406120
75.636154
85.583397
96.510727
102.195396
102.444839
101.418633
108.801682
127.192513
148.249466
151.642990
145.959930
137.100586
136.896210
150.783615
164.190903
162.838531
142.208054
122.721268
118.250031
125.483406
139.766708
169.053741
191.266724
205.376236
222.888916
250.084366
-241.744400
-236.406815
-243.629456
248.303391
219.536163
205.248566
201.930130
217.179565
222.689362
216.861450
216.312683
219.272766
233.067902
241.019043
233.763123
218.821075
208.972015
207.020966
215.504791
227.399857
228.812851
221.423889
219.849442
219.056580
217.396286
203.072754
192.235565
188.145172
188.380676
192.777359
187.740692
181.250824
181.710556
190.875671
190.802170
180.296494
158.640335
147.664200
149.894196
140.460861
121.749237
99.807159
88.887878
101.699188
119.701637
104.782120
82.478470
91.933792
106.000381
99.300224
89.365311
89.386772
97.770287
101.281837
97.278908
112.462891
127.063232
151.480988
153.313477
140.006500
141.955399
145.505020
146.946442
159.429977
172.932755
178.786942
175.606918
181.158554
186.073975
171.811600
146.239944
125.559044
105.296570
95.021553
93.721756
83.032616
67.278389
52.630848
34.866039
44.843857
74.503189
79.266792
76.477837
94.693253
129.704132
135.374329
139.208817
162.693695
193.015015
188.944473
174.325363
166.186462
165.933807
169.371323
170.995132
172.963333
168.392319
156.891006
145.748032
139.670151
141.271423
140.730698
133.453857
124.769943
112.162483
107.992188
108.305466
109.406784
111.791801
104.718819
94.160561
94.045769
99.108711
102.204514
105.666710
109.913719
118.077827
130.211075
140.523087
140.158310
137.051773
140.965118
145.259338
152.380600
163.266617
159.999680
160.117706
164.846436
168.629425
166.633316
158.350662
154.581619
153.518936
149.012817
135.687073
129.269608
130.999634
131.786606
133.858871
130.323181
123.952408
122.662262
124.799980
126.221550
124.149811
113.512711
105.490761
109.712555
117.904556
115.883247
107.395126
95.818703
92.078094
99.989014
97.584679
89.630852
93.049591
106.644112
112.681229
111.044006
107.283012
105.152267
107.316811
108.802750
93.467484
66.791306
53.392597
47.759418
52.729553
61.197826
69.633911
83.724091
94.731873
91.072266
87.792465
85.130638
87.481331
92.717537
85.959976
80.896507
76.343185
72.141235
70.638130
75.613625
66.706543
55.340416
54.536827
62.772282
71.661659
74.450623
71.190666
73.333748
79.813431
86.504463
81.206032
71.720665
60.341125
61.518616
66.399162
55.008896
59.903927
83.229492
96.347649
104.763878
109.846130
112.493469
123.223915
128.255203
90.960686
59.429176
54.194576
-3.680528
-114.388718
-185.464569
-207.958664
-187.386108
-132.958191
-69.250351
-20.587564
-0.424862
-1.293898
21.781685
48.505611
66.872307
74.289688
73.644882
64.587067
41.869823
31.072323
39.612476
63.918659
88.061218
109.396057
119.866325
119.160370
112.793877
104.696823
99.592049
96.907692
94.236206
92.591469
91.902679
94.045769
97.500458
99.228340
103.829933
115.291016
123.080147
123.917000
116.486206
108.616066
110.753250
115.176750
113.604439
108.298492
103.484467
103.292419
107.287842
109.428780
108.682587
109.186310
114.644066
128.390381
137.172470
135.011688
125.134720
119.436104
121.908562
125.644341
123.974937
108.087135
85.239540
84.188644
90.031570
90.191971
92.039474
98.814743
100.349503
93.706734
88.289742
86.748550
91.712784
96.641617
96.762848
96.960258
92.560356
93.258804
89.267143
85.684250
82.999359
83.265434
96.101418
108.911110
102.820351
89.114258
83.385056
90.828728
98.047630
104.026276
96.189392
83.411880
76.724060
81.989235
87.729164
105.635597
115.076439
120.988564
129.325943
131.844528
127.600204
121.198845
119.731682
121.245522
111.899628
98.753052
83.515411
86.474960
103.436188
111.550941
105.592682
96.090691
92.015335
84.707390
79.038803
72.952873
68.986961
67.997765
74.608330
86.022743
97.855049
108.792557
113.678467
115.818336
118.975296
110.016716
96.559540
93.956718
89.563255
83.001503
76.463882
64.225502
65.734512
81.971001
104.038078
115.483063
112.690346
104.007500
96.999962
91.102844
75.191444
74.768730
87.499565
100.719109
101.475494
102.611137
105.699974
111.776245
118.365364
124.325768
124.308067
123.855309
121.605469
115.265800
101.601555
93.372528
94.566650
99.358696
94.285553
90.335197
104.520874
129.448792
141.438797
136.011078
131.013580
127.164619
121.241760
113.971367
100.241676
89.348679
81.879265
79.397682
89.307915
105.941368
110.065536
99.381760
87.735062
79.925011
81.734428
89.026283
100.892914
109.714699
106.614609
98.071236
89.413055
79.038803
68.472511
67.414116
84.170944
88.763962
90.764885
86.164902
82.614189
92.278725
88.640045
76.625893
70.505089
75.164085
79.757637
78.251312
77.190231
81.339607
83.742325
79.769440
69.222458
58.825142
63.448196
66.982277
68.594284
65.073616
69.034164
76.727280
78.411171
77.685364
80.497925
80.562836
82.643692
81.766609
78.834961
78.939568
82.385666
79.415390
76.134514
74.701141
75.176422
90.243469
98.901642
101.850464
106.346382
103.991402
92.800682
83.294937
79.533409
83.952080
91.821678
92.600052
89.645866
80.990921
70.254036
64.850990
66.071396
64.620323
71.281319
78.626816
80.051605
78.145096
74.154503
72.208290
72.330063
66.693138
65.742561
69.695602
75.673172
75.532089
71.703499
68.330894
62.097973
59.984394
60.995049
65.398705
60.824997
59.309551
69.000374
75.786362
78.740005
82.727913
88.220009
85.940666
85.919212
84.036301
73.692093
63.983566
57.845600
67.034309
75.875946
66.240379
56.414375
63.569969
84.724014
101.234093
116.939499
124.795692
133.984940
144.401031
164.454300
169.207703
166.404266
156.774063
148.623367
141.719360
141.883514
143.723495
152.418152
157.004196
145.910583
124.735069
110.473770
101.326363
92.735237
89.677521
92.213814
91.076027
85.958366
81.629822
71.980309
58.104164
50.473282
46.879116
53.495594
60.659237
67.842728
67.408745
66.384148
68.414040
59.265026
60.662994
63.156910
67.838440
77.592560
76.304024
76.285248
109.095108
145.019012
152.409561
143.213882
139.685699
137.685852
123.537201
114.581299
105.672073
101.252335
101.444916
102.145508
112.737549
124.279633
131.178268
129.175735
127.342178
125.017776
120.897369
116.161659
116.672890
115.954590
113.459602
114.708977
123.429375
130.805450
138.105881
142.822281
138.116608
138.411652
133.240891
133.202271
134.278366
129.318970
115.478233
101.898743
96.791817
99.121048
98.401680
93.667572
89.602959
92.108673
93.093048
89.544479
82.666229
78.559227
77.933739
82.259605
84.455795
81.983871
81.737106
87.700729
101.742104
102.171257
96.030075
89.822357
82.575027
78.612869
73.931877
65.081665
62.842018
67.792305
75.562126
78.477150
76.710114
74.958633
78.574783
87.132103
96.489265
100.941193
100.366135
99.663925
92.917091
87.082214
91.632851
100.214317
103.021515
106.072266
99.502457
94.448097
90.038544
91.545944
93.886444
90.896317
90.193581
87.152489
94.421814
99.714355
100.389198
97.084183
100.258308
112.461281
124.790329
127.717690
124.408379
121.830238
122.569458
116.620857
100.737350
87.929253
86.544701
91.588860
94.489403
91.937553
81.432945
73.217873
73.086983
77.678925
80.280136
80.460915
81.907158
84.494957
85.529213
88.475891
86.614441
82.842712
84.418785
82.362602
76.448868
81.140053
111.138954
132.430862
140.850327
147.372910
148.195282
146.054886
138.838669
125.901833
119.173782
113.735870
109.992577
108.515755
113.873734
121.047035
110.967293
102.771538
103.663635
106.732086
107.509392
112.040176
118.741943
125.620201
122.094170
115.685303
111.013428
110.547798
107.234734
107.247604
107.778145
104.697899
99.187035
96.056892
96.181885
94.472771
95.010826
79.940025
53.034252
48.216469
57.606346
61.774498
64.741562
70.541565
79.869759
87.305374
94.662674
94.864914
93.615540
93.645576
91.324936
88.763420
86.268433
89.657669
97.262276
100.760414
104.180771
100.434799
96.805763
78.532402
52.037010
41.078571
35.920147
35.571995
42.882626
55.762062
56.490547
57.017872
58.876106
60.754189
64.454025
65.035530
62.135525
58.044621
45.186642
35.028580
35.231358
42.800549
49.919136
58.699078
63.493797
56.389698
54.171509
61.565289
69.523399
70.222923
68.529915
70.806572
75.995575
78.968529
75.146919
65.419624
63.692818
66.735512
72.216339
71.836540
67.543396
64.702400
64.492653
62.875278
55.843063
49.127884
46.551350
45.874897
46.454792
48.940128
49.700806
49.448677
53.327152
61.550804
64.066719
65.717346
70.912788
73.083763
71.521111
68.894157
67.804108
67.721497
66.589066
65.136383
64.153084
58.001167
53.006359
51.311203
54.868885
54.282017
41.935806
35.544102
47.943954
66.033852
77.010521
79.743690
73.699600
70.565170
74.159866
75.112053
68.397949
63.221821
74.047218
88.305840
95.822464
95.804756
94.280190
95.486115
96.388412
94.900856
93.224472
92.834480
91.808266
90.544945
89.480110
85.924034
82.890457
84.524994
88.854622
82.705925
76.299202
79.757637
80.408882
75.735397
70.112411
67.511742
72.539276
78.649353
87.942665
95.617538
95.707123
106.206375
115.399376
114.102798
108.334976
101.181519
98.197296
96.510185
97.592194
100.061966
107.616142
116.221741
122.981445
124.491531
117.474335
110.957642
111.403419
113.964394
117.749527
116.925018
110.885216
108.953491
116.106941
124.253349
120.935989
115.375237
111.521439
104.125519
97.167862
93.906288
87.279625
84.175240
84.881729
87.500641
85.325371
82.506363
82.213470
80.679245
76.203712
69.540031
55.390842
48.625774
61.285263
72.496895
74.731178
74.790184
72.042000
71.322090
73.784897
80.187325
74.950584
69.233727
82.139977
92.862915
98.984795
101.027565
104.201691
110.409393
118.620712
121.849014
115.506668
107.459503
104.260696
100.914375
101.186890
104.317024
107.056633
112.488640
107.441795
94.428787
85.407440
83.057289
89.247292
92.093117
83.375938
72.956093
68.517036
69.442398
70.610771
69.262688
72.052727
78.573708
82.352409
81.009155
79.502289
74.964531
71.410065
74.951118
84.874222
87.223839
85.752373
83.944031
85.236855
96.429718
113.378067
116.145569
101.714211
89.777832
86.251266
82.148560
77.358131
78.193375
85.984657
89.164146
92.201477
100.151550
105.914009
110.955490
110.817093
108.793633
106.213348
106.046516
106.403786
108.772713
107.558205
99.547523
94.973808
95.183022
95.328934
96.755875
108.105911
113.821167
109.958244
97.200050
93.363945
91.682739
93.412231
95.946915
99.946632
97.784233
96.057968
97.658173
101.859047
106.454742
110.149223
112.956955
112.176971
114.953056
114.647820
111.553085
108.890190
108.504486
108.874100
106.516975
102.607384
98.704773
97.087402
104.047195
110.364334
106.256264
101.531281
98.555641
97.055748
101.516266
104.291809
103.811699
101.953461
108.783974
122.506157
127.171593
125.435127
124.678749
127.470924
127.944069
125.999466
126.554146
123.587624
119.884567
114.839867
108.970123
100.988937
98.320679
99.706306
101.859047
101.762489
100.893456
102.956070
108.095184
100.103271
76.684364
65.243668
76.284180
88.044052
89.716141
86.918060
83.476791
88.818138
101.587608
100.830154
73.828880
64.175079
78.144554
98.983185
97.328262
86.301689
78.580147
77.313606
85.697121
91.672546
96.749443
97.688217
95.231300
100.188568
104.570229
104.969872
108.057632
106.933250
104.887802
105.636673
101.980820
99.163963
98.489655
94.858475
94.644432
98.985863
96.953285
87.578957
82.018738
76.526649
74.701141
72.160011
72.300560
73.651855
76.587265
77.815720
77.654251
82.236000
85.793144
90.397964
93.015259
95.349319
93.387016
94.327934
93.036720
91.133957
94.465797
97.719330
102.853073
105.621651
101.920738
99.160210
99.948776
102.023201
103.089111
100.330727
96.263428
95.211456
92.701439
87.202911
70.350060
53.393135
49.319931
53.784199
58.063931
58.924385
66.314941
72.994179
76.565811
80.639549
85.057144
86.942741
87.532288
91.211746
90.898460
84.174698
82.799263
81.857269
81.624458
83.687614
86.980293
90.274040
94.119797
97.869530
91.271828
84.312027
78.856415
77.297516
80.555328
80.850372
79.610657
77.236359
75.339500
73.825668
71.605331
69.562561
66.345520
70.322701
80.237221
85.813530
80.819260
79.754959
89.962906
94.609032
94.515152
89.312202
84.317390
84.542160
90.472527
95.833191
91.102310
81.294548
78.792580
80.702850
86.344070
91.190285
89.698441
87.344536
88.416885
89.281624
87.529610
83.106110
78.481445
78.060333
80.533333
77.882240
70.305534
65.914223
65.109558
67.547684
67.498337
64.949699
67.492973
70.227211
72.755463
73.107903
68.663483
65.269951
68.363617
76.037949
78.287788
77.767441
80.037125
80.342896
78.235214
75.067528
71.065132
68.598038
70.266907
69.618889
67.433426
64.263588
64.503914
71.281860
80.736107
80.891678
82.938736
90.062149
97.123878
94.094582
86.115547
83.954758
85.011009
82.950005
81.484444
75.590561
62.243351
57.889587
60.803539
67.601334
65.823563
66.582626
78.703529
90.807800
98.402756
98.260063
93.357513
91.260559
89.643723
91.445099
92.121552
88.666328
85.497566
86.506073
88.865883
84.651062
77.673561
74.657150
79.915352
90.408691
96.434547
95.679230
97.146408
98.243431
99.528206
96.246262
98.573875
101.121445
102.011398
94.460434
81.232315
70.150505
67.422699
72.067207
83.377014
88.130959
86.359093
85.865028
91.836700
98.669899
98.247719
94.874031
89.332588
85.169800
86.529144
80.802094
73.927055
75.609337
78.386490
81.019348
81.322975
75.805138
72.134804
70.589310
69.016464
65.913147
69.542717
76.477295
92.401039
98.275620
94.289314
87.822502
82.765465
83.903259
84.625847
92.043228
90.922600
81.114296
80.206100
76.677391
72.692703
72.099396
76.674706
76.712257
78.235214
81.062798
81.753204
79.703461
81.997284
80.684074
76.488029
70.482025
71.884285
74.307388
78.023857
77.835564
70.646172
65.805321
64.929314
66.687767
64.919655
54.759449
56.187458
62.419838
63.196072
60.568581
59.391090
59.736023
65.490967
79.466888
84.802338
76.504654
63.652046
69.419334
82.175385
85.630066
86.746399
84.320076
75.537987
70.756142
66.310112
64.649826
64.266273
62.910149
57.901390
55.674084
56.382725
61.041183
65.602013
64.723854
62.608665
62.701469
62.468121
65.578941
67.357246
69.850632
77.072746
83.456406
86.245903
88.607857
84.069023
77.454155
77.089912
76.263794
76.052971
75.911354
76.249847
79.585976
82.972000
85.352730
85.887024
85.167656
81.307953
78.491638
76.630180
77.823769
78.736794
77.644592
77.989525
79.059731
79.164337
79.756027
79.271622
77.981483
78.615021
80.224342
81.283279
83.371109
88.015083
90.717148
87.339706
86.218544
91.367310
91.379646
90.931183
85.780273
75.075035
73.077332
77.702530
78.985161
77.126389
76.588341
80.317680
86.686859
94.184166
95.018867
89.621193
88.961372
96.896965
100.447670
95.937263
91.235886
89.369064
87.733994
89.748863
85.356483
71.769485
65.756508
66.538101
66.292946
64.337082
64.398773
69.607620
76.012199
79.964165
83.264359
84.341530
86.811310
90.131348
89.711853
80.384743
70.254036
70.954094
78.284035
85.011551
93.196045
91.477821
88.489838
91.382332
90.651161
84.888168
77.787285
77.662834
80.253845
79.295761
74.554153
73.839073
76.167236
72.553764
63.440151
65.002274
68.615204
68.692993
72.253891
76.337288
73.191055
77.676247
79.868683
77.692337
81.847618
80.004402
76.369469
79.930908
84.621017
86.619804
83.567451
82.183968
87.968414
90.742897
90.612000
90.005287
84.699341
74.276276
66.408821
60.638851
57.231911
61.257908
65.981812
81.442604
93.161713
92.339348
89.840065
86.637505
84.050781
80.216835
75.565880
71.349449
69.726173
72.487244
71.707794
79.438995
82.160896
76.523964
72.515137
79.510872
84.254631
77.235825
69.482094
68.026726
68.750923
69.037384
65.176079
66.729073
78.472321
83.103424
80.540306
79.813965
84.251945
86.867638
87.521561
84.416100
83.234322
81.883018
78.832809
76.350700
65.089714
53.264923
53.507931
56.899315
53.622192
46.651665
48.361309
64.025948
77.504585
79.735641
76.923615
69.893547
66.975304
70.377953
73.313362
67.695747
57.163784
56.370922
70.283005
72.979698
69.312042
68.094856
73.033875
79.251778
87.988266
89.192039
90.212349
95.551018
92.716461
84.504616
83.205353
87.001747
92.889198
107.182693
109.633163
95.146011
82.401756
73.972649
69.018074
62.956818
57.798393
59.367485
68.725716
82.612579
92.929970
92.763130
80.308563
71.856926
76.916641
85.825867
85.076462
85.561935
90.857689
96.122879
93.219643
87.661034
87.029106
87.772614
87.197014
82.716652
73.238800
64.795738
57.133205
51.539192
45.770290
40.450935
37.532692
42.294147
48.411736
50.984509
59.490330
71.351593
84.008942
97.646904
96.036507
83.208031
71.555443
74.540741
83.169945
84.164505
78.524361
73.188370
70.684799
69.742271
67.392654
65.075226
63.248642
67.427521
79.686829
84.685928
80.870216
76.413994
76.231606
82.168945
81.935059
72.194885
70.482025
76.084084
78.542061
84.314713
85.405830
82.457550
79.021637
79.138046
73.226463
66.913612
62.875278
61.485893
71.803276
70.963745
71.615524
69.404846
69.947189
70.510452
69.026657
66.278999
61.098583
63.318378
73.460884
74.306320
70.870941
69.438644
67.844872
65.346130
61.319595
57.134277
58.792957
61.948845
66.905563
68.161377
78.109154
97.373856
101.432579
103.750008
102.417480
97.899574
90.886658
88.174408
91.776077
91.321716
85.987335
83.047638
82.700020
80.449646
74.387856
57.110676
42.838100
39.164009
42.438988
43.954437
47.222439
50.407299
53.388306
61.574944
60.881325
54.089970
57.390697
60.775108
64.442764
66.665779
69.357101
70.895081
76.714943
77.778702
79.833817
80.244194
79.142342
81.554184
77.849518
76.894646
72.193275
66.144356
67.722565
72.590775
81.687759
85.714821
76.199417
70.830711
69.786255
72.078476
72.195953
72.160553
73.610550
79.173988
80.559616
71.775917
61.789520
63.802788
71.098930
70.031410
66.613205
66.398628
73.451767
79.676636
84.487450
83.107178
75.603966
64.906250
64.332253
56.696007
46.857121
50.136395
59.612640
62.732048
62.793739
61.338371
58.533318
62.421986
67.726860
70.597359
74.042389
69.493896
73.810112
79.426651
85.483620
91.990654
92.972885
92.347389
90.177483
83.126495
77.578072
79.379448
86.726021
91.956863
84.888702
78.940636
74.823982
74.540207
78.951904
81.750519
79.640160
76.559906
72.048431
71.043144
65.415329
68.323380
76.733177
87.750084
99.347427
100.975525
95.071976
89.138397
85.401009
84.191330
79.336533
70.133873
67.850777
69.974548
68.134018
66.279541
63.780254
63.731976
61.190849
62.357075
57.964691
50.346146
51.943130
66.864258
70.801743
72.257111
69.005737
62.551270
61.210701
63.822636
68.302460
68.651680
75.058411
87.052177
97.762779
97.600777
85.224518
75.742371
70.701431
68.506844
66.801498
65.326820
70.132263
77.917641
91.170441
96.746223
93.211060
88.274727
86.567764
83.732140
83.470886
81.201736
79.579536
80.102036
87.244759
83.728378
71.689552
58.253296
54.535217
49.031326
46.480541
51.766106
58.545120
60.877571
65.060204
66.435646
63.297997
62.040573
63.116676
59.453316
56.662209
59.337444
58.927605
65.142281
75.083084
82.225273
92.494911
93.751793
95.612175
98.122734
97.484367
91.171509
81.180283
80.022644
83.982117
83.166191
84.137146
86.581718
88.603561
83.608215
76.208542
70.060913
71.210510
74.627106
75.789581
74.248383
73.486633
74.462959
73.474297
73.164772
74.899086
75.362572
70.800133
65.987175
65.779037
63.909538
61.674187
60.575554
65.522621
71.029732
71.106438
69.176323
68.259010
66.800423
65.118141
64.621933
67.342232
63.134918
49.398788
43.289783
42.342964
46.183887
50.789246
52.407154
60.375458
63.826927
60.155518
58.009750
59.370167
66.084808
75.152283
71.560806
66.801498
64.469048
66.412041
65.971619
60.790665
60.511181
61.403820
69.846878
78.374695
69.747101
58.720535
59.460827
71.047966
76.328705
78.869827
84.972389
82.406586
77.405876
82.093842
77.673027
66.467293
64.495872
68.165131
69.423088
75.168915
74.681290
72.814476
76.503586
74.871727
69.484779
72.068817
76.489098
67.705399
62.594185
64.931999
66.529518
74.257500
83.159752
78.162262
71.512527
66.170639
64.477097
64.150940
69.536812
72.332748
76.994965
83.723549
91.666107
87.806946
77.368866
71.288292
70.276031
69.981522
67.612595
64.672356
66.362686
67.025726
66.942047
63.282436
59.807369
57.811268
61.747677
66.092323
67.739731
64.706154
63.345200
64.413795
66.936676
66.145424
62.868843
64.471191
67.482239
68.213951
66.758041
64.667534
64.232475
66.053696
68.899521
69.195099
66.096611
59.657700
59.228012
71.740517
78.249702
68.934929
58.972664
56.896099
59.497303
62.757263
60.426956
60.001560
68.963890
71.987282
68.599113
64.750679
64.058136
68.710693
71.918617
69.191345
63.503452
64.798958
69.681648
69.650002
66.752678
63.906857
66.266663
75.596458
87.407837
87.772079
75.502045
68.916153
68.117386
69.503014
70.097397
68.967110
67.302536
67.105125
70.993256
70.742737
72.697525
76.238045
79.234070
79.559692
78.091988
76.018639
75.377594
75.636154
74.013954
71.056549
68.693527
71.699745
81.409340
91.816849
94.926064
95.684593
87.854691
80.548889
76.601753
72.426628
69.293808
68.294411
65.449127
64.032921
69.374809
71.545250
72.212051
73.630936
75.012810
75.986992
72.727036
73.925446
72.762978
69.118385
66.924339
65.530663
64.826851
68.470901
79.011452
88.229126
87.219009
78.100037
74.028976
73.767731
73.945290
72.113876
68.806175
66.966187
69.198318
69.895157
66.850845
66.670601
73.195343
78.125244
76.241264
75.238655
82.117447
82.627068
81.167946
81.608902
80.371864
75.478981
72.784966
73.131508
73.416359
68.282616
65.572510
69.544861
74.238190
73.513458
75.379204
75.387245
79.877266
90.621658
92.508858
89.241394
85.958366
88.022598
92.222939
89.577744
85.353798
84.123741
87.506538
91.573303
91.469238
90.525101
91.363556
93.093048
94.691643
92.034111
87.022133
85.425148
85.120445
85.090408
81.792900
77.188080
77.683754
78.084480
79.684143
80.638474
76.566879
74.131439
75.752563
79.642838
81.657181
78.778099
77.154289
75.537987
76.027756
73.637909
72.578972
75.440895
79.143410
80.478081
81.512878
75.333603
73.816544
77.878487
77.700386
71.972794
69.367294
72.492073
77.351700
81.024178
81.432945
79.502289
78.269012
79.245338
81.760712
83.742325
80.732887
79.837570
82.914597
87.611145
88.359482
87.040909
86.337097
89.606712
91.768036
86.683640
80.415855
78.745369
80.268333
83.460693
83.473038
83.344292
85.191795
88.238243
89.752625
87.680351
85.247581
84.129639
86.002892
89.399643
88.319786
83.754128
81.244652
79.362816
80.435165
81.016670
77.159111
75.394760
80.036591
84.048637
81.486053
74.801453
71.025436
71.187447
76.564201
78.402588
73.393829
72.725960
76.686508
79.178284
77.577003
73.770409
72.828957
73.042458
74.612625
74.751030
71.398262
70.986275
75.025688
77.867218
75.549789
69.942902
68.373810
72.790329
79.228172
81.401833
81.620163
83.028328
86.186356
88.895386
94.212059
100.426750
102.807480
103.664711
103.262917
100.293175
96.852440
98.093224
102.766174
105.138321
104.720963
100.292099
96.708138
98.523453
102.427673
102.473274
100.235779
98.749298
105.553520
117.321449
115.032990
106.246605
105.053558
105.624870
103.373962
98.874825
93.892342
91.871033
93.960472
94.953423
89.747795
81.672737
78.087158
78.461594
80.577858
79.257675
74.374985
73.047287
73.896477
72.797844
69.177933
64.342445
65.289268
69.160233
73.216805
72.053795
67.179688
59.698471
60.163029
63.602158
60.657627
55.864521
57.753334
62.695572
66.869621
66.051552
68.598038
74.971504
81.619095
85.513123
86.159538
84.356018
84.000359
89.410370
93.632706
88.215714
82.012840
81.918961
84.180061
89.731163
86.807556
80.244728
80.680321
81.994064
83.862488
77.852196
76.197273
74.939857
75.149071
78.100571
76.977798
64.960426
56.833336
55.335052
58.909901
58.759159
52.884586
51.734993
56.781300
60.457535
60.796566
59.307941
60.293922
62.097439
62.052376
61.002022
57.764061
58.353073
64.407890
70.380638
69.336723
67.961281
78.137581
88.427071
90.800293
88.539726
87.881516
87.785492
89.479576
91.955788
89.947350
86.826866
85.568375
87.164291
85.750763
80.421219
78.906845
82.501541
85.653671
87.150345
81.187256
69.930565
65.070396
65.641174
70.353813
72.691628
74.649101
80.586441
91.089973
96.574562
93.137032
88.275795
85.954613
86.147736
84.831306
81.697411
80.256531
81.093376
85.270653
86.393959
84.463844
82.374405
76.173668
73.488777
72.417503
71.429382
72.207222
73.119171
74.100861
73.659370
70.189659
68.013321
68.268661
74.838470
87.993629
93.208916
93.810265
92.216499
90.423714
88.349831
81.723701
76.809357
73.132584
72.719521
75.069138
76.955269
75.312683
76.314217
80.670662
78.841393
72.950195
65.264053
67.206512
72.757072
82.784782
97.439301
105.002594
104.712379
107.542114
107.087212
104.349747
102.407829
99.604919
96.955971
93.448708
90.975174
89.089043
83.197304
78.532944
79.879944
80.208252
80.575172
80.599854
84.460091
88.957619
87.617050
86.348900
89.012871
90.961227
91.836159
89.557892
76.956879
67.685013
65.371346
67.350273
63.531345
57.022697
60.503132
68.426376
64.835976
57.751186
63.235229
65.509743
62.796421
62.483677
61.249859
58.638996
60.936577
66.872841
69.376953
69.418259
68.054085
77.062553
87.321465
89.513908
87.716286
83.709602
83.653816
87.225441
89.517662
88.004356
83.042809
81.413101
80.644379
73.114876
64.189026
66.255936
72.951263
74.985451
70.371513
65.761337
63.008316
65.644394
71.235725
70.568390
63.642925
54.536827
49.160072
53.492374
59.531635
66.121826
73.875015
79.995819
86.838669
90.456970
90.271896
92.335052
90.043373
89.543945
89.374428
86.828476
82.010696
77.908524
81.244118
85.865028
78.440674
68.316406
65.246353
65.511353
70.738976
73.747879
70.165520
69.036316
73.289757
78.575859
83.342140
81.457619
78.826912
79.548424
81.710823
78.543671
78.361282
73.248993
81.369644
89.111572
87.304298
85.278160
89.152344
89.960228
87.609001
83.151703
80.358986
78.723915
75.107224
70.996468
68.549759
70.200394
73.345551
75.059479
77.804993
81.923256
84.204742
87.576279
89.411980
85.648308
75.815865
66.290802
64.118752
65.055916
63.799568
61.827072
69.462250
82.483299
91.574379
99.781944
100.839806
96.771973
96.880333
94.001244
90.398499
87.582176
85.652061
85.248657
87.843964
86.353729
80.181961
69.269661
62.950378
64.168106
66.496262
65.435715
63.395092
66.270958
75.233292
76.906448
75.943535
73.967819
78.435310
86.205666
88.712997
94.017334
92.558212
91.634460
96.885162
96.357834
92.484184
88.567085
84.082970
83.729988
85.031937
91.922531
90.748795
89.195793
89.880295
90.041229
85.266899
80.948006
80.574104
77.781387
68.188736
60.521908
58.014042
59.388405
64.455101
65.630440
64.766769
66.121826
67.676971
76.397903
82.213470
83.845322
83.002037
83.622704
89.665184
90.846428
86.446533
83.669373
84.318466
90.370605
97.577705
100.028709
99.947708
97.399071
98.819572
96.162033
89.708633
86.192261
88.351433
88.275261
89.457039
88.334808
86.235176
89.382477
93.001854
83.056755
77.727203
80.081650
84.649986
89.380867
91.907509
91.109818
92.219719
95.243637
99.282516
96.208710
89.056320
85.296402
88.375572
94.348320
98.493950
99.627991
94.027527
88.108429
86.850471
88.329445
86.053856
85.733597
88.153488
88.663109
86.391815
83.048172
82.434486
85.975533
87.326294
84.217613
77.799088
74.754784
74.803596
78.512558
82.429115
79.690582
76.174210
75.011200
75.730034
77.294838
81.679176
82.673737
79.035591
78.655251
75.829277
73.292976
71.974937
75.210754
81.596024
84.974533
82.926399
77.898865
77.649422
82.549278
85.764175
83.029396
81.718330
79.575783
80.843399
80.138512
80.041420
78.832275
83.382912
91.037399
89.108894
80.893288
80.647598
83.127563
86.413811
84.778198
81.285423
78.565132
80.765610
85.534584
89.561111
89.025742
86.817749
93.565117
102.243675
102.646545
99.010544
92.920845
86.891777
83.310493
86.915382
88.152412
86.038834
87.358482
89.130882
85.901505
81.342285
77.720772
78.289932
87.983437
94.334908
94.159492
93.348389
92.749725
94.320961
94.218498
91.219788
91.815239
94.332764
96.268250
96.883011
96.188858
91.745506
91.450996
97.199516
96.103027
90.406548
86.000214
85.548531
87.016769
86.979752
83.060509
79.881020
81.070313
85.124199
85.723412
83.248268
81.490349
80.517776
82.423752
84.976143
85.583397
89.380867
92.775475
89.327225
93.106995
93.933113
91.582962
91.808800
94.711487
94.282875
91.317963
90.672081
92.700371
92.993805
90.299789
87.698051
85.480934
86.339783
89.906578
87.908875
85.407440
85.326439
89.191505
91.551308
96.959724
101.156311
100.304977
99.799110
99.263206
96.735489
92.182701
85.653671
82.741867
84.741180
84.195625
84.558258
89.751015
93.488937
94.598839
94.842918
91.372673
88.748405
89.837379
90.282623
92.046982
90.919380
86.527534
83.826012
86.901436
86.390205
81.598709
75.377594
75.353455
81.950073
80.669052
73.949043
72.131584
74.642662
79.138046
82.087402
82.665154
82.010155
83.835670
85.402077
89.573990
90.765427
93.041550
95.746284
96.799866
103.487152
101.457787
92.499741
91.778229
93.106995
91.332443
88.376648
88.019379
91.034721
96.272003
100.580170
98.052994
98.678482
101.323143
104.267670
99.407509
89.274117
89.802513
87.364380
85.810310
87.264603
85.250801
79.172379
79.992599
85.759346
89.286987
88.104134
86.099457
84.869392
84.130714
79.639618
73.783821
71.359108
74.873337
76.815254
76.882851
75.232750
75.734322
78.031906
82.435555
81.460304
78.150993
77.605431
82.200058
83.021889
81.914673
78.293152
75.975189
77.064163
79.803238
80.795654
79.511948
77.536232
78.026001
78.302269
78.592484
73.779533
69.964897
69.559341
67.616348
61.835655
54.307228
55.161781
65.587532
67.783722
64.904640
64.736198
64.899277
64.509819
67.243523
67.861504
65.319305
67.599182
70.044289
74.733864
77.571640
77.521210
78.689049
83.679565
88.647018
87.122986
85.251335
85.330734
88.214645
89.783737
90.050880
92.170364
99.263741
105.019760
103.905571
102.852539
102.042511
99.843102
98.555099
98.007935
95.075195
88.716751
80.718407
80.846077
83.673126
82.216690
80.710358
80.168556
82.521385
85.190720
90.278336
95.793495
90.803513
88.563332
83.904335
81.855125
81.545059
80.567665
81.260750
82.863640
80.264580
77.520142
76.020782
79.429337
85.278694
85.533508
80.477005
78.581223
77.692337
81.691513
82.315926
79.292542
77.325951
77.061485
81.608360
86.841354
87.861664
86.694366
88.606247
89.865273
91.173119
89.539658
91.912872
98.637177
106.597443
110.288162
106.679512
102.572517
107.501343
111.069756
102.696968
93.128990
88.108429
86.149345
84.508904
83.091087
87.082214
93.843529
95.936722
95.476456
93.845673
87.188431
87.130493
90.013336
92.945526
93.937401
93.642899
88.623413
83.529900
80.759178
77.762611
75.490242
77.670341
82.224731
86.450821
89.230667
86.702950
84.117302
87.891167
90.466087
87.904579
85.951935
87.647087
90.961227
94.552170
93.758766
87.683563
83.598022
79.242119
77.757248
73.432991
69.258934
68.879135
69.157013
69.338326
69.912323
71.650391
73.910423
77.212219
84.506218
87.448067
83.969246
77.827522
77.050751
77.680000
74.452232
71.490532
71.452980
72.931419
72.993645
72.502266
73.668488
70.899376
66.420624
72.695381
79.784996
79.424507
74.871193
74.697380
73.211441
75.379204
81.661469
86.163826
91.579208
97.340599
93.304405
85.088264
87.711464
100.278152
104.335800
100.779190
104.257477
112.310547
110.214127
101.799500
96.434013
98.175842
103.130417
100.864487
99.226730
102.906723
102.274254
101.957214
104.427528
106.235878
103.390587
99.967018
98.401146
95.894341
91.052956
87.802116
86.669151
91.183846
95.114891
98.685455
97.304123
89.921600
85.564621
84.845253
86.565086
86.327980
83.021889
80.096672
80.861099
82.874367
83.285278
80.582687
84.522850
95.405647
105.982140
107.408539
102.470055
104.640503
105.584641
105.768097
108.343018
104.121223
100.184814
104.146439
104.219925
101.762489
100.356476
97.494560
97.647446
102.511902
100.913300
94.742607
93.591400
93.760918
94.690033
96.329407
96.076202
91.920921
93.285088
96.165794
98.835129
100.357544
100.956215
96.020416
91.666107
92.573235
85.533508
81.013451
80.762398
83.335167
82.981117
83.195694
80.494713
77.697166
81.304199
84.035759
82.617943
81.727455
84.593124
93.702980
101.108566
97.350258
95.330544
101.256622
107.895088
113.262192
109.183624
100.283516
97.778336
95.729118
89.959152
88.140076
89.541801
96.171692
99.653198
100.357544
103.455498
103.784340
97.623840
91.681129
85.389740
82.359917
84.287354
91.429543
93.640213
89.849182
89.918922
89.196869
88.366997
91.571693
97.646904
101.743179
100.037292
95.806366
89.572380
86.887489
85.374718
87.754379
81.878197
79.427193
78.347336
78.522751
89.080460
104.575050
114.698250
118.106262
113.587814
107.513145
102.018372
98.975136
98.240746
95.699081
91.390381
90.138321
87.543556
88.942596
91.542191
91.626953
96.289169
99.684311
96.056892
87.777443
86.695976
90.384552
92.821602
94.222794
85.622559
75.545494
75.762222
79.112839
77.209007
77.841469
80.470573
83.603928
87.301086
84.138756
84.008400
85.216469
84.610825
86.547920
90.006355
92.692322
90.769180
85.765785
80.293007
74.635689
68.152794
69.867264
74.792336
70.314117
69.498726
70.751854
71.375198
73.725349
78.412239
79.683609
82.203812
85.550674
84.447212
81.900185
77.292686
69.283615
68.734833
77.462738
83.365211
80.394394
71.993179
70.824272
70.408531
70.755608
73.480736
76.506264
81.334778
84.434875
83.210716
80.334846
75.533699
71.968506
74.321877
78.270088
76.374840
74.220490
75.873802
76.775558
75.770264
71.915932
71.211586
72.884209
70.414970
69.909637
65.044113
51.375576
43.647053
49.995312
56.977100
60.353466
62.872597
69.883888
77.641373
79.073135
80.209320
78.038879
78.421364
79.744225
77.376907
73.394905
70.171425
68.115242
71.951340
76.301880
75.458061
72.168060
70.722351
75.566956
77.662834
75.779922
72.226532
69.034164
68.550835
67.856674
66.555267
68.639343
73.610016
75.511162
75.213974
82.238686
83.349113
77.479904
76.185471
82.124420
86.262535
82.967171
79.983482
83.716042
88.339096
86.286133
84.129105
83.375404
80.106865
77.542137
75.480591
74.955948
72.142311
72.992569
75.211830
77.038948
80.163727
82.457550
81.594414
76.846367
72.158943
70.549080
73.576218
77.839325
81.104111
80.402443
79.649811
81.002182
85.670303
91.047058
95.590179
93.904678
92.702515
94.479744
95.620224
96.607285
95.981781
92.949280
87.754379
82.050392
71.890717
70.251350
73.210365
71.714233
70.163376
65.177689
63.265270
67.486534
72.798378
79.491028
82.095985
79.493172
78.325874
83.670982
88.435120
86.012550
80.576248
77.301270
74.351379
78.113441
79.444359
75.352913
69.803963
73.780602
75.962852
73.748421
71.242165
68.856606
72.596680
79.090302
77.556618
75.303024
76.609261
78.429405
81.231781
80.749519
78.703529
76.798088
77.152138
76.430092
73.027443
72.560738
76.952049
82.765465
81.871758
79.004471
79.620308
86.617653
89.953255
90.310524
88.218933
87.387451
89.252121
90.837311
90.337341
88.637894
87.453972
87.555893
83.443527
83.470886
83.254700
81.933983
84.999214
87.138542
90.357727
93.725510
94.481895
93.661674
94.273750
92.532463
84.765862
74.262863
73.321411
74.196884
73.439430
72.946976
71.367149
72.967361
78.433167
82.395859
84.683784
84.269112
81.505363
80.210930
80.032295
77.969681
76.667198
79.478691
84.979897
85.728233
83.407051
80.236145
78.161186
80.490417
81.643768
82.564301
87.724869
92.402107
92.744896
87.908875
86.835449
87.239929
83.711212
80.459839
78.799553
77.095818
71.955093
67.785332
68.537422
70.823204
71.785042
75.270302
82.238144
88.627701
93.019554
88.888954
84.146805
84.529823
86.657356
86.567230
86.711533
87.286598
86.083359
88.724266
92.657990
93.763062
89.699516
88.355728
90.961227
91.065292
92.529778
94.267319
95.969444
97.196297
96.832054
92.641365
86.877296
84.716507
84.383911
82.101357
78.708359
76.866219
75.106148
78.947075
81.568130
80.525284
80.374008
83.329803
84.781952
83.436554
82.936058
83.240753
83.476791
84.000359
83.569054
80.802094
78.181572
77.053970
79.051147
81.023643
78.845688
76.241264
77.494392
81.659325
81.547211
78.206787
75.152283
74.330994
77.480980
79.955589
77.312004
72.875092
71.366615
72.137482
74.539665
75.267624
74.564346
75.293373
74.059013
72.337578
74.173279
76.809357
78.952972
81.650742
83.147415
81.967239
81.644302
79.575249
78.512558
76.447258
70.938538
69.351204
66.988716
66.960823
65.813904
61.124332
58.121330
62.256760
68.952095
74.153969
72.797310
69.038460
63.716419
61.942406
64.200287
62.749752
63.431030
70.382782
76.682220
77.077576
74.186157
69.938072
66.924881
70.826958
78.394005
85.741646
88.976929
90.179092
90.752014
87.980217
76.906448
64.685768
62.816807
66.834755
67.619034
68.676895
67.146431
67.857216
69.911247
66.132019
58.906147
59.243568
63.724464
68.499870
71.647179
70.066818
64.189560
63.063034
63.095219
63.366123
66.633591
65.500626
64.193314
66.446907
67.232262
64.202972
60.759552
61.919338
66.402916
68.850700
68.997688
68.491287
72.509239
76.364105
77.212219
70.097931
67.698425
70.331818
72.061310
71.721207
71.780746
76.206390
80.103104
84.086723
86.832771
89.321861
88.869637
89.797684
94.444878
93.903069
89.140007
86.062973
87.466309
91.472992
89.692001
82.950005
78.571564
78.826378
79.553787
79.440063
77.954659
76.722450
77.243340
81.954369
83.820648
83.632896
82.981651
82.690369
81.997284
78.222343
74.876556
78.063019
80.123489
82.094917
80.530113
75.689796
70.963745
70.687477
70.337181
68.579262
64.844017
63.596794
68.455879
74.027367
74.424873
71.492683
68.722496
69.798599
76.364647
81.527359
81.714043
79.856346
81.139511
81.004326
78.402588
75.607185
73.608406
74.945755
75.580902
73.826736
70.579117
70.307678
71.471756
73.973724
75.144241
72.192200
69.632301
70.828568
73.022072
74.832565
79.646057
82.279991
81.843864
83.534187
84.054001
83.766472
80.215225
80.108475
80.808525
79.331169
74.891579
72.680359
74.473686
80.445892
82.986481
78.827446
74.792870
75.442497
80.622383
82.392105
79.666977
78.437454
80.742012
80.430336
76.430092
71.771095
71.764122
75.260643
80.905624
83.392029
82.754204
79.115517
75.578224
75.860390
77.659081
78.189079
74.828278
73.788116
78.317291
80.970535
79.923401
76.821693
74.442574
75.559448
73.905060
68.237549
65.699104
65.689453
67.292877
70.028191
72.761368
72.593460
72.368156
72.778534
71.738373
72.938927
75.636154
76.166161
76.863533
73.788651
71.682579
71.913246
72.687332
75.976799
74.689339
71.461029
70.088272
73.577293
78.582832
81.450111
79.703995
76.743912
75.137268
76.419365
77.832886
78.069992
76.318512
76.396294
80.906700
85.138153
87.569305
88.307983
89.817528
90.579277
88.798828
84.516953
84.123741
88.843887
91.593689
88.809555
82.561081
80.450722
82.065414
83.027786
84.056686
82.071846
80.189476
81.569206
84.064194
84.122665
81.591736
78.477150
79.771584
83.412956
85.662788
86.805412
86.996918
84.997063
86.166512
86.162750
84.281456
82.107254
81.955437
82.699486
81.300980
77.477760
73.456596
75.845901
80.620773
80.887924
74.388390
71.455132
75.374374
77.333458
74.500511
72.590775
70.166595
71.839760
76.013275
75.154968
73.853020
73.193733
76.610870
81.267189
80.672272
72.393364
68.892548
65.490433
64.466904
66.805252
67.314873
67.592209
70.348984
71.114487
70.209511
67.659264
67.683403
74.589020
82.422684
85.022278
85.126884
81.996208
76.919861
75.709114
73.626106
73.524719
71.552757
69.316872
67.896370
62.124260
55.572697
49.327976
49.278088
53.539047
57.032890
57.096191
57.764599
58.608421
61.118969
61.686523
61.441368
66.488747
70.355423
71.264694
69.434349
69.417725
68.822273
68.539032
70.420868
67.024658
59.546658
56.312450
58.618614
63.263664
65.669601
64.471733
65.375633
68.558876
67.737053
70.240089
71.949730
72.969505
79.191154
86.492126
91.402184
94.188995
94.862770
93.568336
92.623657
88.997314
84.359772
83.967636
84.660713
85.370430
85.365067
85.041054
84.787315
83.501999
85.940666
89.213501
90.344856
92.736847
94.208847
95.240425
93.104309
89.853470
91.178482
93.822609
92.787270
89.253197
84.960052
77.831276
75.487022
75.336823
74.554688
72.162163
72.232971
75.381882
82.763855
87.995773
82.549820
79.634796
80.249016
82.461304
82.180748
80.061264
75.306244
74.701675
75.735397
75.984840
77.381203
80.132614
81.431335
82.646378
82.793365
77.099571
75.746124
82.814285
87.062904
86.613899
82.573418
81.358383
80.424973
75.990746
69.235329
62.645145
65.319847
77.263718
86.686317
88.757523
89.093872
90.184998
89.010185
87.040909
83.727310
76.920937
72.767265
73.520966
72.886894
71.351593
68.528839
67.605621
70.301239
73.522575
74.696312
75.517067
76.724060
78.442818
81.815430
80.541916
77.145164
75.530479
77.723991
80.662613
81.752129
79.778023
78.578003
79.097282
78.124176
74.288612
70.604332
69.699356
71.028122
73.480194
72.591316
69.001442
71.638054
74.798233
75.409775
73.255966
70.133339
71.062988
73.554222
76.103935
75.342186
73.968895
73.979622
76.377518
80.535477
83.872147
83.799194
80.860023
79.614944
78.624138
76.460670
71.000229
69.665558
75.034271
84.436485
88.898071
86.616051
83.250946
82.474716
83.327126
80.459839
73.875015
70.922440
73.489853
78.712646
79.930374
75.838928
74.598679
76.624817
77.281425
76.459061
74.368546
75.072891
71.525406
68.507378
66.875526
63.462681
64.410042
66.600868
72.260864
77.219193
79.184181
81.490349
86.674522
90.034256
90.621658
87.428223
86.121986
86.910553
87.294106
84.699341
81.528435
80.396538
80.336456
82.657646
81.692581
80.030685
80.144951
82.734894
84.762108
88.301010
89.040764
88.976387
87.607925
89.715073
90.668327
89.812706
89.362633
88.061218
86.412201
86.439560
84.054001
83.456406
85.521172
90.596443
89.754768
88.460869
88.032249
90.114182
89.288597
85.267967
79.667519
74.973648
76.632866
80.390106
80.073601
81.114296
85.017448
89.596519
92.913338
90.299255
83.123276
80.658325
81.729065
84.896751
84.432190
83.047638
81.400223
81.487663
83.109329
79.780167
75.508484
75.385635
78.648277
84.158607
86.096771
81.662010
78.068916
79.691116
79.861168
76.112518
74.146454
78.020103
83.246117
86.662720
89.481186
84.229958
82.477402
84.496025
87.555359
88.084290
83.601242
80.302124
79.768364
81.938271
83.274017
81.629280
81.388420
85.749695
86.394493
83.158142
81.238220
79.609581
78.826378
82.534264
84.815750
85.595200
79.475471
76.230537
76.032585
74.772484
74.186691
78.464813
81.857811
82.769760
80.563911
77.038414
75.439285
77.162872
78.797409
80.298912
77.753494
75.153893
75.318047
76.209610
77.832886
80.500076
82.879730
83.644699
81.682930
78.834961
76.162941
75.739693
78.615021
81.064949
80.369179
79.689507
81.370720
80.511337
79.298981
75.000473
70.786720
68.102905
66.429741
66.313332
66.523621
66.893227
69.248741
71.218559
72.740440
71.743736
71.405243
71.758217
72.885284
77.266937
79.362282
77.619919
79.099426
82.388885
84.881729
82.879730
83.485909
85.412270
87.317711
90.955322
90.002602
84.257851
81.520386
82.848076
83.510048
84.325439
82.761711
83.362526
82.975754
82.445213
81.622307
81.951149
85.620949
86.128960
87.691612
84.092087
79.217979
79.641228
83.738571
86.196014
80.729668
76.595314
74.060623
74.253746
77.022858
72.178253
65.965187
65.137451
67.560562
76.715477
78.364502
74.074036
73.157799
77.177353
76.883919
75.924759
75.367401
77.436455
79.178284
80.052147
80.968925
76.578148
75.528328
76.342651
78.282425
80.188400
78.747520
83.461769
85.303909
84.176849
84.511589
81.797729
78.753418
77.603287
77.453087
73.737686
73.625572
78.421364
82.482224
84.084038
80.408882
73.980698
78.160652
81.055290
77.299126
73.557442
72.169136
71.878380
75.688194
80.469498
77.233147
77.939102
85.156387
85.834984
79.452942
77.331314
74.103004
71.501259
75.542282
81.717796
78.299591
75.306244
79.231392
82.045563
76.118950
75.275131
75.864143
70.217018
70.191269
74.529480
74.992966
71.476585
66.954918
62.974522
61.226257
58.831581
61.969227
58.788128
57.272682
62.806076
64.519470
59.375534
61.100731
66.741951
68.643105
66.121826
65.698570
65.800499
71.823128
79.009300
76.707428
69.508919
64.184196
66.586922
66.969398
63.634342
65.346664
75.494537
78.086624
77.382271
73.797768
72.121925
85.043739
96.322968
98.475708
95.778473
93.134888
88.080536
85.838203
87.089722
84.044884
81.368034
84.985268
85.852150
81.390564
75.764366
80.274765
85.982506
90.832481
96.605675
98.460152
94.382652
92.119942
85.979828
83.040665
81.345505
76.495537
78.522209
81.927010
81.481766
73.872337
72.977547
77.048073
78.698700
81.019890
80.663689
74.245697
72.840759
75.230072
67.502090
69.297020
67.924271
66.758583
68.017609
64.381607
69.472443
75.311607
80.448036
82.769760
81.437775
79.208855
75.943535
76.050827
78.352158
83.903259
85.922424
84.438095
83.826012
85.685318
87.244759
86.231956
81.731209
79.353699
80.307487
81.739792
81.697945
77.525505
75.905983
76.116806
75.406563
72.349380
69.570610
69.401093
71.951874
74.972580
77.204712
77.869362
77.800163
75.351303
74.247307
74.369614
74.739227
75.468788
78.532944
79.204033
76.247704
73.404556
73.088058
75.124390
76.974579
75.683365
74.855637
74.675926
77.276596
77.520676
73.718376
69.294342
71.391289
77.577003
78.901474
78.374695
78.834419
78.659004
79.197594
82.040733
81.882484
79.402512
79.431480
83.995529
85.993774
84.560936
82.490807
81.457085
82.633507
83.854446
81.726913
78.682610
81.526283
85.049637
81.556862
75.327164
74.795555
75.429626
74.498901
72.200249
68.415649
62.668747
62.497086
68.199463
73.010811
73.319801
73.627182
75.342186
75.897942
75.594315
73.708717
70.855385
68.629150
70.149429
74.442574
75.386711
74.667877
74.801987
75.468246
78.676170
78.302811
75.054649
73.330528
74.076180
74.787506
74.733322
74.336357
76.194595
79.105858
79.054359
76.189224
73.368614
71.564560
71.658974
72.150360
73.994644
74.761223
75.102394
78.648277
79.102646
76.067993
72.989349
74.892113
78.291542
79.751198
80.091309
82.259064
82.435020
81.165260
79.560226
77.184326
75.514923
76.756248
79.691116
81.917892
80.489883
78.234146
79.049538
82.222588
84.404297
82.468819
80.414780
81.700096
83.231636
78.404732
73.507019
70.432671
67.181831
66.964577
68.006348
69.499260
71.054405
73.070892
78.311394
78.087692
73.697990
73.407776
77.837173
79.176674
77.806061
74.768196
74.044533
76.332458
80.192696
81.282204
79.979729
80.509727
82.817505
85.654205
90.209671
89.843819
88.112717
89.733849
90.202698
89.080460
84.335632
79.011452
79.275375
82.487587
83.738037
77.858101
68.259544
63.217529
64.449738
66.500549
67.787476
65.929245
65.638489
70.631157
73.486633
73.411530
73.585342
72.987206
74.866898
77.213295
76.828667
77.453621
82.295006
86.359627
89.115326
87.024277
82.561623
79.083870
80.253845
81.907158
79.691116
76.546501
76.682755
77.795334
77.865074
78.925079
81.364815
84.343681
85.900436
84.374794
79.619774
74.495148
75.929588
80.387421
81.401299
78.983551
76.986382
78.152069
82.605072
83.892532
79.758171
76.256821
71.814545
72.020538
72.083839
68.766479
63.422447
64.750145
69.607620
74.189911
74.862068
73.572464
74.116417
76.582436
77.470787
72.684120
69.006805
67.770309
67.971474
67.084198
68.285294
70.463249
72.727570
73.397583
72.678749
72.916397
73.284393
72.198097
73.493073
74.964531
78.251312
78.677246
79.513023
82.171089
83.296547
81.189400
77.338287
76.724060
79.056511
81.070313
80.527969
80.419075
82.716118
83.441383
80.652962
76.489632
74.327774
76.782532
81.649132
83.039055
79.720085
75.833031
75.704819
75.749886
74.704353
72.896011
73.571388
73.887352
75.204857
74.992966
71.309219
67.966644
66.154549
68.119530
70.320015
68.035851
66.039215
64.990471
67.680725
68.366295
65.137993
63.387581
63.685307
65.050552
69.263763
74.064919
78.593559
83.713898
86.094627
86.323151
85.911697
83.926331
85.145126
89.199013
90.553528
90.401718
87.245293
84.744942
85.668694
83.989632
78.678856
74.891579
77.059334
80.807457
78.568344
75.947289
74.270912
76.353912
78.809212
78.219124
75.594849
74.786972
76.450478
79.355843
78.780777
74.733864
73.235580
76.411316
79.891212
79.688438
77.171989
73.225388
73.448547
78.465889
79.239975
76.263794
75.759537
79.741005
84.949860
85.148338
81.002182
79.393394
80.308029
82.681244
83.873756
82.352409
80.632042
82.998817
84.567909
83.100746
80.920105
79.797333
80.067162
82.578789
83.446747
82.367966
82.695732
84.305054
84.777122
84.328659
84.796974
87.904579
91.954178
95.172829
95.253830
93.483574
89.239250
88.145981
89.314346
90.066978
88.278481
86.382156
83.375404
81.947395
81.687218
79.946999
79.285568
80.580544
83.490738
86.155777
83.143661
79.233002
79.636940
81.321365
80.918495
78.975510
76.973503
79.097816
83.336777
83.805092
83.537941
81.479080
80.717331
81.782173
82.277306
82.463989
84.658035
85.471283
84.995995
83.150093
79.361206
77.552864
79.914276
83.743401
83.138298
80.404053
78.074287
78.494858
78.588196
76.953659
74.402878
74.779457
77.647278
78.653641
76.992279
74.017708
72.110664
73.878235
78.208397
77.924080
75.818008
74.711868
76.764290
79.976509
80.006012
77.667664
76.748199
77.443428
78.407951
78.575317
76.407021
75.076111
76.722450
77.213295
73.345551
70.037315
70.206825
73.867508
75.890968
74.177032
70.679970
69.585632
69.449371
72.031807
72.392296
70.330208
69.647858
70.515816
69.996010
68.070717
67.671066
68.181221
71.346230
75.366325
76.654320
73.621819
72.740982
74.437744
77.863998
78.163330
76.874802
77.430557
80.758636
84.117302
84.505150
84.431122
83.352875
83.489662
85.692291
84.358696
79.737793
73.986595
71.898232
70.402092
66.697426
64.835434
66.709763
70.723961
72.795700
70.079155
66.329964
64.825783
67.447372
72.670708
78.199272
78.199272
77.144096
77.137657
74.724205
72.673927
72.878311
77.399979
80.016205
82.726845
83.707993
81.460304
81.189400
84.573280
86.546310
87.382622
84.364067
79.707748
79.458305
79.188477
75.895790
72.094032
70.243843
71.734077
71.359108
70.537277
69.889252
69.506775
70.217018
75.062164
77.425186
77.881165
78.659004
80.499535
82.808380
81.849228
77.996498
77.170914
77.796944
81.361603
82.437164
81.430801
80.629890
81.576714
79.573639
77.306633
74.933418
76.881775
80.645988
84.766396
85.704094
82.057899
79.677711
79.454010
80.922256
79.643379
75.124390
76.684364
82.643158
88.152412
89.513908
84.971313
80.983406
81.648598
84.300224
84.526070
81.331024
79.136978
79.555939
79.928230
77.664444
74.500511
72.219025
73.824059
78.549034
81.940956
82.194160
82.089554
82.770294
85.055000
84.832375
80.548355
78.464279
80.541916
83.271332
84.636574
83.976219
83.061584
84.556114
90.309982
94.465797
92.734169
90.220940
91.504105
92.656380
88.916847
84.115692
84.467064
89.731697
91.174194
90.384552
88.564400
86.151489
84.982582
85.906334
85.679955
82.978432
82.431267
83.262215
84.877975
86.330124
84.776588
82.823402
83.576035
86.221230
85.535652
83.135078
82.634041
84.487450
87.568230
86.639114
81.231781
76.493393
75.482201
78.306030
79.365501
80.542992
82.686607
82.070778
82.023033
79.466347
77.861320
78.706215
79.474937
83.270256
83.766472
79.723839
77.277130
81.287567
84.848473
83.460693
78.652565
75.890427
76.720840
79.972214
80.250626
78.713722
78.931519
82.556252
87.569305
86.835991
82.919426
79.324730
82.128708
87.581108
88.066048
84.467064
