120.654358
120.341080
119.899590
120.070175
120.483772
120.661331
120.116310
119.687157
119.844872
119.376022
119.174850
119.148033
119.235474
119.105118
119.030548
118.920578
119.539635
119.730606
119.781036
120.136696
119.523544
119.558411
120.247734
120.270805
120.581406
119.286972
119.333107
119.520325
119.604546
119.826630
120.267052
120.627541
121.000366
120.484848
120.407593
120.727852
120.608765
119.990784
119.924797
120.006874
119.676964
120.033699
119.458633
118.982269
119.462921
119.457558
119.119064
119.350807
118.091774
117.223282
117.929237
118.438858
118.350342
117.867004
117.325737
116.971153
116.860641
117.018356
116.686836
116.094070
115.554405
114.695030
114.840401
115.590347
115.276527
114.382820
114.043785
113.719780
114.070610
113.826530
112.172142
111.435608
111.947906
111.549332
110.133125
108.962608
107.885971
107.030350
105.320168
103.414726
101.898743
101.303291
99.361374
98.297073
97.988083
96.748901
97.419456
99.521233
100.430504
100.366135
99.684853
99.992233
100.871460
100.447670
100.524918
101.008789
100.924568
100.841957
101.220146
102.142288
102.026421
102.317169
102.755440
102.293030
102.163750
102.282837
101.923424
101.990479
102.186279
101.773758
102.346672
101.735130
101.356941
102.239922
102.333260
101.928787
101.846176
99.853294
97.969849
97.916199
98.234314
98.924179
98.942413
99.717575
98.014908
97.368492
97.111000
96.739784
97.539619
98.196220
98.852295
97.914589
97.124947
97.695190
97.709137
98.394707
98.538475
98.908081
99.512115
99.474564
99.749756
99.533035
99.569511
99.171478
99.554497
100.683701
101.176155
101.082817
101.356941
101.855827
100.997520
100.878433
101.713135
102.284981
101.830620
102.178230
102.502777
102.457184
102.368134
102.894379
103.459793
102.907791
102.731842
102.783875
103.249504
103.571373
103.035461
103.061752
102.219536
102.519943
103.394348
103.478569
103.308517
103.899139
102.813377
102.349892
102.824104
103.368599
103.025276
102.176620
101.872993
102.131027
102.388519
102.385834
102.037148
102.112251
102.556961
102.719498
103.371811
103.951172
103.335876
103.436188
102.827324
103.438873
102.876144
102.990402
103.656128
104.322388
104.396416
104.234413
103.873924
103.878212
103.773071
103.673294
103.702797
103.300468
103.589607
103.887337
104.309517
104.726334
104.619041
104.226906
104.403931
105.246140
106.049728
104.601341
104.151802
104.007500
103.668465
103.903961
104.134094
104.699509
105.149048
105.327682
105.097549
104.275185
104.359940
104.261772
104.593826
105.241318
105.268669
104.709702
105.372208
105.201614
104.689850
104.560036
104.425919
104.011787
103.466766
102.039825
101.779121
102.725937
103.291351
104.062218
104.116394
103.358940
103.577271
104.315948
105.296028
105.935471
105.801895
105.610924
105.922058
105.631844
106.108200
106.374283
106.457428
106.438652
107.228294
106.860832
106.618362
104.555740
104.043976
104.305222
105.348068
105.278328
104.440407
104.533745
105.872169
106.287376
105.984825
105.373276
105.093796
105.443550
105.811012
106.378036
106.383400
105.520798
105.622185
105.938148
106.723503
106.575981
106.552376
106.898918
106.251968
105.845886
105.854469
106.415588
106.748718
106.724037
106.638206
106.646255
106.100159
105.710167
106.006813
106.541649
107.066292
106.675758
105.967117
106.136635
106.773926
107.592537
106.028275
106.457962
106.350136
106.460648
107.287300
107.225609
107.737915
108.002380
107.118324
107.215958
107.111885
107.211128
107.548012
108.083916
108.154732
107.315201
106.087280
107.583954
107.880074
108.084457
107.643501
108.376282
108.541504
107.925667
107.635986
108.326393
109.201866
108.728188
107.980919
108.038322
108.385399
108.195496
109.005524
109.246925
109.682518
109.354752
109.521584
109.343483
109.558060
109.288231
107.680511
107.053947
106.045441
106.173111
106.928963
107.734695
107.764740
106.766953
107.107056
107.876312
107.865585
108.929352
108.328537
107.943375
108.265236
108.864975
108.699753
108.089821
107.418732
107.101692
107.661743
108.184769
108.486786
107.837158
107.148903
107.536209
107.426781
106.665565
107.080772
107.345238
106.047050
105.969269
105.210197
104.841667
104.210274
103.756439
103.465157
102.931396
102.917984
101.903572
101.127876
101.428284
101.614433
101.588142
101.365524
101.021660
100.654198
99.892456
100.453033
100.326973
100.461617
100.486832
100.077522
98.833519
98.827614
99.235313
98.448891
98.316383
99.354401
98.853363
99.057213
100.126343
99.246574
98.371101
97.865242
96.879257
97.202736
97.328262
96.575630
96.702232
97.164108
97.330406
97.218826
96.729591
97.834122
97.719864
96.740318
96.757484
96.770363
97.260666
97.039116
96.333694
96.707596
96.726372
97.124413
96.701157
97.048241
97.794968
98.495026
98.495026
98.936516
98.976212
98.551346
98.441917
98.509506
97.902786
98.505753
99.679489
100.404755
101.152016
99.785164
100.160675
100.181061
100.477707
100.698723
99.717033
99.235313
98.811523
98.961723
98.895210
99.251938
100.181061
100.892914
101.363373
102.228653
102.332191
101.877823
101.819885
101.588142
101.247505
101.801109
101.797356
102.308586
102.268890
102.300537
102.413727
102.644402
102.963043
102.923347
102.529602
102.789772
104.064896
103.004890
101.212097
101.994232
102.246895
102.571442
102.707703
102.669075
102.475960
103.497345
103.162605
102.942123
102.753830
102.836449
103.157234
103.038147
102.939445
103.267746
103.518799
104.157700
102.786560
102.861122
103.101982
103.366447
103.398636
103.543472
103.984428
103.301544
103.360550
104.387299
104.391052
104.947342
103.719429
103.262917
102.849319
103.320313
104.850250
104.554672
103.254333
103.410439
103.547234
104.159851
105.050880
103.691536
103.605164
103.672218
103.960289
104.261238
104.218323
104.422707
104.019302
104.370667
104.903893
104.570229
104.742424
105.507927
104.871170
103.859978
103.860512
104.358864
104.079384
104.083138
103.763420
104.310585
104.938225
105.124908
104.972557
104.208664
104.422165
104.409828
104.762810
105.059998
105.014397
105.566933
104.897995
104.926956
104.370667
104.622795
105.564255
106.219246
105.900604
105.258484
105.625946
106.740135
107.171967
106.642502
107.029808
106.604950
107.332901
107.141930
107.260483
107.274429
107.495445
106.324387
106.194031
105.386154
104.209740
104.838448
105.027275
105.140465
105.034248
106.364624
105.633987
104.211349
104.416267
105.655449
106.786270
106.726723
107.233658
108.110207
106.898384
105.933327
105.980530
105.478424
105.295494
106.193497
106.764275
106.756226
107.001915
107.475594
107.495979
105.802971
105.380791
105.901138
106.058853
105.347527
104.987579
105.627014
106.283081
106.723503
106.770172
106.665031
107.230980
107.338264
107.689636
107.416046
107.594681
105.554062
104.400177
104.404465
104.726334
105.211807
105.532066
105.274574
105.767563
106.051338
106.755150
106.726723
106.422562
107.018547
107.560890
107.329681
105.788483
105.844810
106.594223
107.220787
107.443947
107.838226
107.549622
107.451988
107.770638
108.192818
107.569473
107.572151
107.815163
108.100014
108.157951
108.728188
108.694389
107.881142
106.164528
105.876999
106.023445
105.049805
104.871704
105.901138
105.745033
105.892555
106.429535
106.486931
106.315269
106.339409
106.223000
106.944519
107.214348
107.254044
108.185844
108.672394
107.468086
107.354897
107.564110
107.453064
107.757225
107.656372
107.578056
107.814629
108.913261
108.471764
107.566788
108.023834
108.487862
108.066750
108.205154
108.833328
109.194351
108.361794
108.105377
107.696075
108.385933
109.580589
108.645035
108.145073
108.263626
108.192284
108.189064
107.959999
107.720749
108.399887
108.867126
109.818771
109.088676
107.978775
107.722893
107.918159
107.720749
107.835007
107.783508
107.695000
108.299034
108.682053
109.520508
109.541969
109.104233
109.385330
109.820915
110.729111
110.818703
110.691025
111.064392
111.874420
111.732796
111.784294
112.502052
113.441902
114.645676
115.118279
115.313545
115.271164
116.268410
117.078972
117.431419
117.505447
117.679253
117.841263
118.252174
118.807930
119.846481
120.221985
119.683937
119.637802
120.384529
120.498795
120.339470
121.165054
121.523933
121.431129
121.452049
121.704178
122.212723
121.845261
121.642487
122.186440
122.654213
123.348907
123.325836
122.494354
121.905342
120.997681
120.028336
119.509056
118.365898
118.059593
118.393791
118.387894
118.540245
118.901802
119.374947
119.334717
118.909851
117.888466
117.359535
118.314934
119.919968
121.240158
121.312576
120.711761
118.613197
117.983414
117.680862
116.975441
116.662163
116.076904
115.973366
116.616562
117.200745
117.397087
115.012604
113.768593
113.175285
113.498230
114.419830
114.534096
112.964470
110.950127
110.733406
112.400131
114.194527
115.183723
114.911751
113.945618
113.800240
113.754646
113.336754
114.143562
114.461136
113.639313
114.490646
115.429413
116.023796
116.946472
117.436783
117.709297
117.816582
117.291946
115.217522
115.661697
117.762939
117.548363
117.571426
118.322983
118.306351
118.340683
118.163658
118.155617
119.027870
119.274628
118.687225
118.921120
118.795586
119.507980
120.426369
119.363144
118.688301
118.412567
118.584770
119.485992
119.884033
119.271416
118.437248
118.235542
119.037521
118.995148
119.179146
119.698418
120.274025
120.871078
119.985420
119.327202
119.330956
119.824486
120.311577
120.446220
120.280998
120.351273
120.672600
120.623779
120.174248
119.443077
120.318550
120.720345
120.396866
118.322449
118.003799
117.238838
116.965248
118.740875
119.193626
119.134621
119.703781
119.746162
119.701637
119.403915
119.107796
119.045036
119.371193
119.258537
119.504768
119.353485
119.377625
120.375946
120.220917
120.589447
120.521858
119.397476
119.283752
120.019211
120.220917
120.041740
119.918365
120.486992
120.712296
120.320694
120.532051
119.924263
119.299843
119.202751
120.210724
120.056229
118.189949
117.710365
117.703392
117.733971
118.483917
118.203896
118.067101
118.213547
118.285973
118.933990
118.836357
118.142738
118.255394
118.584770
118.390579
117.791367
117.991463
117.934601
117.354172
118.342293
118.785400
118.784325
118.910385
118.938820
118.963493
119.172173
119.257462
119.468826
119.620102
119.485992
118.736046
118.798271
118.888397
118.986023
118.790222
119.354027
118.958664
118.755356
119.328278
119.364220
118.677032
118.357315
119.191483
118.834213
118.338539
118.552582
118.430809
118.249489
118.489815
118.217308
117.863251
118.535416
118.536484
118.120743
116.861183
116.749062
116.483528
116.543610
117.387428
117.244202
118.056908
117.667992
117.020500
117.235619
117.383675
117.577332
117.900803
116.983490
116.346199
116.331711
117.095070
118.032234
117.365974
116.729218
117.438393
117.376701
117.006554
117.310715
117.254929
116.344048
116.156830
117.222740
117.449654
117.255463
117.210938
116.979736
117.084877
117.699638
117.504913
116.553261
117.216843
117.363289
117.395477
117.022652
117.334854
117.144424
116.950226
116.966324
117.168564
116.643387
116.208870
117.104187
117.060196
115.671890
115.342514
114.958420
114.654793
115.472870
114.631729
113.625366
112.350243
111.929131
111.623360
111.066536
110.448021
110.618607
110.353065
109.784439
110.046227
109.333832
108.746422
107.860756
108.047974
106.857079
105.359329
106.048126
106.413979
105.800819
105.034248
105.546547
104.702187
103.505386
102.899208
103.179771
102.765099
102.871315
102.320923
101.527527
101.091934
101.017906
100.860733
101.018982
101.227654
100.720184
100.749153
101.910011
101.099449
100.392952
100.050163
99.869919
98.980499
98.574417
98.254700
98.944557
99.394096
99.351723
99.580780
99.574883
99.897820
100.354332
100.323753
99.969162
100.256157
101.198685
100.158531
99.959511
100.418701
100.704628
100.219147
99.857048
100.702477
101.580101
101.113930
101.088181
101.343529
101.349426
100.634354
100.380615
100.367203
100.199837
101.083893
101.278618
101.042587
101.366592
101.594048
100.553886
101.163284
102.239922
102.360085
101.703484
101.879967
101.804329
101.495880
101.282372
101.955605
101.675583
102.302689
102.446449
103.307976
103.479103
102.481857
102.965729
103.328362
103.145973
103.285980
103.984428
102.888481
102.463615
103.432434
103.644325
105.058922
104.450600
104.034859
103.320854
103.077309
103.557961
104.446846
104.930176
105.563713
105.423706
105.200546
105.291740
105.443550
105.587852
105.496124
105.944054
105.572296
105.815308
106.115715
105.116859
105.028885
104.887260
105.192497
105.415123
105.146896
105.615753
105.521873
105.704803
105.731087
105.941368
106.418266
105.434433
105.273499
105.306763
105.608780
106.214958
106.220322
105.890411
105.805115
105.511681
105.982674
106.254120
105.952103
106.145752
106.355507
106.109276
106.584564
107.186455
106.706337
106.594223
106.343163
105.888802
106.592613
106.822746
107.181625
107.767418
107.411758
106.029884
105.566933
105.774536
106.202080
107.161774
107.617218
106.283081
105.616821
106.705261
107.367767
108.002380
106.976700
107.133881
107.558746
107.373672
107.171967
106.879608
106.608704
106.822746
107.640816
107.592003
108.081238
107.556061
107.313591
107.249214
107.566254
107.674080
106.744957
106.673080
106.308296
106.658058
106.762123
106.167747
106.757835
106.557739
106.908035
106.672005
106.298637
106.498734
107.238487
107.337189
107.097939
106.842590
106.816841
106.636063
106.709015
107.289986
106.898918
107.366699
106.796997
105.682266
106.087280
107.030350
106.828644
106.253044
106.146294
105.852859
104.899063
105.176407
106.564713
106.280403
106.337799
106.714920
106.839912
106.015396
105.914551
105.986969
105.580345
105.910255
105.655449
105.260628
104.988647
105.307297
105.346458
104.447380
104.257477
103.618576
103.844955
104.079918
104.562180
104.975777
104.582565
104.272499
104.429680
104.774612
104.909790
103.972092
103.690994
104.174332
105.312126
105.283691
104.711845
104.019302
103.859436
103.515579
103.159386
103.831543
103.561180
103.762344
103.146507
102.372421
103.001129
102.094009
102.626160
103.292419
103.226440
103.755371
103.630379
103.482857
102.475960
102.913155
103.173866
103.556885
103.334267
103.017761
103.661491
103.133095
102.761879
102.894920
103.979065
103.678658
102.812302
102.388519
102.695900
103.125587
103.196396
102.171257
102.487221
102.814453
104.100304
102.386909
102.078453
102.384758
102.400856
101.956146
100.902039
101.204056
101.693825
101.488907
101.545769
101.586533
101.770538
100.627914
100.262062
100.588753
100.780800
101.590294
101.499100
101.061897
101.042046
100.461617
100.809769
100.726624
100.035149
99.668755
100.498634
101.642326
101.503387
101.266281
102.344528
101.183128
99.983650
100.226654
100.741104
100.234169
100.029785
100.581779
100.983040
100.712135
100.539398
99.981499
99.942345
99.775505
99.447205
100.612358
101.082283
100.641327
100.250259
99.861877
100.403145
100.308731
100.112930
99.803940
98.623230
98.739639
100.325897
100.402069
99.942345
100.447670
99.555031
99.226730
99.578636
99.089935
99.079742
98.962799
99.338844
99.608673
99.917130
98.978889
98.839951
98.848000
98.607674
99.059357
99.733131
99.136070
98.683853
98.650055
98.704231
98.190857
99.056137
100.446594
100.933151
100.992691
101.393951
101.727623
101.613358
102.301079
102.244751
101.981895
102.921204
103.615356
104.262306
102.403534
101.850464
101.935226
102.309120
101.921814
102.773148
103.358406
102.695358
102.012474
101.848320
102.488831
102.521019
101.852074
102.414803
103.016693
102.719498
101.719040
101.274330
101.798965
102.683563
102.672829
102.155167
102.095085
101.791992
102.397102
103.063362
103.418488
103.082138
102.517799
102.452354
102.550522
102.361694
102.173943
102.144974
101.958824
102.705017
102.411049
103.196396
102.831078
101.731377
101.617111
102.023735
102.394951
102.430893
102.625626
102.989868
102.591293
102.308586
102.375641
101.406830
101.441696
102.289810
102.232948
102.209885
102.098839
102.151413
102.435188
102.320923
101.879967
101.612823
101.487297
101.970093
102.480782
102.678734
102.403000
101.972771
102.998451
103.933472
104.181305
104.562714
105.153877
105.200005
104.844887
104.881897
105.606094
105.523483
105.831398
105.992332
105.748253
105.875389
106.231583
106.644112
106.683807
105.734306
105.529381
105.977310
105.320168
105.401711
104.971481
105.222542
105.189819
105.102913
105.043900
104.705948
104.197395
104.354576
105.167824
105.310516
104.779976
104.131416
104.011787
104.407150
104.027344
103.511292
104.056313
103.826180
103.253799
103.897530
103.811699
103.284378
103.326218
103.376106
104.019302
103.376640
103.310120
103.546158
103.655594
103.137390
103.404541
104.099228
103.884651
103.150261
102.452354
102.431969
102.594513
103.451744
103.994087
104.107277
103.850861
104.170578
104.377640
104.357254
104.637283
104.749931
104.676437
105.154945
104.838982
104.541794
104.663033
104.164673
103.783264
104.556274
105.415123
104.586319
103.449600
104.017151
105.173187
104.328827
103.953316
103.658272
102.637962
103.325142
103.581024
103.616966
103.611603
103.210884
103.280617
103.024734
102.857903
102.823036
103.134705
102.317703
101.893921
102.380470
102.795135
103.270966
102.467377
101.143433
100.669754
101.153091
101.123047
101.355865
102.167503
101.769997
101.091934
101.369278
102.550522
102.794067
101.854218
101.466370
101.479782
101.774826
101.970093
101.692215
100.612892
100.318924
100.939049
100.994843
100.600021
100.502922
100.681023
100.818886
100.670296
100.978745
100.455177
100.092010
100.534576
100.821030
100.799042
100.596802
100.576950
100.789917
100.505608
100.724472
101.209419
100.420845
100.366135
100.685310
100.507751
100.075912
100.309807
100.273865
99.906403
99.584534
100.354866
100.363449
99.837196
99.965408
100.410652
100.537254
100.439087
100.252945
100.493805
100.051239
99.213852
98.870529
98.932220
99.399460
99.432724
99.587219
99.670898
100.044266
100.653130
100.466446
99.364594
98.750366
99.201515
100.368279
100.877899
100.050705
100.269035
100.304443
99.701477
99.548058
99.371567
99.395706
99.661781
99.697723
100.360764
98.894669
98.751442
98.849609
99.481003
99.945023
100.265816
100.366135
99.966484
99.587753
99.675194
100.001350
100.098984
99.243355
99.736351
100.356476
100.375786
99.942345
99.955750
100.587143
99.732056
99.039513
99.787849
100.104881
99.203659
100.107033
99.710060
99.308266
99.435402
99.544838
99.688065
99.528206
99.259987
99.285202
99.391418
98.896278
98.685997
99.769073
99.681633
98.897888
98.255234
98.294395
98.715500
99.029320
98.151703
96.403969
97.899574
98.594261
98.024025
98.269714
98.219292
95.931892
92.662819
93.159561
95.592865
95.082169
94.137497
93.493233
92.988976
93.141327
93.455681
93.896637
94.110138
94.328468
94.230301
94.277512
93.408470
92.846283
93.118256
93.066223
92.952499
92.520660
92.546410
94.025917
93.723900
92.704659
92.600052
93.401497
93.410080
93.326401
93.031357
93.078560
92.598984
92.711632
93.034576
92.487404
92.341492
92.379578
92.409081
92.671936
93.341415
92.117256
92.274971
92.645653
92.749725
92.502960
91.753014
90.799217
90.772934
91.766426
92.830727
92.013191
92.123695
92.564110
92.806046
92.423569
91.821678
92.107605
92.890266
92.358658
92.863983
93.146690
94.031822
94.190605
93.175659
91.798615
93.569939
93.724976
93.675621
93.985146
94.257126
94.191681
94.344566
94.325249
93.498596
88.316566
86.801659
87.751694
87.324684
86.597809
86.985657
86.506615
85.326981
84.103355
83.933304
83.734283
83.544914
82.454865
82.756348
82.771370
83.330338
81.010231
79.418610
78.737328
79.676636
80.473785
80.430870
80.489342
80.044098
79.699699
80.497925
81.047783
81.128250
81.564911
81.541306
81.680244
81.697945
82.062195
81.658791
82.392105
82.765465
82.502609
82.467743
82.003723
82.497246
82.498856
82.145874
81.718872
82.443069
82.102959
81.363747
82.296616
82.120667
81.525215
81.725304
81.933983
82.358849
82.389961
81.684540
82.165192
82.628677
82.426971
82.923721
82.969315
82.531578
83.028862
83.350723
83.021889
82.290718
82.298759
82.205421
83.381302
83.357697
83.168335
82.482224
82.754738
82.887779
82.888847
82.301445
82.498856
82.132469
82.179138
82.388885
83.125954
83.475182
83.350723
83.425293
82.128174
82.410881
82.985405
83.238609
82.959663
83.162437
83.060509
83.343750
83.173698
83.232170
83.069633
82.933372
82.804626
82.757957
83.103424
83.477859
82.951614
80.973755
78.350548
80.756493
81.893753
81.716721
81.920570
82.151245
81.903404
82.310562
82.066483
81.864784
82.192009
82.117981
82.303055
82.349724
81.862099
81.790756
81.952759
81.582611
80.980728
80.987701
81.628212
80.734497
80.833206
81.632500
81.049927
80.513481
80.503830
80.854660
81.606216
81.793968
80.760246
80.162117
80.374550
80.400833
80.289253
80.285500
80.453407
80.628822
80.766151
80.364891
80.261360
79.948074
80.206100
80.272621
79.972755
79.972755
80.043022
80.183571
79.613335
79.263039
79.592415
79.852592
80.291397
79.835426
80.358986
79.653030
79.344582
79.188477
79.254456
79.351555
79.502289
79.641769
79.399834
79.665909
80.108475
80.357918
79.648201
79.355309
79.522141
79.889069
79.783928
79.134827
79.822014
80.520996
80.540840
80.627747
81.327271
81.025253
80.774193
80.508118
80.613266
81.056900
81.587975
80.968925
79.323654
78.847298
78.725525
78.936882
79.751198
78.932594
78.323196
78.821548
79.001793
78.569954
78.318901
78.815109
79.193298
79.411095
79.256065
79.241043
79.496925
79.419144
79.909988
79.739403
79.127319
79.746910
79.933052
79.897110
79.529114
79.401978
79.161652
78.892357
78.140800
78.654175
79.173988
78.862854
78.780243
79.080650
79.698097
79.614410
78.706215
78.121490
78.777023
78.705673
78.244339
78.329094
78.325340
78.854271
78.755562
78.365570
77.805527
77.252991
76.847443
77.477760
77.460060
77.494926
77.254601
77.693413
77.295372
76.751953
76.335136
76.661293
77.064697
76.951515
76.328163
75.669952
75.932808
77.224022
76.439743
76.316368
76.525574
76.101784
76.029366
76.466568
76.307243
76.142021
75.335747
75.987526
76.657539
76.639839
76.687584
76.545425
74.016106
64.677727
60.764915
61.832436
61.318523
64.598869
65.761337
65.646004
67.271416
69.135551
69.131264
69.055626
67.913002
67.687164
68.349129
68.306755
67.899055
68.606087
68.585701
69.168816
69.743340
69.716522
67.086349
66.863190
66.502701
66.280075
65.948021
66.527908
66.068184
65.715736
65.021049
65.155693
64.499084
64.111244
63.928314
63.463219
63.376316
64.657341
63.166031
60.936577
60.232231
60.095436
60.946236
60.524590
57.879932
56.786663
55.912262
55.262096
55.623123
57.475456
60.053596
60.982712
60.953743
60.700008
60.116360
60.854504
61.396309
61.176903
61.760017
61.858185
62.019119
62.515862
61.830292
61.328716
61.540611
61.762161
61.279366
62.425205
61.409721
56.581207
54.331905
54.370529
55.219181
54.868347
55.031963
55.221329
56.070515
55.940697
56.607491
57.578453
56.930431
56.871960
56.343563
56.019554
56.628952
57.335445
57.673401
56.875713
57.394989
58.011898
57.736702
58.471626
57.563431
56.412766
56.435295
56.557602
57.059711
56.706200
56.487865
56.517372
56.381115
56.186386
56.095192
56.124695
56.325325
56.531319
56.861767
56.915409
55.894024
55.139252
55.813023
56.251297
56.647724
56.896633
56.940086
56.821533
56.492157
56.378433
56.826897
56.665966
57.460434
56.772717
56.655773
56.800613
56.746429
56.682594
57.139641
57.492085
56.876785
56.632706
56.708881
56.836018
56.963154
56.144543
56.590324
57.087608
57.426640
57.598301
56.679913
56.744286
56.549557
56.265244
56.632706
57.118187
56.986755
57.299503
57.289848
57.140717
58.150299
58.891125
58.809586
58.900780
59.117504
59.695251
60.045013
60.102947
60.193069
60.638851
60.724682
60.408718
59.945232
60.800858
61.560459
60.967155
60.594330
60.831436
61.541149
62.239059
61.346954
60.832508
60.882935
61.030991
61.161346
61.555096
61.813660
61.595863
61.894127
62.357075
62.155373
62.273392
62.424129
62.582916
63.078053
62.698254
61.895199
63.031384
63.366661
61.879105
61.849602
62.309868
62.307186
62.165031
62.520153
62.017509
61.719784
62.413940
62.899956
62.977737
63.157982
63.772747
62.710052
63.450344
63.404747
63.824780
63.768990
63.461609
63.575336
63.843018
64.071007
63.685307
63.458927
63.786156
63.830147
63.993759
63.704617
63.800102
63.950844
63.981956
63.179440
63.886471
63.946014
63.919193
63.968548
63.627907
63.181049
64.070473
64.804863
63.738415
63.122578
63.089855
63.498089
64.294167
64.677185
64.047943
64.533417
64.294167
63.751289
64.119820
64.420769
64.431496
63.751289
64.117676
64.086029
64.078514
64.852600
65.045189
64.625687
64.749603
64.478165
64.051697
64.474411
65.191635
65.011391
64.169716
64.542542
64.575264
65.073616
65.364372
64.786087
64.763557
65.216850
65.628838
65.060745
64.884254
64.756042
64.749603
65.562317
65.075760
64.657341
64.952919
65.151398
65.768311
65.686234
64.860115
64.433640
65.184662
65.626152
65.533882
65.210411
65.459854
65.834290
65.709297
64.975983
65.184662
65.412109
65.628838
65.490967
65.295166
65.406212
65.922806
65.330040
64.780182
65.117607
65.386902
65.552124
65.839119
65.362762
65.074692
64.809685
64.624077
64.211021
64.745850
65.603622
64.619247
65.083275
65.597183
65.424446
64.981346
65.224892
65.223824
65.675507
65.734512
65.510818
65.446442
65.574120
65.643318
66.084274
65.820343
65.046257
65.524231
65.441078
65.441612
65.566605
66.251640
65.505455
64.467972
64.720634
65.179298
65.440010
65.075226
65.298920
65.411575
65.679794
65.906708
65.549980
65.507065
67.018753
67.526230
67.207047
67.404991
67.978447
68.535812
69.280930
69.711159
70.311974
70.997543
71.238945
71.234650
71.602654
72.348839
72.256569
72.891182
73.321945
73.425476
73.731255
73.567635
74.559517
75.869507
75.084160
74.061699
73.909889
74.076180
74.777313
75.976799
75.897400
74.825058
74.417358
74.091743
74.806282
74.938248
74.643738
75.367935
75.127609
74.950584
74.613701
73.956017
74.740295
75.733788
74.922691
74.998863
75.686584
75.795479
75.696236
74.991356
75.585197
75.107758
75.127075
75.452156
75.163017
75.801384
76.283638
74.420578
74.118561
75.201103
75.426407
75.460739
76.211220
76.433846
75.689796
75.069672
75.284248
76.729424
77.598457
76.908058
76.374840
75.298195
75.293373
75.591629
77.037346
76.383423
74.083160
74.922691
75.880775
75.025688
74.467789
73.494141
72.994179
72.874550
72.656761
71.828491
71.246452
72.278030
73.199104
74.125000
74.826126
76.577072
77.232071
77.171989
79.390175
78.711578
79.385345
80.108475
80.008690
81.204956
80.922256
81.983337
81.007545
81.655037
83.350189
84.773903
84.644089
85.701416
85.819427
84.880661
85.529755
86.909477
88.420639
89.008041
90.826576
90.404938
88.908798
89.683960
89.616905
89.410912
90.336273
91.671471
92.157494
91.594765
91.696152
91.778763
91.869957
92.015335
92.425179
92.920845
93.087685
91.868347
92.090973
92.283554
91.639290
91.881226
92.866127
92.030891
91.737991
91.146301
91.027206
92.553925
93.330688
93.834946
94.056496
93.314598
93.994270
93.804901
94.218498
93.308693
92.924599
94.773720
95.173363
93.661674
94.837555
94.856865
94.319885
95.925461
95.589645
94.077950
93.876785
95.303185
94.882614
95.917946
94.566116
94.294678
94.920166
94.950745
94.729195
94.475456
93.485718
93.361801
94.287163
95.906685
95.277435
93.975494
90.804047
92.166077
95.063393
96.419525
93.297432
92.833946
91.918236
91.831871
91.321716
92.235809
92.180557
93.248611
89.785347
87.569305
87.844498
87.716827
87.137466
87.980217
85.968559
86.216400
86.084435
84.668762
84.997604
83.934914
83.053535
83.994995
84.871536
84.329735
83.246658
83.350189
81.974213
82.196304
81.738182
81.951683
82.742935
81.042419
79.678246
82.146950
82.325584
80.387421
80.007088
82.322906
80.720551
81.211395
80.890068
80.902939
81.834206
81.396469
81.051537
81.316536
81.605682
81.251625
80.854660
82.911377
84.488518
84.845253
82.130859
81.916283
83.168869
83.027786
83.159218
82.587372
84.109253
86.648232
83.848007
82.806770
83.807236
82.790680
84.483154
84.097992
84.644089
83.920425
84.312569
83.462845
84.050781
83.626991
82.701096
83.482689
83.560478
86.087112
84.503540
81.803627
85.292107
84.638725
82.483299
83.260605
83.778267
84.896751
84.452576
83.601242
82.786926
82.714508
84.096916
84.015373
83.196228
82.404976
82.006935
82.191475
81.311714
82.141586
82.329880
82.442528
80.709824
80.143875
82.650131
83.120590
81.078362
79.046318
81.592270
80.601463
80.408882
80.832664
81.374474
81.854050
82.481155
80.583221
80.821404
81.646988
80.805305
81.283813
81.995140
80.047318
80.496315
81.703850
81.159897
81.383057
81.096062
81.188866
80.610046
81.319756
83.661324
80.193230
77.763145
77.809280
78.297981
77.093666
77.966461
78.168701
77.183792
79.805382
78.396149
78.051216
78.234146
78.538841
79.421829
76.409172
80.825157
80.390106
80.065018
78.918640
79.891747
80.653496
79.828445
81.109474
81.821327
80.018883
80.985558
82.977364
82.718796
81.862099
81.695801
81.957588
81.841179
81.747841
83.736427
81.939880
80.836426
81.530045
82.444138
81.791824
81.705460
80.208252
80.141197
80.335922
81.055824
82.374939
83.049782
79.673950
80.721626
83.981041
83.574425
80.607903
79.627823
79.796265
81.749985
81.806313
80.421219
82.093842
83.803482
83.575493
79.324196
81.267189
84.175240
83.820648
85.383301
83.338921
83.709602
84.585617
82.606148
84.572739
83.115227
80.216293
82.627068
84.518562
85.489517
86.025421
85.875755
83.983192
86.486229
89.056320
86.544701
88.045662
86.447067
89.197945
89.537506
88.176559
89.370674
89.650696
90.493988
90.454285
90.144226
90.740211
93.259880
93.058174
93.798470
94.131599
93.996948
94.198112
94.150375
94.651405
93.994804
96.396461
99.184349
97.393173
96.342819
98.001495
99.630135
98.224121
100.304977
101.658958
102.047874
101.936295
100.257767
99.615646
102.595047
100.059288
98.353401
98.465515
98.819572
96.991913
93.852112
95.976959
95.452850
94.114967
94.114967
91.266998
90.333054
89.295570
90.446243
89.841133
92.529778
90.745575
89.224762
92.266388
92.357048
93.686348
92.846283
91.929504
86.985115
90.828728
93.408470
89.422707
86.707245
90.683350
90.347534
88.122375
87.979683
88.973709
90.605026
91.540047
92.465942
92.076485
94.221184
91.894096
93.333908
95.300507
95.850357
95.335373
94.280190
95.058571
93.381653
93.467484
97.524597
97.897423
98.010078
100.025490
101.912155
102.942657
103.790237
108.558670
110.754860
112.561600
111.067612
114.750816
117.825699
117.376701
121.509987
117.840187
118.842796
122.265297
121.337784
121.937531
122.553360
122.829628
124.678207
125.526863
126.475830
125.666870
124.169662
124.247986
126.468315
126.735466
124.944283
125.975861
126.840073
125.297264
123.879982
124.616516
126.376587
124.964668
125.443710
123.054398
124.971642
126.089584
125.013489
123.705101
123.745872
126.904984
126.122849
123.451904
125.413673
125.603569
124.358490
127.362564
123.697060
125.190514
125.306381
122.957306
124.869720
126.869576
125.417961
125.604645
123.853165
123.852623
125.316040
122.158005
123.399330
126.518738
124.644417
125.361633
125.812248
126.198486
122.357025
123.301163
125.019920
125.107903
119.973618
125.990349
126.311676
122.374191
124.288750
124.466850
123.432053
123.516273
124.317184
126.985443
126.481194
121.699348
121.851700
124.933022
122.537270
124.584869
125.051041
124.333817
123.577965
121.795372
123.340858
127.488091
126.733322
124.124603
122.309280
122.592522
124.944824
123.666481
123.088730
124.088661
126.149132
124.836998
124.061302
123.747482
123.549538
121.656433
120.015991
122.875229
121.380699
122.484161
123.136475
125.486092
122.801735
121.452583
124.144989
124.523178
122.641876
123.204605
126.458664
125.392754
123.418106
123.496964
124.763504
127.934952
127.025681
127.096489
126.125526
128.910202
129.262634
128.229462
131.055435
130.618759
131.098877
129.375824
130.294220
133.746216
129.398895
130.095734
132.911514
131.422897
134.320221
134.753662
133.271469
133.012375
132.419601
131.493164
136.249802
135.685455
135.244507
132.610031
132.610031
135.016510
131.671799
133.062790
133.961334
134.932297
133.947388
132.033905
134.289642
133.803619
132.810669
137.958359
134.122803
133.250015
132.823547
135.832977
134.722015
131.698090
134.369034
134.021423
133.078354
134.526749
133.833130
131.411087
132.205566
132.019958
135.289566
136.103882
132.773117
132.364883
130.145096
131.961487
136.526596
129.943924
131.642303
134.423218
133.931824
133.432938
134.109924
133.600311
128.771805
131.147705
135.285812
129.874725
131.978104
130.339813
133.292389
134.340607
132.349869
131.552170
132.756485
134.337921
134.326645
134.449493
134.985947
136.717575
132.570343
136.833984
138.492126
135.003098
137.216461
138.025955
136.275543
136.707382
137.744858
136.562546
136.418243
136.550201
136.325439
139.694290
139.208817
136.325439
138.185272
138.864410
137.563004
136.593124
138.009323
136.783554
136.338303
136.006256
137.580704
137.413879
138.162216
137.655273
136.325439
136.391953
137.759872
138.198685
135.554031
136.872070
139.306442
137.751297
135.735352
134.941956
138.165436
137.320541
135.233780
134.750977
136.581314
134.584137
137.604843
137.035690
137.677811
135.918808
134.180740
137.023880
135.374329
136.857040
135.822250
134.657104
134.498856
136.424133
135.245575
131.868683
136.257843
134.991837
136.409653
134.643692
135.043335
136.583466
134.509583
135.161896
134.233307
132.891678
131.843994
130.778091
132.246338
130.171906
130.427261
129.547485
125.427620
129.368851
128.919312
126.149673
124.563408
126.782135
127.728958
125.431374
120.554581
123.343002
125.571922
123.108047
123.659508
121.566849
121.397331
122.125816
121.732605
122.824265
122.817291
121.552902
120.497185
121.197777
121.630684
122.152107
122.984123
120.059448
119.170029
121.261612
121.754601
122.189117
121.147346
122.241692
123.910561
124.644417
125.662582
122.876839
122.833389
119.789612
123.005051
126.413063
123.253418
124.693764
124.764038
122.600037
123.687935
122.542633
122.234184
125.487701
126.531616
124.343468
125.865356
126.220482
123.731926
123.773766
125.076248
125.201241
122.816223
125.151352
125.967819
124.223846
123.981369
128.884445
124.986664
122.995926
127.569092
128.376434
126.952187
127.171051
127.290146
127.189293
125.011337
126.427544
125.736610
125.805809
129.084549
128.634476
126.238716
128.227844
127.519203
125.343399
126.392677
128.471924
128.509476
127.216118
127.286392
128.061005
127.964455
125.580505
127.390457
128.402191
126.948967
128.014343
126.104607
125.796692
128.651627
125.772018
123.870331
127.157646
129.217575
129.313065
127.996635
126.695229
126.633003
127.591629
129.067917
126.094955
125.774696
127.513840
126.145912
126.542885
127.959625
127.662437
125.537590
125.497360
128.985840
127.374901
124.900299
123.500183
125.290291
126.185608
126.827728
127.315895
126.387848
126.035942
123.766258
124.580574
124.740974
125.872864
125.936165
125.166908
125.581581
124.750626
124.097778
124.267830
124.178246
124.597206
123.539345
122.702492
123.071564
123.822052
123.957230
124.085976
124.531761
124.600960
124.377266
124.724342
124.712540
124.771553
125.353592
125.402939
125.977470
126.510696
127.135117
127.936554
128.431152
128.505722
128.625885
129.287857
129.885452
130.307098
130.581223
130.443893
131.480286
131.930374
131.965240
131.965775
132.372391
133.196365
133.146484
132.164261
132.392242
132.497391
133.440445
132.974823
133.863708
134.485977
134.468811
134.871140
134.031616
132.770966
132.349869
133.829376
134.058426
133.662537
133.871750
134.742401
135.354477
134.748291
134.181808
134.222046
134.641006
134.418381
133.899109
134.388336
134.880798
135.086258
134.727905
134.180740
134.445740
134.432861
134.291779
133.701157
133.806839
133.592270
133.249481
134.911377
134.318604
134.102417
134.605072
133.743546
133.963486
133.428116
133.078888
133.348175
134.396393
134.301437
133.486053
133.486588
133.749985
133.245728
133.473709
133.815430
133.545059
132.782242
133.566513
133.813812
133.962402
133.636795
134.047699
133.454391
132.547272
132.633636
132.623993
133.365341
133.189926
132.552643
133.078354
132.759171
132.892746
133.793961
134.063797
133.250015
133.019348
132.979111
133.110535
133.252701
132.477005
132.299438
132.559616
132.841782
133.138977
133.224808
132.611649
132.858414
133.141647
133.063873
132.187851
132.517776
132.427109
132.453400
132.752731
132.745758
132.562836
133.197449
133.572418
132.630417
132.284958
132.330017
132.233459
131.688965
131.418060
132.510803
131.793579
131.109604
131.013580
131.046844
131.023773
131.193298
130.971741
130.575317
130.354843
130.217514
129.681061
129.438599
130.620377
130.852112
130.459442
129.921387
129.960556
130.177277
129.960556
129.764755
129.695007
129.383881
129.896179
129.486343
128.436523
128.609787
128.651627
128.364105
128.405945
128.454224
128.565811
128.601746
128.246628
128.305634
128.329239
128.105530
127.234894
127.010124
127.160324
127.608253
127.051430
126.891571
127.168373
126.121773
126.211899
127.307312
127.078789
125.700668
125.718910
126.711327
126.381950
125.525253
126.371223
126.375511
126.260712
125.924362
125.996246
125.851944
125.946358
125.546707
124.678207
125.180855
125.505402
125.354660
124.963058
124.695915
124.305916
125.164764
125.026360
123.701347
123.714226
124.099922
124.404091
124.427155
124.401405
123.231964
122.801201
123.196556
123.516273
124.335960
124.126747
123.378410
123.057083
122.816223
122.798515
123.195488
123.561874
122.507767
122.262611
122.205215
122.546928
122.694450
120.708008
121.444542
122.156395
121.860283
121.653748
121.857597
120.797592
120.047104
120.741798
120.938675
121.155396
120.358780
120.513275
120.703178
120.312111
119.473648
119.199532
119.020355
119.780495
119.682327
118.972618
118.903412
118.920578
119.149643
118.530052
118.437782
116.846695
117.626678
118.936676
117.835358
117.358459
117.552650
117.759186
117.538170
117.494179
117.357925
116.905701
116.551651
116.647141
116.265190
116.008774
116.317230
116.047394
116.336540
115.846230
115.647209
115.936890
115.587128
115.645065
115.295303
113.379135
112.736481
113.142563
113.477303
113.299744
112.507416
112.308395
111.288086
110.076263
109.790878
109.508171
109.438431
109.177185
108.435287
108.035637
107.205231
106.632843
106.237488
106.356041
105.981606
104.856148
105.706406
104.777290
104.057388
104.296104
103.989792
103.488762
103.879822
103.893234
103.226974
102.910477
102.612747
102.266747
102.917450
102.911545
102.236702
102.228653
102.588074
102.406219
101.663246
101.822037
100.892914
100.641861
100.856972
100.434258
101.058144
100.809235
100.973381
100.887550
100.532425
100.067329
100.861267
101.385910
101.089256
100.233627
101.377327
101.330116
101.282913
101.402534
101.212639
101.228195
100.831223
100.169792
100.271179
100.438553
100.777580
100.814056
100.834442
101.245895
101.320999
101.339233
101.235703
101.700798
102.360085
102.223289
102.119759
101.708305
100.957291
101.108032
101.335480
101.304901
101.924492
101.818275
101.417023
101.602631
100.937439
100.918663
100.906326
101.655739
102.146042
102.279617
102.613823
102.307510
102.127266
101.847786
101.842422
101.918060
101.686317
101.528061
101.120369
101.601021
101.661636
101.428825
101.143433
100.734131
101.104813
100.654739
100.841415
101.182594
101.559715
101.303291
100.858047
100.932076
101.171333
101.487831
101.123047
101.187424
100.792603
100.183205
100.582855
100.731987
100.580704
100.458939
100.739494
100.331261
100.167648
100.443916
100.617188
100.324821
100.340378
100.470734
100.019592
100.053383
99.216537
99.437553
100.420845
100.752365
100.632744
99.888161
100.084496
100.207344
100.987328
100.725548
100.468590
100.369888
100.105957
100.212173
99.525528
99.733131
100.799042
100.884872
100.196075
99.157524
98.935974
100.716431
100.541008
99.909081
99.715424
99.923569
100.461082
100.939590
100.469131
100.116150
99.668755
99.577026
101.091934
99.838272
99.676804
100.234703
100.029785
99.402679
99.552887
99.541618
99.682701
100.400467
100.972313
100.597336
99.885483
99.173622
99.071693
98.970848
99.899963
100.010468
100.185349
100.238991
99.507286
98.765923
99.365669
100.265816
100.322144
99.668755
99.721329
99.608139
98.932755
98.902718
99.696114
99.442917
98.824936
99.358696
99.476707
99.718643
99.607605
99.558250
99.784088
99.501389
99.445061
99.698257
99.889771
99.918205
99.511040
99.087791
99.434868
99.104416
98.271324
99.531967
99.829155
99.638718
99.365128
98.601234
98.470879
98.692429
99.317924
99.371567
98.699409
99.439163
99.469734
98.890381
99.125877
99.357620
99.282516
99.133385
98.783630
98.601234
99.490662
99.592049
99.241745
98.569054
98.826004
99.270714
99.492805
99.388733
99.189713
98.851753
98.746078
99.236382
98.369492
98.822250
98.750908
98.787384
98.677414
98.704231
98.411339
98.873215
99.049164
98.405434
98.570122
98.685997
98.527206
98.596413
98.415627
98.581390
98.562614
98.826546
99.168793
99.056137
98.418846
98.034218
98.321754
98.481071
97.825005
98.028854
98.331406
98.098053
98.351791
98.422600
98.294395
98.307800
98.001495
98.005783
97.334160
97.690895
97.365814
97.567513
98.213928
98.379150
97.501534
97.477394
97.149086
97.435547
97.208633
96.335846
96.298294
96.137894
96.235527
96.049385
95.520981
95.023697
95.386337
96.364815
95.711952
94.418053
94.691643
94.616539
94.390160
93.959938
94.290382
93.721756
94.257126
94.123016
93.383263
93.258270
93.082314
92.582352
92.759918
92.594688
92.399963
92.302864
92.079170
92.501350
92.970200
92.246002
91.928429
92.183777
91.938622
91.614075
91.494987
91.675766
91.600128
91.306694
91.657524
91.827042
92.120476
92.526024
91.816849
92.020699
91.637138
90.461266
89.624947
90.268143
91.338882
90.804047
90.469841
90.299789
90.071808
90.498810
90.212349
89.865814
89.866348
89.341705
89.207062
89.435585
89.635681
89.579353
89.935013
89.523026
88.810097
89.303085
89.367996
89.738136
89.815926
89.115868
88.958687
88.774155
88.018303
88.100380
88.758598
88.900749
89.000534
89.351898
89.179703
89.729553
90.210747
90.053032
90.672623
90.373283
90.751480
90.270287
89.358871
89.321861
89.425392
90.190895
90.489159
91.080315
90.977852
90.667259
89.628166
89.460800
90.434975
91.398422
91.549706
90.395813
89.359947
89.887802
90.874855
89.839523
90.858231
91.121086
89.954323
89.908730
89.585251
90.452141
90.704269
91.148979
91.143616
90.709633
90.641502
90.726265
91.122154
91.459579
91.839378
92.175194
91.367310
90.858231
91.599052
92.308769
92.535149
92.227226
91.432755
92.439125
92.885445
91.741745
91.413979
91.900536
92.574303
92.656380
92.363487
91.346924
91.697227
92.195045
91.896782
92.136032
92.293747
92.239029
91.865128
91.813629
91.326004
91.166145
91.313667
91.324394
91.147369
91.482643
91.238029
91.150589
91.506790
90.308914
90.497742
90.610931
90.813164
91.409157
92.365097
90.536903
90.279411
91.495522
91.242317
90.225761
90.252052
90.548164
90.647408
90.468239
90.368454
89.983292
90.068588
90.037476
90.053566
90.410835
91.260025
90.883438
90.523491
89.959686
89.795540
90.029427
90.250443
90.180168
91.278801
91.263779
89.965050
90.050346
89.502106
89.799828
90.036934
90.281013
90.833015
90.154419
89.737602
89.802513
90.079849
90.025131
89.563797
90.257416
90.278336
89.989189
89.165215
89.171654
89.802513
89.915703
89.799828
89.168976
90.201622
89.137321
88.690468
89.288597
89.908188
89.703270
89.131424
89.276802
89.510147
89.895851
88.891632
88.844963
89.048271
89.466698
88.839058
88.745186
89.219933
88.520950
88.199623
88.404007
88.865883
88.981758
88.376114
88.134178
88.052101
88.321396
87.958221
88.078926
88.103065
88.026886
88.548309
87.892242
87.359016
87.367065
87.589149
88.240929
87.880440
87.661575
87.884193
87.220078
87.494736
87.929794
87.480255
87.863808
87.329514
87.217934
86.779121
86.469597
87.181458
87.490448
87.151955
86.995308
86.870323
86.107498
86.397713
87.499031
88.045128
87.018379
86.719048
86.453506
86.984581
87.091873
86.965805
86.294716
86.148804
86.631607
87.027496
87.083290
86.492126
86.710457
87.142830
86.827942
86.375183
86.219620
86.760353
86.625702
87.046806
86.800583
86.617119
86.772148
86.135933
86.286133
86.189041
85.081284
85.294258
86.224442
86.564552
85.753448
85.350044
84.497101
83.713364
84.796974
85.419785
85.203056
84.923576
84.793221
83.967094
84.572205
84.281990
84.347435
84.302376
83.590515
83.885559
83.897896
83.970314
84.167191
84.099602
84.140366
84.115692
84.951469
85.205208
84.494423
83.952614
84.843109
85.252945
85.051781
85.173019
84.867783
84.953079
85.173553
85.432121
85.256165
84.839890
85.348969
84.669296
84.770683
85.490593
85.652061
86.380547
86.000214
85.425148
84.925720
85.170334
85.150490
85.339317
85.759346
85.589294
85.258316
85.711609
86.094627
85.615585
84.704170
84.350655
84.836136
85.382233
85.308205
85.244904
84.917671
84.689682
85.199303
85.225594
85.191795
84.014305
84.352264
84.628532
84.459549
84.930008
84.735283
84.553963
84.608681
84.394638
84.199379
83.518631
83.918282
84.915527
84.337242
83.146881
82.887779
82.129250
82.168945
82.360451
82.241898
81.979584
81.862099
81.641624
81.266113
81.223198
81.196373
81.842789
81.721016
81.644844
81.685608
81.523071
81.453865
81.077286
81.005936
81.222664
80.609505
80.688904
80.387421
80.900795
81.112152
80.666908
80.685143
80.532799
80.568741
79.981331
79.977043
80.126709
80.362206
80.393318
80.560158
80.324120
79.404663
79.728134
79.813965
79.804848
79.861710
79.513557
79.487808
79.709358
80.291397
80.408882
80.084328
79.014130
79.165405
79.477081
79.792503
79.559158
79.143410
79.502831
78.619308
77.947151
78.375763
78.974434
78.926689
77.794800
77.379059
77.351158
76.854950
77.229385
77.624207
77.277672
77.017494
76.793800
77.028221
76.905380
76.408630
