17.133417
7.383049
-0.094950
-4.808665
-6.531180
-5.194366
-0.872791
6.211461
15.684487
26.896122
39.137188
51.625023
63.605377
74.365860
83.181213
89.451141
92.776543
93.012039
90.189819
84.376938
75.964455
65.486679
53.593227
41.114513
28.823559
17.432751
7.624448
0.070810
-4.731417
-6.545664
-5.300582
-1.059473
5.951286
15.345993
26.535633
38.758999
51.232346
63.241131
74.046677
82.922112
89.281624
92.713783
93.047447
90.286919
84.598488
76.282570
65.855751
53.998775
41.527035
29.196922
17.759443
7.895888
0.261784
-4.638076
-6.533862
-5.359591
-1.208067
5.723835
15.043976
26.189629
38.392071
50.877758
62.925167
73.782753
82.708069
89.152878
92.672478
93.086609
90.425858
84.826477
76.588341
66.189415
54.363556
41.895573
29.549900
18.075945
8.160890
0.455439
-4.531324
-6.512941
-5.430401
-1.375437
5.475998
14.747324
25.843624
38.023537
50.543018
62.589890
73.481270
82.487587
89.013405
92.623657
93.123085
90.550308
85.022278
76.838860
66.512352
54.713852
42.246407
29.901806
18.409613
8.432330
0.648022
-4.422963
-6.497384
-5.517841
-1.528859
5.240500
14.446917
25.501911
37.667873
50.188431
62.256760
73.179787
82.254776
88.860519
92.560898
93.149368
90.651695
85.217003
77.133904
66.869087
55.094189
42.636936
30.269268
18.725576
8.704306
0.856698
-4.306019
-6.487728
-5.575777
-1.660824
5.011976
14.146509
25.160734
37.293976
49.802193
61.896271
72.878311
82.017128
88.709244
92.506180
93.185310
90.775620
85.428902
77.403732
67.181297
55.450924
43.003323
30.626003
19.038858
8.973599
1.027823
-4.222334
-6.468416
-5.644441
-1.829267
4.785598
13.855221
24.821703
36.939922
49.465843
61.565289
72.580582
81.791824
88.566010
92.442345
93.200867
90.891487
85.612900
77.663902
67.509064
55.800148
43.346645
30.957523
19.359650
9.242893
1.225233
-4.113436
-6.458224
-5.727053
-1.985908
4.556001
13.546766
24.460140
36.570850
49.075851
61.208553
72.272667
81.543449
88.387917
92.362946
93.238960
91.000389
85.806557
77.941246
67.846481
56.172440
43.739861
31.342152
19.697609
9.528280
1.453757
-3.974498
-6.417454
-5.783380
-2.138794
4.301727
13.238850
24.123255
36.196949
48.714287
60.881325
71.981911
81.290787
88.223763
92.291603
93.238960
91.110359
86.013626
78.207321
68.182831
56.552776
44.121269
31.703714
20.035030
9.804011
1.664579
-3.861309
-6.381513
-5.834878
-2.292216
4.082323
12.947025
23.760082
35.816078
48.346291
60.524055
71.643417
81.041878
88.049957
92.203621
93.262024
91.221397
86.200844
78.469643
68.512207
56.920776
44.491951
32.070641
20.368160
10.085643
1.878083
-3.719151
-6.338061
-5.896032
-2.412379
3.870428
12.648227
23.414078
35.453979
47.973457
60.168930
71.339256
80.776878
87.872932
92.140327
93.285088
91.323326
86.394493
78.758781
68.845337
57.287701
44.879261
32.438103
20.706120
10.388733
2.102852
-3.610790
-6.324650
-5.950749
-2.567411
3.641367
12.358548
23.066463
35.074715
47.594730
59.814877
71.021149
80.524750
87.718437
92.063080
93.300652
91.424713
86.580109
79.016273
69.182762
57.664284
45.248333
32.793228
21.043541
10.676803
2.306700
-3.470243
-6.283880
-6.025315
-2.708495
3.449858
12.077453
22.728504
34.713688
47.234241
59.468872
70.704643
80.285500
87.532288
91.974564
93.321571
91.538971
86.769470
79.276451
69.494972
58.027454
45.638325
33.171421
21.384182
10.959507
2.547026
-3.322721
-6.244720
-6.056965
-2.828121
3.216506
11.773826
22.398056
34.354275
46.854439
59.123940
70.407455
80.028542
87.362770
91.903755
93.325325
91.631241
86.943275
79.528038
69.818977
58.381504
46.004715
33.529762
21.708729
11.244357
2.748192
-3.203631
-6.203414
-6.114901
-2.992809
2.998710
11.484147
22.026838
33.954086
46.476250
58.747894
70.068428
79.773735
87.177704
91.800224
93.328011
91.736923
87.129959
79.786606
70.143532
58.751114
46.383446
33.905270
22.060099
11.526526
2.984762
-3.049136
-6.149770
-6.152452
-3.097415
2.790034
11.215926
21.728041
33.633297
46.122734
58.423347
69.789474
79.513023
87.004967
91.717606
93.334442
91.810951
87.303230
80.055367
70.469147
59.112675
46.770218
34.265224
22.390547
11.818351
3.206850
-2.923608
-6.096662
-6.184102
-3.232062
2.587795
10.944487
21.384182
33.242767
45.755806
58.094509
69.469223
79.249092
86.821503
91.623192
93.338196
91.902145
87.461479
80.290321
70.773308
59.466190
47.118908
34.612839
22.722605
12.106956
3.420890
-2.784670
-6.067158
-6.250084
-3.373683
2.371609
10.643542
21.041931
32.891396
45.366352
57.703979
69.148964
78.995354
86.642868
91.536293
93.344101
91.996025
87.636360
80.536018
71.064064
59.800930
47.489586
34.969570
23.033739
12.367668
3.629566
-2.644122
-6.016196
-6.273151
-3.484190
2.160788
10.376931
20.719530
32.521790
45.018200
57.386406
68.833000
78.726059
86.429367
91.419884
93.309769
92.068443
87.801048
80.765610
71.353745
60.148010
47.860806
35.334354
23.389400
12.677195
3.877402
-2.484262
-5.952359
-6.313385
-3.623665
1.968742
10.107100
20.378889
32.153790
44.644836
57.018944
68.506844
78.466957
86.235176
91.296501
93.306549
92.155884
87.959831
81.008087
71.676140
60.491867
48.218616
35.698597
23.700001
12.957754
4.102171
-2.339423
-5.896569
-6.356300
-3.729880
1.775086
9.829225
20.055952
31.795446
44.268791
56.669182
68.201607
78.182648
86.021667
91.178482
93.290459
92.216499
88.120232
81.262360
71.982452
60.834656
48.595200
36.066597
24.044935
13.270499
4.333914
-2.200485
-5.842388
-6.372930
-3.846825
1.563728
9.565295
19.732477
31.433348
43.912594
56.315132
67.860435
77.912819
85.844109
91.097481
93.282944
92.304474
88.283844
81.468887
72.273735
61.194069
48.953003
36.416893
24.388258
13.550522
4.552246
-2.037406
-5.775869
-6.412626
-3.981472
1.367927
9.299756
19.397202
31.075541
43.526356
55.940159
67.536423
77.637619
85.636505
90.971954
93.260948
92.377968
88.426003
81.708138
72.576828
61.548122
49.329586
36.782745
24.720852
13.836982
4.797400
-1.878619
-5.723835
-6.448568
-4.079640
1.167297
9.030999
19.083920
30.715052
43.164257
55.609173
67.235481
77.371544
85.433731
90.856621
93.236809
92.436440
88.591225
81.943100
72.854706
61.882862
49.685249
37.118023
25.029305
14.112713
5.013586
-1.734853
-5.665362
-6.490410
-4.224480
0.967741
8.768142
18.754543
30.346516
42.795723
55.262096
66.923271
77.125320
85.249191
90.736992
93.203552
92.514221
88.733917
82.141586
73.150818
62.216530
50.033398
37.453835
25.351707
14.416339
5.230844
-1.597524
-5.602599
-6.521524
-4.324258
0.803590
8.526744
18.441797
30.008022
42.442207
54.898388
66.613205
76.877480
85.051781
90.624336
93.176193
92.564651
88.872856
82.367966
73.421188
62.529274
50.387985
37.821297
25.688057
14.689388
5.470098
-1.421034
-5.519450
-6.524743
-4.423500
0.605106
8.283198
18.155338
29.672209
42.082253
54.570087
66.311722
76.587265
84.844177
90.507393
93.154198
92.624733
89.019310
82.585220
73.700676
62.862404
50.743649
38.172131
26.014214
14.980676
5.687893
-1.281560
-5.448103
-6.531716
-4.528106
0.431299
8.035363
17.838301
29.324594
41.733028
54.217644
65.984497
76.331924
84.656425
90.389381
93.132744
92.705734
89.166290
82.820724
74.001617
63.192852
51.096626
38.535301
26.365046
15.277328
5.943239
-1.087368
-5.368174
-6.556393
-4.616619
0.275195
7.786990
17.538967
28.993610
41.378979
53.875393
65.678726
76.057266
84.439705
90.264389
93.100555
92.747040
89.304695
83.021889
74.272522
63.541004
51.485546
38.915100
26.682619
15.577199
6.196440
-0.915170
-5.260349
-6.523133
-4.708350
0.105143
7.575632
17.250898
28.651897
41.031364
53.532608
65.372948
75.802452
84.258385
90.145836
93.070518
92.825897
89.450607
83.238075
74.565422
63.867161
51.821896
39.258961
27.022186
15.866341
6.437839
-0.741363
-5.187929
-6.563903
-4.796327
-0.070274
7.297219
16.945662
28.315548
40.666584
53.173729
65.050552
75.528870
84.020203
90.010651
93.023842
92.865593
89.601349
83.469276
74.828278
64.175079
52.192577
39.614086
27.351025
16.158165
6.663145
-0.596523
-5.106390
-6.550492
-4.883767
-0.246227
7.078887
16.646328
27.955595
40.293758
52.829334
64.722244
75.255280
83.816360
89.868492
92.969666
92.918167
89.713463
83.650063
75.103470
64.526985
52.550385
39.978867
27.707760
16.463938
6.909371
-0.399113
-5.016268
-6.567122
-4.981936
-0.429690
6.823004
16.338945
27.617100
39.942924
52.470989
64.405746
74.979012
83.592659
89.756912
92.956787
92.979858
89.868492
83.875900
75.385635
64.848846
52.909264
40.349010
28.054300
16.776146
7.152916
-0.237644
-4.942775
-6.572486
-5.086542
-0.600815
6.599308
16.062679
27.266804
39.557758
52.120693
64.079590
74.688797
83.380768
89.592224
92.883835
93.011505
89.989189
84.068481
75.651176
65.182518
53.262779
40.696625
28.367582
17.065825
7.402361
-0.046670
-4.826367
-6.561757
-5.165399
-0.761211
6.335915
15.740814
26.947084
39.219265
51.756985
63.746998
74.420044
83.162437
89.459724
92.841454
93.051743
90.116867
84.281990
75.924759
65.489357
53.612537
41.057114
28.700714
17.354431
7.651270
0.124455
-4.742682
-6.564976
-5.253911
-0.940383
6.107391
15.447380
26.575867
38.833027
51.408836
63.425133
74.133049
82.940346
89.312737
92.770103
93.087685
90.250977
84.489052
76.187614
65.818199
53.976246
41.420822
29.052620
17.667177
7.894815
0.308991
-4.632175
-6.566585
-5.353690
-1.090050
5.880476
15.151264
26.247564
38.500969
51.058540
63.088783
73.863213
82.710747
89.160927
92.730949
93.137573
90.368454
84.683250
76.461205
66.132019
54.323322
41.797939
29.402916
17.964365
8.149089
0.488699
-4.550100
-6.562294
-5.419672
-1.266003
5.639613
14.877679
25.922482
38.125996
50.700733
62.771210
73.572464
82.494568
89.015015
92.662819
93.154739
90.495598
84.886024
76.714401
66.437790
54.666111
42.152527
29.756432
18.276575
8.393706
0.674844
-4.422427
-6.537617
-5.501211
-1.400650
5.442739
14.594438
25.588278
37.796085
50.348827
62.445587
73.312294
82.285355
88.878761
92.601662
93.187462
90.614685
85.068947
76.967072
66.736053
54.996559
42.491024
30.058447
18.549086
8.635641
0.845432
-4.343570
-6.535471
-5.578995
-1.566947
5.195439
14.299395
25.268559
37.428085
49.986191
62.127480
73.026901
82.054680
88.729088
92.539436
93.217499
90.726265
85.271187
77.224022
67.051476
55.349537
42.848827
30.401770
18.864515
8.887769
1.031578
-4.211605
-6.490410
-5.629957
-1.715005
4.985691
14.026346
24.931137
37.085835
49.648769
61.797031
72.755997
81.851906
88.577278
92.475067
93.252907
90.837845
85.439629
77.467033
67.356712
55.686958
43.202343
30.745628
19.159021
9.119512
1.206994
-4.137040
-6.508113
-5.717934
-1.878083
4.738927
13.743105
24.608734
36.716228
49.283451
61.473019
72.463638
81.605682
88.417953
92.417130
93.271683
90.956932
85.652596
77.727203
67.663559
56.034573
43.554787
31.078224
19.473375
9.402217
1.413524
-3.998638
-6.459833
-5.794645
-2.041161
4.535616
13.469519
24.275068
36.365395
48.936375
61.138817
72.171814
81.378769
88.265602
92.333977
93.290459
91.076027
85.834984
77.971825
67.966110
56.375214
43.909912
31.420473
19.774321
9.635032
1.584649
-3.889740
-6.452859
-5.860627
-2.175808
4.294754
13.172867
23.947300
36.012417
48.580715
60.806759
71.878914
81.151848
88.099846
92.259415
93.317276
91.173653
86.016304
78.227173
68.276711
56.732483
44.283276
31.768623
20.076872
9.908081
1.800299
-3.770650
-6.415308
-5.908907
-2.328694
4.089833
12.911083
23.626509
35.656216
48.244366
60.498840
71.612846
80.938347
87.956612
92.199867
93.329079
91.293816
86.206207
78.468567
68.583557
57.063469
44.627132
32.123749
20.403028
10.146261
1.974643
-3.646195
-6.386877
-5.974889
-2.453149
3.879548
12.632669
23.305716
35.324162
47.888165
60.148544
71.306534
80.686218
87.779587
92.116188
93.348930
91.390381
86.380547
78.741615
68.891472
57.407326
44.998890
32.467609
20.708801
10.435940
2.209604
-3.513158
-6.330551
-6.008149
-2.579749
3.674627
12.374641
23.011745
34.967426
47.528748
59.822926
71.037239
80.467354
87.612755
92.030357
93.351074
91.483719
86.566696
78.980873
69.189735
57.758160
45.355621
32.817368
21.026375
10.704161
2.396286
-3.394068
-6.288172
-6.070376
-2.731562
3.473461
12.102129
22.667887
34.610157
47.177380
59.477455
70.735222
80.224342
87.435196
91.930573
93.338737
91.574913
86.740501
79.226563
69.503014
58.090218
45.719868
33.190731
21.347704
10.969699
2.614081
-3.248692
-6.256522
-6.114901
-2.865672
3.234745
11.811913
22.365870
34.261471
46.801334
59.136280
70.431595
79.965240
87.266212
91.849037
93.340347
91.664497
86.918602
79.462593
69.786255
58.422813
46.071236
33.526543
21.667423
11.227191
2.807200
-3.134966
-6.199659
-6.154061
-2.991200
3.042162
11.550666
22.034885
33.904736
46.451035
58.797249
70.128510
79.745834
87.097237
91.753014
93.359657
91.778763
87.106888
79.700775
70.092033
58.778473
46.433868
33.876839
21.976950
11.495412
3.011585
-2.990127
-6.158889
-6.211997
-3.129602
2.841532
11.291028
21.733404
33.572140
46.092693
58.464119
69.849022
79.514633
86.926643
91.668793
93.344101
91.840454
87.273727
79.954514
70.390831
59.108383
46.797039
34.226601
22.290768
11.775435
3.220261
-2.872110
-6.110610
-6.254376
-3.275514
2.625346
11.015297
21.400812
33.195560
45.717720
58.107922
69.523399
79.254456
86.747475
91.556679
93.349464
91.953110
87.439484
80.196449
70.699821
59.451706
47.151093
34.601036
22.639456
12.028100
3.427327
-2.712250
-6.051601
-6.288172
-3.383339
2.422571
10.743321
21.089138
32.853310
45.348110
57.754940
69.225143
79.004471
86.554893
91.470848
93.346779
92.025528
87.628311
80.443214
70.974480
59.783764
47.510509
34.943287
22.940935
12.314560
3.644586
-2.592087
-5.991519
-6.319285
-3.519595
2.218724
10.474564
20.762981
32.500866
45.003716
57.425030
68.909172
78.752884
86.392891
91.353363
93.318886
92.117256
87.785492
80.662613
71.273277
60.115284
47.857052
35.296803
23.277821
12.582781
3.852189
-2.445638
-5.944849
-6.382586
-3.645659
2.014876
10.191859
20.426096
32.136623
44.612114
57.046837
68.596970
78.499680
86.192261
91.259483
93.310844
92.181633
87.933014
80.905624
71.559738
60.448952
48.222908
35.652462
23.590031
12.858512
4.055501
-2.325475
-5.892277
-6.400288
-3.779233
1.794398
9.939195
20.134272
31.795446
44.270935
56.730873
68.292267
78.236824
86.005577
91.136642
93.281334
92.267464
88.119690
81.135757
71.857994
60.789055
48.576424
36.008121
23.930134
13.141753
4.278660
-2.174735
-5.829514
-6.445886
-3.903687
1.615763
9.676875
19.825281
31.462852
43.910984
56.370384
67.997223
78.013664
85.821579
91.036324
93.277046
92.328079
88.259171
81.383591
72.150894
61.120579
48.955688
36.385777
24.259512
13.424458
4.513622
-2.019167
-5.749584
-6.440521
-3.997028
1.417816
9.423675
19.520046
31.108801
43.554249
56.028671
67.661415
77.727745
85.633820
90.924751
93.238960
92.402107
88.431900
81.603539
72.432526
61.454243
49.295792
36.724274
24.605516
13.722719
4.743755
-1.859308
-5.677701
-6.470562
-4.115046
1.225770
9.159208
19.206764
30.776207
43.201271
55.678375
67.361008
77.487953
85.438019
90.798683
93.224472
92.464333
88.568695
81.820259
72.721664
61.778255
49.645550
37.089054
24.914507
13.975920
4.949213
-1.723051
-5.631030
-6.518842
-4.245401
1.005292
8.884013
18.887045
30.413036
42.826298
55.333443
67.036995
77.217049
85.233101
90.687103
93.184776
92.522270
88.738747
82.063805
73.005447
62.108704
50.009258
37.463490
25.273386
14.290812
5.168617
-1.579285
-5.541981
-6.506504
-4.342497
0.844360
8.649589
18.597902
30.083124
42.464737
54.969734
66.731224
76.970825
85.060905
90.570694
93.166000
92.595764
88.881981
82.289642
73.291367
62.443443
50.352581
37.804668
25.601152
14.569225
5.403579
-1.401723
-5.477608
-6.523670
-4.439593
0.653923
8.390487
18.278719
29.736046
42.107468
54.622120
66.417404
76.702065
84.856514
90.461800
93.126305
92.646187
89.031105
82.509583
73.568710
62.759945
50.714142
38.164082
25.940720
14.843347
5.631567
-1.250446
-5.382658
-6.524206
-4.550636
0.466168
8.142652
17.984751
29.385212
41.748051
54.276115
66.091248
76.446182
84.670906
90.330910
93.093048
92.722900
89.178627
82.732208
73.858391
63.087173
51.071411
38.521889
26.266876
15.143754
5.847216
-1.089513
-5.323112
-6.565512
-4.657388
0.288606
7.887841
17.656446
29.045109
41.387024
53.912945
65.780647
76.174210
84.454720
90.205917
93.063004
92.763672
89.333664
82.965561
74.136803
63.407967
51.417419
38.877552
26.600544
15.440407
6.108464
-0.915706
-5.228699
-6.539763
-4.735709
0.100851
7.646442
17.383398
28.711979
41.043701
53.587860
65.469513
75.916176
84.295403
90.112038
93.023842
92.835014
89.482254
83.182281
74.415215
63.748604
51.779518
39.248234
26.954060
15.738668
6.331624
-0.757456
-5.138577
-6.536544
-4.836560
-0.072956
7.402361
17.079237
28.386358
40.692333
53.232738
65.136383
75.654930
84.077065
89.975784
92.993263
92.889732
89.624413
83.401688
74.685043
64.041504
52.106747
39.586727
27.287725
16.031029
6.557466
-0.598133
-5.061865
-6.559075
-4.925073
-0.246227
7.153989
16.792776
28.067175
40.331844
52.871174
64.829002
75.366325
83.880196
89.859909
92.938011
92.921387
89.757988
83.614655
74.955948
64.372490
52.468845
39.932194
27.607445
16.322853
6.798328
-0.433445
-4.965842
-6.553174
-5.036653
-0.435054
6.911517
16.483786
27.719561
39.985302
52.531071
64.510353
75.107758
83.668297
89.711853
92.881691
92.962151
89.867424
83.809921
75.234360
64.689522
52.805191
40.288929
27.945404
16.615751
7.034899
-0.259638
-4.891813
-6.554783
-5.102635
-0.593305
6.672801
16.196789
27.403061
39.629105
52.159855
64.176689
74.834175
83.458015
89.579887
92.838234
92.988976
89.990799
84.022354
75.512772
65.002808
53.158707
40.667656
28.311256
16.930105
7.295609
-0.085294
-4.789353
-6.524206
-5.182565
-0.765503
6.435693
15.899064
27.055983
39.276127
51.813850
63.841412
74.542885
83.264893
89.447388
92.779762
93.039940
90.140472
84.237465
75.778313
65.342911
53.510612
41.017418
28.658871
17.238024
7.525743
0.088513
-4.692793
-6.523670
-5.270541
-0.932336
6.191612
15.608313
26.742165
38.908665
51.443169
63.517937
74.275200
83.025642
89.297722
92.726654
93.054420
90.242393
84.439163
76.035805
65.632591
53.851254
41.375225
28.978054
17.526093
7.763387
0.251591
-4.613400
-6.529571
-5.352617
-1.097560
5.953968
15.314878
26.404743
38.557831
51.099846
63.184269
73.982307
82.804626
89.160927
92.661743
93.104309
90.388306
84.663933
76.327629
65.964111
54.207989
41.743221
29.356245
17.857077
8.010150
0.428081
-4.505575
-6.498457
-5.423964
-1.262784
5.721689
15.015008
26.058201
38.209145
50.745792
62.860794
73.725349
82.607216
89.014481
92.611855
93.142395
90.507393
84.853836
76.599602
66.292946
54.548630
42.094055
29.695812
18.147829
8.269788
0.615835
-4.397214
-6.480754
-5.480826
-1.404405
5.486727
14.729084
25.753502
37.869576
50.383694
62.523911
73.438354
82.387276
88.884659
92.559288
93.166000
90.629707
85.075386
76.865685
66.593895
54.891953
42.438450
30.019823
18.461111
8.501531
0.779450
-4.301727
-6.469489
-5.574167
-1.580894
5.240500
14.433505
25.415007
37.515526
50.042519
62.191853
73.143311
82.179138
88.743042
92.501350
93.204628
90.750938
85.267433
77.139267
66.913078
55.239029
42.787674
30.367437
18.766346
8.744538
0.963986
-4.192830
-6.452859
-5.635858
-1.715005
5.034507
14.149191
25.083487
37.150208
49.670227
61.859257
72.861679
81.938812
88.583176
92.425179
93.206772
90.840523
85.446602
77.373154
67.197929
55.566257
43.151920
30.711296
19.067289
9.003640
1.144230
-4.100562
-6.413699
-5.694867
-1.888812
4.784525
13.863804
24.755720
36.797764
49.329586
61.541683
72.573074
81.711357
88.425468
92.333443
93.225548
90.962296
85.639183
77.619919
67.493507
55.901535
43.501678
31.064276
19.381107
9.269179
1.340032
-3.982544
-6.397606
-5.751729
-2.018094
4.598380
13.590755
24.453167
36.476974
48.982510
61.209625
72.303246
81.508583
88.303154
92.308228
93.266319
91.064758
85.836594
77.904770
67.822342
56.255585
43.861095
31.407598
19.704046
9.541155
1.550853
-3.855408
-6.338061
-5.786062
-2.150059
4.374147
13.331654
24.149540
36.147598
48.657425
60.898491
72.021072
81.304199
88.187820
92.245468
93.282944
91.185997
86.042053
78.193909
68.167816
56.621441
44.231239
31.775597
20.038248
9.805621
1.745045
-3.719688
-6.309093
-5.844534
-2.295435
4.161716
13.058605
23.823381
35.817688
48.311958
60.554096
71.735153
81.083183
88.019379
92.163925
93.305473
91.293816
86.225517
78.440674
68.469292
56.952423
44.585827
32.109802
20.340803
10.060431
1.939774
-3.616155
-6.285490
-5.893887
-2.430618
3.943384
12.785556
23.522974
35.462025
47.956829
60.247250
71.450302
80.846619
87.873466
92.095802
93.286697
91.372673
86.396103
78.684219
68.756828
57.274288
44.915203
32.444004
20.663740
10.335089
2.125919
-3.504038
-6.255985
-5.964697
-2.582431
3.728807
12.503923
23.171606
35.106365
47.600094
59.886223
71.149895
80.615410
87.683563
91.993340
93.294212
91.472992
86.580109
78.947609
69.067429
57.606346
45.277836
32.800201
20.981850
10.581315
2.308846
-3.383339
-6.210924
-5.990446
-2.691865
3.521741
12.223902
22.884073
34.773769
47.242825
59.549339
70.860214
80.362206
87.533363
91.921455
93.295280
91.555069
86.761421
79.182571
69.356033
57.949669
45.636181
33.140305
21.302643
10.858119
2.503038
-3.283561
-6.181420
-6.043018
-2.854407
3.283024
11.932612
22.533777
34.417038
46.896282
59.206017
70.552834
80.137436
87.381546
91.840454
93.302795
91.660744
86.918602
79.419144
69.659119
58.285484
45.966629
33.487919
21.618071
11.114002
2.714932
-3.138185
-6.133677
-6.087006
-2.973497
3.065765
11.654736
22.223713
34.087662
46.535259
58.877716
70.254570
79.875122
87.191109
91.752480
93.294746
91.728340
87.106888
79.685219
69.957382
58.596619
46.317463
33.823734
21.917940
11.373640
2.900005
-3.040016
-6.114365
-6.137432
-3.122628
2.847970
11.379540
21.904530
33.733074
46.190861
58.540829
69.948799
79.645523
87.041443
91.663963
93.290459
91.822754
87.263535
79.906235
70.251892
58.947453
46.666149
34.164371
22.249462
11.648298
3.095806
-2.905905
-6.063939
-6.183029
-3.246010
2.650559
11.102736
21.568182
33.388680
45.833054
58.173367
69.623718
79.389641
86.846184
91.569550
93.292603
91.902145
87.423927
80.151924
70.543716
59.265560
47.026100
34.525398
22.569181
11.922956
3.311992
-2.765894
-6.006003
-6.214679
-3.359199
2.445102
10.851146
21.260799
33.036236
45.484905
57.854721
69.325989
79.148781
86.687927
91.474602
93.277580
91.982071
87.609001
80.412094
70.847878
59.602982
47.366741
34.877304
22.900702
12.205662
3.511549
-2.650559
-5.941630
-6.240428
-3.479362
2.252519
10.588289
20.948591
32.707397
45.132462
57.485111
69.003593
78.909523
86.508224
91.366241
93.262558
92.070587
87.771545
80.637405
71.163841
59.931824
47.706310
35.221165
23.222031
12.474420
3.735245
-2.506256
-5.906761
-6.279589
-3.594697
2.044916
10.300756
20.634771
32.371048
44.776264
57.159492
68.712303
78.652031
86.331200
91.298645
93.267387
92.127983
87.915306
80.892212
71.462639
60.282120
48.092014
35.587551
23.569645
12.781264
3.965915
-2.348006
-5.825222
-6.267787
-3.679455
1.868427
10.071159
20.344021
32.045963
44.455471
56.847282
68.437645
78.427261
86.207817
91.243393
93.294212
92.267464
88.164757
81.181892
71.809715
60.673721
48.479324
35.979156
23.952127
13.122978
4.234672
-2.143622
-5.710423
-6.266178
-3.758848
1.720906
9.840489
20.064535
31.739120
44.136288
56.522198
68.146355
78.204102
86.028641
91.154343
93.305473
92.360802
88.310127
81.420074
72.120850
61.015972
48.852692
36.362175
24.294916
13.415339
4.497529
-1.986444
-5.684674
-6.299973
-3.865600
1.502574
9.576560
19.748571
31.516497
43.982868
56.293137
68.090569
77.991135
86.018448
91.312592
93.459435
92.688034
88.563332
81.873367
72.606873
61.453709
49.384304
36.719444
24.635557
13.778509
4.757166
-1.674772
-5.569339
-6.252230
-3.896714
1.399040
9.432794
19.452991
31.115238
43.564980
55.882225
67.598648
77.688049
85.719650
91.058861
93.304939
92.659065
88.588547
81.880341
72.736687
61.670967
49.546310
37.042919
24.950449
13.981285
4.874111
-1.739145
-5.567194
-6.363274
-4.094124
1.116872
9.016515
19.091967
30.678038
43.051605
55.475601
67.183441
77.382271
85.433731
90.833549
93.208916
92.517441
88.740356
82.087402
72.979156
61.987469
49.884266
37.360493
25.232080
14.243069
5.104781
-1.583576
-5.499065
-6.377221
-4.199803
0.926972
8.778871
18.777075
30.321840
42.697552
55.108139
66.845482
77.116737
85.245972
90.710167
93.179413
92.572701
88.882515
82.300369
73.259720
62.317379
50.221153
37.715080
25.570038
14.533819
5.292535
-1.475752
-5.456686
-6.428183
-4.318893
0.718832
8.484365
18.452528
29.984419
42.343502
54.772861
66.545074
76.860855
85.053391
90.618439
93.149910
92.621513
89.015015
82.528358
73.542427
62.623688
50.560722
38.054649
25.881176
14.819743
5.544663
-1.312673
-5.378902
-6.419600
-4.407406
0.561118
8.252086
18.165531
29.636269
41.976040
54.415054
66.226967
76.593704
84.858665
90.490227
93.113426
92.672478
89.153419
82.720940
73.808502
62.940189
50.897068
38.388317
26.213768
15.088501
5.741001
-1.171589
-5.312384
-6.469489
-4.530252
0.351906
7.974745
17.840982
29.286507
41.624134
54.056175
65.890083
76.313148
84.637650
90.353439
93.063538
92.701439
89.265533
82.930153
74.068672
63.232014
51.196941
38.703205
26.496473
15.363159
5.946458
-1.073957
-5.289853
-6.509186
-4.661143
0.140011
7.682920
17.490150
28.916899
41.258278
53.714462
65.549980
76.014885
84.405373
90.197868
92.986290
92.717537
89.373894
83.090553
74.313293
63.549049
