219.911224
219.314697
218.688675
217.989151
217.730057
217.451645
217.040726
216.665756
216.196899
216.150772
216.059036
215.801544
215.524200
215.139038
215.164780
215.151917
214.962006
214.756561
214.419128
214.504425
214.508713
214.340805
214.146088
213.814560
213.897171
213.918640
213.761993
213.575317
213.280273
213.401505
213.462662
213.322647
213.154205
212.876862
213.008286
213.067307
212.953568
212.822144
212.567337
212.711105
212.782455
212.634384
212.466492
212.202026
212.333984
212.404800
212.274979
212.140869
211.875854
212.008362
212.091507
211.963837
211.810410
211.566330
211.707413
211.784668
211.650558
211.506256
211.240173
211.397888
211.513763
211.429535
211.321716
211.089981
211.261642
211.345322
211.258423
211.165070
210.927963
211.110367
211.228912
211.126450
211.035263
210.798691
210.948349
211.055649
210.965515
210.871643
210.660828
210.790100
210.889877
210.814774
210.742889
210.530472
210.680664
210.756302
210.659744
210.552460
210.301407
210.443558
210.499893
210.379730
210.254730
210.015488
210.141006
210.228455
210.137787
210.017090
209.777298
209.949493
210.091125
210.054642
209.949493
209.690399
209.860992
209.973099
209.887802
209.799835
209.575592
209.751022
209.891571
209.818604
209.722046
209.527863
209.707565
209.840607
209.743500
209.637283
209.424866
209.582581
209.668411
209.556290
209.452759
209.212433
209.344925
209.464020
209.385696
209.293427
209.067596
209.247833
209.395889
209.351364
209.294510
209.081543
209.274124
209.420563
209.364243
209.295044
209.094406
209.277878
209.381409
209.286987
209.225845
209.009125
209.158783
209.289139
209.219406
209.140549
208.900223
209.057938
209.234421
209.223160
209.107285
208.880371
209.071350
209.226379
209.190964
209.133041
208.924362
209.121231
209.247833
209.146454
209.032715
208.835312
209.012329
209.134644
209.024139
208.961380
208.744644
208.875000
208.969421
208.885193
208.800980
208.572983
208.717834
208.857300
208.826187
208.787567
208.553146
208.679199
208.807419
208.735001
208.660965
208.456039
208.630920
208.756989
208.701736
208.656143
208.442627
208.600891
208.760208
208.706024
208.668472
208.496811
208.667404
208.858383
208.818146
208.735001
208.499496
208.693695
208.877686
208.840134
208.804199
208.609467
208.765579
208.895386
208.816528
208.756454
208.552612
208.729630
208.897003
208.857300
208.806885
208.615372
208.809021
208.995163
208.927048
208.875000
208.700668
208.905579
209.097092
209.016632
208.968887
208.789169
208.958160
209.129822
209.055786
208.954407
208.715149
208.870712
209.022522
208.969421
208.960831
208.891098
209.152878
209.352448
209.325089
209.286987
209.045059
209.156097
209.290207
209.226913
209.152878
208.910950
209.063828
209.211899
209.197403
209.137329
209.038086
209.364777
209.572922
209.668411
209.573456
209.259628
209.344925
209.419495
209.358871
209.227982
208.948502
209.104599
209.230667
209.027893
208.940460
208.673843
208.620193
208.524704
208.248978
207.987732
207.627777
207.640656
207.737747
207.569839
207.432510
207.163757
207.291962
207.495819
207.331131
207.203995
206.977081
207.084900
207.227600
207.129959
207.008194
206.752304
206.884277
207.023209
206.928802
206.819901
206.570984
206.697052
206.820969
206.719040
206.623566
206.356415
206.485153
206.621414
206.540955
206.455658
206.207825
206.352661
206.534515
206.498032
206.445999
206.248047
206.408981
206.585480
206.530762
206.472290
206.267899
206.439026
206.620346
206.576355
206.525391
206.324219
206.493210
206.674530
206.632675
206.593521
206.406845
206.589767
206.777527
206.751770
206.718506
206.519485
206.707245
206.912704
206.888031
206.846191
206.658966
206.831161
207.019989
206.977615
206.947037
206.731918
206.896606
207.093491
207.047882
207.003891
206.798981
206.973328
207.175552
207.170731
207.146057
206.947037
207.115479
207.327377
207.311279
207.313965
207.141769
207.324158
207.504929
207.428757
207.364380
207.129959
207.266220
207.459335
207.410522
207.335419
207.121918
207.265686
207.440018
207.367065
207.292511
207.122986
207.317184
207.522095
207.444321
207.394958
207.183609
207.359024
207.545166
207.473816
207.407303
207.212036
207.366531
207.507614
207.480255
207.423935
207.226517
207.457184
207.741501
207.733994
207.708252
207.514053
207.665863
207.902435
207.902435
207.886337
207.721115
207.895996
208.125061
208.118622
208.063904
207.959839
208.084824
208.137405
208.094482
208.072495
207.929260
208.105209
208.304764
208.270966
208.207138
207.981827
208.099304
208.336960
208.331589
208.223770
207.906723
208.008118
208.230209
208.199097
208.198547
208.027435
208.220016
208.471603
208.356812
208.178711
208.047272
208.397034
208.594452
208.582642
208.641113
208.445313
208.319794
208.405090
208.342316
208.240936
207.980759
208.010269
208.191040
208.137939
208.064972
207.799973
207.909943
208.046204
207.957153
207.896530
207.762421
207.939453
208.151886
208.093948
207.992020
207.801590
207.977005
208.131500
208.013489
207.959839
207.783890
207.925507
208.077850
207.979156
207.892776
207.701813
207.777451
207.892776
207.772079
207.703415
207.487762
207.591843
207.701813
207.583786
207.434662
207.172882
207.236176
207.297333
207.192184
207.118698
206.877304
206.908417
206.986191
206.864426
206.810242
206.577423
206.650375
206.774841
206.669693
206.599960
206.403625
206.527542
206.689545
206.613907
206.542557
206.325302
206.416489
206.587082
206.560791
206.506622
206.294724
206.392883
206.552216
206.484619
206.447067
206.267899
206.405762
206.618729
206.557037
206.543625
206.385376
206.530212
206.758743
206.734070
206.781281
206.667007
206.847260
207.091339
207.060760
207.015167
206.804871
206.882126
207.052719
206.973328
206.916458
206.711533
206.788254
206.944885
206.892319
206.830627
206.619263
206.716904
206.852081
206.753372
206.664871
206.439560
206.529144
206.709930
206.659500
206.596207
206.385910
206.532898
206.764114
206.783417
206.836533
206.658432
206.734070
207.095093
207.278015
207.324158
207.192719
207.463089
208.053177
208.394348
208.673843
208.700134
208.973709
209.251587
209.252655
208.734467
207.772079
207.575745
207.498505
207.313965
207.216324
206.967422
207.065582
207.406769
207.522644
207.315033
207.034470
207.469528
207.919601
207.980225
208.033859
207.900833
208.054794
208.301010
208.345001
208.433517
208.373428
208.603561
208.860519
208.821365
208.811707
208.660431
208.740891
208.937775
208.918991
208.928650
208.754303
208.858917
209.064911
209.056854
209.052567
208.859451
209.002136
209.264999
209.324005
209.409302
209.190964
209.387314
209.817535
209.938232
209.894241
209.594910
209.669479
209.804123
209.749405
209.683426
209.415207
209.473145
209.630859
209.575058
209.517120
209.345459
209.443100
209.623337
209.597595
209.573456
209.423248
209.573456
209.803055
209.787491
209.804657
209.678055
209.816467
210.069122
210.063232
210.060013
209.909805
210.019775
210.185532
210.159241
210.160858
209.996170
210.100235
210.323395
210.300873
210.252594
210.044449
210.113647
210.340561
210.322861
210.315353
210.143692
210.237564
210.440887
210.425858
210.443558
210.296036
210.407623
210.627563
210.651703
210.711243
210.606110
210.738602
210.954788
210.968201
210.956940
210.794937
210.886658
211.095337
211.099625
211.045990
210.807266
210.886124
211.072815
210.938705
210.804581
210.583038
210.612000
210.735916
210.659744
210.613083
210.502563
210.607712
210.747192
210.694077
210.668335
210.452148
210.517593
210.733246
210.768112
210.862518
210.717148
210.799225
211.014877
210.996628
210.954254
210.728409
210.793854
211.006821
210.997711
210.984299
210.873795
211.042770
211.283096
211.159714
210.968201
210.725739
210.752548
210.887741
210.681747
210.558899
210.350220
210.516525
210.676910
210.496674
210.361481
210.021378
209.989197
210.061615
209.996704
210.025681
209.798218
209.621201
209.659821
209.474213
209.384094
209.102463
209.106750
209.196869
209.092270
209.054718
208.800446
208.792389
208.921143
208.876083
208.906662
208.717834
208.779526
209.082611
208.991409
208.866959
208.590698
208.578354
208.741974
208.675446
208.630386
208.428680
208.435654
208.590149
208.544022
208.497894
208.286530
208.326767
208.473755
208.351974
208.307449
208.158325
208.204453
208.362167
208.303696
208.273651
208.070343
208.115402
208.287064
208.238251
208.211960
208.051575
208.113266
208.288681
208.226456
208.182999
207.999527
208.052643
208.254883
208.230743
208.177094
207.956085
207.960907
208.097168
208.018845
207.946426
207.764572
207.812851
207.977539
207.895462
207.835388
207.655670
207.709320
207.846115
207.749557
207.681427
207.460953
207.504395
207.670700
207.601501
207.566086
207.405685
207.459869
207.642258
207.551071
207.489914
207.340240
207.404083
207.578964
207.528534
207.470596
207.270508
207.332733
207.492599
207.478119
207.444855
207.273727
207.324692
207.519424
207.494736
207.435730
207.231354
207.247986
207.381012
207.302155
207.251740
207.054321
207.085434
207.268906
207.194336
207.123520
206.933090
206.964203
207.128357
207.076324
207.018921
206.791473
206.792542
206.941666
206.885880
206.860138
206.673981
206.696518
206.841888
206.776443
206.721725
206.555969
206.592453
206.760895
206.734604
206.699203
206.538269
206.570984
206.756592
206.707245
206.652527
206.479263
206.518951
206.691147
206.644485
206.587616
206.414886
206.448685
206.637512
206.597275
206.593521
206.469604
206.495346
206.718506
206.736206
206.712616
206.531830
206.568314
206.757141
206.724411
206.706711
206.546844
206.616592
206.801117
206.763565
206.694366
206.460480
206.483551
206.663254
206.605316
206.571533
206.388062
206.402008
206.604248
206.566162
206.520020
206.388062
206.417572
206.618729
206.594055
206.549530
206.369827
206.426147
206.618729
206.595123
206.565628
206.395035
206.459946
206.685257
206.667542
206.610153
206.464767
206.567764
206.783951
206.820435
206.883194
206.787704
206.863892
207.073639
207.091339
207.120850
206.980835
207.022675
207.263535
207.292511
207.256027
207.061295
207.122452
207.340240
207.318787
207.291962
207.144989
207.132645
207.326843
207.338104
207.282852
207.116547
207.124603
207.350983
207.353119
207.363312
207.281769
207.407837
207.644409
207.637436
207.641724
207.587006
207.665329
207.956619
208.043518
208.099304
207.937836
208.042984
208.274734
208.332123
208.342850
208.174957
208.359482
208.704956
208.791855
208.942062
209.001602
209.212967
209.577209
209.687714
209.726334
209.665192
209.812164
210.058929
210.047668
210.060547
210.006897
210.108292
210.313751
210.304092
210.368454
210.332520
210.428009
210.602890
210.590012
210.546021
210.303009
209.366394
208.576202
208.220551
207.990417
207.678741
207.604706
207.713074
207.633148
207.525848
207.301086
207.267822
207.409988
207.344543
207.260849
207.101532
207.133179
207.316101
207.279633
207.209351
207.052185
207.080612
207.227600
207.104752
206.970642
206.776978
206.789856
206.975464
206.933090
206.874084
206.708862
206.724945
206.922363
206.915390
206.907333
206.795227
206.817749
207.021057
207.022141
207.003891
206.890167
206.912704
207.144989
207.159470
207.139084
206.991562
206.999603
207.161606
207.145523
207.148743
207.005508
206.998001
207.187363
207.169128
207.122986
206.959366
206.951859
207.163223
207.187897
207.234024
207.097778
206.989944
207.102600
207.049500
207.013550
206.892853
206.913239
207.026962
206.969025
206.951859
206.809174
206.832230
207.033401
207.033401
207.063980
206.996918
207.025360
207.121384
207.057007
207.014633
206.845642
206.840286
207.007660
206.962051
206.920746
206.767868
206.764648
206.939529
206.926651
206.892853
206.758743
206.783951
206.967422
206.952393
206.931473
206.766251
206.766251
206.943817
206.892853
206.833313
206.679352
206.639648
206.807022
206.754456
206.702957
206.559723
206.540955
206.706177
206.691147
206.672379
206.527542
206.516266
206.713150
206.699203
206.670761
206.532898
206.547379
206.742645
206.735672
206.739975
206.634827
206.644485
206.838669
206.855835
206.863892
206.742111
206.733536
206.915924
206.888565
206.840286
206.707779
206.725479
206.925583
206.901978
206.856369
206.715286
206.719589
206.912170
206.900894
206.897141
206.774841
206.779129
206.984589
206.972244
206.927185
206.790390
206.795761
206.969025
206.921280
206.937912
206.863342
206.903580
207.118164
207.152496
207.191650
207.095627
207.125137
207.349899
207.384766
207.389069
207.285522
207.313965
207.541946
207.575211
207.565018
207.463623
207.504395
207.722733
207.751160
207.777451
207.685181
207.712540
207.929260
207.941605
207.953400
207.864883
207.898682
208.134720
208.170654
208.190506
208.131500
208.161545
208.389526
208.416351
208.430298
208.352509
208.394897
208.619659
208.627701
208.665253
208.594452
208.639511
208.874466
208.883057
208.890564
208.776306
208.802048
209.038620
209.048813
209.010193
208.901825
208.931335
209.120163
209.071884
209.024673
208.890564
208.858383
209.006973
208.972107
208.929184
208.804733
208.814926
208.982834
208.924362
208.883057
208.762360
208.708176
208.894852
208.917923
208.916855
208.817078
208.810638
208.988739
208.962982
208.924362
208.806335
208.788635
208.959763
208.948502
208.900757
208.745728
208.717285
208.886276
208.857300
208.831558
208.696365
208.670624
208.838531
208.770935
208.694763
208.563339
208.549393
208.725876
208.712463
208.675980
208.533829
208.513977
208.693695
208.674911
208.642731
208.507538
208.467316
208.649704
208.643799
208.620193
208.516663
208.482864
208.645950
208.645950
208.607315
208.457123
208.427078
208.616974
208.614838
208.604111
208.518814
208.511841
208.710861
208.714081
208.706024
208.637894
208.692612
208.918457
208.923279
208.938309
208.884125
208.878769
209.072418
209.090118
209.053635
208.943130
208.915237
209.097626
209.102463
209.067596
208.907196
208.827805
208.967270
208.924362
208.855164
208.687256
208.603027
208.709778
208.653992
208.594452
208.477509
208.431366
208.595520
208.588013
208.567627
208.486084
208.496811
208.710312
208.753769
208.764496
208.710312
208.737671
208.954407
209.002136
209.003754
208.923828
208.925964
209.105133
209.117477
209.102997
208.980682
208.954407
209.100311
209.053101
209.041306
208.940460
208.877686
209.022522
208.989807
208.930267
208.802048
208.761276
208.928650
208.898605
208.844971
208.714615
208.659897
208.814392
208.800980
208.756454
208.647018
208.626633
208.809555
208.822433
208.796692
208.718369
208.697983
208.874466
208.868027
208.837463
208.736603
208.689941
208.829407
208.812775
208.746262
208.586395
208.519348
208.619659
208.578354
208.549927
208.445847
208.423325
208.611618
208.635757
208.620728
208.508621
208.474823
208.681885
208.702271
208.676529
208.567627
208.548843
208.766113
208.796692
208.796692
208.728561
208.702805
208.873398
208.891632
208.869644
208.745728
208.655060
208.785950
208.751617
208.719437
208.582642
208.488770
208.594452
208.553680
208.478577
208.358414
208.296722
208.401321
208.341782
208.215179
208.096634
208.072495
208.209824
208.214645
208.204453
208.120773
208.079468
208.272049
208.348755
208.371826
208.290283
208.295654
208.482864
208.508087
208.466232
208.353043
208.294037
208.447998
208.437271
208.398651
208.291351
208.181381
208.263992
208.239853
208.181381
208.032791
207.941055
208.062836
208.042984
207.981293
207.879364
207.821976
207.934631
207.924973
207.890640
207.801590
207.754379
207.923889
207.910492
207.852554
207.749008
207.663727
207.797836
207.818756
207.790863
207.681961
207.644409
207.775833
207.751694
207.705566
207.602036
207.538727
207.641190
207.573593
207.467926
207.305908
207.182526
207.174484
207.057541
206.957230
206.842972
206.806488
206.897141
206.811859
206.709930
206.593521
206.494278
206.597275
206.565094
206.487305
206.351044
206.271652
206.421860
206.460480
206.449753
206.360168
206.364456
206.548996
206.570450
206.565094
206.526459
206.529144
206.762497
206.826340
206.759811
206.662186
206.636978
206.701340
206.623016
206.470139
206.287750
206.262543
206.333344
206.211029
206.105362
205.975540
205.880051
205.954086
205.921356
205.871475
205.764175
205.700882
205.835526
205.895065
205.901505
205.851089
205.811920
205.910629
205.918671
205.881119
205.783493
205.723953
205.833923
205.892395
205.912231
205.822647
205.738968
205.857529
205.840363
205.893463
205.889175
205.856445
205.985733
205.970703
205.943359
205.884338
205.828018
205.932617
205.884888
205.817291
205.701950
205.636505
205.771149
205.769547
205.714828
205.680496
205.634903
205.703033
205.665482
205.606461
205.539948
205.507767
205.636505
205.634369
205.610764
205.558182
205.537796
205.671906
205.699814
205.703568
205.705704
205.711075
205.829620
205.829086
205.772766
205.703568
205.657959
205.717514
205.664398
205.640793
205.630066
205.617203
205.771149
205.806030
205.806564
205.790466
205.804413
205.926193
205.938522
205.949783
205.911163
205.906876
206.093552
206.231964
206.293106
206.279694
206.258240
206.404694
206.451355
206.474426
206.451904
206.420792
206.540955
206.581711
206.602097
206.592453
206.606934
206.771088
206.836533
206.847794
206.842972
206.839203
206.991028
207.041443
207.074707
207.076859
207.092407
207.227051
207.278549
207.304840
207.262466
207.240463
207.375122
207.436264
207.451828
207.453979
207.446457
207.555359
207.595596
207.631531
207.635284
207.650314
207.812851
207.891708
207.949646
207.976471
207.962524
208.084824
208.110580
208.107895
208.103607
208.093948
208.199097
208.186752
208.188354
208.201767
208.182999
208.306915
208.348755
208.334274
208.266144
208.239853
208.409912
208.476425
208.447998
208.387924
208.377182
208.544556
208.606781
208.548309
208.504868
208.448532
208.538116
208.516663
208.464096
208.443710
208.454971
208.601425
208.723190
208.710312
208.662582
208.721588
208.828873
208.856766
208.915237
208.890564
208.606781
208.404007
208.461411
208.579422
208.634674
208.653992
208.841751
208.956543
209.032715
209.091736
209.163071
209.364243
209.511230
209.536972
209.543411
209.670013
209.870102
209.836304
209.915161
209.964523
209.993484
210.108292
210.153885
210.326080
210.396362
210.430695
210.672089
210.847504
210.887207
210.844818
210.805130
210.950500
210.934402
210.902222
210.752548
210.596985
210.617905
210.716080
210.771866
210.696228
210.654388
210.782059
210.853943
210.859848
210.823364
210.834091
211.005753
211.078705
211.106064
211.111435
211.110901
211.290070
211.334595
211.299728
211.264313
211.266464
211.427933
211.463333
211.422562
211.432220
211.455826
211.582962
211.586182
211.557220
211.556137
211.604965
211.794861
211.865128
211.889267
211.936478
211.962234
212.024994
211.961151
211.945602
211.992264
212.042160
212.265854
212.350616
212.344177
212.324326
212.296967
212.487946
212.557678
212.514771
212.436447
212.332916
212.446640
212.491699
212.477753
212.369385
212.247620
212.345779
212.380661
212.338272
212.336136
212.306625
212.469696
212.467026
212.396744
212.336670
212.281418
212.436447
212.447174
212.365631
212.209534
212.048065
212.130676
212.136032
212.058258
211.964905
211.851715
211.961700
211.934875
211.794327
211.684891
211.565796
211.674164
211.702057
211.657532
211.599594
211.540054
211.711716
211.768570
211.712250
211.697769
211.667725
211.819534
211.866211
211.819534
211.751404
211.627487
211.632324
211.540054
211.437592
211.467087
211.620514
211.924149
212.082397
212.064697
211.860840
211.665573
211.878540
212.006210
211.904297
211.810410
211.724045
211.803986
211.827042
211.794327
211.777695
211.737457
211.866211
211.895172
211.900009
211.906982
211.846893
211.910736
211.920380
211.904297
211.896240
211.837234
211.934875
211.965988
211.939163
211.874252
211.773941
211.959015
212.044846
212.023376
211.933792
211.805054
212.059860
212.170364
212.151062
212.109756
212.064148
212.221329
212.270142
212.264252
212.263702
212.224014
212.371536
212.447174
212.463272
212.444489
212.367783
212.570023
212.763672
212.689102
212.628494
212.566803
212.734161
212.911194
212.939621
212.882767
212.848434
212.973419
213.013657
213.013657
212.998642
212.936401
213.122009
213.185318
213.068909
213.097870
213.055496
213.166000
213.222336
213.206238
213.172974
213.126312
213.258804
213.323181
213.313522
213.289917
213.229309
213.340881
213.371994
213.356979
213.341415
213.360733
213.583893
213.567261
213.512543
213.471771
213.390778
213.496460
213.554932
213.534546
213.523270
213.489471
213.611786
213.649338
213.633789
213.599991
213.537216
213.661682
213.695465
213.686356
213.706741
213.703522
213.844604
213.890732
213.920776
213.918640
213.852112
213.944916
214.019485
214.024841
214.030746
213.964233
214.122482
214.207245
214.206161
214.158417
214.105316
214.275360
214.364960
214.338669
214.280731
214.235672
214.355835
214.358521
214.308624
214.257660
214.142334
214.230301
214.298431
214.263031
214.243179
214.188461
214.319351
214.324722
214.258194
214.180420
214.067764
214.109070
214.121414
214.089218
214.035583
213.979782
214.083313
214.139114
214.139648
214.103699
214.051132
214.176117
214.221725
214.166473
214.084930
214.020020
214.147690
214.199722
214.160034
214.142334
214.102631
214.224945
214.284485
214.267319
214.227081
214.177200
214.291992
214.321503
214.301651
214.295212
214.253372
214.383728
214.426636
214.362274
214.347778
214.329544
214.494232
214.625122
214.647125
214.665894
214.617081
214.718460
214.773178
214.762985
214.734558
214.677704
214.803757
214.857407
214.794647
214.753876
214.643906
214.732422
214.793030
214.782303
214.727051
214.610641
214.710953
214.775330
214.735092
214.681992
214.600449
214.712570
214.768356
214.718460
214.690567
214.624054
214.698090
214.749588
214.699692
214.647659
214.586502
214.664825
214.697006
214.652481
214.609039
214.533936
214.628876
214.659988
214.636398
214.612259
214.506042
214.563431
214.598846
214.554855
214.492630
214.377823
214.435226
214.474930
214.445953
214.420746
214.368164
214.478134
214.493698
214.427185
214.352615
214.234055
214.291992
214.311844
214.254440
214.209915
214.139648
214.197586
214.213669
214.185242
214.165390
214.120331
214.234055
214.284485
214.233521
214.209381
214.137497
214.229233
214.307022
214.289856
214.255524
214.196503
214.303802
214.384796
214.375137
214.384262
214.343491
214.450241
214.505493
214.473312
214.522659
214.522659
214.648727
214.721680
214.705597
214.692719
214.670731
214.803757
214.845612
214.808060
214.806442
214.724365
214.795715
214.878860
214.837021
214.799469
214.735092
214.854187
214.943771
214.939484
214.958252
214.953964
215.085388
215.140106
215.178192
215.227554
215.222183
215.373459
215.471100
215.503815
215.526886
215.487732
215.603592
215.711960
215.737167
215.755951
215.717316
215.812271
215.871277
215.880936
215.919556
215.901321
216.050995
216.145935
216.126083
216.148621
216.150238
216.322433
216.461365
216.512863
216.575089
216.591721
216.726364
216.867447
216.915726
216.895355
216.819702
216.952209
217.031601
217.036972
217.050919
216.996735
217.124939
217.220428
217.217743
217.261200
217.235992
217.369568
217.445740
217.495621
217.527817
217.473633
217.584137
217.674805
217.646896
217.656021
217.623840
217.736496
217.840027
217.844315
217.830368
217.790665
217.863083
217.939270
217.945694
217.946777
217.894745
217.970917
218.026703
218.021332
218.029922
217.971451
218.064255
218.162964
218.134521
218.104492
218.015976
218.111465
218.196762
218.208023
218.212845
218.179596
218.300293
218.364120
218.362518
218.375397
218.302429
218.343201
218.357681
218.310486
218.289566
218.175293
218.243958
218.319061
218.302979
218.308334
218.278290
218.375931
218.407043
218.355545
218.357681
218.315842
218.387192
218.442978
218.439758
218.440308
218.359299
218.424744
218.482681
218.433319
218.391479
218.321213
218.447281
218.553497
218.528275
218.498230
218.415085
218.511108
218.578705
218.545975
218.514862
218.432785
218.508423
218.620010
218.644150
218.659164
218.672577
218.796494
218.873215
218.875885
218.886078
218.839417
218.945099
219.083496
219.111923
219.198288
219.117828
218.920959
218.936508
218.949387
219.047012
219.082428
219.051300
219.100128
219.102814
219.189713
219.254623
219.209564
219.201508
219.219757
219.300217
219.279297
219.459534
219.617249
219.447739
219.482605
219.337769
219.291092
219.317917
219.311478
219.340988
219.174683
219.257843
219.359222
219.340988
219.387650
219.209564
219.294846
219.504608
219.429504
219.284119
219.253540
219.376923
219.334015
219.354401
219.331863
219.192932
219.316849
219.391418
219.340454
219.348495
219.360291
219.296463
219.307190
219.339371
219.306122
219.203659
219.303436
219.476700
219.417160
219.380676
219.323288
219.434860
219.485291
219.483139
219.551270
219.609741
219.635498
219.723465
219.702545
219.756195
219.680023
219.713806
219.782471
219.812515
219.997589
220.032455
220.201447
220.334473
220.293701
220.326965
220.223434
220.177292
220.247040
220.258301
220.303894
220.329117
220.506134
220.585526
220.590363
220.598404
220.638641
220.905792
221.103195
221.134308
221.200836
221.236771
221.459396
221.620865
221.596191
221.604233
221.615494
221.739410
221.815063
221.789307
221.809692
221.757126
221.808075
221.916443
221.923416
221.920731
221.867630
221.957748
222.119217
222.328964
222.442688
222.387436
222.463074
222.538177
222.532822
222.520477
222.401917
222.411575
222.478638
222.412109
222.421234
222.432495
222.532272
222.650299
222.808014
222.886337
222.852005
222.968948
223.093399
223.122360
223.133636
223.063889
223.137390
223.175476
223.106812
223.105194
223.150803
223.215164
223.207123
223.198532
223.406143
223.486603
223.663635
223.845490
223.931320
223.996765
224.017685
224.182907
224.347595
224.403931
224.481705
224.507996
224.620651
224.793915
224.896912
224.959137
224.938751
225.048721
225.228439
225.290131
225.295486
225.242920
225.358261
225.531525
225.559418
225.578201
225.549759
225.620041
225.679581
225.519180
225.445694
225.417267
225.464462
225.485397
225.385071
225.355042
225.233795
225.268661
225.359329
225.342163
225.308365
225.248825
225.324463
225.402771
225.420486
225.536896
225.579803
225.690842
225.783646
225.780975
225.763275
225.740204
226.042221
226.365692
226.493896
226.612457
226.713837
226.969193
227.095245
227.056091
227.240097
227.178406
227.003525
226.821671
227.095795
227.339874
227.440720
227.365616
227.344162
227.318954
227.345764
227.257263
227.302856
227.695526
227.544250
227.515823
228.111267
228.307617
228.037247
228.337112
227.814621
227.750778
227.965363
228.119858
227.997543
227.945511
228.093033
228.248596
228.404175
228.476593
228.310837
227.764191
227.942291
227.638138
227.937469
228.702972
228.911102
229.120316
229.311295
229.380493
229.386398
229.374588
229.324173
229.317734
229.084915
228.650391
228.558670
228.949738
229.127838
229.584885
229.780151
229.782288
229.855240
229.946442
229.951813
229.999542
229.946442
230.027985
230.091812
230.039780
230.016708
229.961990
230.002228
230.031738
230.000092
229.989349
229.897629
229.863297
229.943756
229.965210
229.973801
229.958786
230.032272
230.147614
230.203934
230.239868
230.224854
230.311218
230.387939
230.408859
230.460358
230.494690
230.600906
230.725891
230.761826
230.836395
230.831039
230.915787
231.042923
231.054733
231.072433
231.014496
231.070282
231.152893
231.056335
231.015030
230.990356
231.024689
231.069214
231.011810
230.898087
230.753250
230.776321
230.804214
230.780075
230.749496
230.667419
230.658295
230.619675
230.547256
230.533310
230.466248
230.468399
230.492004
230.549408
230.620743
230.593933
230.604660
230.666351
230.671707
230.663132
230.595535
230.662048
230.773636
230.776321
230.787582
230.726425
230.763977
230.795090
230.752182
230.760223
230.692093
230.708191
230.780609
230.768265
230.735016
230.640060
230.648636
230.726959
230.689407
230.645432
230.509171
230.464111
230.625046
230.643280
230.635773
230.609482
