27.201359
27.152542
27.197067
27.280216
27.296844
27.245346
27.221207
27.252857
27.331715
27.357464
27.288261
27.241055
27.263050
27.334932
27.334396
27.250711
27.185802
27.200821
27.257685
27.265194
27.194386
27.137522
27.169172
27.238909
27.257149
27.214233
27.155224
27.182047
27.276997
27.320984
27.246420
27.197067
27.244274
27.310793
27.342442
27.287189
27.233009
27.242128
27.298454
27.317766
27.241055
27.190094
27.211014
27.263586
27.274851
27.205112
27.146105
27.167562
27.244810
27.263586
27.211552
27.163271
27.203505
27.292017
27.331177
27.267342
27.200821
27.238373
27.333858
27.365509
27.302746
27.239445
27.236763
27.297382
27.310793
27.254467
27.191166
27.207796
27.283970
27.285044
27.233009
27.162735
27.180437
27.261440
27.282360
27.229254
27.172390
27.200821
27.305428
27.333858
27.275387
27.230326
27.255539
27.347271
27.391258
27.337078
27.275925
27.253929
27.331177
27.352098
27.292553
27.218525
27.238373
27.298454
27.309719
27.227108
27.175610
27.196529
27.274315
27.298454
27.257149
27.221207
27.244274
27.317230
27.348343
27.317766
27.264122
27.269485
27.362291
27.386431
27.345125
27.284508
27.288261
27.344589
27.376238
27.338150
27.250175
27.245346
27.308109
27.328495
27.287189
27.218525
27.214233
27.292017
27.348881
27.306501
27.231936
27.235153
27.320448
27.382139
27.351025
27.293627
27.298454
27.370338
27.423445
27.385895
27.323132
27.312401
27.385357
27.426664
27.372482
27.287725
27.280752
27.342979
27.368729
27.315084
27.243736
27.248566
27.328495
27.360682
27.342979
27.283970
27.289335
27.373020
27.430420
27.395014
27.345661
27.332787
27.415398
27.451878
27.425055
27.355854
27.334396
27.398769
27.456169
27.397696
27.305428
27.294163
27.332251
27.381603
27.347271
27.259295
27.242128
27.323132
27.366583
27.339760
27.286116
27.278069
27.355316
27.425055
27.391258
27.328495
27.328495
27.405207
27.454559
27.423445
27.341370
27.327959
27.394478
27.445438
27.406279
27.332251
27.314548
27.374092
27.400915
27.365509
27.301674
27.257685
27.318840
27.367119
27.353708
27.290407
27.275925
27.369801
27.435247
27.391258
27.325813
27.325275
27.392868
27.442221
27.412180
27.334396
27.318840
27.377848
27.428810
27.399305
27.294699
27.257149
27.306501
27.359608
27.322594
27.228718
27.223888
27.294699
27.348343
27.348881
27.271633
27.237837
27.309719
27.383213
27.381065
27.299526
27.294699
27.359072
27.423981
27.421837
27.356926
27.329567
27.372482
27.412716
27.394478
27.288261
27.243200
27.305965
27.362827
27.338150
27.250711
27.228718
27.275925
27.340834
27.332787
27.254467
27.238909
27.316156
27.406815
27.385895
27.309719
27.301136
27.368729
27.435783
27.432028
27.358000
27.307037
27.355316
27.428810
27.412180
27.320448
27.268950
27.323132
27.386967
27.364437
27.277533
27.241592
27.292553
27.355316
27.345125
27.285580
27.279678
27.336006
27.408424
27.398232
27.339224
27.325813
27.383749
27.433638
27.430420
27.372482
27.328495
27.371946
27.422909
27.413254
27.344589
27.295773
27.336006
27.390186
27.368729
27.279678
27.242664
27.276997
27.370874
27.373556
27.311329
27.278606
27.334932
27.411106
27.414326
27.357464
27.329567
27.385895
27.449730
27.452414
27.378384
27.339224
27.360682
27.415398
27.403061
27.318840
27.253929
27.275925
27.344589
27.330641
27.260902
27.215305
27.250175
27.302210
27.314548
27.238373
27.229254
27.277533
27.345661
27.367119
27.297918
27.252857
27.316156
27.384821
27.386967
27.315084
27.260902
27.308109
27.369801
27.363363
27.272169
27.224962
27.258759
27.326885
27.334932
27.270559
27.210478
27.228180
27.308109
27.339224
27.279142
27.220671
27.260366
27.346197
27.369801
27.310257
27.260902
27.314011
27.376238
27.401987
27.312401
27.245884
27.285580
27.371410
27.377848
27.280216
27.216915
27.252857
27.316692
27.317230
27.245346
27.207796
27.238373
27.296309
27.324203
27.256611
27.201359
27.237301
27.323132
27.371410
27.304892
27.278606
27.302746
27.365509
27.393404
27.332251
27.288799
27.311865
27.370874
27.376238
27.310793
27.242128
27.240519
27.309183
27.314011
27.247492
27.200285
27.226034
27.302746
27.326885
27.267342
27.215843
27.260366
27.355854
27.381603
27.310793
27.263586
27.308109
27.384285
27.417007
27.353708
27.285580
27.297918
27.368191
27.393404
27.293627
27.249638
27.256075
27.313475
27.324203
27.263050
27.207796
27.222279
27.278606
27.315084
27.271095
27.227644
27.236763
27.321522
27.370874
27.334932
27.261440
27.292553
27.375702
27.411106
27.344589
27.260366
27.266268
27.333858
27.359608
27.298454
27.223352
27.227644
27.301136
27.330641
27.246420
27.175610
27.200285
27.295235
27.323132
27.258221
27.207260
27.239445
27.321522
27.368729
27.322594
27.250175
27.263586
27.373556
27.388577
27.347271
27.267342
27.275925
27.342979
27.367119
27.317230
27.229254
27.222279
27.296844
27.315084
27.257149
27.195457
27.219597
27.279678
27.321522
27.286116
27.230326
27.247492
27.328495
27.390186
27.340298
27.287725
27.286652
27.359608
27.393940
27.353172
27.275925
27.285044
27.347271
27.395550
27.336542
27.251247
27.239983
27.314548
27.340298
27.274851
27.199749
27.208868
27.283434
27.318840
27.300064
27.238373
27.249638
27.329567
27.390722
27.366047
27.285044
27.291481
27.354244
27.400379
27.376774
27.297382
27.300600
27.360146
27.393404
27.341906
27.261440
27.238373
27.297382
27.352634
27.307037
27.217987
27.209942
27.298990
27.340298
27.323668
27.256611
27.238909
27.324203
27.383749
27.354780
27.300064
27.311329
27.396624
27.441147
27.395550
27.326349
27.323668
27.375702
27.406815
27.379457
27.292553
27.267878
27.308109
27.341906
27.327959
27.244810
27.223352
27.303282
27.348343
27.333323
27.266804
27.272169
27.366047
27.423981
27.398232
27.331177
27.330641
27.418081
27.452950
27.408962
27.348343
27.326885
27.400915
27.441147
27.391796
27.319912
27.306501
27.345125
27.383213
27.351025
27.274315
27.258221
27.333858
27.376774
27.354780
27.278606
27.280752
27.364437
27.436319
27.431492
27.345661
27.336006
27.404671
27.459387
27.449194
27.364437
27.337614
27.392332
27.439003
27.415936
27.325275
27.285580
27.327423
27.376774
27.353708
27.276461
27.253393
27.327959
27.388577
27.368729
27.294699
27.290943
27.356390
27.429346
27.429346
27.368191
27.346733
27.401451
27.469044
27.460461
27.387505
27.359072
27.400915
27.454021
27.439539
27.334396
27.290943
27.347807
27.408424
27.382139
27.309719
27.271095
27.325275
27.384821
27.374092
27.318840
27.297918
27.363899
27.456705
27.457241
27.373020
27.345661
27.411106
27.491037
27.472261
27.398232
27.345125
27.393940
27.449194
27.433638
27.362827
27.316692
27.339760
27.404133
27.404133
27.327423
27.289335
27.333858
27.397696
27.400915
27.334396
27.300064
27.366047
27.440611
27.441147
27.378384
27.358536
27.410034
27.477089
27.469044
27.408962
27.353172
27.380529
27.445976
27.440611
27.341370
27.309183
27.348343
27.409498
27.408962
27.325275
27.276997
27.319912
27.396624
27.411106
27.348343
27.316156
27.366583
27.458313
27.459387
27.392332
27.360146
27.396624
27.476553
27.480844
27.417007
27.362827
27.407352
27.459923
27.449730
27.375166
27.327423
27.358536
27.416471
27.389648
27.323132
27.280752
27.311865
27.386431
27.397696
27.330105
27.317230
27.378922
27.450804
27.454021
27.384285
27.354244
27.398232
27.490501
27.500156
27.423445
27.371946
27.399305
27.464752
27.450804
27.380529
27.318302
27.336006
27.420763
27.412716
27.330641
27.282360
27.327959
27.429882
27.428810
27.359608
27.317230
27.368729
27.458313
27.477089
27.419153
27.383213
27.399305
27.480309
27.506058
27.434174
27.377848
27.384285
27.451340
27.460997
27.384285
27.316156
27.344051
27.415398
27.425055
27.355316
27.293091
27.311329
27.398769
27.435247
27.370874
27.324203
27.366047
27.444902
27.487818
27.431492
27.389648
27.411644
27.476017
27.496401
27.447048
27.398232
27.411644
27.459923
27.476017
27.406279
27.329031
27.326885
27.393940
27.427736
27.366583
27.302210
27.333323
27.407352
27.427736
27.379457
27.328495
27.358000
27.415398
27.471725
27.439003
27.362827
27.381603
27.472797
27.495329
27.440075
27.377848
27.390186
27.457241
27.462605
27.400379
27.330641
27.332251
27.414326
27.431492
27.379993
27.299526
27.320448
27.405743
27.422909
27.391258
27.325275
27.358000
27.442221
27.483526
27.440075
27.376238
27.392868
27.486210
27.530733
27.453485
27.392332
27.404671
27.487818
27.498547
27.425591
27.362827
27.367119
27.433638
27.463142
27.410570
27.341370
27.336542
27.414326
27.463678
27.411644
27.364437
27.384821
27.475479
27.509275
27.458851
27.406279
27.414326
27.485672
27.508739
27.459387
27.389648
27.395014
27.459387
27.481918
27.432564
27.363363
27.347807
27.405743
27.419153
27.388577
27.333858
27.319376
27.391796
27.430956
27.406279
27.345661
27.352634
27.431492
27.489428
27.463142
27.391258
27.402523
27.467434
27.498547
27.456169
27.392868
27.384285
27.451340
27.475479
27.435783
27.359072
27.338150
27.401987
27.441147
27.413254
27.333323
27.309719
27.406815
27.436855
27.390186
27.340834
27.342979
27.445976
27.507130
27.484062
27.412716
27.405743
27.468506
27.523760
27.493719
27.417007
27.403061
27.464752
27.488892
27.454559
27.376238
27.347271
27.397160
27.438465
27.421837
27.333858
27.322058
27.404671
27.458851
27.444902
27.382675
27.368191
27.441147
27.504448
27.487282
27.428272
27.409498
27.488892
27.551119
27.526442
27.425055
27.397696
27.472261
27.513031
27.481380
27.387505
27.361755
27.412180
27.464752
27.430420
27.351025
27.331177
27.391796
27.457241
27.451878
27.389648
27.390186
27.455631
27.500156
27.510885
27.429346
27.417007
27.481918
27.543608
27.524296
27.458851
27.427736
27.473335
27.517323
27.498011
27.415936
27.376238
27.410034
27.451340
27.425055
27.360682
27.331715
27.384285
27.460997
27.447048
27.381603
27.369265
27.435783
27.491573
27.485672
27.418081
27.405207
27.465288
27.525370
27.508204
27.431492
27.391258
27.432564
27.482454
27.466896
27.387505
27.356926
27.400915
27.454559
27.438465
27.378922
27.345125
27.386431
27.439539
27.444902
27.385895
27.342979
27.412716
27.489428
27.506594
27.430420
27.408962
27.463142
27.517323
27.509811
27.443830
27.412180
27.439539
27.482990
27.466360
27.393404
27.355316
27.387505
27.472797
27.458851
27.346733
27.303818
27.360682
27.438465
27.445438
27.396088
27.371946
27.415936
27.504984
27.507668
27.443295
27.420763
27.467434
27.526978
27.521614
27.435247
27.407888
27.442221
27.506058
27.478163
27.380529
27.339760
27.386431
27.436855
27.451878
27.370874
27.329031
27.364437
27.437929
27.448658
27.385357
27.357464
27.410034
27.491037
27.498547
27.442757
27.405743
27.433638
27.526978
27.514641
27.451878
27.427200
27.447586
27.489428
27.467970
27.396088
27.336006
27.356926
27.454021
27.443830
27.365509
27.325275
27.357464
27.424519
27.448122
27.397696
27.349417
27.396624
27.485136
27.493183
27.439003
27.406279
27.437393
27.503376
27.521078
27.449194
27.405743
27.423981
27.467970
27.476017
27.388577
27.326349
27.353172
27.430420
27.425591
27.354780
27.306501
27.349953
27.418081
27.458313
27.383213
27.348881
27.382139
27.463678
27.501766
27.432564
27.381065
27.431492
27.518394
27.516251
27.443830
27.398769
27.418617
27.464752
27.473871
27.399305
27.327423
27.341906
27.429882
27.431492
27.368191
27.318840
27.341370
27.422909
27.455631
27.406815
27.342442
27.378922
27.464752
27.498547
27.455631
27.414326
27.435247
27.507668
27.532343
27.470116
27.405743
27.419153
27.479771
27.486746
27.419689
27.347271
27.368729
27.431492
27.434711
27.406279
27.344589
27.346733
27.430956
27.457241
27.402523
27.342442
27.371946
27.460997
27.495865
27.446512
27.412716
27.427200
27.513031
27.538244
27.479771
27.409498
27.413254
27.486746
27.506058
27.435247
27.351025
27.342979
27.412716
27.439003
27.389112
27.321522
27.332251
27.435247
27.466360
27.411106
27.374092
27.395014
27.476553
27.535025
27.489428
27.421837
27.434174
27.516251
27.563993
27.500156
27.420763
27.429882
27.481380
27.502838
27.436855
27.355854
27.356926
27.419689
27.469044
27.426128
27.358000
27.354780
27.431492
27.482454
27.428272
27.374092
27.395550
27.479235
27.530733
27.504448
27.437929
27.425591
27.499620
27.541462
27.499620
27.431492
27.434174
27.485136
27.517323
27.473335
27.381603
27.376774
27.433638
27.466896
27.428810
27.358000
27.362291
27.440611
27.473335
27.454021
27.398232
27.398769
27.492109
27.553265
27.525370
27.443295
27.434174
27.508204
27.561848
27.540926
27.452950
27.426128
27.491573
27.517323
27.466360
27.393940
27.368729
27.435247
27.472797
27.441685
27.360146
27.362827
27.433102
27.498547
27.485136
27.393404
27.398232
27.488892
27.537708
27.495865
27.439539
27.452414
27.499084
27.556482
27.532343
27.442221
27.427736
27.486746
27.518932
27.454559
27.379457
27.358000
27.416471
27.458313
27.428810
27.368729
27.363363
27.425591
27.481380
27.478163
27.397696
27.386967
27.454021
27.521614
27.515713
27.420227
27.419153
27.494255
27.543608
27.515177
27.435247
27.425055
27.484600
27.517323
27.475479
27.392868
27.375702
27.419153
27.481380
27.464214
27.378922
27.360682
27.423445
27.475479
27.474943
27.424519
27.402523
27.474407
27.526978
27.531807
27.447586
27.446512
27.505520
27.561848
27.544144
27.472797
27.433102
27.478163
27.529661
27.497475
27.411644
27.382139
27.422909
27.478163
27.449730
27.367119
27.337614
27.396624
27.469044
27.473335
27.400379
27.379457
27.459387
27.538244
27.524296
27.456705
27.451340
27.509275
27.556482
27.537708
27.469580
27.442221
27.487282
27.530733
27.504448
27.419153
27.362827
27.417007
27.481380
27.464214
27.384285
27.351025
27.411106
27.488892
27.486210
27.427736
27.406279
27.466360
27.541462
27.534489
27.472797
27.445976
27.491573
27.568821
27.559166
27.477089
27.441147
27.478699
27.521614
27.498011
27.432564
27.400379
27.419153
27.470652
27.477627
27.395550
27.358000
27.410570
27.481380
27.488892
27.429882
27.417545
27.462069
27.531807
27.530733
27.471725
27.449730
27.493183
27.554337
27.566675
27.486210
27.427736
27.450268
27.504984
27.507130
27.421299
27.358536
27.395550
27.462069
27.457241
27.402523
27.360682
27.413254
27.476017
27.489964
27.436855
27.405743
27.449194
27.540926
27.561848
27.492645
27.452950
27.477627
27.546827
27.559166
27.473871
27.419689
27.458313
27.523760
27.516251
27.435783
27.374630
27.411644
27.472797
27.474407
27.406279
27.372482
27.398232
27.473335
27.486746
27.421837
27.411106
27.457241
27.537708
27.543608
27.470652
27.461533
27.500156
27.563993
27.572577
27.499620
27.434174
27.452414
27.518932
27.534489
27.458313
27.386967
27.406815
27.466360
27.479771
27.425055
27.361217
27.396624
27.480844
27.496937
27.443295
27.407888
27.436319
27.536634
27.556482
27.505520
27.460997
27.492645
27.566675
27.580086
27.497475
27.431492
27.455631
27.526978
27.543608
27.459387
27.400379
27.414862
27.473335
27.493183
27.436319
27.395550
27.408962
27.484062
27.508204
27.465288
27.419153
27.442221
27.532343
27.561310
27.513031
27.454021
27.479771
27.559702
27.580624
27.523224
27.441147
27.460997
27.533953
27.552191
27.486210
27.412180
27.427200
27.492109
27.496937
27.456169
27.399305
27.410034
27.480309
27.517859
27.479771
27.430956
27.456169
27.538244
27.583305
27.537708
27.487282
27.501228
27.563993
27.580624
27.537708
27.465288
27.469580
27.537708
27.555946
27.486746
27.431492
27.422373
27.467970
27.502302
27.460461
27.408424
27.415398
27.494255
27.537708
27.489428
27.437393
27.456705
27.542536
27.584377
27.539852
27.472797
27.482454
27.556482
27.602081
27.552727
27.466896
27.460997
27.544682
27.583305
27.517859
27.439003
27.414862
27.487818
27.511421
27.473871
27.393940
27.406279
27.496401
27.531807
27.493183
27.454021
27.459923
27.527515
27.580624
27.561310
27.481380
27.493183
27.569357
27.601007
27.560238
27.490501
27.482454
27.536098
27.552727
27.496937
27.429882
27.419689
27.491573
27.521614
27.472797
27.416471
27.415936
27.490501
27.551655
27.525906
27.445438
27.460997
27.550583
27.596180
27.552191
27.484062
27.492109
27.558628
27.604763
27.547363
27.469044
27.460997
27.513031
27.561310
27.523224
27.420227
27.397160
27.480844
27.526442
27.473335
27.420763
27.434174
27.493719
27.545753
27.523760
27.470116
27.454021
27.523224
27.579014
27.568285
27.510349
27.504984
27.566675
27.623001
27.595106
27.506594
27.478699
27.536098
27.579014
27.529661
27.447586
27.427200
27.490501
27.528051
27.503912
27.423445
27.407888
27.488354
27.569893
27.542536
27.458313
27.463678
27.535025
27.598326
27.570967
27.521614
27.524296
27.577404
27.634804
27.608517
27.518932
27.496937
27.546827
27.607445
27.570431
27.482454
27.437393
27.479235
27.523760
27.510885
27.438465
27.419689
27.492109
27.557556
27.553801
27.473871
27.467970
27.534489
27.606909
27.585987
27.530197
27.504984
27.545753
27.606909
27.588133
27.493183
27.470652
27.526978
27.592424
27.564529
27.463142
27.449194
27.489428
27.553801
27.533417
27.462605
27.446512
27.498547
27.545218
27.552191
27.498547
27.482990
27.537708
27.618174
27.611200
27.547899
27.518394
27.568285
27.628366
27.611736
27.534489
27.495329
27.532343
27.589743
27.570967
27.482454
27.447586
27.485136
27.540390
27.534489
27.462605
27.435247
27.475479
27.554874
27.565065
27.502302
27.488892
27.547363
27.625683
27.610126
27.534489
27.522686
27.577940
27.638557
27.640167
27.559702
27.505520
27.543608
27.580624
27.585987
27.509275
27.445976
27.465288
27.536098
27.552191
27.479771
27.445976
27.476017
27.558628
27.570967
27.518394
27.486210
27.533953
27.605835
27.624611
27.556482
27.520542
27.562920
27.638021
27.629974
27.554874
27.513567
27.538244
27.580086
27.599398
27.515177
27.446512
27.476553
27.553801
27.548435
27.470116
27.438465
27.480844
27.563457
27.596716
27.522686
27.482990
27.526442
27.617638
27.626757
27.562920
27.526978
27.559166
27.629974
27.631584
27.563457
27.507668
27.540390
27.600471
27.600471
27.503376
27.443830
27.478163
27.541462
27.557556
27.493183
27.448658
27.464214
27.553801
27.574184
27.531269
27.497475
27.529661
27.612272
27.628366
27.571503
27.501766
27.545218
27.619247
27.638021
27.574722
27.513567
27.523760
27.589743
27.596180
27.520542
27.469044
27.477627
27.561310
27.572577
27.514103
27.461533
27.487818
27.570431
27.585451
27.533953
27.481918
27.521614
27.621929
27.647141
27.572041
27.518394
27.541462
27.620319
27.643387
27.584377
27.520542
27.528051
27.596716
27.604763
27.524296
27.473335
27.487818
27.553265
27.567211
27.490501
27.447048
27.447586
27.544682
27.601007
27.560774
27.503912
27.505520
27.596180
27.630512
27.601007
27.552191
27.564529
27.638021
27.653580
27.605299
27.538244
27.518932
27.581160
27.612808
27.546827
27.477089
27.478699
27.538780
27.558092
27.526442
27.467970
27.481918
27.556482
27.599398
27.558628
27.500156
27.525370
27.601543
27.647141
27.602081
27.524296
27.544144
27.628902
27.652506
27.601543
27.532343
27.529125
27.593498
27.613882
27.555410
27.470116
27.480844
27.540926
27.570967
27.530733
27.467970
27.485136
27.572577
27.615492
27.574722
27.522686
27.520542
27.596180
27.647678
27.624075
27.568285
27.559166
27.623001
27.663771
27.627293
27.545218
27.537708
27.589207
27.613346
27.552191
27.473335
27.487818
27.546827
27.574184
27.553265
27.491573
27.498547
27.558092
27.614418
27.596180
27.529125
27.541462
27.609591
27.676645
27.648214
27.582767
27.570967
27.648750
27.676109
27.633194
27.561848
27.542536
27.597790
27.636414
27.597790
27.523224
27.497475
27.553801
27.599934
27.574722
27.479235
27.486746
27.554874
27.594034
27.580624
27.545753
27.536098
27.619247
27.668062
27.643387
27.560238
27.538780
27.615492
27.669672
27.641241
27.563993
27.544682
27.596716
27.627831
27.594570
27.508204
27.489428
27.549509
27.580086
27.573648
27.501228
27.471188
27.553265
27.625683
27.605835
27.550583
27.553265
27.616028
27.671282
27.659479
27.590815
27.577404
27.634266
27.688984
27.658943
27.588133
27.558628
27.595106
27.625147
27.600471
27.516787
27.476553
27.549509
27.598862
27.557556
27.484600
27.464752
27.542000
27.609591
27.602081
27.545753
27.533417
27.603689
27.666990
27.654652
27.579550
27.556482
27.623001
27.672354
27.647678
27.585451
27.556482
27.590815
27.636414
27.640705
27.550583
27.492645
27.546827
27.596716
27.570967
27.496937
27.501766
27.581160
27.643387
27.621929
27.558628
27.532879
27.584377
27.676109
27.662163
27.587597
27.580624
27.631584
27.686302
27.662163
27.583841
27.550583
27.589207
27.649288
27.628366
27.542536
27.499620
27.552191
27.621391
27.602617
27.530197
27.496937
27.564529
27.627831
27.636950
27.581160
27.547899
27.619247
27.706686
27.698103
27.615492
27.587059
27.647141
27.704540
27.685764
27.592960
27.548435
27.593498
27.650896
27.621929
27.540926
27.486746
27.530733
27.603689
27.597252
27.524296
27.486210
27.542536
27.619247
27.628902
27.574722
27.554337
27.606373
27.669136
27.661089
27.620319
27.596716
27.638021
27.690594
27.682547
27.611736
27.554337
27.581160
27.636414
27.639631
27.555946
27.505520
27.536634
27.601007
27.600471
27.528051
27.489428
27.531807
27.621929
27.643387
27.574722
27.544144
27.610126
27.690594
27.697567
27.632658
27.602081
27.635876
27.678255
27.686302
27.614956
27.561310
27.582767
27.647141
27.644997
27.575258
27.518932
27.529661
27.591351
27.616028
27.543072
27.503912
27.552191
27.638021
27.661089
27.589743
27.551119
27.585451
27.675573
27.714197
27.665916
27.600471
27.604225
27.676645
27.688984
27.607981
27.552191
27.590815
27.644459
27.650360
27.567211
27.502302
27.522150
27.612808
27.618710
27.546827
27.495865
27.541462
27.629438
27.655188
27.589743
27.538244
27.593498
27.666990
27.697031
27.644997
27.588669
27.608517
27.680937
27.684156
27.616564
27.568285
27.569357
27.626221
27.646605
27.569893
27.494793
27.514641
27.577940
27.598862
27.544144
27.504984
27.503912
27.582767
27.629438
27.581160
27.524296
27.549509
27.636950
27.684692
27.643387
27.579550
27.585987
27.669672
27.684692
27.630512
27.552191
27.552191
27.615492
27.642849
27.587059
27.522686
27.534489
27.609591
27.623001
27.579550
27.515713
27.542536
27.620319
27.661625
27.627293
27.566675
27.593498
27.672890
27.710442
27.663235
27.604763
27.610126
27.697031
27.724388
27.659479
27.565601
27.570967
27.636950
27.653042
27.607445
27.542000
27.544144
27.606909
27.642313
27.590815
27.517323
27.540390
27.621929
27.673964
27.633730
27.584377
27.585451
27.676645
27.726536
27.674500
27.604763
27.613882
27.687912
27.710978
27.653042
27.584377
27.575794
27.635340
27.668062
27.626221
27.535561
27.526978
27.597790
27.640167
27.607445
27.546827
27.530197
27.614956
27.671282
27.634266
27.588669
27.609591
27.679329
27.734581
27.686838
27.612272
27.605299
27.683083
27.720097
27.660553
27.573648
27.568285
27.628366
27.655188
27.614956
27.537708
27.534489
27.597252
27.633730
27.597790
27.537170
27.521614
27.593498
27.641777
27.629974
27.582767
27.575258
27.654116
27.722780
27.680401
27.595106
27.602081
27.679865
27.734045
27.695421
27.598326
27.554874
27.638021
27.679329
27.625683
27.554874
27.544682
27.588669
27.632122
27.614956
27.535025
27.543608
27.612808
27.670208
27.654116
27.598862
27.609591
27.683620
27.748529
27.711514
27.633194
27.615492
27.661625
27.722244
27.693275
27.611200
27.567211
27.634804
27.688984
27.634266
27.552727
27.536634
27.592960
27.646605
27.617100
27.562384
27.550583
27.624611
27.684692
27.660015
27.601543
27.590815
27.674500
27.731899
27.710442
27.641777
27.633194
27.693811
27.746384
27.714733
27.635876
27.588669
27.634266
27.679865
27.658943
27.587597
27.553801
27.593498
27.662699
27.638557
27.567211
27.562920
27.619247
27.686302
27.669136
27.604763
27.591888
27.662163
27.735119
27.729218
27.648750
27.624611
27.682011
27.748529
27.738873
27.636414
27.603689
27.648750
27.676645
27.653042
27.580624
27.553801
27.614956
27.667526
27.660015
27.585451
27.547899
27.592424
27.680937
27.692204
27.620319
27.591351
27.654652
27.741018
27.742628
27.656797
27.628366
27.694885
27.737801
27.717953
27.653580
27.605835
27.636414
27.697031
27.677181
27.580624
27.549509
27.583305
27.651432
27.658407
27.573112
27.555946
27.612272
27.672890
27.676109
27.615492
27.587059
27.666990
27.728144
27.715269
27.641777
27.609055
27.659479
27.738337
27.730289
27.639095
27.599398
27.636414
27.686302
27.665916
27.585451
27.547899
27.582767
27.656261
27.669136
27.602081
27.564529
27.602617
27.682547
27.696495
27.643923
27.606909
27.667526
27.736727
27.737263
27.678255
27.634804
27.676645
27.728680
27.709370
27.635340
27.608517
27.650360
27.701859
27.692739
27.605835
27.546827
27.603153
27.657333
27.673964
27.623001
27.570967
27.596716
27.687374
27.724926
27.671282
27.623539
27.655724
27.753893
27.763012
27.680937
27.656797
27.686302
27.743702
27.742628
27.665380
27.612272
27.643387
27.693811
27.685764
27.624611
27.579550
27.604225
27.666454
27.666454
27.599934
27.554874
27.591351
27.687374
27.709370
27.661089
27.623539
27.655724
27.737263
27.754967
27.680937
27.653042
27.669136
27.729218
27.746384
27.687912
27.616564
27.621391
27.687374
27.692204
27.628366
27.562920
27.569893
27.651432
27.671818
27.616564
27.566675
27.581696
27.685228
27.703468
27.666454
27.622465
27.655724
27.751211
27.782862
27.716343
27.660015
27.679865
27.759794
27.785543
27.716879
27.652506
27.648750
27.702394
27.725462
27.660015
27.591351
27.604763
27.683083
27.699713
27.656261
27.595642
27.610126
27.704004
27.737263
27.678791
27.632122
27.655724
27.734045
27.767303
27.707760
27.656797
27.678255
27.751747
27.766768
27.698103
27.627293
27.650360
27.713123
27.720097
27.663771
27.584377
27.585451
