49.136185
-16.926098
-6.464409
62.145969
63.496731
-5.325543
-24.883678
39.257603
73.780319
19.814268
-26.347628
15.700296
73.913353
45.104820
-19.444157
-5.264389
63.337406
63.377102
-5.552458
-24.390152
37.385422
71.027298
13.326004
-33.573498
11.963441
71.250999
41.321831
-23.296345
-8.798468
60.514648
63.440941
-3.841208
-21.288980
44.993774
78.706467
23.061888
-22.942829
21.386580
77.045639
44.922428
-19.434500
-3.972637
64.034782
62.514503
-6.396281
-23.465324
40.321903
71.689804
15.525952
-29.616167
15.619829
71.454308
39.452332
-23.656298
-7.332372
61.981281
60.890160
-7.094192
-23.051727
42.605000
75.798950
18.302038
-25.413683
19.400135
73.971832
41.569130
-22.041607
-5.824434
60.862801
57.726761
-9.426641
-25.704971
37.715870
67.581200
10.795608
-31.114449
16.641752
73.065781
40.096600
-21.423090
-2.122985
65.468689
62.367519
-3.006505
-15.593576
49.510620
78.981659
21.301285
-21.471369
26.274639
80.577576
44.738964
-19.635666
-4.207062
61.891159
58.856506
-10.298896
-24.078480
42.862492
76.718414
20.099119
-25.384714
20.680622
73.617241
39.332706
-22.443939
-2.394425
64.632378
60.386440
-6.678986
-17.711985
47.649162
74.858566
16.754404
-23.545790
25.208193
78.542847
42.860348
-17.514038
6.441846
76.775276
72.766441
4.787995
-10.644364
49.381336
73.917648
15.449242
-25.063385
23.995832
76.224884
39.258141
-22.560347
-1.342999
66.518509
60.692749
-6.312596
-16.442764
50.223015
76.742012
18.133059
-21.057238
27.504700
79.705856
43.712215
-15.850533
6.987407
74.807602
71.397446
9.781196
-2.642261
60.257694
85.355659
26.973621
-12.692499
36.678928
88.095268
50.206383
-9.796249
13.775006
81.363457
74.256676
8.788242
2.610041
69.392227
94.968697
37.392933
0.015272
51.171978
102.931114
63.804111
4.009618
28.491217
94.232697
85.004288
16.827896
7.218077
71.296059
92.822929
32.652393
-4.822361
47.241467
98.732918
60.312412
1.632108
26.540176
92.273079
82.038841
15.293137
9.568765
75.395546
97.450287
37.085552
1.029684
51.266930
99.216248
59.873604
1.644983
26.387829
88.750267
78.576645
12.779370
7.755592
72.581375
93.283737
33.748882
-0.415491
51.491161
99.941521
58.969696
2.323581
31.257647
94.973526
82.351051
15.363411
11.121228
78.065414
96.496490
35.555080
1.964702
55.626057
103.079704
62.265594
6.096377
32.168526
98.824646
89.043701
21.652117
15.609100
79.881271
96.833916
34.768658
0.043704
52.840313
100.724190
58.835587
1.657321
29.720203
95.309341
82.032402
15.544727
12.936011
77.478012
95.803940
35.329239
2.019419
55.594940
101.340027
60.024879
4.225804
32.089668
95.864555
82.395576
17.189995
15.297964
81.866104
99.505394
38.528042
6.041124
58.564682
102.386086
59.292637
4.211857
32.864826
94.565292
77.188873
9.649232
8.753373
75.144493
91.377220
31.724888
2.061798
56.102417
100.271973
55.570267
1.581682
32.001156
92.846001
76.102043
9.969487
10.326221
76.188942
91.777405
30.987816
1.581146
56.603455
100.740280
56.719860
2.231313
33.337967
96.380623
80.156464
14.927820
15.671865
82.402550
97.313492
34.549789
5.756809
62.220535
105.754944
60.157917
6.784632
39.201275
101.548164
85.531616
19.725218
19.541220
83.723267
95.919273
33.281643
2.648129
55.229088
95.992226
51.351688
-1.115547
30.390221
92.288101
73.977196
9.438947
11.720433
78.947861
92.601913
29.684799
1.165403
57.329796
97.564011
50.351761
-0.669228
34.523502
96.191795
76.858421
11.381938
14.090434
80.357094
92.663071
30.825275
2.891137
58.671974
99.421707
52.863918
1.725449
36.573250
97.903046
77.838501
13.534143
15.761987
81.054466
91.186783
29.013174
2.683534
59.628448
100.312737
53.261955
2.062871
36.287861
96.675125
76.166412
11.517121
15.248611
80.599030
90.460976
25.781113
-1.267897
55.292389
93.430183
43.894070
-7.774400
27.815836
87.477821
64.966583
2.425505
9.330049
75.985634
85.671623
23.026482
-1.509296
55.953823
95.206879
46.998459
-2.532827
32.583195
91.055351
68.947517
5.853369
12.842670
79.976219
89.142403
25.254326
0.730886
58.593651
98.329514
49.471458
-0.381158
35.849052
94.676338
72.854958
9.643867
15.862838
82.216400
91.808517
30.007200
6.265357
63.543938
100.391594
50.489624
1.965775
38.522141
95.998665
72.493935
9.567156
17.932966
84.304237
90.705055
26.017147
5.004181
65.137169
102.720291
53.642830
4.991307
41.901188
98.322540
74.348946
11.454894
19.330397
84.616982
92.388947
28.923588
6.960049
67.431534
104.454071
54.901321
6.406977
43.180603
100.627090
76.110085
13.266996
21.075443
87.048668
93.406044
30.154722
8.775905
67.060310
101.382401
52.338203
6.750836
44.287819
100.431290
74.610733
11.926427
21.654264
87.316353
92.673798
29.116171
7.050171
65.861900
101.229515
50.775013
4.382445
44.359699
103.272827
75.410568
14.367238
27.112560
92.371246
94.914520
29.727715
9.120836
67.160629
101.289063
50.571163
4.582538
43.071705
99.402397
72.945076
11.870637
23.333326
89.053352
92.337448
27.653831
8.930936
69.868584
104.257195
53.437908
6.329193
45.676128
100.801437
72.507339
9.250655
19.877569
86.558365
89.472855
25.709766
8.175090
67.654694
100.913551
49.414059
5.559399
46.357948
101.552994
73.217590
12.277798
23.753361
89.277046
90.701302
25.672750
8.080139
67.676147
99.885193
48.090122
3.709747
44.611294
100.192039
71.241875
10.018840
22.796885
87.895714
89.402580
25.710302
8.322611
68.511391
100.335808
47.268288
2.221658
44.186966
98.714676
69.704437
9.646549
23.430960
87.692940
89.439056
27.454811
12.294964
71.552475
102.314201
49.869499
6.096377
46.721653
99.659889
69.982849
10.403468
24.064499
88.863991
88.909050
24.321991
8.329585
67.903603
97.367676
44.892387
2.240433
44.856983
97.405228
66.208977
6.132319
20.735338
85.771400
83.875618
20.159737
4.820182
64.505241
93.746147
41.151241
-0.440167
43.065266
96.235779
65.430603
5.431726
22.070005
85.814857
84.813850
20.917192
6.422534
66.534065
95.321136
41.193085
-0.899898
42.047638
93.570732
62.252720
2.583219
19.569115
82.992638
81.498642
17.875566
4.154458
64.178009
90.696472
37.460522
-2.101527
42.070705
93.882942
62.638958
2.821399
20.906464
84.670090
80.855988
17.252222
5.041196
65.238022
92.150772
38.006084
-2.032326
41.599171
92.503212
59.949776
0.726058
17.637924
79.536339
75.366577
10.917916
-2.128886
57.660244
82.741577
27.563171
-13.295997
29.915470
79.318008
43.845791
-16.630518
0.368787
61.931931
55.827221
-8.951354
-20.202148
40.506439
64.421555
6.958439
-33.700634
10.725870
60.192783
25.058525
-34.036449
-15.127409
47.596054
41.268188
-23.673464
-35.990170
24.169106
50.128063
-6.955254
-47.606815
-3.078925
45.088726
9.867026
-47.629345
-28.668274
33.544498
27.441936
-36.740116
-47.373463
13.626948
36.831814
-19.099224
-57.007961
-10.036038
39.813358
4.535331
-57.043369
-39.056469
22.834972
16.117111
-47.793499
-57.636673
4.524066
28.308826
-27.887215
-65.029381
-18.015076
30.641275
-4.862594
-62.010284
-40.701736
22.195534
15.984074
-46.830585
-55.013474
6.369963
29.380100
-26.710798
-62.941010
-16.047407
31.152504
-5.932795
-61.900311
-40.027966
23.231401
14.702515
-50.540085
-59.245998
1.844002
23.822025
-32.052685
-68.644455
-21.668779
26.761192
-8.857476
-65.263802
-43.100704
19.076660
10.687246
-53.754978
-61.812874
-0.632213
20.429029
-36.362461
-72.080902
-24.054338
23.153618
-13.189781
-69.063423
-47.500065
13.788954
3.819718
-58.382862
-64.039642
-1.072096
19.013897
-38.013092
-72.566917
-23.341942
23.043112
-15.265811
-69.826775
-46.237816
14.611319
5.357160
-57.748253
-63.950058
-2.296792
18.325642
-38.735680
-72.860893
-23.616064
22.816732
-15.884329
-70.478020
-45.294750
17.069832
5.777730
-57.295494
-62.039787
1.344575
21.022871
-35.496643
-67.564064
-17.534424
28.367834
-10.354686
-64.946228
-40.293507
21.494940
10.107889
-53.150410
-58.497662
4.069163
23.040430
-34.844868
-67.130623
-16.777504
27.650612
-11.417377
-65.545433
-40.441563
19.923166
8.664325
-52.420311
-54.619724
7.726088
25.110559
-32.488811
-64.711266
-13.439226
31.450230
-8.511472
-61.553234
-35.240761
24.884182
12.399570
-50.872677
-53.660564
10.335877
27.659731
-31.043102
-62.670643
-12.252081
32.456059
-7.014799
-60.069435
-34.594349
25.890011
12.961224
-49.155529
-52.235241
10.406151
28.115170
-30.985167
-62.144928
-11.174905
31.979698
-8.364486
-61.234051
-35.705856
24.091320
11.205449
-51.268570
-52.869316
9.793534
26.773529
-31.548967
-62.495762
-12.278366
32.738224
-5.982684
-57.996624
-30.875732
27.802961
13.681129
-48.864239
-50.899498
11.154487
27.319628
-30.951370
-60.375744
-8.350002
34.658150
-7.200408
-59.073265
-29.449333
31.329529
17.540827
-45.421890
-48.692577
13.247684
27.348595
-32.207180
-61.033958
-9.543586
32.114346
-9.873497
-60.506638
-31.099430
28.035778
11.957004
-49.910839
-49.517624
12.676910
25.959211
-32.740406
-60.087139
-8.642364
32.041389
-10.292994
-60.277576
-30.706217
28.176325
12.543336
-48.703842
-49.248867
12.029961
28.136627
-29.050758
-56.156631
-4.133033
34.746662
-7.491159
-58.572227
-29.613485
28.677898
11.979535
-49.882942
-48.799332
13.800756
26.951628
-30.403664
-57.398491
-6.413447
32.790260
-10.483432
-59.498661
-30.064632
27.446764
10.351970
-52.257771
-51.607067
10.731235
23.782328
-35.876442
-63.436146
-11.234450
27.951019
-15.530813
-66.214912
-35.897366
21.778181
3.478541
-58.374279
-55.872852
6.816819
18.578306
-39.979687
-65.153831
-12.424815
25.991934
-17.993618
-68.042030
-38.455654
19.480600
4.113152
-55.917912
-53.599949
8.966341
19.731657
-39.290897
-64.022476
-10.194825
28.101223
-15.425135
-63.394302
-31.702927
26.522474
8.265748
-52.270107
-48.171692
12.893096
22.702471
-36.466530
-61.430923
-9.478139
28.468149
-14.981497
-63.700611
-31.410564
25.625544
5.235388
-56.027885
-51.287884
11.349751
22.073225
-37.887562
-61.625118
-9.085464
28.580265
-15.541542
-63.135201
-31.175604
24.904030
5.668833
-55.160458
-50.462299
11.215642
19.777254
-39.197556
-62.089676
-8.518445
28.813618
-16.404140
-63.255363
-30.263117
25.387901
6.176307
-53.695435
-48.584755
12.251512
19.225792
-40.909340
-62.763985
-7.860767
28.257864
-18.420088
-63.687199
-30.273846
25.000053
4.751517
-54.535503
-49.346500
11.967196
19.804075
-39.287140
-62.890045
-8.471238
27.112560
-17.791380
-63.792343
-29.954126
25.904493
4.249408
-55.387909
-48.100883
13.131276
19.813196
-39.087585
-60.667030
-6.580817
28.397875
-17.415869
-62.444263
-28.059950
26.783186
4.348113
-55.181377
-47.581604
15.012577
21.964863
-38.384846
-60.148293
-5.624877
28.157549
-16.706158
-62.581593
-28.523972
27.482170
4.497780
-55.183525
-47.674408
15.267923
20.774500
-39.789249
-61.994190
-7.855403
26.543396
-19.753147
-63.800388
-28.949907
25.522011
3.658785
-55.565472
-47.989300
13.769642
19.508497
-39.704491
-60.724968
-6.001460
28.589386
-18.409361
-63.580986
-28.451553
26.644783
3.449037
-55.702263
-47.252228
15.144543
20.600155
-39.384773
-60.091431
-5.509006
30.025976
-16.304899
-61.216347
-25.522043
27.825493
4.086329
-54.183598
-45.153667
17.586962
22.193924
-36.942352
-56.055779
-0.728236
32.067139
-15.939582
-60.077484
-21.649469
33.323483
9.254947
-49.619549
-40.713539
20.805613
24.064499
-35.568527
-55.018299
-2.531217
28.961140
-17.229189
-60.066753
-22.966970
30.797916
7.033005
-50.029926
-38.901440
22.830681
26.572365
-32.413712
-48.733883
6.743863
39.455013
-7.080781
-47.896496
-9.461510
43.801800
19.231155
-38.786640
-26.620676
36.735252
41.070778
-17.687309
-34.682323
21.244421
52.781841
5.955293
-34.024647
4.460229
58.438084
34.516529
-21.676826
-9.134816
54.061790
56.097054
-2.357410
-16.706694
39.796192
71.098648
23.890154
-17.283369
20.735876
72.992287
46.854691
-8.639681
4.766001
65.925735
68.473297
9.693756
-6.161320
50.471924
81.394577
33.643742
-7.497060
32.066601
82.915924
56.257446
-0.076996
12.615219
74.660622
75.803238
16.045229
0.705136
56.941410
86.873787
38.118736
-3.012942
35.647884
86.568016
59.568901
2.897574
16.447559
77.461922
77.602470
16.747431
1.033975
59.572659
88.448784
39.313931
-1.383768
37.491100
87.695618
59.175690
2.633645
15.320496
75.281281
75.303810
18.111065
3.552570
59.847855
88.668724
39.568741
0.002398
39.826233
89.176735
60.822029
4.400148
17.627195
78.785324
78.127106
17.773643
3.207638
60.921810
88.939095
38.993137
-0.668155
39.137440
88.793716
59.557102
4.240288
18.443659
78.116379
76.241516
16.429857
1.776947
58.308800
86.726807
36.005157
-1.454042
39.724842
87.497139
57.720860
2.310170
17.774717
77.041885
75.200279
15.996412
2.844466
59.146187
86.282631
36.159653
-2.260851
37.953514
86.403328
56.670509
1.905157
19.080952
79.195702
76.356316
16.727045
4.442527
60.514114
86.902222
37.250237
-1.498030
39.256531
89.928825
60.737274
6.369963
22.703007
81.715904
79.090019
19.241348
5.629673
61.462543
87.197266
36.350090
-1.437412
40.269871
87.643585
57.008465
1.423432
16.631021
77.755356
75.914818
18.351391
6.456866
61.950706
86.420494
35.953121
0.382735
41.494564
87.757851
57.173153
2.957656
18.841162
77.862106
74.756104
16.671793
6.830766
63.659809
86.871109
35.485882
-1.511978
41.183430
87.814713
56.851826
2.220048
19.390478
79.043884
75.205109
15.859083
5.065872
62.264523
86.527786
34.424263
-1.580106
40.155605
87.081390
54.693718
0.907375
18.020407
77.684540
72.029373
12.022987
1.978113
59.250793
83.080612
31.345087
-3.545093
39.238827
84.769333
54.860016
3.623380
21.783546
78.759033
73.418221
14.767424
5.657568
63.108883
85.917313
33.817009
-1.547383
41.501003
86.865746
54.976425
2.114906
20.494476
79.373260
74.465889
15.204087
6.236925
63.918373
85.756920
33.641594
-0.377940
42.892532
88.605965
56.144794
3.281667
22.818878
80.887634
74.810822
15.660063
7.635429
64.930641
86.401726
32.566563
-1.857983
41.986485
87.115189
53.587578
0.969602
20.808294
77.624458
70.613701
11.179164
3.277375
62.761269
83.723808
31.523722
-2.318786
40.514484
85.407158
52.566727
0.356449
20.380751
78.595421
71.864151
13.361410
6.779268
63.484928
84.951721
33.247845
-0.899898
43.437557
88.326477
54.421745
3.946318
24.656193
82.433662
74.755569
14.978245
5.859270
62.272568
81.942818
29.589849
-3.149199
40.593342
84.486626
49.768112
-2.025353
19.268707
75.954521
68.394447
10.052099
3.571345
60.839195
80.079758
27.482170
-5.326079
39.237755
82.047958
47.303158
-0.603245
23.029163
80.093704
70.911964
11.696830
4.713966
62.785946
82.714760
30.035095
-1.670228
43.622631
86.279953
51.252983
-0.103282
22.241667
79.630219
70.128761
12.394205
8.153632
65.923058
84.548317
31.827347
0.594629
45.381622
87.727806
51.708958
2.088084
23.868696
80.537338
70.630333
12.748257
8.633747
66.107590
84.209282
31.301098
-0.402616
45.896606
87.963844
52.274902
3.396465
27.900593
84.438347
72.705826
13.054029
7.476642
64.750931
81.469139
27.570145
-0.794219
45.351048
86.019241
49.312134
0.744297
23.682550
79.157074
68.281792
10.233953
6.398931
64.707481
80.939133
26.804644
-3.171729
43.533581
84.997314
47.866421
-1.739429
22.137060
78.731140
67.713699
9.772077
6.992772
64.803505
81.140839
28.049189
-1.260387
45.062439
86.058937
49.076637
0.510944
25.679188
81.868790
69.919548
11.351361
9.026959
67.038857
82.559189
28.373735
-0.048028
46.983437
86.923141
49.122772
0.926150
26.616888
83.418030
69.973190
10.699048
7.689073
65.302391
81.395645
27.650076
-1.186894
44.788853
84.534904
46.405689
-1.914309
22.888617
78.565918
65.780899
7.830694
6.675735
63.741348
78.815361
25.187271
-2.276944
44.830162
84.072495
46.628849
-1.139151
23.510889
78.505302
65.366768
6.292179
4.882409
63.564323
78.036987
24.904566
-2.547311
43.643551
83.266220
45.474964
-2.059685
24.600403
79.415642
66.127441
9.592905
8.363917
66.405319
80.430054
25.908785
-1.341389
45.720654
84.688866
46.637970
-0.287281
26.620108
80.893539
66.241165
9.162143
8.824183
66.167137
79.837280
27.046041
1.981868
49.573383
85.946281
46.550529
0.181033
26.399094
80.325981
65.467079
8.444383
8.278087
66.695534
80.383919
26.134090
0.605895
48.969887
86.360413
47.095554
0.506653
27.598042
83.012482
67.715309
10.548308
12.296573
69.747887
81.305527
26.642637
0.472857
48.463486
85.955940
46.209888
-0.449823
27.225214
81.465385
65.032028
8.661642
10.426000
68.443260
79.252022
23.486212
-2.064513
46.739895
83.376190
42.617874
-4.042374
24.446445
77.859962
60.326359
2.239897
4.087939
61.924957
71.946762
14.961079
-10.357903
36.951977
71.834648
30.890720
-15.558708
12.553528
64.945656
46.707706
-11.330473
-10.273683
46.342388
55.625519
-0.282453
-24.813940
22.785620
57.312092
15.597836
-30.944397
-3.049957
48.921608
30.544178
-27.307322
-25.381496
32.021542
40.554184
-15.821565
-40.846039
7.455184
41.963951
-0.251339
-46.497456
-17.125654
35.551327
18.255905
-39.196484
-37.376873
21.296457
32.080547
-23.070503
-47.233990
0.768437
32.748417
-10.894882
-56.150192
-27.101328
24.546223
6.090477
-51.585609
-48.442596
9.880975
18.494085
-37.808708
-60.162777
-9.891736
24.650293
-16.724932
-60.461575
-30.619314
21.352247
2.044632
-54.736668
-50.045486
8.612826
17.297283
-38.421322
-60.684734
-10.786521
23.628906
-18.409361
-62.204475
-31.083336
20.757334
2.603068
-53.588684
-47.904541
9.906187
17.563358
-37.800125
-59.136562
-9.847748
23.787157
-18.201757
-61.633163
-31.371405
20.503059
2.351476
-52.565151
-47.352005
9.834304
18.204407
-36.996532
-58.849030
-8.717465
24.885254
-17.087030
-59.723431
-29.011061
22.834436
3.179743
-52.549057
-47.449638
10.560646
17.899172
-38.018456
-58.852787
-8.331227
24.261372
-18.444765
-60.941154
-29.351702
21.428957
1.791431
-52.176769
-45.206238
12.233273
19.497766
-36.825409
-58.379108
-8.233594
24.553196
-17.825174
-59.981461
-28.033127
23.849920
3.991916
-51.789455
-45.030823
13.291136
19.842699
-36.340466
-55.726940
-3.665256
28.341013
-14.955748
-57.320171
-24.837543
25.534349
4.725768
-50.716572
-44.011585
12.893096
19.444124
-36.243908
-56.223686
-5.721437
26.734905
-16.788769
-59.033031
-26.396980
23.997442
3.199055
-52.045341
-44.715931
12.726799
18.018797
-37.940136
-57.286911
-6.099092
25.792913
-18.162596
-59.528168
-26.692024
22.543684
0.453009
-53.626770
-46.405186
9.685710
15.859619
-38.703491
-57.695683
-6.396818
24.383682
-18.857824
-59.508854
-25.979092
23.753897
1.404120
-52.351646
-42.551388
15.387550
19.580915
-36.475113
-54.256554
-3.489839
26.665169
-17.416407
-58.875854
-25.151363
25.657730
3.037049
-51.085644
-41.106213
16.952887
20.222500
-35.475185
-53.543621
-2.310740
27.167814
-17.757584
-58.040611
-23.773779
26.914614
3.572955
-50.817425
-42.504181
14.447704
19.380287
-37.276020
-55.270428
-1.894997
29.329138
-14.762093
-54.952316
-20.850170
28.459030
4.990770
-49.511189
-40.623955
15.772716
18.767670
-36.342075
-52.187496
-0.795292
28.309898
-15.311945
-55.087502
-20.738054
28.259474
4.664077
-48.867996
-36.481014
22.425131
25.755363
-30.739477
-49.565369
0.317289
27.929026
-17.532278
-56.256409
-21.697748
26.114779
2.071990
-51.085110
-40.463020
16.085461
18.608883
-36.765327
-53.110176
-1.171337
26.860970
-17.936218
-55.444237
-20.422626
27.713375
3.332629
-50.315849
-39.301086
17.879322
19.509033
-36.299694
-52.749153
-1.582252
26.131945
-19.299316
-57.930107
-22.289980
24.697500
-2.089189
-58.315269
-49.757950
4.836812
5.497708
-50.491806
-64.438751
-11.311161
16.969517
-27.129223
-64.148003
-26.711334
20.973518
-4.208671
-56.133026
-43.219257
13.768569
15.583351
-38.609615
-53.803795
-2.364920
24.802105
-19.970942
-57.665104
-21.559883
25.031704
-0.912772
-53.616043
-41.350296
14.726654
15.232519
-39.799980
-53.788239
-1.561331
26.078838
-19.763338
-56.801968
-20.370592
25.808472
0.537230
-50.975140
-38.160614
17.255442
17.350927
-37.973930
-51.431114
0.588192
26.602406
-18.580484
-55.479641
-18.894840
27.098076
1.389100
-49.466125
-37.538876
18.634632
18.311159
-37.430515
-49.749905
3.222658
28.648394
-18.945803
-54.890625
-16.745317
29.119389
2.467348
-49.329872
-36.574352
19.171074
17.995193
-37.279240
-49.762245
3.214075
28.190809
-18.248964
-54.982895
-17.600405
27.723032
1.123561
-50.577099
-36.014309
20.289557
18.857256
-36.982052
-47.948528
5.696728
29.207903
-18.238235
-53.877823
-16.142893
28.777676
1.235677
-50.502533
-35.778275
20.697252
19.455389
-36.425758
-48.843319
5.059435
29.929953
-17.501163
-52.594120
-14.453638
30.955093
2.832128
-48.938271
-34.344364
21.418766
19.238667
-36.820580
-48.620697
4.506900
27.740198
-19.960749
-54.790314
-16.620863
28.358179
-0.184284
-51.416630
-35.342686
20.295992
17.833725
-37.359707
-48.458691
3.865852
25.730686
-21.056700
-54.968948
-16.155231
29.069500
1.232995
-48.747833
-33.424366
22.107557
19.715563
-36.029331
-46.220116
8.088185
31.127291
-17.202902
-51.225655
-12.305189
31.182009
2.224876
-48.902328
-33.263973
23.535028
19.747213
-37.412811
-48.186176
6.488516
30.151505
-17.026949
-51.165039
-11.558997
30.743198
0.450863
-51.497097
-35.342686
20.444588
16.327932
-38.988880
-47.990372
5.652203
28.248745
-19.252110
-52.842491
-14.277685
30.268448
0.763609
-50.080353
-32.538166
22.728756
17.273680
-36.916069
-46.128384
7.458403
28.577047
-19.370665
-52.230949
-12.654949
29.917614
0.409020
-49.378689
-32.113842
22.165493
18.377140
-36.736897
-44.733097
8.272721
29.264229
-18.245745
-49.651737
-10.175513
32.787579
3.297760
-46.438984
-29.385498
25.007027
20.378605
-34.170021
-42.152813
11.349216
31.595068
-17.631519
-50.751442
-10.660457
32.427628
2.151920
-48.418457
-31.473330
22.684769
17.405645
-37.360779
-45.191219
8.891239
28.865652
-18.873919
-49.587898
-10.651338
30.259329
1.153065
-47.421207
-28.178503
27.037458
21.067932
-33.747841
-40.004898
15.665427
37.222343
-10.627198
-42.416740
-1.483010
41.703777
12.559429
-34.177532
-13.962793
41.941422
38.498539
-16.169716
-23.289907
31.587021
52.703522
5.636110
-24.664272
17.025307
59.725544
30.150431
-16.871382
3.694191
58.508896
52.459438
-1.480864
-8.251834
46.297329
67.778069
18.854036
-11.984395
29.902058
72.999260
42.189793
-5.826043
14.186994
68.294128
62.281151
7.822647
2.286567
56.174301
75.479767
26.814299
-2.576815
39.434628
81.418716
49.673161
1.942708
21.838263
76.536560
70.277893
16.425028
11.637821
65.169357
83.841286
34.320194
4.949464
45.959370
87.102318
56.019268
7.693901
28.437035
81.926727
73.937500
19.315378
13.405397
67.780754
85.481728
35.620529
4.885091
46.870251
87.482117
54.717323
7.033541
26.997227
79.618950
71.216125
16.959326
11.691465
66.321632
84.426010
35.047070
5.561544
47.737675
88.083466
55.171688
7.435873
28.231579
82.060295
73.496544
18.214598
13.330296
68.518364
85.083687
35.103397
5.983188
47.716217
87.067986
54.371319
7.341995
27.585167
80.413956
71.593781
17.137960
12.757913
67.059242
83.314499
33.435600
5.029394
48.180244
88.208992
55.418991
9.257092
29.507236
80.800194
69.470009
15.799538
10.894849
64.002060
80.449898
31.013029
3.160967
46.114941
85.116409
51.841457
6.246045
27.476269
80.025040
70.436142
16.800001
12.017086
65.932709
83.552147
33.194736
4.349722
47.007042
85.562187
51.401039
6.272867
28.004663
80.266434
70.146461
16.337053
13.303474
67.876778
83.598816
34.827129
7.100060
49.338421
87.230522
52.833878
6.137683
28.226213
80.510521
70.390541
17.003849
13.394669
67.400955
82.904121
32.501118
5.360915
48.567017
86.864136
53.151985
6.995990
29.479877
81.033546
69.947441
16.177193
13.775006
67.653084
82.110191
32.113808
5.448892
48.641582
86.148521
51.011581
5.213930
28.676825
81.620949
71.174820
16.916410
15.083924
69.172821
83.870789
33.321339
6.433799
50.139328
87.996567
52.759846
7.436945
30.926125
82.759819
70.815407
16.847746
14.833942
69.358429
83.958229
33.067600
7.425680
52.103779
88.502968
52.498062
7.228806
31.125145
82.979759
70.961319
16.662672
14.627413
68.967903
83.487236
32.952801
6.065800
49.345394
85.664650
51.362953
6.314709
29.476124
82.184219
71.169456
16.751722
14.626339
69.272064
82.653069
32.662586
6.333485
52.074810
88.719154
53.640148
9.442701
34.150677
85.471535
72.375381
19.433931
19.012823
73.097969
85.853477
35.893040
10.179772
53.375683
90.252838
55.060646
10.365918
34.900085
85.718292
72.344261
19.311623
19.086317
72.054588
84.840675
34.743446
9.316638
53.462585
88.869354
52.060326
7.744863
32.385784
83.317184
69.963539
16.324179
16.403034
69.194275
79.812073
30.562418
7.350042
51.168224
86.573921
51.180027
8.059754
33.388393
83.796227
70.237122
17.442659
17.922237
71.675323
84.482872
33.972580
9.395494
54.943165
90.569878
53.687355
9.109571
34.042850
85.241402
71.157654
17.943159
17.246321
71.133514
85.709175
37.360210
12.913481
55.832050
88.611328
50.552925
6.334021
31.022686
80.772835
67.177254
14.001921
14.200405
68.178795
79.797050
29.461639
5.988552
50.739609
85.610474
49.191437
5.937590
31.368153
81.809242
67.585487
14.709488
15.912190
69.285477
79.861427
29.209511
6.334021
51.352760
85.178101
47.660965
5.034222
31.171816
82.137543
66.388687
12.702660
12.802974
66.258331
79.011696
27.923660
5.066945
49.946209
83.822510
47.471066
5.271329
31.230288
81.247055
66.197716
13.979391
16.116037
70.320808
80.134476
28.759438
6.690755
52.498062
85.700592
48.074028
5.164041
31.460423
81.964272
66.167671
12.506321
14.562503
67.971725
77.566528
26.931780
5.456402
51.022312
83.291435
46.567158
5.122199
31.981306
81.365608
65.311516
14.041081
17.660990
71.356140
79.448364
28.380709
6.482079
51.778160
84.632004
46.408909
5.487515
33.387856
82.366074
66.178940
13.563648
16.156809
70.178116
79.945648
29.324846
8.139148
53.360126
85.586327
47.976929
7.226660
34.628647
83.650314
67.103226
14.659599
17.878786
70.930740
79.028328
27.310509
5.137755
50.737999
83.726486
44.500786
2.797260
29.597359
77.992462
62.218388
10.230735
14.392450
69.022079
76.436241
25.994616
4.996671
49.536369
81.708931
43.404297
3.114297
31.053263
79.869469
63.325603
12.872711
18.123404
71.822304
80.477257
29.276031
8.788242
54.842316
86.995560
49.165688
8.465840
36.529259
84.618050
67.071045
