-33.824112
-35.084751
-35.611000
-34.637894
-35.662498
-36.641506
-37.208523
-37.138248
-36.794926
-35.465626
-33.515659
-32.341389
-30.901577
-31.830158
-34.144905
-35.651768
-35.748329
-35.086361
-35.659279
-35.604027
-35.917309
-34.772541
-31.223442
-37.555599
-47.932529
-51.103981
-52.466003
-56.944756
-61.520607
-63.589127
-65.793900
-62.038811
-50.118534
-49.754829
-55.840225
-65.527824
-71.449074
-74.398964
-74.103920
-71.024742
-70.870789
-70.348831
-68.335030
-67.284134
-68.633286
-71.077316
-71.244690
-71.075706
-72.428078
-74.892494
-75.953033
-76.793640
-77.834877
-78.224869
-80.568047
-82.963257
-84.817200
-88.798668
-90.989502
-95.183403
-96.792198
-97.926239
-99.768913
-101.368050
-100.969467
-100.461998
-100.436249
-102.418938
-103.804031
-104.886566
-106.120384
-106.669167
-107.541954
-109.681290
-111.926834
-112.434845
-112.573242
-113.654709
-114.850441
-116.148094
-117.388344
-117.914597
-117.929611
-118.197296
-118.376472
-118.835663
-120.410126
-121.052246
-119.980431
-122.742035
-124.278938
-125.179092
-126.075485
-126.223007
-125.205376
-125.070190
-126.394127
-129.190063
-131.750504
-135.596786
-140.875381
-143.131653
-142.359711
-143.236252
-143.988342
-144.054337
-143.265228
-142.029800
-140.660797
-141.286285
-148.482117
-167.324097
-168.928604
-153.674881
-161.201157
-162.110428
-149.320587
-142.390823
-144.162689
-149.978256
-133.353928
-121.617119
-118.668831
-119.789459
-117.020882
-112.527107
-109.993492
-109.669487
-109.356201
-108.980690
-108.154037
-107.163765
-107.702354
-107.706108
-108.490387
-110.095421
-110.833023
-112.094734
-109.630325
-111.067986
-113.583366
-115.019958
-118.832443
-122.791389
-135.908463
-146.013947
-137.317688
-136.172928
-140.026184
-150.347336
-156.794281
-160.073013
-167.847672
-159.202911
-150.564056
-152.796722
-156.038971
-159.459869
-163.530380
-176.925873
-189.000107
-187.691193
-185.412384
-186.614548
-190.253235
-193.581879
-194.893478
-197.441040
-201.004623
-203.265182
-205.949539
-207.971924
-209.096298
-211.371887
-214.232742
-216.696075
-218.752258
-221.697861
-230.281464
-237.930588
-246.417633
-249.875534
-255.550018
239.317703
230.000778
226.308990
224.393356
222.894531
218.184570
212.758469
210.975876
209.065063
206.552368
203.571365
200.406357
196.885696
194.624588
192.843597
190.381851
188.565994
190.669388
193.212677
193.130600
192.184845
189.996689
187.423370
185.384369
183.652725
182.368484
181.425964
180.127762
179.762985
179.258194
176.968124
174.035400
173.172256
173.004898
171.763031
170.652054
169.356552
167.555176
165.977509
165.653488
164.525360
162.945541
162.366180
160.892044
159.909271
160.101318
156.980301
154.946655
153.380249
154.380173
154.301315
153.027802
152.336334
151.930771
150.686234
150.459854
151.871231
153.461777
153.887177
153.432816
151.166885
149.022186
148.448196
148.082886
148.674576
149.867630
151.248428
151.127731
149.732437
149.153625
148.847855
147.933212
147.162888
146.952591
146.665070
144.511795
143.743607
145.747208
147.192383
146.688675
148.972305
152.653366
152.522476
153.090561
152.723099
151.677048
150.854141
151.817047
154.196167
157.010880
157.135330
159.701675
162.464355
163.331238
165.217361
165.145493
166.173309
166.135223
166.386276
166.655029
167.089554
167.109940
169.799652
170.793686
163.514709
157.127289
154.690765
152.614746
152.601334
152.102982
151.139526
149.584381
148.524368
149.912155
149.863861
149.434708
147.112457
145.205414
143.004379
139.063156
137.262848
136.747864
136.416351
135.737213
135.514053
134.704025
134.129486
134.013626
133.818359
137.424850
144.157196
147.575943
151.042969
154.371582
157.002838
158.886826
159.705429
156.674530
153.974625
152.686081
150.780106
148.777573
148.548508
148.608063
147.675186
146.635559
146.034744
145.870056
146.345886
146.111450
146.667740
146.621078
145.453247
145.150146
145.210236
144.722076
142.684128
142.727051
142.251755
141.992661
141.341415
140.761520
139.342102
137.571304
138.534210
138.796539
137.902832
137.881897
137.595978
137.231735
137.040756
139.891418
141.940628
142.873489
144.577240
144.918411
143.889511
144.067612
144.450104
145.387268
145.250473
145.174835
145.285339
146.614639
146.648438
146.251999
145.210770
144.027924
143.387939
143.674942
144.104095
144.805756
145.828217
148.313553
152.991867
156.932556
160.850739
163.870361
167.712357
169.551285
169.611893
170.321075
171.458862
173.052109
174.651764
175.407074
175.454285
175.783661
175.991272
176.285233
176.254654
176.347458
177.003525
177.975021
179.316666
182.690353
185.782944
188.583160
191.751389
195.126694
198.323349
200.584991
203.320847
206.098007
208.785583
212.170532
218.503754
231.102631
240.377716
241.630829
242.964966
244.093109
245.718521
248.056335
250.103928
251.423050
253.977051
-253.801224
-250.785339
-248.911011
-246.819962
-245.464371
-244.694046
-243.035370
-240.482437
-238.329163
-237.081940
-236.164627
-234.510773
-231.882202
-229.842651
-229.821732
-230.375336
-229.531525
-227.239304
-225.780182
-225.733505
-225.398239
-224.058197
-223.178970
-222.147400
-221.450027
-220.098190
-219.024231
-219.155655
-220.762848
-222.388260
-223.993835
-225.393951
-226.934601
-233.052185
-240.870819
-245.793747
-250.242462
255.198517
245.771088
239.136383
229.287842
218.259140
205.307831
185.414932
162.724518
145.301971
129.507507
71.916718
-144.834763
245.274979
180.406281
96.365692
-52.921791
-152.312668
-189.215027
-213.929459
-231.398682
-245.803223
252.616821
240.677765
230.176392
221.057404
212.853073
206.708130
200.027283
193.536865
188.561890
184.471527
181.921814
178.198380
173.915421
170.069672
167.037170
163.798126
161.503769
158.803864
156.904861
155.239212
151.951889
148.990738
147.253738
148.207520
151.272217
151.256119
150.213821
149.044373
147.802505
147.806259
146.861053
146.589081
145.691620
141.675812
139.565445
140.460770
140.986481
140.921036
140.926941
140.226349
140.972000
143.747009
145.043594
146.495743
147.448456
148.864670
148.144226
146.559570
145.046814
145.411057
145.829483
145.139618
144.923965
145.226517
148.487549
155.294998
160.464142
162.012848
163.953705
165.170349
166.554901
168.709793
170.193588
171.664520
173.315689
173.846756
174.537155
173.867142
174.121964
175.938889
176.969925
177.534805
177.952148
178.429581
180.337708
183.761810
185.919388
187.030350
188.847290
191.060104
193.067490
194.445602
195.382767
197.225449
198.796692
199.660889
200.167831
200.907578
202.395142
203.647186
205.526352
207.563217
208.839417
210.269028
211.258224
211.303833
210.225571
209.154846
209.863480
211.265198
212.735046
214.853455
216.081909
216.916611
217.874695
218.915939
218.793091
219.240479
221.060623
221.593323
221.615845
221.566498
221.913574
222.994507
224.155899
225.072678
225.134369
225.727142
226.727066
227.764008
228.754272
230.753052
228.995132
226.061340
225.947083
226.871368
227.361145
227.607895
229.197372
231.104965
233.457794
239.135498
240.856400
238.579208
239.199341
240.522202
241.474915
239.195587
236.744583
237.916702
239.672470
241.735092
243.742462
246.207413
248.626770
251.349213
253.813614
255.780212
-253.755432
-252.205658
-250.792664
-248.520828
-245.469559
-241.893631
-238.403534
-234.602844
-233.029999
-231.735031
-227.095886
-226.114197
-228.134430
-228.394608
-226.871109
-223.187363
-222.369293
-222.227142
-222.392899
-222.646637
-222.842438
-222.801132
-221.990570
-220.979370
-221.501862
-222.116638
-220.610840
-219.227356
-218.580414
-215.031311
-206.662811
-202.985504
-201.442703
-199.811386
-198.355484
-197.026169
-195.242508
-193.778549
-193.299515
-192.840851
-192.374146
-192.074814
-192.345718
-194.512405
-196.916199
-197.567978
-198.443451
-200.637497
-203.761200
-207.915939
-210.466721
-212.544357
-215.451340
-215.899811
-215.438461
-216.026947
-215.782333
-215.561844
-216.429276
-218.815369
-219.122208
-219.749313
-220.331360
-220.710617
-222.494827
-227.594772
-239.722107
-245.723831
-246.829437
-245.850967
-247.100342
-247.910904
-248.051453
-250.435394
-251.151550
-248.148544
-243.011581
-241.783127
-242.876923
-248.067535
229.506363
170.189835
136.733032
126.893082
119.321747
108.944817
86.418007
71.363304
64.297295
59.688183
55.124138
52.405449
50.358925
47.999111
45.806137
43.373375
40.746418
38.840443
38.428989
37.026196
35.807400
34.706085
33.694893
32.677799
31.458466
30.761627
30.918268
32.902031
35.400242
36.731152
32.263664
28.944698
27.298897
25.645582
24.376362
22.631313
20.679201
18.921282
17.877903
17.365065
16.334560
15.439775
15.982655
18.315104
18.337097
18.302765
17.613974
16.088333
14.395859
11.912133
9.543742
8.342113
7.470931
7.070745
6.812181
6.827201
7.432307
7.916178
8.295442
7.927443
7.575537
6.877626
6.267156
6.597067
7.322873
7.323410
6.451692
6.154503
5.885745
5.118097
4.229213
4.002834
3.485704
2.809251
3.380562
7.024075
9.079184
9.865607
9.702529
8.487489
6.848122
5.140091
3.162230
1.606549
-0.129377
-1.933431
-3.844237
-4.872596
-4.690206
-3.931141
-2.892053
-2.676403
-1.948988
0.002051
6.212975
9.428407
13.148632
11.231925
11.467422
24.506716
37.939220
44.448940
43.201714
34.817127
28.915195
33.275394
39.375275
40.978161
42.135265
47.547966
50.302597
51.664623
58.168980
63.903008
66.722008
68.916054
69.499702
72.199081
74.008499
77.054947
79.498444
80.565422
80.316513
83.013748
90.285217
93.455048
96.702675
99.819939
100.915352
102.195305
104.990166
108.638504
113.527634
116.327324
118.764381
122.719566
125.621719
128.281387
130.830566
132.826660
134.935959
137.242661
139.479614
140.136215
139.638397
140.639938
141.178528
141.394714
141.397400
140.158752
138.651886
138.584290
139.067627
138.873444
139.192627
139.769836
140.539093
140.952682
141.512726
142.381226
144.102676
145.970566
143.869858
142.802338
144.071564
146.149200
145.547852
145.423386
145.384766
145.105820
145.344528
145.857376
146.425461
146.343933
145.321472
143.992706
143.856979
144.036697
144.608002
145.361694
145.722733
145.998459
146.923279
147.796616
148.232742
149.342102
150.230988
151.141861
152.182556
153.414764
154.914124
154.714035
154.391083
153.186783
152.647659
152.446487
152.657303
152.427719
152.024841
153.196426
155.248322
156.786835
158.342514
160.109024
162.067566
163.896835
165.027115
164.934311
164.696671
165.048584
165.178391
164.871017
164.201538
163.035309
161.879288
162.859360
164.359253
165.273880
165.516891
166.123077
167.097244
167.874557
167.087601
165.855392
165.557663
165.408539
165.073257
165.204681
164.570068
162.844879
161.129333
161.667389
161.648605
161.327286
161.485001
158.803329
148.518127
136.328018
126.542252
117.842239
109.711388
102.483910
94.221626
87.536484
83.798027
83.103867
85.569893
83.953590
75.682732
70.475494
68.222969
66.940338
65.763924
64.855728
64.758629
64.435692
62.793644
62.072666
61.007828
60.882839
63.040409
63.782307
63.653561
63.479752
63.116581
63.601524
65.003250
66.460762
67.272934
67.584602
68.332939
70.601021
72.731766
73.404465
71.708237
69.953529
69.956749
68.274467
65.929146
64.378830
64.423355
65.592262
68.325432
66.517624
60.441883
58.030579
57.725880
53.585621
50.375015
49.907776
51.856133
51.518173
49.554798
48.658939
49.733971
50.790760
55.208359
60.199947
62.597843
68.150551
71.804794
71.070404
71.568756
76.099548
80.125008
83.140884
85.797874
88.649605
92.219086
102.690437
112.681664
115.618683
114.836555
114.844597
113.120476
109.275261
104.728920
103.906555
99.992676
94.185143
91.016380
89.183899
88.504761
86.795662
85.930916
86.008163
85.021111
84.571037
84.553337
84.166023
83.957344
83.799629
83.109230
83.156975
84.038353
85.833817
85.648209
83.657478
82.506271
81.793343
81.425880
82.091599
83.117279
84.127937
85.564529
86.912071
88.659798
90.557190
91.502403
92.227135
93.652992
94.121849
94.724266
95.083687
94.615906
95.600281
96.811035
97.355522
97.694557
98.627968
99.782921
102.070847
104.955833
106.130104
105.875290
108.658356
117.916801
122.653580
125.226357
128.597900
130.620285
133.140488
135.742233
137.581146
138.228638
138.330017
139.900726
141.603394
143.145126
144.981903
147.482788
148.840530
147.967743
145.613831
145.848251
144.147202
143.144592
139.986557
135.133362
130.622971
126.903275
124.479095
121.631660
119.016510
118.640465
120.277679
125.002663
128.946579
132.347626
134.556686
135.071136
134.029373
133.718231
134.392532
135.612946
138.259216
141.102890
142.396790
143.166046
144.032394
143.645081
143.409058
145.191650
148.211273
148.884521
147.511765
147.908722
148.996628
148.766495
151.464264
155.983246
157.464371
158.900421
162.242447
168.345551
157.734192
139.615341
129.481415
123.311798
120.159668
118.413010
116.546730
114.169220
112.026138
110.603493
109.734993
108.766716
108.560181
108.440018
108.804802
109.679741
109.031181
108.172874
108.060219
107.836525
107.765717
106.961052
105.975609
105.068481
104.025108
103.185577
102.686684
102.178139
102.142197
102.044029
101.796188
100.776413
99.862854
99.440140
99.269547
99.847298
100.607971
101.173378
100.810745
100.825768
101.194305
102.035980
102.989777
103.553040
104.070168
105.017525
105.906944
107.682030
109.420097
110.348679
112.245003
114.028671
115.330620
116.125626
117.515007
121.160126
124.333717
124.336403
124.781647
126.090027
127.806641
128.946045
130.420181
130.424484
128.529770
126.862503
125.986496
125.720955
126.052475
126.602867
126.268127
127.839363
129.316727
130.039322
131.209290
132.740829
134.212296
135.835571
137.975967
139.995132
141.778275
142.764786
144.493744
146.031174
148.120621
151.274902
154.771957
157.139816
157.916046
159.222290
161.185669
162.703262
163.874313
165.674606
168.172821
170.584656
172.926758
175.999496
179.007324
180.992172
180.311951
178.634506
180.405304
181.467987
182.527466
185.594299
189.370316
191.854568
193.827621
197.662643
200.592163
203.334976
206.142715
206.700089
206.908218
205.659378
206.461899
209.244965
211.890152
214.212418
216.295410
219.074188
221.626038
224.263184
228.245193
232.332336
234.521561
232.769012
230.206955
230.865173
233.172943
235.274734
237.007431
239.524963
241.384796
243.285416
245.748749
245.519699
242.258133
240.652557
240.713181
238.802902
235.532227
234.236710
233.805954
233.768936
234.738281
235.715149
236.034332
236.798218
238.120544
239.850571
241.709351
243.482285
245.125412
247.788849
251.450592
254.262619
-255.352951
-252.365509
-249.020798
-245.786057
-242.792709
-240.037537
-236.691757
-233.111008
-229.343033
-225.553070
-223.264084
-221.579651
-218.785858
-216.779572
-217.798813
-217.539169
-214.732513
-214.054977
-212.920944
-210.587418
-208.536072
-206.708954
-205.817383
-205.324936
-204.297638
-203.244614
-202.630920
-200.826324
-197.850693
-194.878799
-191.621506
-188.997238
-187.376648
-184.946030
-182.570663
-179.765076
-176.135513
-172.596603
-169.662796
-166.824493
-165.459244
-164.290878
-161.467041
-158.734406
-156.066681
-154.929962
-154.237946
-152.643646
-151.517120
-151.368530
-150.578354
-148.947021
-146.835052
-145.360916
-143.218369
-140.731964
-139.164474
-137.231140
-135.024750
-133.088730
-131.850082
-129.818054
-127.100433
-123.897873
-118.947052
-113.344460
-111.220688
-110.837662
-111.723328
-111.184746
-110.385445
-109.577026
-107.978432
-106.503212
-106.888382
-107.366882
-106.585289
-106.817566
-107.053070
-106.582069
-106.745689
-105.848755
-104.617622
-103.922394
-102.778702
-100.366318
-95.699806
-90.502754
-89.307030
-90.919571
-93.070168
-95.066269
-95.294258
-94.455261
-93.971924
-93.430122
-93.898972
-93.025108
-92.495636
-91.932915
-92.628143
-93.195160
-94.871536
-97.576286
-98.114334
-98.087517
-98.520958
-97.965210
-97.739365
-98.328918
-98.130432
-97.401947
-95.744331
-94.891388
-94.080284
-93.830307
-94.379089
-94.953613
-95.545311
-96.085518
-97.508156
-98.761826
-99.921074
-101.298119
-102.366714
-104.447037
-106.588509
-107.725769
-109.829155
-110.848930
-109.925713
-110.397781
-113.348747
-115.011185
-115.481644
-116.600662
-116.625870
-116.414513
-116.515366
-116.389839
-116.964905
-116.549164
-115.845886
-114.629234
-112.176086
-112.773148
-113.925957
-113.166359
-112.407829
-114.334732
-116.307228
-118.146149
-116.941833
-116.350677
-117.147293
-119.437897
-122.274071
-125.432640
-127.049469
-132.094177
-136.660370
-139.250839
-141.315613
-144.132996
-147.761490
-151.862045
-155.779144
-158.716171
-160.275070
-160.911819
-162.903091
-164.922256
-166.022507
-167.920441
-169.384918
-169.550690
-171.195419
-172.842819
-174.456436
-175.762146
-178.049530
-180.464584
-181.960190
-184.147263
-185.123047
-185.403610
-186.911545
-188.374969
-189.361481
-189.371674
-190.005203
-184.053391
-158.854568
-140.160645
-128.577255
-120.802605
-114.758514
-111.075310
-110.659569
-111.704018
-112.625092
-114.859367
-117.760445
-118.670250
-119.086533
-118.507172
-118.113426
-118.160095
-119.384254
-120.551018
-121.296135
-121.032738
-120.208763
-119.116570
-117.722893
-116.477814
-116.577591
-116.358727
-116.343704
-118.363945
-122.412468
-125.287262
-127.949623
-133.200317
-138.766968
-143.070313
-146.503540
-148.487839
-149.442703
-151.386765
-152.757370
-153.928421
-153.983139
-155.711014
-159.341125
-161.765839
-164.438400
-167.235931
-169.403168
-171.517822
-173.570236
-175.427933
-177.923462
-180.637329
-183.383377
-185.941666
-187.825104
-189.253647
-191.620972
-195.627136
-198.934830
-202.745712
-207.875168
-211.350784
-213.641388
-215.648209
-218.237625
-219.947800
-221.171951
-223.059158
-224.313354
-226.167847
-228.185928
-230.741547
-233.144806
-234.219299
-234.609283
-235.561478
-236.927795
-238.610077
-240.834152
-241.568008
-241.230057
-241.309448
-243.247604
-245.198654
-246.554230
-250.381744
-252.875137
-251.883789
-251.920258
-252.736725
-253.514038
-251.655792
-251.588745
-251.014755
-249.363052
-248.244034
-248.042862
-248.340591
-248.814804
-246.706055
-247.031677
-247.393768
-245.862762
-244.779694
-242.953110
-240.183456
-238.221680
-238.238312
-235.980972
-231.814423
-229.204636
-228.823227
-227.836716
-225.760681
-221.500259
-219.859818
-219.589996
-219.488068
-219.457489
-220.262695
-220.770691
-220.591522
-219.138306
-217.840118
-217.024719
-216.438934
-217.298309
-221.052872
-226.020859
-227.705276
-226.830353
-225.254822
-225.082611
-224.866425
-225.235504
-225.797165
-226.420502
-228.205780
-229.576385
-228.616165
-228.150528
-228.205246
-227.836716
-228.315750
-228.355988
-226.570709
-222.978699
-220.102829
-217.801498
-213.933212
-208.322571
-204.667786
-202.905579
-200.140762
-196.592728
-191.251358
-186.108490
-181.672653
-176.977722
-172.185150
-166.391571
-160.041183
-153.942917
-147.953537
-142.607361
-137.077179
-130.606079
-124.694496
-119.947517
-115.009575
-111.300079
-105.862167
-101.511086
-97.164299
-93.454262
-89.993141
-87.767975
-85.961777
-84.748886
-83.164772
-79.072258
-74.167564
-70.846992
-69.068687
-68.311234
-66.383263
-64.665573
-62.957542
-62.672691
-61.755913
-61.149734
-61.420639
-59.894463
-56.999821
-53.456085
-48.481663
-45.609013
-44.681503
-42.204216
-39.859428
-37.434711
-33.758476
-26.909723
-19.038511
-15.440596
-5.843114
7.674684
11.962463
13.229540
12.407175
13.608805
14.397910
14.999798
17.739943
19.270948
18.583765
20.947865
24.084442
27.703815
27.713470
24.185829
24.558121
30.442350
34.542374
35.028927
38.057678
41.351967
42.967194
42.791775
39.653591
37.554497
36.075527
31.988911
29.633932
28.530472
27.132504
26.015095
23.165514
18.063417
14.080337
15.991142
20.950546
22.193483
18.376699
14.581373
14.250389
14.298132
10.969510
3.812303
-1.916897
-6.609154
-8.398187
-10.917854
-16.954435
-22.653055
-25.891558
-26.509003
-27.155415
-29.542580
-29.140249
-27.617290
-24.541332
-18.390490
-13.089372
-12.976183
-16.061258
-18.491877
-20.401609
-19.767000
-16.904009
-15.258205
-16.481829
-16.761316
-16.022635
-16.744150
-19.268644
-17.467274
-13.242794
-10.043990
-6.527615
-4.919898
-7.100534
-11.296046
-13.590944
-14.669729
-15.350473
-14.148844
-8.597207
-5.849015
-0.668060
12.562742
33.812279
50.953205
62.559662
68.945999
75.254555
85.233986
92.949089
93.026337
94.794449
105.368797
111.545387
114.634758
115.405090
110.994461
108.921112
105.501297
98.798996
96.911789
90.993225
83.568871
80.170509
85.429245
94.011246
99.841835
105.434242
108.383064
106.253929
101.722603
107.647064
124.135139
137.100403
127.061432
110.293335
101.558990
89.826996
87.762772
88.820633
92.281754
100.713020
109.492966
117.720909
125.971382
132.759521
136.519440
139.867371
143.624069
146.231186
150.190125
152.130966
154.203781
159.561752
161.551422
164.541016
168.900681
171.364548
173.837540
175.512848
166.565002
161.266571
159.186249
158.335983
156.622055
155.609787
154.814255
153.079926
155.368927
157.337677
159.806381
162.638245
162.356079
163.238525
163.910690
164.852676
166.595047
168.676971
169.865189
169.794388
169.138855
166.839661
164.760956
162.772354
158.372467
154.964447
152.461945
149.441254
145.431351
140.341049
135.792557
132.795990
128.952393
124.887230
123.050453
116.570778
111.248199
107.489891
105.280823
100.067146
88.386116
83.642899
85.512398
87.199509
77.860054
71.780556
69.647133
65.695160
57.038067
44.594219
35.744541
27.437740
19.368044
12.707046
9.716382
12.963465
14.698318
13.613096
7.911791
13.729504
14.500370
12.680759
10.990431
8.080770
4.103590
0.221361
-4.485380
-14.841391
-25.631382
-33.885075
-41.199997
-44.845119
-49.348015
-53.438919
-58.574280
-59.974392
-60.621876
-68.560677
-81.038315
-90.200737
-91.781631
-105.993057
-115.121155
-117.588249
-124.646751
-135.300491
-149.571442
-163.719559
-171.138550
-174.451080
-178.297363
-183.078674
-188.080994
-191.741135
-195.330475
-198.580246
-201.673370
-202.675446
-200.016846
-198.135544
-196.899033
-194.123489
-192.435837
-191.403183
-190.198334
-188.359940
-187.145981
-186.374039
-185.931473
-185.802185
-184.692291
-179.864853
-172.250595
-164.444290
-157.538681
-149.239929
-139.875259
-119.287163
-117.301788
-124.606514
-126.277534
-123.842621
-121.000557
-118.693855
-116.948273
-114.754761
-112.068260
-109.593658
-107.363129
-105.242577
-102.759926
-99.826660
-95.790466
-92.141586
-89.545746
-87.129608
-84.108910
-80.967506
-78.072327
-73.659019
-69.217819
-65.345779
-61.653454
-58.362919
-56.421001
-55.136757
-52.311321
-48.333603
-43.943359
-40.966106
-37.607445
-33.341125
-30.356899
-28.863981
-26.703194
-25.393204
-24.588539
-21.731449
-13.963236
-5.359244
10.716310
26.388458
35.317532
39.931469
41.575127
40.829472
43.119007
46.723896
51.245567
56.530056
61.295803
65.018707
68.086082
67.450401
65.633476
64.122856
65.609871
67.918175
69.631577
71.229095
78.758591
84.359047
87.884003
89.631195
92.272636
94.099754
93.761261
94.265518
97.543724
100.859467
102.832504
108.694733
117.776695
120.159035
119.657463
120.516838
124.171082
129.952316
137.904526
142.330170
142.919724
142.900955
142.951904
142.433167
141.115677
140.354462
139.848587
139.197891
145.383072
146.833069
143.681473
138.729034
136.979172
132.591614
124.306267
118.828125
118.445641
118.155960
109.815361
104.908531
100.956024
96.243385
94.098686
91.353172
88.215523
85.907753
82.992195
80.974098
74.365669
70.434090
67.803383
66.564201
69.379982
69.157356
72.195763
70.848221
71.933983
72.672661
74.148949
74.103889
70.481300
68.868217
66.656464
61.021145
53.066788
48.845528
49.108917
47.550552
44.594219
43.302471
44.513756
49.182949
52.903172
53.090927
53.682621
55.580551
54.052765
52.723999
55.347736
55.007633
53.296921
51.839943
54.434715
57.738659
58.085201
59.829170
63.525791
65.451080
65.985374
67.550179
64.585266
61.593529
58.734295
60.912785
66.130219
70.567131
72.065407
71.769295
71.546135
72.164650
73.924721
68.265259
59.890327
49.967762
41.047268
34.511799
28.658144
23.474504
13.910284
5.428065
-0.579547
-4.012239
-7.310820
-7.358027
-9.244156
-9.640586
-7.070494
-7.381094
-11.516523
-10.804666
-7.880521
-6.188583
-5.269122
-3.351879
-1.939427
-2.037060
-5.940210
-9.584260
-11.627566
-12.948824
-14.845146
-13.171984
-15.278591
-22.428823
-28.097406
-27.625338
-24.276331
-25.330439
-25.208130
-26.328758
-27.531996
-27.051880
-25.401249
-26.805119
-30.119791
-31.392769
-29.046907
-26.187674
-24.983360
-28.833405
-29.186382
-24.692074
-24.015621
-25.568619
-27.534679
-28.693394
-25.076702
-23.254408
-23.758127
-22.583319
-20.639790
-22.459936
-23.608995
-23.076845
-22.086037
-19.245041
-9.522033
-0.416469
5.256940
6.119003
8.140852
10.750105
13.078263
16.315689
18.078438
18.548361
19.205502
20.777277
25.279634
30.611328
35.936588
38.837128
40.441624
41.614288
41.960293
42.998306
45.423561
48.704441
53.935287
62.259254
68.044777
67.681068
66.300804
63.526329
61.238941
61.199245
65.736473
69.743156
68.051750
66.962776
68.471252
67.295906
64.586342
59.903736
55.327354
52.797493
54.666992
57.656048
58.880745
59.399483
61.684723
63.960846
66.934883
66.838860
65.218803
65.012276
64.722061
68.051216
71.894821
72.617943
73.649521
74.695045
75.396179
78.920067
82.285164
84.294670
86.834724
88.370018
86.742455
85.367554
82.762062
81.657524
79.116402
77.890099
75.505074
79.193649
86.079414
82.483643
82.126373
87.542290
82.422493
76.470673
74.071701
70.042488
67.426262
62.414822
57.735439
56.488750
73.696190
73.973534
72.007477
68.437988
66.179031
67.224022
68.342506
68.295830
68.745369
69.478149
70.396538
68.971748
65.899544
66.257355
67.207390
66.439743
64.328850
61.818298
57.353493
50.745602
51.017044
57.862576
57.717735
56.285439
57.432350
57.784794
55.742023
51.559387
49.211380
48.556385
46.706192
45.377964
42.646938
43.227367
45.686417
41.783268
38.391346
38.339310
37.104958
33.564976
31.857483
31.130604
29.865675
29.606037
31.090372
32.510334
34.090691
35.855583
37.617794
37.519627
39.587074
43.156559
42.355114
42.138390
40.919060
39.192787
36.603920
34.063332
33.060722
32.170765
31.137579
30.383341
27.844362
28.970354
29.011660
28.378122
29.116802
28.773479
30.254059
31.524889
32.884769
33.077888
32.651955
31.584970
30.606501
30.729347
33.296757
35.770290
36.916130
37.267498
39.820427
42.877605
43.507927
45.362942
47.914261
48.066612
45.163921
47.642818
51.752502
53.050694
53.631660
55.519398
57.578262
60.773846
64.616913
69.337601
70.262428
71.567589
75.884338
78.142220
77.333267
78.837990
80.404930
81.012726
82.518517
85.113281
93.321381
103.213371
111.174706
118.721909
122.525276
124.123337
124.172157
124.074524
124.980576
123.480148
112.106506
95.860893
95.304070
105.495934
109.605080
109.853455
107.558556
105.178894
103.660233
100.956566
95.735901
92.213631
89.714882
78.345535
77.172333
83.520592
84.200798
78.251656
73.992310
70.234001
67.426796
65.578217
66.874802
67.564125
67.434845
67.617767
67.225098
65.572853
60.431061
56.859428
53.650970
50.877029
49.253757
46.845669
44.710629
42.330975
38.978748
39.228195
41.342846
41.885189
37.854904
31.404726
31.841927
40.228657
46.116642
47.126225
47.448093
46.527557
45.944981
40.402466
32.727592
23.310354
13.551405
9.038856
8.559277
9.649863
8.293201
1.978208
-0.751208
-0.881564
-0.729751
-3.164124
-5.273413
-7.286680
-10.462952
-11.834634
-13.622595
-15.334917
-13.991131
-12.555613
-16.036047
-21.336092
-24.999990
-27.591005
-28.551773
-31.486645
-35.099583
-37.340836
-40.171638
-42.418255
-42.572216
-38.810684
-44.128433
-49.485882
-52.808064
-59.038837
-63.229519
-65.835556
-69.008072
-70.790665
-71.595329
-71.933823
-71.493408
-70.889908
-72.582382
-75.048943
-77.649078
-78.333572
-79.710625
-81.879990
-84.724739
-87.288399
-88.550110
-90.650818
-93.726234
-95.329124
-96.083908
-97.712006
-100.694084
-105.463593
-111.289352
-114.499954
-117.258339
-119.409470
-120.129913
-120.026375
-120.934036
-123.350166
-123.113602
-121.853500
-121.331001
-119.900314
-118.863907
-117.038933
-119.323105
-125.678329
-134.566101
