164.454926
162.094589
159.187073
159.812561
162.759766
164.900711
161.903610
157.998322
157.358871
159.688110
161.223404
158.266006
155.288208
156.822433
159.442947
159.716537
157.491913
154.716904
153.603790
154.134857
154.531830
150.882416
149.752136
153.278702
158.522949
160.373138
156.718903
153.080215
153.089874
154.451355
156.107895
155.297867
153.062515
152.806091
154.641800
156.989807
155.268356
152.688080
153.772766
155.649231
156.703873
154.312424
152.770157
155.615982
159.263245
159.782516
156.517197
153.188034
152.958984
154.268967
155.141769
153.948715
152.791611
153.894531
157.169510
159.615692
156.971024
153.565155
155.305374
159.095871
161.951889
160.376892
157.168442
155.885269
157.807343
160.224014
158.172119
154.581177
154.515198
156.496811
158.834625
157.511230
154.216934
153.810318
156.430298
158.605026
156.454971
154.568848
156.643265
160.610779
161.626266
157.777298
154.109650
154.194412
157.165222
160.181625
157.999924
153.948715
153.988419
156.809021
159.394669
158.049271
156.411514
157.074554
158.027817
159.220322
157.038086
154.584930
156.251129
159.811493
161.819931
159.339951
156.776840
158.666183
162.082245
164.438293
162.043625
158.182312
158.054108
159.866745
161.575302
159.709030
155.878296
155.078995
156.984970
158.886658
156.731781
153.116699
152.400009
153.564087
155.526932
154.444382
152.393570
152.936447
155.249054
157.205994
154.631073
148.949615
147.769440
149.277924
151.007401
148.988770
146.004013
147.938965
152.784637
157.187210
158.706955
159.314209
162.265701
165.929077
168.732513
166.728897
162.364410
161.324783
163.570877
167.044876
166.350708
164.025772
164.499451
166.189240
166.753586
163.654022
159.874786
160.088287
162.735092
164.319214
161.209991
156.544022
154.989944
157.506393
160.874176
160.524948
159.385010
161.568329
164.447952
165.695175
163.178192
160.963760
161.608566
162.302719
162.214752
160.647263
158.559433
160.561432
164.714035
166.088394
163.076279
159.862991
160.300186
163.244720
164.254303
160.667648
155.249588
153.399933
154.950790
156.795609
154.524857
150.245651
148.411560
150.367432
152.320618
150.701630
147.214218
147.109085
150.263901
151.556183
148.844467
146.119888
145.909592
147.567734
149.784317
148.103653
145.334534
146.054443
149.085327
150.933380
148.279602
144.688126
145.300735
148.399231
150.741867
149.658249
147.154144
146.627365
148.030151
149.913071
147.242661
142.335831
140.773163
143.259583
146.525436
146.309784
143.899551
144.514847
147.857422
150.481689
147.533951
141.922760
140.765121
142.701675
143.975723
142.294510
138.941757
139.124680
142.175430
145.533554
145.664444
144.175812
144.912888
147.125168
150.410339
150.059509
147.129471
147.400909
150.205429
151.739105
150.080429
147.039352
146.397766
147.263580
147.914276
146.257751
142.942001
142.810577
144.867828
147.033447
146.547958
142.901764
140.823059
141.675995
144.032593
144.107697
141.708191
142.068146
144.916641
147.367645
146.336609
144.095886
144.709579
147.311325
149.126099
147.465286
143.214508
141.799377
146.088226
150.590591
151.314255
149.088547
149.484985
150.899048
151.907547
151.235397
148.354706
147.800552
149.144882
151.237000
150.008545
147.737793
147.366043
149.038132
150.853989
149.957047
147.345123
147.041489
148.303741
149.751053
148.230789
144.756790
143.986450
145.494400
148.603073
149.114838
147.016281
147.482452
149.200134
151.359314
149.594955
144.757858
144.233215
147.413788
151.141510
151.694046
148.159973
146.693878
149.064957
149.670593
147.571487
143.740234
143.171066
146.412781
149.297760
149.306885
146.688507
147.785004
150.936600
154.617661
156.061752
152.663940
150.599167
151.350723
152.028259
151.513275
149.911987
149.309570
151.354477
153.471283
153.553360
151.071777
149.179214
151.283676
153.859665
154.051712
151.535263
152.399475
157.656601
162.073669
162.059708
158.652237
158.502563
160.206848
162.179886
161.071060
155.537659
153.157471
156.518265
159.744431
157.188828
152.071167
150.504227
152.081360
154.079071
152.681107
148.123489
145.926758
147.506042
150.136765
150.811600
148.332169
148.129395
150.126038
152.564163
153.199844
149.594955
146.495926
146.663300
148.318756
147.938965
144.887146
144.256287
146.749130
150.661392
151.357697
147.478149
144.658615
146.684219
150.475250
151.383987
147.955582
146.919724
150.515488
154.258774
153.286743
148.331635
146.199814
147.406815
150.681244
150.104568
146.647202
146.114517
148.495789
152.062592
153.515808
150.498856
149.042953
151.371109
153.751846
153.869324
150.726852
149.565979
151.317474
152.674133
152.489059
151.344284
151.256851
153.183212
155.239395
153.957291
148.687302
145.889206
146.984085
150.061661
149.547211
145.987915
143.262253
143.197891
144.484268
143.089523
138.840363
137.618896
141.016174
145.134445
145.401581
142.094955
141.934570
145.453079
149.309570
150.774048
148.614868
148.217911
150.925323
154.008804
154.628922
151.465530
149.118057
149.957596
152.163437
152.038986
148.287109
147.265717
148.373474
150.236542
151.246124
148.744690
147.250168
149.344437
152.558792
154.185822
152.640869
151.483231
152.171478
154.005035
154.663254
151.590515
150.421066
153.463242
155.943741
156.367538
151.559937
149.029541
150.974686
153.785095
153.692825
148.725922
145.597397
146.645599
149.703857
151.719803
149.851379
148.975357
149.569199
150.799805
151.011703
148.099884
147.381058
149.666306
150.897964
151.677414
150.005875
149.158295
150.241898
151.182816
152.775513
151.382919
150.443069
152.364609
153.620956
153.619339
150.931229
151.215012
154.707245
157.276794
157.724731
154.699738
152.747086
154.715820
158.093262
158.978394
154.841354
149.881943
148.929764
151.736435
153.583405
150.161438
145.580765
144.223022
144.790573
144.903763
142.350845
140.200790
142.232834
145.046463
145.499756
142.847046
140.850418
141.854095
145.274445
147.837036
146.115051
145.080795
147.465820
150.926941
153.332336
151.530975
148.144409
148.782242
151.858200
152.330811
148.836426
146.488953
147.539841
149.368576
149.421677
147.010376
145.838791
148.324661
151.266510
152.327591
149.632507
148.184647
150.684998
154.242142
155.328445
152.086197
150.410889
151.470886
153.740570
155.632599
154.429367
153.107574
155.026428
158.340561
158.878616
155.089188
152.454727
152.398392
154.295258
155.924423
153.646698
151.775055
152.691299
155.164825
155.475967
152.355484
151.297089
151.595886
152.615128
152.277695
150.026794
148.931381
151.126495
154.208359
155.114944
153.024429
151.056763
152.448822
155.753311
157.364243
153.359695
149.275772
149.924332
151.880737
152.976151
150.130859
147.986694
149.217834
151.190872
153.301773
151.845322
150.851837
153.209503
155.890640
157.089050
154.151489
151.573349
153.235779
155.488846
155.067734
151.046036
147.615479
148.366501
151.403305
151.608749
148.288712
146.070526
146.176743
148.171234
150.327728
148.572495
146.195526
147.699173
151.017059
153.584473
151.380234
149.683472
151.267578
154.242142
155.879898
153.852158
152.473495
153.472885
156.861053
159.431686
157.705948
155.518875
155.833771
157.363174
157.570770
154.731918
152.063126
153.012085
157.843277
161.341949
159.125381
155.861130
156.545090
159.674164
162.405182
161.777542
160.152664
160.475601
161.895569
162.073669
159.570633
157.341171
158.625946
161.325333
163.358444
161.469635
159.074417
158.936020
160.625809
161.308167
158.499893
155.981827
156.751083
159.083542
161.442810
159.019699
155.006577
153.688538
153.944962
154.518417
151.742325
149.434555
150.587906
153.713760
155.721115
153.139221
150.712357
151.691360
153.532974
154.823120
153.186432
150.577713
151.662933
154.221222
156.270966
154.111801
151.262222
151.029404
152.918213
155.021057
153.451965
150.992920
150.774048
153.005646
156.027969
155.034470
151.764328
150.488663
153.081284
155.880981
153.455185
150.883484
151.640945
154.962051
157.426468
155.983444
154.239471
154.514130
156.343933
156.775223
152.647842
149.799881
150.157684
152.062592
153.224518
151.854980
151.070175
152.753525
155.431976
157.367996
154.860123
150.907089
151.470352
155.014618
158.610397
157.016632
153.022812
151.746628
153.786179
155.164825
153.680496
152.187042
152.348511
153.563553
154.334412
152.116760
149.760178
149.976364
152.165588
154.867645
153.943344
151.704773
153.651520
157.766037
160.163925
157.111572
152.053467
151.038513
152.457947
153.925644
151.954224
148.345581
148.203430
150.719330
153.235779
152.515884
151.023499
152.203674
155.169113
156.877151
154.679352
151.969238
152.324905
154.161148
155.316635
153.091476
149.930771
149.242508
151.004181
152.882263
150.631897
147.640152
148.603073
151.569061
153.946030
151.649521
148.188400
149.592270
154.354797
157.819687
156.583725
153.538330
153.146729
155.010330
157.950577
157.779984
156.775757
157.263931
159.524490
161.437439
160.011047
157.572372
158.130280
160.935867
163.282806
161.535614
158.363098
158.010117
160.292145
161.805984
159.739609
157.351898
157.196335
157.049881
155.652451
152.805557
149.533264
149.839569
152.740646
154.971176
153.936920
150.980042
151.409729
155.178238
158.733246
157.837921
154.091949
154.672913
158.085754
161.206772
160.090439
157.043442
157.321854
160.161255
162.216888
160.720215
157.969345
157.051498
158.685501
161.448166
160.024994
156.490906
156.389526
159.416672
161.941696
160.446640
156.919525
157.104065
159.013794
161.839767
162.150909
160.568405
161.219650
163.174973
164.280045
161.740540
157.523560
157.494598
160.445023
164.024170
163.331619
159.170975
158.269760
160.262100
161.596771
158.677444
155.489914
156.305847
158.767029
160.540512
158.462341
155.273727
153.759354
155.313431
158.002609
157.724731
153.876297
151.075531
151.571747
153.929947
152.256241
148.644913
149.440994
152.678955
155.872925
155.081146
151.295471
149.793976
151.790070
153.509903
150.934982
147.846695
147.913742
150.641022
153.483627
152.414490
148.668518
148.323593
150.987564
152.886566
152.146805
147.876190
146.655792
151.026718
155.518341
155.610077
152.549667
151.729996
154.759811
157.310593
156.150269
153.139755
152.568451
154.980835
156.962982
156.946350
153.276550
150.972534
153.958908
158.942459
159.725662
157.863129
157.862061
159.473526
160.715927
159.851715
157.203308
156.526321
157.961838
160.310379
159.200485
154.307053
152.172562
153.261536
154.886414
154.516800
151.537415
149.659332
150.920502
153.499176
153.998611
152.324371
151.622696
154.106964
157.107819
156.591766
153.919205
152.684860
154.509293
157.634064
158.918854
155.667480
153.264221
153.117767
153.544769
152.828629
149.753204
148.597168
149.636795
151.624313
152.179535
150.116913
149.908234
152.393036
155.350967
155.782806
152.615662
151.671524
153.516876
154.586014
151.777206
148.200745
147.764618
149.501083
151.267578
151.088943
147.442749
145.168777
146.974442
150.107254
150.016068
145.873657
143.581970
144.433853
148.375092
150.966629
148.975906
147.652496
149.954376
153.304443
155.231354
153.764709
152.858124
154.062439
156.135254
155.577896
151.494492
149.784317
152.280380
155.389603
156.557968
155.084366
154.149338
155.448074
157.888885
158.002609
155.426071
153.363998
154.082825
156.003830
156.152954
152.706314
150.152313
151.400085
153.801193
154.287750
150.257996
147.669128
150.231171
154.819366
156.734451
154.922897
153.449829
154.376801
156.556366
156.769867
153.768478
153.347900
155.957687
159.964371
161.652023
159.487473
158.821747
160.185928
162.656235
162.358521
158.043381
155.657288
157.289139
159.669861
160.963760
158.694077
156.367538
157.448456
160.846817
161.724442
158.752548
158.085754
160.612396
163.651871
162.842926
158.972488
157.821289
159.314743
161.116119
161.261490
159.405396
158.681198
160.696609
163.669037
164.656631
160.169830
155.754913
155.928192
158.680130
159.572769
156.750015
156.255951
158.463409
160.226151
160.149979
156.652924
155.796753
158.416733
161.052811
161.760376
160.066833
160.492767
162.323639
163.367020
161.274902
157.799835
157.218857
159.765884
162.033966
162.208313
157.996704
156.267212
157.845428
159.705811
160.494385
158.672089
157.541260
159.680054
162.165390
163.006531
160.273361
157.673767
157.691467
158.392593
157.964523
155.463089
155.035004
156.033859
158.009583
158.899536
156.229126
154.745331
156.507004
159.319565
159.019699
155.935699
154.653595
156.972107
160.106537
160.589325
157.337952
155.495819
158.328766
161.871964
163.404572
161.660599
160.687500
162.460434
164.637848
164.806290
161.579605
160.014801
162.084396
165.713425
167.644608
164.583145
162.617081
164.838486
168.349503
169.899277
167.374237
166.122726
168.818878
172.091171
172.710770
170.428207
168.867157
169.618713
172.712372
174.110886
172.135696
171.248962
172.372269
175.682648
176.878922
173.498260
170.458252
170.981277
173.499344
174.833466
172.650681
172.080444
174.405380
176.039383
175.782440
172.474731
171.018295
173.938675
177.391754
178.415833
176.166519
174.492828
176.106979
177.677689
178.182480
177.043610
176.686340
177.046829
178.740372
179.867432
177.278564
176.465317
178.853561
181.391998
182.848984
181.997116
180.312149
180.779922
183.633789
184.892822
182.808746
180.386719
179.635696
181.623215
184.163269
182.386032
181.011673
182.072754
183.076431
183.866074
181.841003
180.164093
180.548187
181.921478
182.912277
180.254211
179.135193
180.159256
180.525116
180.470398
178.196426
176.505020
178.044067
180.885605
182.333466
178.855713
175.742737
178.061768
181.267014
182.556625
180.286942
178.225922
178.690491
180.905991
181.778244
177.687332
174.586166
175.044296
177.733475
180.384567
178.349838
175.399414
174.912857
177.381561
180.304108
178.823517
177.823593
179.187225
181.360886
181.852814
179.295059
177.758682
180.656006
185.203964
187.732208
185.254929
183.608582
184.626205
186.071930
187.403366
185.046783
182.817337
183.978195
184.664841
185.195908
183.750732
182.377441
183.512024
185.765076
185.253845
180.899017
177.893875
178.574615
181.731033
184.431488
181.490707
178.648636
179.546112
182.179504
182.877411
179.955414
177.852020
178.408859
180.164093
181.807205
179.296661
177.074188
178.919006
183.086624
185.161575
181.768051
178.057480
178.053192
179.697922
180.680679
178.281723
175.529770
176.552765
180.884537
184.208862
183.067856
181.995499
184.418076
187.057907
188.041733
184.933060
181.391998
181.664520
183.723373
184.573639
182.366714
181.201035
182.566269
184.962021
186.343903
183.523819
181.540604
183.313004
185.888458
186.653427
183.863388
181.282578
181.707962
182.941788
183.886993
181.715485
179.813263
180.548187
181.799164
182.474014
180.634552
177.952881
178.686188
181.580826
183.288330
180.591095
178.378281
180.299271
183.978729
186.466751
184.860641
182.836639
183.447647
184.953445
185.964096
183.722305
180.826599
181.272385
184.528046
186.047791
183.203568
179.713486
180.283722
182.143555
183.818863
182.020172
180.100784
181.517532
183.568344
183.772202
180.754715
178.493073
179.442581
182.044312
184.782318
183.991058
182.224564
182.767975
185.090240
186.687225
184.265182
181.395767
180.740768
181.978333
183.597855
181.513779
179.075119
180.309998
183.245941
185.303741
183.509338
181.373230
183.117737
185.667984
186.841721
184.425049
180.860397
179.859924
181.999786
183.130081
180.946762
178.647568
178.417969
180.312683
183.002396
182.393539
181.059418
182.971832
186.247879
187.981125
184.968994
180.878098
180.609879
183.849442
186.785385
185.767761
182.819473
182.222946
184.045242
185.735580
184.154678
181.486420
182.066315
184.263580
185.681931
183.200882
180.544968
181.059418
182.483124
183.837646
182.456848
180.255280
180.439285
181.648956
182.653717
180.507950
177.461502
177.372986
178.770950
180.071823
178.135269
175.792618
176.697067
179.257507
182.365112
181.431702
178.400269
179.837936
183.248627
185.760254
184.631577
181.770203
181.005768
182.861313
184.544144
181.890900
178.666351
178.973724
181.914505
185.445892
184.187408
180.316437
179.814865
182.037888
184.566132
182.465424
179.346558
179.789124
183.065170
185.571960
184.165405
181.402740
181.344803
182.837723
184.753342
183.819397
181.087845
180.949982
184.000183
185.581619
182.654785
178.874481
179.094955
182.274994
185.735580
184.833817
182.175751
182.597931
184.666443
186.539703
184.127853
179.406631
178.254364
179.992966
182.228317
181.602295
179.853485
180.765442
183.319443
185.151932
183.353241
180.015488
180.261185
182.259430
184.559158
183.337677
181.124863
181.599075
182.965927
183.565125
181.133972
178.145996
179.040787
181.228928
183.135971
181.960098
179.928055
180.725204
183.247025
185.632034
184.816650
182.524429
183.846756
186.378235
187.349197
183.870895
179.921616
180.416748
182.492783
184.386963
183.127930
180.195740
180.291229
183.628433
185.567673
184.414322
181.926834
182.216522
185.200211
188.469284
187.898514
184.481903
184.337067
186.274155
187.768692
187.861496
185.701248
185.124573
187.752594
190.293716
188.554047
185.251709
184.369797
185.287643
186.448502
186.186188
184.840256
186.314392
190.136536
193.061768
192.662125
189.626923
188.639328
190.927261
193.324097
191.803802
189.159149
189.705246
191.097839
193.471085
192.676605
188.318008
186.605682
187.614731
188.217697
186.197983
183.012589
182.567886
184.303818
185.214157
184.059189
181.545959
182.335068
185.441071
187.216156
186.220520
184.134293
183.457840
184.412704
185.932983
184.847763
181.932205
181.696167
183.650955
185.901337
185.631500
183.104324
182.926758
185.399231
188.027252
187.897430
184.485672
183.015808
184.404129
187.183960
186.306351
182.483124
182.232605
184.445435
185.646530
184.423981
181.203171
180.732178
183.854813
186.452805
186.462982
184.149323
182.917648
183.832809
185.857880
185.834274
183.233078
182.938034
185.769913
188.773987
188.780960
186.215149
184.173462
184.681473
186.568130
185.979126
182.207397
180.473618
182.397827
184.565598
184.532333
182.370468
182.266937
184.931992
188.397400
188.294937
184.185257
182.476151
184.088699
185.556946
184.554871
180.600754
179.550400
181.926834
185.450729
186.638947
184.536087
184.905167
187.671585
190.037842
189.704178
186.810608
186.215149
188.836212
191.485687
190.691757
186.011841
183.552261
185.453949
189.538940
189.752457
185.060196
183.144028
184.630508
186.614273
185.655106
183.250244
183.164948
184.605286
186.445282
185.134766
181.666122
180.990753
183.271164
185.756500
185.860565
181.738541
178.392761
179.150208
182.004089
183.098419
181.294907
181.090530
183.750732
186.375015
186.262360
182.678925
181.705826
184.395004
187.400696
187.142120
183.394547
181.302414
182.747055
185.833740
187.197372
184.816116
184.464203
186.952225
189.926254
190.933701
187.918350
186.245193
186.437775
187.246735
187.438248
185.155685
185.104721
187.264435
189.455261
190.470749
188.458023
187.939819
190.623627
192.835403
191.982437
188.679565
186.505371
186.991928
188.398468
189.130722
186.797195
185.700699
187.575027
190.454651
190.898819
187.283203
185.936203
188.371643
191.373581
191.785568
188.073395
186.522003
188.191406
190.114548
190.178925
186.981186
184.999039
185.357376
186.975296
187.498856
185.272629
183.447647
184.389648
186.423294
187.090088
184.181503
182.928375
184.636948
187.446823
189.204742
186.559006
184.473328
185.443756
187.160370
187.376556
184.724380
184.391251
187.588974
191.000748
191.488907
188.852844
187.671585
189.125885
191.188507
190.662796
186.895355
183.618240
185.257599
188.162430
188.141510
184.552719
182.629044
183.507736
187.435562
190.343079
189.142517
188.110397
190.500244
193.579971
194.146454
190.337173
186.911987
186.918427
189.335098
190.845184
188.733749
187.614197
189.987411
192.948044
193.131516
189.809845
188.003113
189.855453
193.268311
194.523575
191.171875
188.219299
188.442459
189.018600
188.483231
184.806992
182.885452
184.951828
188.957443
191.505539
189.615128
187.928543
189.251419
192.368149
193.121857
189.514267
187.036453
188.286362
190.160690
190.578033
187.223663
185.394394
188.108795
191.660034
193.306396
190.508835
187.746155
187.999359
189.205811
189.209030
185.794052
183.897720
186.047241
189.001968
189.026642
183.934204
180.218277
181.125397
182.706818
182.921936
180.348083
178.941010
180.239197
182.758865
184.695953
182.487411
181.353378
183.528122
186.143814
187.505295
184.972214
183.369873
185.481842
188.414032
189.732071
187.548218
186.065491
188.200531
191.097305
192.525864
189.567383
187.167877
188.607681
190.767929
191.528076
188.488586
186.029541
186.444214
188.031540
188.463379
185.223816
183.633789
185.877731
188.650604
190.251343
187.819107
185.391708
187.607758
191.176163
192.304321
189.050247
186.529510
187.050400
188.589447
189.084045
185.722168
183.497009
186.097672
189.904800
191.249664
188.171021
184.084946
183.272766
185.016739
186.110016
183.882172
182.241730
183.978195
186.361069
186.824020
182.417679
179.177032
180.938171
183.390244
183.444427
180.079865
176.697067
177.416977
181.846375
185.258148
184.631577
182.555542
182.040558
184.992065
187.164124
184.275909
182.301804
183.837646
186.190475
187.017670
183.950302
181.465500
182.381744
185.582153
188.117905
186.156677
183.280273
183.284042
185.067169
186.585831
183.648819
180.474152
180.870041
183.186935
184.359070
183.121490
182.653717
185.071457
189.611374
191.533432
188.817429
186.019348
186.516632
189.596878
189.764252
185.611649
182.867218
183.352158
184.508194
186.104111
183.235748
179.919479
181.309387
183.743225
185.632034
185.186798
183.427795
184.526978
187.315399
189.555038
187.552505
184.312393
183.490036
184.796265
184.725449
182.477768
180.980011
182.941254
185.909378
186.840637
183.230392
178.399734
178.330002
182.270157
184.941635
183.818329
181.596924
183.485199
187.814285
189.967560
187.394257
184.027542
183.272766
184.299515
185.215225
184.279129
184.037735
185.520996
188.100754
190.143509
188.123276
185.805313
185.722168
186.754272
188.615738
187.367432
186.045639
187.798187
190.526535
192.270523
190.212723
188.240753
189.667694
192.913712
195.654404
195.080399
193.319275
193.981232
194.781067
194.551468
191.118225
188.237000
188.387207
190.013168
191.112869
188.668839
186.172775
186.763931
189.129639
191.671310
190.257782
187.350266
187.792831
188.833527
189.981506
189.831314
188.270264
189.398941
192.161621
192.771027
189.965424
186.392181
187.428055
190.307663
191.441711
190.202530
187.672134
186.734436
188.412415
190.639725
189.935379
186.462448
186.688293
189.353867
191.113403
189.632828
188.303528
190.321075
193.014038
194.441498
190.818359
184.910522
182.666061
183.886459
185.904556
184.276993
180.408707
179.557907
182.206329
186.309570
186.241440
183.173523
183.771118
187.170563
189.168259
185.874512
181.847443
183.101105
186.110550
187.178070
185.940491
184.788757
185.078964
187.622238
190.174088
189.427368
186.427048
184.862778
186.287567
188.733749
187.185043
183.752884
183.071060
185.471115
188.031540
186.416321
182.658005
182.472397
184.201889
185.984482
186.610504
185.520996
185.480225
186.330490
186.397003
184.445435
182.195053
183.273300
185.941574
187.176987
184.403595
181.670959
182.634933
185.137985
186.893753
185.845551
183.897186
184.442749
185.806381
187.027863
185.923859
184.461533
185.723770
188.968704
191.470139
189.848480
185.371323
183.609116
185.827301
188.140442
187.498322
185.215759
185.983414
188.617340
189.617798
186.643234
182.523361
181.332458
182.529800
184.042557
182.126389
179.458664
179.797699
183.316223
186.448502
184.599930
180.827133
180.478989
182.268555
184.013596
182.831818
179.300949
178.740372
180.904373
182.343658
181.026688
179.039169
179.263947
178.441040
178.651855
176.701889
172.762268
171.712448
173.808868
176.066742
173.760590
168.783478
169.236771
172.447906
174.904816
173.082520
168.691208
167.711670
170.567139
172.741882
170.266739
166.071228
166.061569
168.949768
171.545609
170.284439
165.148010
163.207169
164.305267
164.974747
162.843994
159.511612
159.728333
162.085464
164.079422
163.114899
159.950958
159.407013
160.714325
161.967453
161.365021
158.062683
156.885727
158.957474
161.410080
161.242172
158.242935
157.754227
160.420349
164.245178
165.328796
163.323578
163.448563
165.771362
167.174683
166.159210
163.746292
163.240417
165.259048
167.340454
165.703766
162.624588
163.455536
166.699936
169.461533
168.168182
163.875565
162.700226
163.672256
165.824997
165.840561
163.034424
161.843536
162.294678
162.990982
162.421814
159.829727
158.105606
158.828186
161.053345
161.753403
159.594223
159.478897
162.003922
164.542374
164.172226
160.996490
161.042618
163.719467
166.214462
166.384506
164.468338
164.293457
166.817947
169.371414
168.325897
164.283798
162.563431
163.832657
165.079880
162.727585
159.117325
158.418884
160.901001
163.635239
163.068222
159.185989
158.478973
161.601059
164.988693
164.092300
160.352219
160.447174
164.016113
166.874817
167.116745
163.884155
163.336441
165.857193
167.843628
166.840485
163.454468
162.671265
163.593933
165.142639
164.414688
161.888046
161.700302
162.993118
164.703842
164.489258
161.270065
160.929428
162.900864
164.790741
165.514938
162.099945
159.660217
161.131134
163.010834
163.039795
160.875259
159.685425
160.670868
162.327942
162.260345
158.537445
157.086899
159.469772
163.261887
163.738235
160.442337
158.442490
159.822220
162.126236
162.298431
160.175201
161.068375
163.934036
164.943619
163.760773
160.171432
158.911331
161.091980
164.110535
165.323425
162.544128
161.052277
162.272141
164.953278
165.833588
163.900787
163.094513
164.528427
166.699402
166.750900
163.147079
161.904678
162.818237
163.404037
163.357910
159.539505
157.751556
159.554535
161.878937
161.007751
158.159241
157.543945
159.974030
162.889053
163.906143
162.081177
160.865601
161.306015
163.866989
164.450638
161.702988
161.180481
163.831589
167.096909
168.089859
165.313232
163.345566
163.926529
166.543289
168.330185
166.453705
164.975281
165.884003
168.473419
168.731979
164.652344
162.124084
162.521591
164.267166
166.300293
165.455933
164.640533
165.859863
169.210480
169.507675
165.646896
163.670120
165.528885
169.347809
172.232254
170.637421
169.897125
170.044113
172.104050
172.277328
167.667145
165.032135
166.785233
169.471725
170.191101
166.573334
164.115891
165.418915
168.437469
170.485611
168.623077
166.238068
167.227798
169.488358
169.561325
166.180130
163.527420
164.205490
166.007385
165.436615
161.395599
158.540665
158.821213
161.012589
162.859543
160.656921
159.449921
161.950287
165.213989
167.589355
167.238525
166.026169
168.050156
171.417404
172.295029
167.550201
163.468414
163.985535
165.377075
164.815414
162.676620
162.175583
164.658234
167.187027
167.153229
164.190460
162.197586
164.334229
168.173004
169.368729
166.082489
163.082169
164.059036
165.692505
165.224716
161.661133
159.747650
161.746964
164.670578
165.184494
161.183701
157.089584
158.204849
161.973343
164.967224
163.993057
163.297287
165.217743
167.732590
169.410583
167.098511
165.930145
167.953598
171.320847
172.134094
169.423996
167.584534
167.436478
169.860657
170.200760
166.596405
164.917877
166.994446
169.288269
170.273712
168.432114
167.799103
169.272171
172.372803
174.577591
171.650757
169.194931
171.833679
174.586700
174.013779
171.600327
170.620789
171.973160
174.670929
175.852707
171.999451
168.770065
169.513031
170.279083
169.476563
167.297531
166.248795
167.432175
170.029633
170.599335
168.198761
166.047623
167.939117
170.226501
171.363220
168.567291
166.309402
166.607666
168.484680
171.410965
170.746323
170.211487
171.202286
172.448441
172.616898
169.167572
166.085175
166.560455
169.094620
172.366913
172.416794
171.067642
170.972153
171.259689
172.426987
170.747925
168.758804
167.529816
168.788300
169.679337
167.540543
164.681305
165.237595
167.800186
170.814987
170.016754
167.026627
166.108780
166.817947
167.865082
164.753189
161.026535
161.271683
162.146622
163.303726
163.141724
162.425568
163.884689
165.374924
166.120041
165.280518
163.733414
164.951141
168.652054
170.949631
168.617172
165.150696
166.253616
168.797424
169.695435
166.456390
163.494156
163.973206
165.528351
164.961334
161.854797
160.484726
162.619217
165.514404
166.795425
165.092224
161.755020
161.920242
164.744614
167.443985
166.338913
163.860550
165.180191
167.761017
168.906860
166.502533
162.721680
162.263565
165.612030
167.328644
164.976883
162.811264
163.217896
165.239746
166.920410
165.465591
162.743149
163.534393
166.478394
168.851074
167.507813
165.693573
166.665070
169.836517
171.551514
169.794662
166.946167
166.970306
168.793137
169.888550
167.933212
165.124939
166.085709
169.255539
170.567688
168.358078
166.289566
167.819489
170.678726
172.747787
170.449661
166.783081
167.388199
169.884262
170.296249
167.239594
164.549347
163.908829
165.117966
166.173691
162.791428
158.664032
159.235352
162.960403
166.891449
166.853897
165.210770
164.964554
166.124329
167.752441
166.201584
163.170151
163.136887
164.432938
165.142105
162.504959
159.543274
160.183777
163.373993
165.558929
164.443130
162.054352
162.849350
166.482147
168.929932
167.419312
164.055283
163.829971
166.291702
167.817886
166.786835
163.231308
163.894348
167.164490
169.901962
168.387589
164.892670
163.773651
164.608887
166.112534
163.797791
160.958939
161.818848
164.169540
165.696793
164.779480
161.704056
161.263641
164.578308
166.566895
165.977890
163.837479
163.733948
166.045471
168.836044
167.867767
164.744614
165.400131
168.001343
170.636887
169.668610
167.958969
168.078598
169.680939
172.064362
171.298309
168.816742
168.478241
170.400314
171.367523
170.420166
167.961105
167.936432
170.711990
173.083054
172.013397
168.885941
168.803864
170.802109
172.873306
171.355179
167.231018
167.670364
171.117538
173.669922
172.786942
170.124588
169.461533
170.398697
170.419632
168.895050
166.521301
166.301361
168.948166
171.452271
170.563385
166.919342
166.880188
169.479782
171.188339
170.384750
168.169250
167.486359
169.067795
171.180298
170.303223
166.989609
166.355011
168.680481
171.017761
170.713058
168.484146
168.187485
169.985107
171.928635
171.082123
168.815125
168.289413
170.889008
174.196182
173.988571
170.597183
168.683701
169.966873
171.960815
171.517181
169.404678
168.846771
170.121902
171.520401
171.325668
168.451950
167.067398
167.988464
168.868240
167.850067
166.517014
166.541153
167.498169
168.205185
166.211243
163.861618
163.816025
164.662537
166.004715
164.679703
161.315674
160.729874
162.965225
165.388336
164.767670
161.413300
159.711166
162.126770
166.033142
167.736343
166.376999
165.489731
166.699936
169.093536
169.296310
167.580780
168.243286
170.977524
173.561020
174.964890
172.682343
171.714066
172.279465
173.487534
172.872772
169.560776
168.956207
169.972229
171.353577
172.190414
170.563385
169.848312
171.703873
172.679657
171.183517
168.137604
167.344742
168.568359
169.794128
168.142960
164.219971
162.775330
164.292389
167.259979
167.891373
165.116898
164.584213
166.645218
168.554947
169.202438
166.171005
162.726517
162.377289
165.034286
166.551346
165.189850
165.327179
167.225647
168.519547
168.024948
165.895279
164.844925
165.835724
168.606995
169.449203
166.683304
163.981247
163.294067
166.050308
166.967621
164.673264
164.426498
166.051910
168.514725
168.767914
165.380295
164.319214
167.029846
169.698654
170.990936
169.793594
169.684692
170.826782
172.155548
171.310120
168.140823
167.559311
169.446518
171.807938
172.895844
171.567078
170.309647
170.951767
174.008423
175.064133
172.142136
169.961502
170.952316
172.794449
172.743484
170.066116
168.584457
170.206650
172.681793
171.993011
169.099976
167.767456
168.860184
171.079987
172.458099
169.633743
167.918732
169.214233
171.954391
172.762802
169.237305
166.113602
166.272934
167.308792
167.339371
165.279968
163.939407
164.851898
166.506821
167.928391
166.766449
164.668961
165.111526
167.989548
169.899277
168.274933
167.293243
169.226044
171.899124
172.806793
170.094543
167.844711
169.180450
171.836899
172.498337
167.528198
163.124557
163.161560
165.660843
167.235840
165.023560
162.968979
163.850357
164.497849
164.808975
163.167999
161.947067
163.383652
166.242355
167.505676
165.893127
165.563217
167.165573
169.123047
170.740417
169.813980
168.039963
169.734055
172.788559
174.121613
172.297165
169.049545
167.515335
170.312866
173.068573
171.836365
169.723862
170.024261
172.219391
173.733231
172.188812
170.480774
171.203369
172.799286
174.600113
172.941437
170.630981
171.544540
174.635513
176.505554
174.740128
171.553131
170.832687
172.751007
174.793228
172.923737
170.146042
170.083817
172.228500
174.629623
174.361404
172.718811
171.849243
172.398560
173.504166
171.225891
169.277008
170.646545
173.724640
176.485703
174.106583
172.466690
174.029343
176.039383
176.062454
172.667313
168.706772
168.492722
170.972702
172.611526
171.367523
168.130096
167.080811
168.738953
170.435181
168.830688
166.724075
167.036819
169.692215
172.460251
171.855682
169.239990
168.460541
169.414337
170.966263
169.285583
167.371033
168.779190
171.991928
174.770706
172.877594
170.066116
169.349426
171.677048
174.116241
171.421692
167.296463
166.913971
169.649292
172.525696
171.799896
169.043121
167.677872
168.168182
170.044647
168.911148
167.144653
168.048019
170.691071
172.286438
170.149261
167.425201
168.095764
170.524231
172.319702
171.715134
170.114395
168.956741
169.108566
170.930847
169.500168
166.490189
166.454788
169.455643
171.501083
169.261444
166.881790
167.727219
170.139603
171.920593
170.493118
168.543152
168.714279
170.671219
173.313187
172.005890
168.842484
166.826538
167.367264
169.198151
168.183197
166.028854
165.688202
166.923630
168.601624
166.947769
163.931900
163.607346
165.556244
167.189178
164.615326
161.005600
161.823151
164.414154
166.912903
165.232239
163.982315
165.290710
167.654266
169.744247
167.299149
164.050980
164.393234
167.271240
169.713135
168.535645
167.446671
167.827530
169.430420
171.582626
169.959351
166.629669
166.095901
167.273926
168.446594
167.438614
165.623840
165.895279
168.132233
170.125122
168.520615
165.838943
165.992905
168.122574
170.360611
169.432571
167.224045
166.096436
166.466049
167.495483
167.187561
166.002029
166.739639
167.775497
169.493729
167.106018
162.515686
161.736237
164.185104
168.026550
168.291031
166.905930
167.130707
168.903107
170.629379
169.418625
167.383362
168.322144
171.148651
175.689087
176.875702
174.611374
173.181229
173.719284
176.732468
176.924515
175.107056
175.492752
177.435211
179.012344
177.318268
173.526154
170.811234
170.688385
172.032166
169.952377
165.428574
165.048767
168.375778
172.393723
172.167358
169.242676
168.567825
170.521011
174.046509
173.854996
170.984497
171.399170
173.775070
177.352600
176.468536
172.963974
173.451599
175.042145
177.234039
176.393448
173.065887
172.591141
174.813080
177.771561
178.577835
177.155182
176.420792
177.327393
180.571793
180.917786
177.884750
176.756073
178.642197
181.727814
181.632874
179.099258
178.610016
179.382492
180.637772
179.841690
177.488861
178.242020
180.816406
182.960022
182.880096
181.110916
181.063705
183.334457
187.028931
186.911987
183.450333
182.379059
184.902481
188.065872
186.985489
184.061340
183.648819
185.297302
188.630753
189.618881
187.540161
186.381989
188.521317
190.872009
190.315170
187.322906
186.533798
188.208038
190.714294
190.573746
187.540695
185.433014
186.097672
188.464447
188.540085
186.124496
185.431412
187.317535
190.630600
191.582260
189.776047
189.467606
190.724487
193.309616
193.478592
191.743729
191.357483
193.390610
195.572327
194.902847
193.214661
193.211441
194.283783
195.499908
194.984375
192.136414
191.486237
192.959320
195.458054
195.664597
192.887970
191.367142
192.635300
195.243484
195.710724
192.885818
191.568848
192.731857
194.595459
193.364334
191.515732
191.496964
192.561279
194.776779
195.413544
193.273666
192.683044
194.365326
197.598465
197.778702
194.272522
192.531769
193.572464
195.146393
194.473160
192.112274
192.044144
194.250000
197.593094
197.935883
194.840073
193.198029
194.381424
196.581909
196.740692
194.438828
193.309082
194.184555
196.300812
195.802460
191.904114
190.449829
192.076324
195.049835
195.902237
192.969513
191.502319
193.679214
197.359741
197.796417
195.014954
192.958237
192.632629
194.327774
193.985535
191.140228
190.324829
191.510910
194.090668
194.990280
192.645493
191.583862
192.235123
194.361572
195.219345
193.556381
192.760300
193.977478
195.431244
194.760681
191.226059
189.343689
190.968033
193.831573
194.482269
191.974396
191.393433
194.127151
196.598541
195.719849
192.725433
191.384308
192.153046
194.566498
194.965073
191.934158
188.905411
189.018600
190.884338
190.863953
187.882416
186.158829
187.724167
191.753922
193.795624
191.103210
188.763794
189.957901
192.786041
193.737686
190.605927
188.296555
189.966492
193.858398
196.087845
194.398590
192.854706
193.628799
196.464432
198.223419
196.538986
195.777237
197.346329
200.078430
201.037048
197.907990
195.219345
195.645813
198.315155
199.399841
197.749207
197.413391
198.175674
199.936813
200.511871
197.678925
195.865753
196.375381
198.223419
200.121887
198.762543
197.106552
196.702606
197.565735
198.886459
197.345261
196.180115
197.156433
199.311325
201.048859
199.288788
197.995972
198.430481
199.654648
198.687973
193.839081
190.561935
189.334030
190.502930
192.286621
192.295197
191.793610
193.079483
195.196274
196.385025
193.738770
192.215271
194.880844
198.740005
200.332703
198.191772
195.330917
194.044540
195.225250
196.908066
194.984924
192.865433
193.210373
195.270309
195.820160
192.920685
191.396103
192.547867
195.053589
196.541138
193.540283
190.737900
191.760345
195.239731
196.964386
195.602905
194.438278
195.279419
197.933746
198.665451
195.923157
194.576157
196.084091
197.888672
198.729279
195.473083
193.250610
194.396973
197.932663
200.117599
197.317368
194.304169
194.999939
197.251389
199.346191
198.898254
197.353851
197.197205
199.187943
201.031693
198.297989
195.022476
194.142700
195.604507
197.117813
194.681824
191.806488
192.043610
195.422653
199.069382
199.504974
198.486816
198.050140
199.049545
199.752274
197.586121
194.164169
194.354599
197.034134
200.428726
200.206650
198.300659
198.169769
199.734039
199.936279
196.473007
194.099792
194.458664
195.793869
197.134979
194.868515
192.322556
193.540817
196.791656
199.055969
197.280884
194.979019
193.754318
194.856171
197.609192
196.507874
194.432922
195.081482
198.140808
200.275848
197.993820
194.334747
193.678680
194.854034
195.802994
194.688797
194.633545
195.697311
197.281967
199.077438
197.393005
196.026688
197.682678
200.965179
203.530975
202.422684
199.759781
199.603683
201.142197
203.298691
203.022964
201.337997
200.099350
200.672806
201.622314
199.620850
197.433777
197.807678
200.423904
202.465607
200.560699
197.970215
197.465958
198.395615
199.627823
197.550720
195.586273
195.291763
196.348557
197.500824
195.512772
191.792542
190.720184
192.444336
194.443115
193.754852
192.574692
194.212448
197.123169
199.795197
197.803925
195.895798
196.790039
198.316223
200.413712
199.468506
196.633408
196.893585
199.442215
201.869614
199.938965
195.337357
194.473694
196.566879
198.648285
197.092056
194.879242
195.297668
197.601151
199.222809
197.242798
194.193665
192.451843
192.891724
194.763367
194.032196
191.495880
190.536728
191.972244
194.814331
193.173889
189.089951
189.410736
192.301636
195.114731
194.179184
193.015106
193.972122
196.469254
199.567749
198.822083
197.701462
197.542679
198.079117
198.233078
195.735397
192.685196
192.493149
194.156113
196.434387
195.735931
193.575150
194.063843
197.470795
200.251175
200.055374
198.318375
196.979950
196.937027
198.043716
196.969757
193.892181
193.229141
194.965073
197.175217
196.866760
195.663513
194.894791
194.942001
197.059875
196.667206
193.776321
193.454453
195.759003
197.424652
195.114731
192.031265
191.822586
193.237198
195.620071
195.191986
192.647644
191.632141
192.791946
195.051971
193.483948
190.532440
191.606400
195.114197
198.787750
198.704605
196.569031
196.542206
198.221268
200.105789
198.613953
195.466110
194.236588
195.092209
196.596924
195.577148
192.980774
192.543030
194.421112
196.642517
195.500977
192.497437
192.367081
194.082092
195.629715
194.109451
190.655289
190.668686
193.835327
197.129608
196.681152
193.733398
193.120255
194.723679
197.365646
197.561981
195.093277
194.262329
195.697311
197.980942
197.578079
195.357208
195.022476
195.811035
197.149460
195.731644
192.810715
192.207764
194.270386
197.492783
198.464279
196.305634
194.739227
195.610947
197.152679
195.448944
190.338242
188.409195
190.552292
194.208694
194.731186
193.460892
193.881454
196.098038
199.082260
199.831665
197.583450
197.168243
198.127930
199.442749
198.497009
194.760681
192.901917
192.944824
193.347168
192.772095
190.335022
190.139755
192.566635
196.353912
197.394073
194.686661
193.342331
194.336899
196.137192
195.594849
193.308533
192.634232
195.116882
198.267944
198.086624
195.738083
193.516678
193.129898
194.681824
194.836319
193.286011
193.168533
194.762833
197.013748
197.088837
195.234360
195.428024
197.432159
199.453476
199.441681
196.798096
195.723068
197.239578
201.255920
202.564835
199.105865
196.463882
196.663986
199.484055
200.026932
197.098495
196.217133
198.241653
201.556335
201.987091
199.594025
199.168091
199.646057
201.376083
200.922791
197.975586
196.949905
198.722839
200.824081
199.359070
195.315903
194.068680
194.857788
197.379059
200.114914
198.777557
197.248703
197.745987
199.865463
200.080582
197.548035
196.024536
196.291687
197.992218
198.331238
195.721451
194.702209
195.697311
197.620453
198.186401
196.586197
195.554077
195.520828
197.389252
198.000793
195.902237
194.325638
196.286865
198.926163
198.810287
196.245560
195.058411
196.047073
197.673569
198.181046
196.904312
196.503586
197.494400
199.046860
199.282349
196.244492
194.972046
196.694016
199.668060
201.065491
199.383743
198.577469
199.816116
201.765549
200.931381
196.579224
194.128220
195.006378
197.133362
197.932663
196.434387
196.134521
197.988464
200.827850
201.259674
198.194458
196.999802
198.104858
198.866074
199.178818
196.994965
195.716095
197.607590
200.208786
200.299988
196.765900
194.466187
196.351242
199.370331
199.379456
195.837326
194.171143
195.687653
198.935272
200.069321
199.135376
199.114441
200.795120
203.235397
204.108719
201.087479
199.457764
201.018280
203.984268
205.526535
202.956985
199.727066
199.732422
201.022568
200.575180
197.931595
196.498764
197.518539
199.921799
200.366501
196.956345
194.906601
195.954803
200.185730
202.686615
200.802628
198.847839
199.254990
200.554260
200.706070
198.349487
198.101639
201.141129
204.150024
204.693985
201.143265
198.082336
197.878479
200.009766
201.231781
198.755569
196.874802
198.001862
200.413177
201.502151
199.020569
196.765900
197.236908
198.610199
198.843002
196.112518
193.558517
193.009201
194.289154
195.443573
192.694305
190.036224
190.986801
194.384109
196.901093
195.467712
193.735550
194.032730
197.398376
200.082184
198.828522
197.859177
199.370865
202.496170
204.339935
202.503693
200.283356
199.636414
201.116989
202.104568
199.851517
197.754562
198.633255
201.160431
203.537949
202.852905
201.992462
203.466064
205.443924
206.017380
203.941895
201.747833
202.563766
205.229355
206.792007
203.677429
200.192154
200.083801
203.007950
204.572205
201.714050
199.335464
200.267792
202.612045
204.149490
201.593353
198.674026
198.638092
200.537094
201.921112
199.223877
196.641983
197.039490
198.929916
200.546204
199.235687
198.380600
199.057587
201.282745
202.609360
199.618164
196.294907
196.679001
199.675568
203.086792
201.538635
198.852661
198.792053
199.703995
201.392715
200.199677
198.123108
197.745987
198.568344
198.544205
195.563736
193.335892
193.521500
195.909210
199.173996
198.562988
196.561523
196.463882
197.100113
197.902084
196.949905
195.846451
195.841614
197.341507
199.285568
198.308182
196.455841
196.784683
198.248093
199.663757
198.263123
196.267014
196.521820
198.279205
199.686829
197.843079
195.678543
196.334610
199.043106
201.023651
198.962097
197.447723
198.094666
200.224350
202.401230
200.982346
198.650955
198.352707
200.048401
202.431808
201.586365
198.884857
198.006165
199.832748
202.115311
200.452332
197.868286
198.107010
200.002792
201.817581
199.937881
197.378525
197.364578
198.706757
200.629364
199.837036
198.116135
198.792587
201.134155
203.469818
201.880341
199.480301
200.211472
202.211868
203.319611
201.090698
198.220200
197.520676
199.412704
201.537552
200.621857
198.228241
197.773346
199.976517
202.100815
200.035522
197.613480
198.417068
200.701782
202.475250
199.662155
197.330246
197.816254
199.006088
199.893356
197.253525
194.001083
193.775772
196.048141
199.156830
198.852127
195.847519
194.335831
195.164093
197.080261
195.586273
193.190521
193.539215
195.230072
196.561523
195.782608
194.340118
194.716705
196.083008
198.103790
197.733643
195.514923
195.313217
197.123718
199.244263
198.164413
196.173141
196.729965
198.412781
200.996292
200.468430
198.267410
198.736252
200.030685
201.394867
200.198059
198.333923
198.552261
200.345047
203.135086
202.828232
199.949692
199.442749
201.636795
204.193481
202.375473
198.358063
196.778778
197.426804
199.140732
198.373627
195.348633
194.342804
195.814789
197.922470
197.673569
195.979477
195.168915
195.627579
197.222961
195.973587
192.762970
191.838135
193.104156
196.472473
197.995438
196.860855
196.226242
197.318436
199.074753
198.273849
195.706970
194.837402
197.223495
200.369720
199.692200
197.576477
197.228851
198.481445
201.252167
201.643234
199.450256
198.375229
198.781860
200.249023
198.989456
196.058868
195.237579
197.099579
199.902481
199.359604
196.048141
194.984924
196.218735
198.089310
197.291626
194.964539
193.813873
193.693710
194.642670
192.283401
189.057220
189.495499
191.587616
193.794556
192.643356
188.390961
186.679718
187.026794
187.779953
185.574112
182.589340
182.083481
183.523819
185.185715
184.091385
182.159119
181.832962
182.196136
183.122025
182.454697
180.235443
180.301422
182.627426
184.500153
182.506195
178.386856
176.170273
176.671310
178.873947
178.905060
176.302780
175.447159
177.267303
178.923843
177.773163
175.328064
174.720810
176.701889
179.610489
180.112061
176.583344
173.712845
174.633377
177.050049
176.718521
173.742340
172.459183
173.813156
175.386002
174.892471
172.209198
170.991470
172.853455
175.928345
175.144073
171.888397
170.631516
171.552597
174.417725
174.519653
171.511826
169.765701
170.189484
171.969940
171.751602
169.734055
169.426132
171.721039
173.956390
173.675827
171.454956
171.137390
172.509598
174.571686
174.788940
171.773071
170.397629
171.439941
173.255798
173.276718
170.365982
170.321991
172.891556
175.544250
175.282471
172.752075
171.851395
173.503098
176.919693
178.104691
175.914398
175.447693
177.280716
179.812180
179.798767
177.904068
177.726501
179.127686
180.663513
179.924835
176.363937
174.895157
176.830109
179.221558
178.841766
175.462708
173.292801
176.336044
180.270309
181.307251
178.505417
177.767807
179.820236
182.211151
181.745514
177.912109
175.318954
175.679443
177.727570
178.686188
175.638138
172.746170
172.698959
175.166061
176.571533
173.995544
172.461853
173.291733
175.354889
176.382172
174.376419
173.349670
174.304001
176.191742
177.161621
175.503479
175.839828
177.507095
179.334213
179.600296
177.686264
177.451309
179.259644
181.277740
181.599075
178.454987
176.246994
176.947052
178.958176
178.398666
175.671387
174.322769
175.482559
176.955093
177.036636
174.344238
172.973618
174.062607
176.364471
176.727112
175.198242
174.447235
175.848953
178.947433
179.421661
176.160095
174.248749
175.664948
178.027985
178.637375
176.493759
174.744415
175.790482
178.513992
178.824600
175.683731
174.666092
175.813004
178.124008
178.845520
176.917542
175.397812
175.683731
177.623505
178.346085
175.573761
173.745026
174.485855
176.017929
176.595673
175.089890
174.080307
174.976700
177.075256
176.991043
174.187057
173.150116
173.697281
174.618896
174.483170
171.850311
170.229187
171.532211
174.692917
175.390823
173.213409
171.969406
172.900131
176.095184
178.476440
176.951874
175.443939
175.943909
177.501190
178.988739
176.906815
175.173569
176.591919
179.071899
180.306244
178.003845
176.064606
177.385315
180.090591
180.614166
177.308075
174.883362
175.926743
178.642746
179.519821
176.270065
173.636673
174.210663
176.110199
176.626251
173.873779
172.477417
173.050873
176.257187
179.296661
177.242630
175.395660
175.968048
177.545715
177.684113
175.171432
173.090027
172.415726
172.841660
173.197327
171.350891
169.809158
169.866547
170.851990
171.954926
170.709305
169.805405
171.534348
175.107056
178.018326
177.031265
175.634918
176.550079
178.305313
179.453842
178.151367
176.109131
176.324234
178.409927
180.101334
178.338043
176.170273
175.922440
177.788193
178.987137
175.924591
173.624863
173.704788
175.081833
176.781281
175.509918
173.618423
173.939224
175.958923
177.768875
175.183762
172.584167
173.449448
175.553909
177.192200
175.806580
173.979446
174.636063
176.352676
178.587494
177.535522
175.593613
176.268982
178.408859
179.882462
178.531158
176.414902
176.025970
178.386322
180.660294
179.131973
176.572083
176.670242
178.545639
179.851349
178.625046
176.849945
177.358505
180.356674
182.879028
181.072281
178.386856
177.581116
178.991425
180.199493
178.019928
176.146683
176.630005
178.540283
180.191452
178.428696
176.268448
176.841370
179.439896
182.283035
181.493393
179.013962
178.093430
180.028366
182.284637
181.007370
178.932953
178.941544
180.344330
182.170914
180.918320
178.456055
178.003845
179.682358
181.262726
179.765518
177.175034
175.949265
176.607483
178.149750
176.510925
174.269135
174.475662
176.053329
176.685257
174.319550
172.274643
173.445694
176.291519
178.919540
177.479202
175.311966
175.587173
177.926590
180.294983
178.053726
174.835617
174.588852
176.061920
177.588638
176.802216
174.618347
174.670929
176.344620
177.935715
176.822586
174.644104
174.616745
176.300629
178.620743
177.219025
174.626938
175.159088
177.435211
179.771957
177.263550
173.893082
173.584091
175.599503
178.163696
177.471146
175.391373
175.314117
177.482956
179.679153
177.839691
175.050720
174.793228
176.583344
178.825668
177.587021
175.852707
176.083908
178.265091
180.458603
178.608948
176.147217
175.252426
176.416504
177.902985
175.423553
173.345383
174.012711
176.014175
178.309616
177.116562
174.773392
174.380173
175.589844
177.450226
176.309219
173.871628
174.364075
177.051117
180.154968
179.085312
176.119324
175.689087
177.665344
180.435532
180.529938
179.116959
178.741440
179.131973
179.597076
176.772171
173.465012
173.646866
175.867722
178.591248
178.324097
176.717453
176.905212
178.440506
180.291763
178.863220
176.532913
177.197571
179.287003
181.873734
180.977341
178.666351
178.367538
180.502045
183.021179
181.409164
178.310684
178.378815
180.042313
181.741226
179.896408
176.127899
174.398956
175.679977
178.743591
178.417969
175.359177
174.063675
176.562958
179.400192
178.864822
176.161163
174.832397
176.497513
179.211365
178.131516
175.588242
175.084518
175.828568
177.759216
177.162704
174.599045
174.492828
176.291519
178.414215
177.550552
175.271744
175.829102
178.301559
180.571243
180.070755
177.648712
177.228683
178.567108
180.301422
179.535919
176.918610
175.975555
176.271133
178.150284
177.374054
175.231506
175.820526
178.334824
180.725204
180.130295
177.527481
177.125153
179.067596
182.128006
181.720306
179.826126
179.643738
180.806213
181.952057
180.384033
176.625183
175.358109
176.998016
180.396912
180.558380
178.603577
178.458206
180.805130
183.808136
184.134293
182.360825
180.528870
180.778854
181.735321
180.039642
176.727646
176.380035
178.074646
181.262726
182.119949
179.520355
178.370224
179.211365
181.612488
181.834030
179.291306
178.287079
179.885681
183.091995
183.041031
179.667343
177.849350
179.391083
181.654327
180.436600
177.686264
176.898239
178.946899
181.695633
181.262726
178.384720
177.484024
178.847656
181.306168
181.410248
178.579971
176.009354
176.337112
178.427094
178.032272
175.586090
174.801819
175.859680
178.011887
178.520966
175.974472
175.096329
176.504486
179.051514
178.935638
176.729782
176.120392
177.036636
178.701218
177.980774
175.884354
175.652618
176.675079
179.092285
179.705963
178.097717
177.838074
178.854630
180.612549
179.774094
176.531311
174.850632
175.240631
177.663193
178.314972
176.199783
174.982056
175.801208
177.820374
177.604721
174.880676
173.166748
173.691376
175.924591
176.490540
175.171432
174.535736
175.859146
178.150284
179.395905
177.050049
175.492218
176.389145
178.841766
179.199036
176.743744
175.940140
177.157333
179.546646
179.646957
177.383713
176.702438
178.113266
180.298737
181.086777
179.261261
178.810654
180.317505
182.662842
182.261581
179.453308
178.287613
178.563354
179.649109
178.929733
175.626862
173.557816
173.468765
175.394043
175.765274
173.738052
173.246674
174.382858
176.933640
178.770950
178.106842
178.189453
180.017639
182.601151
182.445038
178.777390
175.950333
175.650467
177.384247
178.604660
177.228683
176.678284
177.445938
179.060623
179.472610
177.257111
176.205154
177.394440
179.749420
180.772949
179.233902
178.550476
179.837402
182.772812
183.954590
182.138199
180.973038
181.622681
183.082870
182.093140
178.354141
177.237259
178.559586
181.210693
182.430557
179.849731
178.144394
179.139481
181.565811
181.916107
178.239868
175.688019
176.340866
177.887436
178.124008
175.898300
174.628006
176.187454
179.185089
179.940933
177.633698
176.761444
177.690552
180.105087
180.907593
179.034348
178.410461
179.688263
182.083481
183.233612
181.284180
180.102402
180.756851
181.622131
181.599075
179.233368
177.337036
178.404556
181.005234
182.130142
180.130829
178.528473
178.831573
180.349167
180.908127
178.664200
177.724884
179.138412
181.734253
181.283646
178.388474
176.407394
177.162704
179.872269
181.341583
179.902847
178.746811
179.839539
183.242188
185.468964
183.311935
181.319046
182.267471
184.371933
183.956192
180.792267
178.515060
179.227997
181.158646
182.031448
180.123322
177.960922
177.219559
178.599289
178.935104
176.108047
175.069504
176.869797
179.507492
180.217194
177.066132
175.488998
176.925583
179.401276
181.516464
179.933426
178.212509
179.188309
181.129684
182.161804
179.497833
178.111664
179.321869
181.828674
182.860245
180.628647
179.030594
180.119034
182.034119
182.575928
179.764984
177.569321
177.988815
179.093887
178.788651
175.455734
173.162445
174.199387
176.694916
177.717911
174.875305
172.840591
173.328217
175.341476
176.997467
174.678436
172.439865
173.650620
176.515213
178.753250
177.890106
176.546326
177.494751
179.904984
180.022476
177.176651
175.965363
177.400879
179.892120
180.828201
177.749023
175.712692
176.191208
178.169601
180.172668
178.022614
175.501343
175.348450
177.355286
179.467789
177.626190
175.866119
177.434677
180.143707
181.286865
179.371231
177.569855
177.785507
179.024689
180.327698
178.964066
177.311829
177.563950
179.651245
180.627045
177.739914
174.998154
175.910110
179.096573
181.234299
179.700073
177.455597
177.205078
179.064377
180.383499
178.091812
176.214798
176.720673
178.128296
178.108978
176.010956
174.460098
175.493286
178.145462
180.330383
179.320801
177.849350
178.763977
180.844833
181.599609
178.807434
176.114487
176.171890
178.858932
181.073898
179.715088
178.100403
178.879318
181.343719
182.679459
180.201645
179.000015
180.110977
181.670425
181.232147
177.783356
175.395126
175.816223
178.428696
180.385101
178.568710
176.918610
177.156799
178.499512
179.960236
178.095032
176.108047
176.626785
179.093887
181.271835
180.110443
179.233902
180.004761
181.819016
182.775482
