205.905167
236.753799
252.556290
252.445786
234.966904
203.476166
158.094772
102.133705
39.896790
-26.469116
-90.511688
-150.179581
-200.850815
-238.597549
248.964371
241.337784
249.676239
-238.199509
-199.226471
-148.955963
-88.936691
-24.407570
41.245403
104.233879
159.328598
204.632736
236.043549
252.342255
252.882446
235.990433
204.893448
159.878983
104.117470
42.014126
-24.224106
-88.558502
-148.304184
-199.407257
-237.711884
249.386551
241.036835
249.013199
-239.338364
-200.767136
-150.689194
-90.971954
-26.523832
39.040092
102.128342
157.542786
203.106018
235.080093
251.873398
252.923752
236.655090
206.024796
161.607941
106.096405
44.299904
-21.826210
-86.307594
-146.216354
-197.766281
-236.390091
250.119873
241.185974
248.665039
-240.264801
-201.978958
-152.481445
-93.014191
-28.515640
36.989811
100.471275
156.031082
201.970901
234.525955
251.654541
253.445175
237.599228
207.495178
163.575073
108.102692
46.676342
-19.588711
-84.160751
-144.155869
-196.261017
-235.169144
250.743759
241.064194
248.096954
-241.400986
-203.608124
-154.430344
-95.387947
-30.906563
34.651463
98.404366
154.301605
200.617462
233.888123
251.467850
254.004684
238.642075
208.834137
165.447250
110.216812
49.035080
-17.183306
-81.954369
-142.018158
-194.532074
-233.734695
251.628876
241.564163
248.234283
-242.133224
-204.610199
-155.952774
-97.301971
-32.836143
32.600643
96.549881
152.827454
199.475922
233.280334
251.176559
254.439209
239.568497
210.146286
167.498062
112.416222
51.886803
-14.482321
-79.602074
-139.558563
-192.848175
-232.205307
252.602524
241.788391
248.151672
-243.095078
-205.707764
-157.301376
-99.005180
-34.372513
30.647997
94.968445
151.401062
198.300034
232.851715
251.067139
255.026077
240.644608
211.312500
169.154602
114.363510
53.885586
-12.196543
-77.387642
-137.551208
-191.286041
-231.217178
253.226410
241.570602
247.410309
-244.110016
-207.341217
-159.147278
-101.059753
-36.427086
28.516714
92.933189
149.811050
196.824814
231.914551
250.561264
254.908600
241.440155
212.644485
171.012299
116.282356
55.494377
-10.301829
-75.797089
-136.219757
-189.878952
-230.775681
253.552032
241.475647
246.693619
-245.196320
-209.237549
-161.243149
-103.553131
-39.225700
26.078049
90.256874
147.710342
195.071732
230.510147
250.001755
254.630722
241.861786
213.518890
172.232162
118.138451
57.553776
-7.978500
-73.633621
-134.186646
-188.323807
-229.525772
254.435013
241.595276
246.317566
-246.193024
-210.749237
-162.973175
-105.686028
-41.363422
23.851814
87.999527
145.800064
193.552521
229.534897
249.548462
254.393066
242.301132
214.421722
173.559326
119.994537
59.511787
-5.742610
-71.603722
-132.448563
-186.629196
-228.422318
255.124344
241.646240
245.583725
-247.220840
-212.382172
-164.974106
-107.934792
-44.064407
21.410467
85.457329
143.645187
191.858963
228.042511
248.880066
254.190292
242.728149
215.469391
174.950317
121.821121
61.392555
-3.677845
-69.564171
-130.566727
-185.003769
-227.304901
255.872131
241.827011
245.348755
-247.947189
-213.648178
-166.491165
-109.828430
-46.011692
19.403639
83.575493
142.034241
190.506058
227.201370
248.559799
254.469788
243.648682
216.631866
176.586472
123.827415
63.498623
-1.399577
-67.429131
-128.570633
-183.356903
-226.211639
-255.396759
241.957367
244.871323
-248.843582
-215.115875
-168.252304
-111.908752
-48.211105
17.290594
81.596558
140.474274
189.190704
226.476639
248.230423
254.581360
244.455490
217.849579
178.288589
125.837463
65.543541
0.874937
-65.301605
-126.686111
-181.639740
-225.040588
-254.580292
242.229889
244.591309
-249.631073
-216.458054
-169.893280
-113.924164
-50.357944
15.166285
79.476540
138.694901
187.729431
225.404297
247.744415
254.530945
245.042358
218.915497
179.787415
127.804054
67.679115
3.175736
-63.051231
-124.589699
-179.799744
-223.707535
-253.621674
242.530823
244.322006
-250.360641
-217.808273
-171.543915
-115.893974
-52.534828
13.016226
77.354378
136.966476
186.288010
224.380768
247.371048
254.612473
245.786392
220.090836
181.317886
129.819473
69.803421
5.487800
-60.803539
-122.640800
-178.083679
-222.500000
-252.841141
242.782425
243.947037
-251.141693
-219.140259
-173.206345
-117.869156
-54.735847
10.925175
75.296585
135.198364
184.908279
223.424286
247.025574
254.705811
246.427979
221.222198
182.805969
131.700775
71.842438
7.732810
-58.660454
-120.697815
-176.330582
-221.284424
-252.058472
243.056549
243.567230
-252.043457
-220.600998
-174.925110
-119.912994
-57.045765
8.659245
73.009735
133.152374
183.301636
222.162582
246.363617
254.491241
246.880737
222.265579
184.296204
133.665756
73.899696
9.839953
-56.572624
-118.908775
-174.779190
-220.200806
-251.473755
243.190109
243.058151
-252.932877
-222.093918
-176.970016
-122.108650
-59.476383
6.262423
70.700356
131.095123
181.649399
220.830597
245.660339
254.389313
247.388214
223.318604
185.641602
135.430649
75.873260
11.998058
-54.288456
-116.880493
-172.965485
-218.890274
-250.666946
243.445465
242.619873
-253.789581
-223.522995
-178.881363
-124.223305
-61.888226
3.891886
68.396873
128.947754
180.017014
219.583893
245.000519
254.223022
247.716522
224.344284
187.013290
137.306046
78.029221
14.303150
-51.963516
-114.823776
-171.159286
-217.571167
-249.792007
243.862274
242.362381
-254.494461
-224.739639
-180.501419
-126.107292
-63.967476
1.987517
66.541321
127.530472
178.812698
218.605423
244.644852
254.290070
248.470749
225.511047
188.563065
139.254410
80.084328
16.293886
-49.889095
-113.042252
-169.613800
-216.288544
-249.302780
244.078995
241.909622
-255.620987
-226.179459
-182.667572
-128.364639
-66.550980
-0.871182
63.956745
124.696449
176.802109
217.096420
243.495255
253.991806
248.295334
226.207352
189.719635
140.786484
82.025177
18.188061
-47.801796
-111.103546
-167.988907
-214.979614
-248.514740
244.413742
241.660721
255.609283
-227.414871
-184.356827
-130.321045
-68.723564
-3.004611
61.881790
122.767403
175.179916
215.898010
242.840256
253.863068
248.753998
227.211563
191.081116
142.547089
84.083504
20.345631
-45.636181
-109.101013
-166.175735
-213.621353
-247.682190
244.757599
241.425217
254.861481
-228.677658
-186.027298
-132.308029
-70.940147
-5.325258
59.690422
120.734825
173.595261
214.721054
242.196533
253.776169
249.175110
228.222763
192.592300
144.485794
86.252342
22.701147
-43.283348
-106.937004
-164.256348
-212.156860
-246.649002
245.323547
241.378021
254.326111
-229.757523
-187.544357
-134.138901
-73.046753
-7.462979
57.603127
118.848694
172.044952
213.573074
241.527054
253.638840
249.628937
229.216782
193.994553
146.293594
88.340172
24.846916
-41.073208
-104.902283
-162.553146
-210.756210
-245.796051
245.708176
241.182220
253.512329
-230.966125
-189.273315
-136.096909
-75.180183
-9.712816
55.441803
116.827919
170.416306
212.408447
240.847382
253.544418
249.955627
230.118546
195.416122
148.078339
90.417809
27.021114
-38.908127
-102.855759
-160.844574
-209.358246
-244.910919
246.095490
241.023422
252.778473
-232.152191
-190.920731
-138.081207
-77.345795
-11.983575
53.351826
114.898338
168.813416
211.191269
240.081879
253.323944
250.302704
231.038010
196.776535
149.763840
92.403183
29.103045
-36.716763
-100.810303
-159.004044
-207.893219
-243.946411
246.552002
240.940811
252.156204
-233.291061
-192.510757
-139.961975
-79.474396
-14.231266
51.190502
112.933350
167.249695
209.994995
239.401138
253.199493
250.712006
232.026672
198.173431
151.602768
94.519981
31.371120
-34.437420
-98.736420
-157.150635
-206.415863
-242.935745
247.120087
240.874832
251.565582
-234.357513
-194.043365
-141.786407
-81.552574
-16.403856
49.071022
110.944763
165.597458
208.787476
238.708588
253.039093
251.063385
232.939697
199.561752
153.432556
96.657173
33.620956
-32.034161
-96.547737
-155.140594
-204.830139
-241.851059
247.758987
240.829773
251.030212
-235.391769
-195.561493
-143.580811
-83.629677
-18.489004
46.991768
109.009277
164.069138
207.569214
238.019791
252.909805
251.425476
233.892944
200.864761
155.186188
98.687065
35.735611
-29.852989
-94.510864
-153.356384
-203.379608
-240.916580
248.273438
240.810455
250.465332
-236.457672
-197.195496
-145.511993
-85.799583
-20.812872
44.839027
107.034103
162.442108
206.331635
237.194748
252.675385
251.775772
234.828506
202.210693
156.858276
100.705162
37.906055
-27.655724
-92.380653
-151.443436
-201.800858
-239.869446
248.775009
240.778275
249.853256
-237.507492
-198.727036
-147.387939
-87.861130
-23.032131
42.699699
105.003670
160.675598
205.055450
236.371841
252.433990
252.026291
235.606873
203.548050
158.504623
102.721649
40.024998
-25.524441
-90.363091
-149.760620
-200.358902
-238.850204
249.311996
240.785782
249.189682
-238.591110
-200.203873
-149.162491
-89.923210
-25.288406
40.539448
102.954460
158.967026
203.725067
235.544113
252.171127
252.263931
236.375061
204.846237
160.224457
104.789627
42.222263
-23.239733
-88.154022
-147.867523
-198.861694
-237.856720
249.835022
240.784714
248.614075
-239.657013
-201.759018
-151.073822
-92.046982
-27.522150
38.388317
100.881119
157.106659
202.375916
234.527023
251.755920
252.479584
237.063858
206.118668
161.839676
106.721893
44.356766
-21.161022
-86.126808
-146.087067
-197.370911
-236.802078
250.228775
240.750381
247.975708
-240.801239
-203.344193
-153.207260
-94.212059
-29.846554
36.076786
98.839951
155.311722
201.047150
233.669250
251.426544
252.623886
237.680771
207.282745
163.387314
108.595688
46.437626
-19.053343
-84.053467
-144.286224
-195.941833
-235.785522
250.762527
240.797592
247.421036
-241.866623
-204.834961
-155.140060
-96.313316
-32.108192
33.790474
96.754265
153.461533
199.667969
232.727798
250.996323
252.873871
238.399063
208.527298
165.026138
110.501129
48.576958
-16.919376
-81.969925
-142.405472
-194.401169
-234.665955
251.310776
240.803482
246.872787
-242.928238
-206.329498
-157.025116
-98.442986
-34.333351
31.623785
94.717926
151.692886
198.334366
231.874847
250.677673
253.081467
239.124863
209.742874
166.692871
112.504196
50.739891
-14.683487
-79.824158
-140.503784
-192.881439
-233.566254
251.927673
240.889313
246.401794
-243.912613
-207.785400
-158.854385
-100.505608
-36.551003
29.437784
92.686958
149.936569
196.971802
230.953781
250.316116
253.259567
239.866760
211.011017
168.309174
114.489571
52.869568
-12.413265
-77.632790
-138.589218
-191.242050
-232.417191
252.605743
241.041138
245.947968
-244.871765
-209.249878
-160.647705
-102.531212
-38.786892
27.307573
90.677986
148.345490
195.759979
230.122299
250.076324
253.484344
240.700394
212.303848
170.005936
116.551651
55.094727
-10.175229
-75.440895
-136.581848
-189.493256
-231.156021
253.362122
241.224060
245.571915
-245.711304
-210.594742
-162.383636
-104.493515
-40.891354
25.160734
88.652382
146.466324
194.333588
229.166901
249.563492
253.630783
241.433716
213.578964
171.605606
118.457634
57.210453
-7.955969
-73.280106
-134.656021
-187.953125
-230.029495
254.018188
241.419327
245.143295
-246.628616
-211.957306
-164.160324
-106.526093
-43.136364
22.930742
86.594055
144.646713
192.924881
228.209885
249.176712
253.736465
241.979813
214.644882
173.167725
120.332497
59.318134
-5.817175
-71.180473
-132.733963
-186.379211
-228.827866
254.691971
241.536270
244.730774
-247.611908
-213.378342
-165.959015
-108.533455
-45.285885
20.797850
84.590446
142.856613
191.519928
227.274323
248.767944
253.878082
242.697571
215.943604
174.817810
122.447151
61.595863
-3.476680
-68.829781
-130.707275
-184.574615
-227.509827
255.510040
241.936981
244.406769
-248.350052
-214.618057
-167.625198
-110.423340
-47.410732
18.734695
82.595413
141.139999
190.248566
226.313568
248.382248
254.076569
243.342377
217.097488
176.397095
124.297874
63.690670
-1.279414
-66.703331
-128.778778
-183.039856
-226.363983
-255.865067
242.056076
244.033401
-249.306000
-216.003143
-169.423889
-112.446266
-49.624092
16.411901
80.521530
139.304825
188.837189
225.326508
247.846878
254.146301
243.926559
218.213287
177.921661
126.118553
65.763481
0.790715
-64.658409
-126.859917
-181.483109
-225.142517
-255.162872
242.207886
243.689545
-250.213120
-217.321732
-171.204346
-114.543213
-51.759132
14.144899
78.425652
137.347351
187.196213
224.309418
247.211731
254.109833
244.427597
219.166016
179.427994
127.908661
67.812149
2.952576
-62.579700
-124.911026
-179.851242
-223.888840
-254.433838
242.393494
243.337631
-251.146530
-218.655853
-172.956360
-116.602081
-53.947815
11.919202
76.322800
135.505753
185.739227
223.297150
246.687088
254.154892
244.951691
220.187927
180.916626
129.718079
69.837219
5.038798
-60.557312
-122.999146
-178.260162
-222.696869
-253.728958
242.537262
243.016846
-252.012344
-219.994812
-174.698196
-118.651825
-56.078026
9.734274
74.284325
133.651810
184.234512
222.253769
246.109344
254.154358
245.510132
221.205032
182.404709
131.528030
71.911102
7.241429
-58.392235
-121.006264
-176.620255
-221.443741
-252.924835
242.792618
242.740570
-252.834167
-221.291931
-176.401398
-120.662407
-58.243103
7.512332
72.185226
131.787140
182.700821
221.210922
245.540176
254.152206
246.037994
222.235001
183.917480
133.413635
74.031662
9.452641
-56.237885
-119.014992
-174.937439
-220.150375
-252.115341
243.087112
242.469131
-253.645279
-222.568665
-178.077240
-122.661186
-60.415157
5.258203
70.053940
129.883835
181.170364
220.164337
244.991394
254.146851
246.577652
223.294464
185.437759
135.254700
76.104469
11.642934
-54.095337
-117.011383
-173.247116
-218.864532
-251.319794
243.328522
242.190720
-254.464417
-223.856659
-179.801361
-124.665871
-62.569508
3.064156
67.958061
128.013275
179.640427
219.067307
244.372879
254.067993
247.073318
224.284744
186.873810
137.044266
78.150459
13.803186
-51.968346
-115.013672
-171.544983
-217.543808
-250.446472
243.645020
241.970245
-255.193985
-225.058289
-181.406937
-126.585258
-64.657875
0.928581
65.981812
126.212433
178.166824
218.043243
243.835358
254.065842
247.569534
225.249802
188.292160
138.813446
80.131538
15.916230
-49.879440
-113.055664
-169.886841
-216.287460
-249.628937
243.997467
241.773376
-255.958939
-226.300690
-183.013031
-128.486404
-66.710304
-1.230061
63.868233
124.346687
176.639038
216.958557
243.189484
253.950500
248.034088
226.231491
189.725540
140.586929
82.181816
18.065752
-47.721867
-111.024696
-168.145020
-214.932953
-248.763657
244.368683
241.619415
255.369492
-227.385376
-184.581055
-130.353226
-68.744492
-3.343106
61.857647
122.498108
175.133240
215.887817
242.594574
253.913498
248.518494
227.187958
191.136917
142.359863
84.194550
20.223322
-45.608822
-109.055412
-166.426788
-213.561264
-247.850098
244.788177
241.511047
254.669968
-228.533890
-186.141037
-132.233994
-70.787262
-5.489409
59.782692
120.631294
173.623154
214.822449
241.956207
253.799225
248.933701
228.125122
192.584244
144.159637
86.245369
22.404493
-43.452862
-107.024986
-164.686035
-212.187973
-246.946716
245.176025
241.386597
253.999954
-229.701721
-187.701538
-134.148560
-72.869728
-7.652343
57.713634
118.770378
172.061035
213.700211
241.310333
253.718231
249.363922
229.010254
193.930710
145.854782
88.183533
24.482136
-41.389172
-105.072334
-162.980698
-210.842041
-246.042816
245.552612
241.238541
253.304733
-230.891022
-189.292084
-136.059891
-74.980621
-9.817422
55.646187
116.879417
170.458160
212.543106
240.637634
253.545486
249.793091
229.914703
195.272888
147.610565
90.180168
26.675110
-39.204243
-102.989868
-161.192734
-209.459091
-245.109940
245.938843
241.109802
252.664215
-232.026672
-190.863861
-137.971237
-77.066307
-11.985184
53.507931
114.956276
168.841858
211.344147
239.941330
253.367935
250.177719
230.818069
196.685883
149.371704
92.211136
28.810146
-37.062767
-100.963188
-159.436417
-208.097610
-244.157761
246.363174
240.997681
252.022095
-233.171432
-192.409897
-139.850937
-79.125175
-14.149727
51.403469
113.064247
167.251846
210.220840
239.252533
253.187149
250.548401
231.673157
198.031815
151.103867
94.163780
30.946795
-34.919147
-98.941879
-157.655426
-206.699646
-243.212021
246.797150
240.922043
251.398743
-234.300644
-193.922134
-141.713455
-81.167946
-16.298714
49.321003
111.138954
165.624283
209.023499
238.542831
252.986526
250.930344
232.574905
199.383652
152.815125
96.153450
33.084515
-32.797520
-96.954895
-155.918442
-205.407349
-242.307037
247.251511
240.818512
250.795258
-235.446487
-195.496582
-143.610321
-83.288498
-18.493296
47.155384
109.201324
163.973648
207.777359
237.791809
252.727951
251.204468
233.344162
200.633026
154.488281
98.090546
35.162155
-30.712370
-94.931969
-154.113846
-203.924088
-241.248108
247.743973
240.769150
250.215363
-236.442657
-196.976639
-145.493225
-85.272263
-20.604195
45.096519
107.333435
162.349304
206.551041
237.030594
252.468323
251.513992
234.160095
201.924774
156.137833
99.998665
37.252132
-28.585379
-92.893486
-152.293701
-202.485886
-240.250854
248.246613
240.747696
249.618835
-237.573471
-198.465790
-147.315521
-87.331123
-22.742453
42.970600
105.407074
160.741577
205.429352
236.300507
252.284851
251.899689
235.004456
203.286804
157.886108
102.062897
39.545956
-26.357536
-90.586792
-150.375381
-200.949524
-239.109314
248.814178
240.935455
249.145157
-238.540146
-199.863220
-149.130844
-89.244614
-24.838333
40.905300
103.541870
159.092560
204.214310
235.560745
251.965668
252.152359
235.764587
204.538849
159.535126
103.952248
41.637009
-24.199966
-88.673302
-148.590103
-199.562286
-238.137268
249.342560
240.867859
248.666656
-239.503586
-201.212372
-150.918259
-91.317421
-26.953522
38.799229
101.606918
157.442459
203.041641
234.822067
251.819763
252.584183
236.574615
206.042496
161.384781
105.992867
43.826225
-22.045614
-86.563477
-146.676071
-198.010895
-236.966217
249.907440
240.971390
248.180099
-240.536240
-202.609802
-152.682617
-93.255585
-29.038136
36.687794
99.684311
155.750534
201.750961
234.011505
251.426010
252.798233
237.372849
207.140060
162.952789
107.861298
45.913521
-19.905748
-84.537872
-144.821060
-196.495438
-235.910507
250.497528
241.012161
247.742355
-241.570496
-204.101120
-154.540848
-95.487183
-31.301920
34.476582
97.580391
154.019974
200.287552
233.129059
251.064987
252.957016
238.101868
208.292877
164.539597
109.750641
48.013695
-17.734768
-82.499931
-142.945663
-195.004135
-234.797394
251.068298
240.982651
247.213959
-242.532883
-205.501770
-156.297699
-97.319679
-33.201458
32.480480
95.818169
152.429413
199.134201
232.401642
250.760284
253.217728
238.818024
209.462845
166.185928
111.695244
50.107426
-15.621723
-80.405663
-140.989258
-193.507462
-233.667648
251.724365
241.131790
246.918381
-243.450195
-206.873978
-158.042206
-99.376396
-35.375660
30.316475
93.817780
150.707977
197.778610
231.626480
250.479187
253.507401
239.601227
210.806107
167.967453
113.611954
52.304691
-13.394417
-78.388100
-139.137466
-191.978592
-232.611923
252.289246
241.136612
246.405548
-244.498932
-208.319702
-159.811935
-101.403076
-37.511234
28.130476
91.780373
148.972046
196.391907
230.687714
250.001755
253.573395
240.216522
211.792618
169.434616
115.434242
54.239639
-11.318387
-76.417213
-137.295853
-190.452408
-231.537430
253.009140
241.251953
245.998932
-245.399628
-209.786331
-161.538193
-103.436722
-39.626423
26.057665
89.781052
147.289230
195.010040
229.772537
249.619812
253.624893
240.896729
212.812927
170.840103
117.244736
56.163319
-9.189786
-74.479591
-135.618942
-189.019043
-230.626556
253.537537
241.254105
245.472672
-246.343765
-211.186432
-163.312744
-105.512756
-41.789894
23.954275
87.757057
145.563492
193.650696
228.889557
249.228745
253.756317
241.569962
213.960373
172.454254
119.141060
58.225403
-7.047237
-72.379951
-133.657166
-187.419907
-229.415268
254.279434
241.428970
245.128281
-247.207977
-212.510910
-164.998245
-107.496513
-43.913666
21.853567
85.763107
143.842056
192.255951
227.949707
248.800659
253.836777
242.189026
215.029510
173.964874
120.984268
60.249397
-4.913271
-70.347374
-131.796799
-185.857788
-228.303757
254.938721
241.530899
244.711472
-248.119919
-213.911026
-166.726120
-109.510857
-46.078209
19.670786
83.697266
142.051407
190.822021
226.962128
248.319473
253.894180
242.851532
216.172134
175.569901
122.917610
62.340446
-2.722979
-68.239693
-129.846832
-184.220032
-227.118225
255.661850
241.732605
244.379410
-248.979294
-215.273590
-168.443817
-111.501053
-48.224518
17.482103
81.627136
140.242538
189.340363
225.919281
247.833466
253.911880
243.425522
217.243408
177.062820
124.798912
64.385361
-0.564873
-66.135239
-127.948357
-182.621429
-225.968094
-255.625809
241.884415
243.940598
-249.891785
-216.701065
-170.260742
-113.600151
-50.487762
15.267136
79.503899
138.405762
187.904312
224.977280
247.395721
254.002548
244.076752
218.388702
178.645325
126.736000
66.550438
1.696229
-63.963718
-125.945824
-180.919846
-224.710144
-254.860306
242.107574
243.640198
-250.705566
-217.972427
-171.938202
-115.573181
-52.583107
13.125660
77.463814
136.609741
186.459137
223.988083
246.923660
254.060471
244.685089
219.470703
180.172577
128.620514
68.614136
3.884376
-61.819023
-123.975471
-179.213959
-223.466125
-254.092133
242.352737
243.293106
-251.565491
-219.343567
-173.729370
-117.638481
-54.827042
10.860265
75.283714
134.672653
184.926529
222.884094
246.368439
254.063690
245.236542
220.542526
181.693390
130.532928
70.725571
6.135286
-59.611565
-121.882813
-177.472672
-222.149170
-253.232742
242.624176
243.056000
-252.372833
-220.648743
-175.385376
-119.641556
-56.969589
8.672119
73.207146
132.854660
183.426102
221.898651
245.874908
254.084625
245.853455
221.620773
183.300034
132.478607
72.874550
8.402289
-57.411083
-119.885635
-175.760880
-220.863312
-252.415207
242.917068
242.823730
-253.137802
-221.934052
-177.078384
-121.666626
-59.171146
6.473244
71.116631
131.002319
181.917084
220.832199
245.297699
254.033661
246.377563
222.649124
184.757004
134.333084
74.946831
10.604383
-55.270142
-117.915825
-174.066803
-219.608032
-251.647034
243.150421
242.461624
-253.996643
-223.281052
-178.839523
-123.665405
-61.331936
4.259885
68.955307
129.038940
180.328140
219.694412
244.740875
254.042770
246.920975
223.695190
186.240814
136.191864
76.994965
12.758734
-53.124374
-115.946007
-172.360916
-218.307175
-250.799454
243.472290
242.192337
-254.746582
-224.509506
-180.482635
-125.651314
-63.498089
2.063155
66.855141
127.140480
178.820740
218.639221
244.150787
253.953186
247.425232
224.689209
187.687592
138.040436
79.045242
14.927568
-51.001141
-113.962250
-170.667358
-217.007370
-249.962601
243.767334
241.955765
-255.514771
-225.800720
-182.194427
-127.603966
-65.632050
-0.096023
64.760338
125.289757
177.322464
217.547028
243.591812
253.911346
247.918213
225.736893
189.151001
139.875076
81.093918
17.094255
-48.811382
-111.951668
-168.906769
-215.658218
-249.109650
244.144989
241.747086
255.786301
-226.970703
-183.808044
-129.554459
-67.808395
-2.302945
62.651581
123.353737
175.746399
216.370605
242.915894
253.794403
248.289978
226.670288
190.493179
141.602951
83.131325
19.246462
-46.629673
-109.946442
-167.135971
-214.313354
-248.252426
244.540344
241.561478
255.051910
-228.158920
-185.462967
-131.489944
-69.936996
-4.500211
60.585747
121.511597
174.237915
215.283249
242.319382
253.728424
248.761505
227.651978
191.934067
143.429535
85.194473
21.422270
-44.462982
-107.949272
-165.410233
-212.949188
-247.366226
244.914246
241.378021
254.338455
-229.386841
-187.099655
-133.434006
-72.060234
-6.678165
58.446953
119.530518
172.653809
214.104675
241.633804
253.587875
249.153641
228.560715
193.299316
145.195496
87.212036
23.536922
-42.333843
-105.969803
-163.656601
-211.583405
-246.489136
245.299942
241.219772
253.663605
-230.547165
-188.694489
-135.356079
-74.205467
-8.882941
56.346783
117.592346
171.038589
212.920761
240.951447
253.470398
249.584412
229.534897
194.710159
146.994720
89.268211
25.744383
-40.107075
-103.887871
-161.838074
-210.141983
-245.528366
245.740356
241.084045
253.004852
-231.712311
-190.311325
-137.281906
-76.352844
-11.107565
54.199944
115.619850
169.407257
211.727173
240.258896
253.296585
249.942749
230.421631
196.070053
148.746201
91.299187
27.889614
-37.967747
-101.863876
-160.086594
-208.786392
-244.626617
246.142685
240.936523
252.325180
-232.866196
-191.915833
-139.185745
-78.437988
-13.265671
52.079388
113.706902
167.833878
210.533051
239.566360
253.120636
250.326843
231.326080
197.412766
150.506271
93.317276
30.057375
-35.759750
-99.818962
-158.273956
-207.362686
-243.676575
246.594910
240.829239
251.693253
-233.997559
-193.492447
-141.086349
-80.571419
-15.480103
49.952396
111.731186
166.168762
209.312653
238.855042
252.935562
250.648178
232.186523
198.748505
152.286728
95.364876
32.253033
-33.529762
-97.726303
-156.369049
-205.873520
-242.660553
247.125458
240.773987
251.085464
-235.083313
-195.054565
-142.983749
-82.672127
-17.676296
47.811451
109.767273
164.549789
208.115845
238.150146
252.754242
250.997925
233.068436
200.089600
153.979736
97.347572
34.361782
-31.410816
-95.699615
-154.617569
-204.473938
-241.711044
247.592163
240.707458
250.484650
-236.166382
-196.565186
-144.845200
-84.726700
-19.813480
45.722012
107.824280
162.900757
206.870758
237.361588
252.516602
251.328384
233.928360
201.437683
155.716202
99.357620
36.528473
-29.196922
-93.633781
-152.759323
-202.944016
-240.663376
248.131287
240.708542
249.912262
-237.224792
-198.082245
-146.718994
-86.812920
-22.013964
43.591267
105.848564
161.239944
205.618713
236.579453
252.295578
251.634689
234.736771
202.716019
157.415100
101.346748
38.643124
-27.043108
-91.595299
-150.992828
-201.509033
-239.660233
248.619980
240.649521
249.308777
-238.304108
-199.613785
-148.619614
-88.929184
-24.254684
41.434769
103.869629
159.517960
204.343582
235.759766
252.009125
251.902908
235.541428
204.010452
159.087738
103.338554
40.780308
-24.867836
-89.505859
-149.147461
-200.028442
-238.636703
249.152130
240.651672
248.773941
-239.311554
-201.069687
-150.390945
-90.944061
-26.357536
39.340500
101.891235
157.886108
203.114594
234.991577
251.759140
252.192047
236.356827
205.270554
160.766266
105.321777
42.915886
-22.681833
-87.427681
-147.266159
-198.483490
-237.575089
249.716461
240.687622
248.251984
-240.346878
-202.582443
-152.288330
-93.010429
-28.595570
37.162548
99.907471
156.138382
201.787445
234.129517
251.405090
252.390533
237.053131
206.489899
162.332138
107.217567
44.991379
-20.610096
-85.413879
-145.491623
-197.056030
-236.554230
250.226089
240.684937
247.699448
-241.376312
-204.024399
-154.105804
-95.055885
-30.753139
35.026436
97.938194
154.443756
200.494080
233.290527
251.107361
252.617447
237.779999
207.695816
163.947891
109.139633
47.109787
-18.446627
-83.339996
-143.611923
-195.520187
-235.475983
250.800079
240.754669
247.206985
-242.361221
-205.462601
-155.940430
-97.100807
-32.909100
32.921974
95.975349
152.749130
199.195892
232.456894
250.778534
252.833633
238.505814
208.902802
165.584045
111.080482
49.221764
-16.285839
-81.272011
-141.768173
-194.001526
-234.392380
251.389099
240.827621
246.750473
-243.321991
-206.869156
-157.738586
-99.126953
-35.077396
30.785862
93.971199
150.999268
197.880539
231.584641
250.430374
253.016022
239.207474
210.120529
167.215897
112.991287
51.307449
-14.128269
-79.177742
-139.873993
-192.470520
-233.280334
252.003311
240.909164
246.272507
-244.331573
-208.332565
-159.551224
-101.180984
-37.255352
28.596107
91.930573
149.231689
196.495438
230.666794
250.039841
253.200562
239.918793
211.300705
168.828445
114.929993
53.431221
-11.948169
-77.085083
-137.983032
-190.903564
-232.152725
252.594482
240.953690
245.793472
-245.310043
-209.771835
-161.379410
-103.245216
-39.452080
26.428883
89.923210
147.474838
195.123764
229.765564
249.648239
253.342712
240.593109
212.462097
170.410416
116.876740
55.548557
-9.772898
-74.980621
-136.098526
-189.336609
-230.997238
253.289703
241.092621
245.399719
-246.204819
-211.127960
-163.126068
-105.260086
-41.604820
24.277214
87.892776
145.701370
193.740280
228.852005
249.256104
253.504181
241.301743
213.646027
172.022415
118.827774
57.685741
-7.546664
-72.834854
-134.156601
-187.698853
-229.807404
253.986008
241.263748
244.998459
-247.108734
-212.518967
-164.908127
-107.294815
-43.773117
