212.326813
198.874466
181.096237
182.958221
200.573914
208.479996
195.079681
177.436630
179.695053
197.500107
205.272614
192.202209
174.962555
177.006409
194.907486
203.357513
191.546661
174.785004
176.372330
193.907013
202.440201
190.778473
173.333923
174.972748
193.276703
202.426254
189.900314
173.024399
175.102570
193.077682
202.271225
190.407257
173.445496
175.513489
193.617340
202.541046
190.662064
173.811890
175.863251
194.132324
203.713715
192.195236
175.047318
176.296158
194.067947
203.376831
192.301453
175.343964
177.566986
196.419174
207.198975
196.988342
180.170334
181.231949
198.768784
208.517014
197.208817
180.141373
181.843506
199.667328
209.845779
198.832626
181.362854
182.398178
199.856155
210.039963
198.893250
182.017303
183.155106
201.027206
211.278076
200.710709
183.315491
184.503174
202.299652
212.055923
201.114655
183.625015
184.383011
202.302338
212.828400
201.925217
184.460800
184.630844
202.196655
212.394409
201.581360
183.952789
184.284317
201.983154
212.905106
202.497589
184.953781
184.861526
201.963303
212.435181
201.792709
184.032715
184.428070
201.844208
212.870773
202.975037
184.646408
184.334198
201.712250
213.070328
203.118790
184.923218
184.373352
202.091507
213.102509
203.086609
185.441956
185.102386
202.376892
213.561172
203.648804
185.724655
185.519730
202.607574
213.743027
204.163788
186.249298
185.625946
202.519592
214.044510
204.665894
186.790024
186.055099
203.529175
215.485382
206.167389
187.696609
187.175735
204.835403
216.755142
207.225266
189.275894
188.097870
204.881546
216.382858
207.138885
189.087616
188.050674
205.062332
216.632309
207.428574
188.790421
187.497589
204.302185
216.364075
207.229553
188.964767
187.311447
204.154663
216.185440
207.635101
189.276443
186.908051
203.130600
214.928558
205.550491
186.934875
184.276794
200.026749
211.491043
202.912796
184.499954
181.312424
196.944351
209.026627
199.771393
180.414413
177.030014
191.907684
203.967987
196.302231
175.371323
169.309540
179.685928
183.938309
164.784653
132.335281
110.641579
99.765755
84.126328
57.671162
32.144039
22.544947
24.271755
21.866348
10.156896
-0.292992
1.414502
11.252846
14.977899
7.422115
-0.740921
2.593601
13.291326
17.405834
11.239434
4.606331
9.171452
20.534899
25.119869
18.263605
9.932126
13.790216
25.939016
32.081810
26.333302
17.891314
21.179167
33.304363
39.442867
32.916515
23.628023
26.673941
39.427845
46.613483
39.994328
29.440372
31.744926
45.128613
52.868397
46.220272
35.579948
37.841587
51.135155
59.471996
52.807781
41.607407
43.352451
56.852551
65.953285
59.891495
47.953514
49.184654
63.530178
73.350822
67.664536
55.455120
55.840286
70.295784
80.865295
75.163994
62.525425
63.464195
78.280716
89.776131
84.643990
72.180840
72.382545
86.944794
98.240120
93.095093
80.422729
80.636772
95.129822
106.220764
100.111229
86.162659
85.255539
99.691193
110.966125
105.251945
91.299088
89.912384
104.168335
115.924454
110.115868
95.546097
94.046745
108.173950
119.657021
113.461655
98.869362
97.117348
111.158707
123.111702
117.153442
102.056366
99.847832
113.813560
126.001518
120.337227
105.364067
103.144806
117.275215
129.115555
123.414795
107.906265
105.033081
118.774574
131.155655
125.785866
109.725876
106.698196
120.863480
133.399048
127.422012
111.752014
108.753838
122.640709
135.531937
130.048431
114.248611
110.729019
124.419014
137.474396
132.127686
116.227547
112.611931
126.075012
139.074600
133.878098
117.918411
114.324249
127.784111
140.848083
135.755630
119.532562
115.475456
128.833923
141.842636
136.785599
120.633347
116.535461
130.131577
143.510971
138.662079
122.478165
117.961861
131.257034
144.602631
140.099747
123.774208
119.291702
132.440430
146.105209
141.931152
125.412506
120.450951
133.469864
147.043442
142.783569
126.712303
121.542076
134.001480
147.495667
143.831238
127.938072
122.324211
134.466568
148.120621
144.007187
127.738518
122.214241
134.710648
148.616837
145.092941
128.782974
123.091324
136.116135
149.783051
145.942673
129.742126
124.315483
136.781311
150.908508
147.172195
130.518356
124.400238
136.870895
151.300110
147.410904
131.390076
124.935074
137.183105
152.082245
148.879684
132.508560
126.628616
138.788681
153.356293
150.093124
133.658157
127.291656
139.740860
154.460831
151.093048
134.618912
128.341476
140.871689
155.083099
152.141251
135.841476
129.090347
141.205353
155.885620
152.732407
136.251312
129.638062
141.404373
156.549728
153.195358
136.409561
129.736221
141.585144
156.573334
154.429184
137.838104
130.428238
142.143051
157.249252
154.862091
138.530655
131.310150
142.843109
158.083420
155.642075
139.196915
131.734467
143.005646
158.311935
156.264343
139.909836
132.022003
143.611832
159.591888
157.406967
140.752060
133.274063
144.297943
159.776428
158.071075
141.600174
133.305176
144.583328
160.525299
159.018967
142.654282
134.682220
145.805344
161.165817
158.984634
141.728912
132.951126
143.933701
159.677719
158.308731
142.589371
134.939713
146.309601
162.521408
161.090179
144.523773
135.811432
146.423325
162.099762
160.624542
144.187973
135.692337
146.270966
162.148041
161.200150
145.069336
136.502365
146.788635
162.686096
161.951157
145.669083
136.746445
146.950638
162.489212
162.112091
146.114868
137.036118
147.035934
162.826645
162.428055
146.267212
137.201889
147.116943
163.172638
162.959671
147.059540
137.419678
146.966736
163.275101
163.016541
147.109970
137.751740
148.004745
163.974625
163.521332
147.590622
138.083252
147.794464
164.116776
164.088882
148.150131
138.593414
148.174271
164.727249
165.063599
148.646866
139.003799
148.547623
165.027664
165.691238
149.988510
139.755890
149.420959
165.963745
166.134872
150.418198
140.647446
150.162857
166.577438
167.252289
151.508255
141.331955
150.651550
167.402481
168.246307
152.384796
141.736435
150.860229
167.582733
168.518814
153.028534
142.295944
151.479279
168.137405
168.810638
153.435684
142.856522
151.702438
168.192657
169.295059
153.397598
142.609222
151.363419
168.091278
169.436142
153.972122
143.236313
151.891266
168.794556
170.542282
155.253693
144.279160
153.084320
169.892105
171.040634
155.389938
144.173477
152.730270
169.780533
171.729431
156.685989
145.882050
154.137894
170.949982
172.532486
156.705841
145.245300
153.301041
170.180725
172.200958
156.859253
145.546234
153.858398
170.738083
172.735794
157.639252
146.258102
154.096054
170.774017
172.888138
158.197678
146.628784
153.784378
170.485413
173.006699
158.130096
146.501633
154.097656
171.308853
174.126785
159.052765
146.809021
153.868057
170.904373
173.513092
158.285660
145.608459
152.782303
169.229065
171.807205
156.114670
143.206284
150.416595
167.690552
169.819687
154.464584
141.357162
148.276733
164.521790
166.953491
151.895569
138.127243
143.419250
159.114990
160.802109
142.971848
125.881355
124.692596
127.282005
113.479355
84.107018
58.516056
49.270485
45.827595
34.390656
18.033472
10.005082
13.563301
19.404079
16.441849
7.790650
4.827882
11.750127
20.542410
19.865419
12.879875
10.567809
19.134249
29.783695
30.493406
22.835699
19.983973
29.544977
42.079475
44.408707
36.885647
32.154766
40.151505
53.211720
55.498035
46.832352
42.009205
50.829918
65.673264
69.048553
60.373219
54.226669
62.265785
76.133881
78.420197
67.945633
60.230526
67.735886
82.459602
86.405128
75.558815
67.460686
75.321167
91.155319
95.369072
85.044716
76.517433
84.154221
100.230316
104.820114
93.483482
83.723457
90.484772
106.032471
110.678055
100.209396
89.968712
96.205933
112.314743
117.379288
106.262070
95.838463
102.131470
118.148010
122.989929
112.239639
101.370789
108.306984
125.871696
131.396515
119.984787
108.608467
114.829041
131.313904
136.721237
125.475807
113.921921
119.694572
136.576935
142.280914
130.661591
118.544975
123.906174
140.285355
145.947495
134.390396
122.064568
127.022903
143.431580
149.050812
137.538773
124.950630
130.064529
146.048340
151.802765
140.376007
127.543251
132.210831
148.544952
154.793961
142.874756
129.690628
134.320114
150.861832
156.755722
145.061295
131.817612
136.038345
152.445953
158.216461
146.471069
133.402802
137.456161
153.721603
159.942184
147.815918
134.091064
138.171234
154.442047
160.705017
149.424179
135.883316
139.762863
156.049774
162.373886
150.979858
137.395538
140.768692
156.717636
163.292801
151.849426
137.726532
141.249878
157.647827
164.133408
153.033356
139.744080
142.735825
158.601089
165.306610
154.053131
139.977432
142.906403
159.184738
166.259872
154.833649
140.877579
143.725555
159.990463
166.942215
155.383514
141.243973
143.968567
159.997437
167.289291
156.177979
141.755203
144.316711
160.379395
167.488846
156.752502
142.257309
144.510361
161.017212
168.449615
157.296463
142.833984
145.343994
161.602478
169.317047
158.355392
143.808701
146.269363
162.078308
169.981705
159.109100
144.209427
146.276871
162.268738
170.130295
159.459930
144.577423
146.952789
163.052475
170.635086
160.235626
145.299469
146.947418
162.628159
170.805679
160.479172
144.943283
146.574066
162.843262
171.207474
160.788696
145.419632
146.931870
162.955383
171.245026
160.800491
146.024200
147.510147
163.452667
171.548111
161.206039
145.765106
147.178635
163.489136
172.359207
162.303070
146.781128
148.115799
163.830856
172.548035
162.459717
147.285385
148.366318
164.213882
172.932129
163.188736
147.970947
149.111435
164.750320
173.561905
164.050262
148.546555
148.959610
164.441330
173.151535
163.234329
147.563797
148.623260
164.865112
174.545746
165.579651
150.775467
151.530777
166.981918
175.947998
166.201385
150.372070
150.669250
166.175644
175.709290
166.214264
150.426788
150.813019
166.399338
176.065491
166.792557
150.889740
150.966980
166.749634
176.325119
167.195953
151.414917
151.037796
166.719589
176.672729
167.445938
151.810272
151.852646
167.472229
177.183426
168.152435
152.278046
151.804367
167.361176
177.297684
168.547791
152.600983
152.165924
167.546783
177.790680
168.649719
152.332230
151.802765
166.989960
177.438232
169.000015
152.861160
152.032898
167.211517
177.739182
168.919540
152.516769
151.537216
166.751785
176.886780
168.301025
152.141251
151.299042
166.518967
177.049316
168.819229
152.585968
151.693329
166.803284
177.444138
169.124466
153.022095
151.526489
166.645035
177.396927
169.350845
152.945374
151.579605
166.529694
177.507446
169.567566
153.211990
151.927216
167.378876
178.353943
170.299805
153.842850
152.192215
167.215271
178.333023
170.564804
154.134674
152.469025
167.451309
178.205353
170.527252
154.127167
152.360123
167.285538
178.915070
171.317978
155.065933
152.823608
167.220627
178.471420
170.812103
154.332611
152.311844
166.680435
178.117905
170.816940
153.910980
151.528107
166.273819
177.833054
170.496689
154.164719
151.993729
166.283463
178.139908
171.152756
154.555771
151.521667
166.332825
178.436020
171.394150
154.705444
152.037186
166.612839
178.792755
172.199890
156.054062
153.290314
167.709869
179.974533
173.362885
156.630737
153.709808
167.786041
179.479401
172.537842
156.194077
153.377747
167.736694
179.669296
173.255066
156.924698
153.664749
167.647644
180.316254
174.008774
156.569580
153.083786
167.203995
179.692902
173.759323
157.147324
153.646515
167.811798
180.396179
173.697632
156.896805
153.568192
167.515671
180.190720
174.375687
157.905319
153.967834
167.629395
180.233109
174.634796
157.851669
153.758621
167.288757
180.030319
173.962097
157.057739
152.607422
166.477127
179.651062
173.975510
156.979416
152.861160
166.394516
179.422531
173.709976
156.911301
152.977036
166.541504
179.631210
174.374619
157.818954
153.592865
167.135330
180.227737
174.862244
157.811447
153.134750
166.323166
179.564697
174.363892
157.318985
152.858475
166.109131
179.070099
173.804916
156.216064
150.828049
163.839981
177.504227
173.210007
156.816879
152.487793
166.575287
180.597885
175.658859
158.599472
153.432465
166.241089
179.998138
175.517776
158.859650
153.537079
166.251282
179.691299
175.016205
158.016907
151.448700
163.105057
176.556870
172.234756
155.656021
149.875854
161.719421
174.703995
169.703827
152.585968
145.568237
157.724533
170.610413
165.088272
147.162003
139.677032
149.621048
160.058594
151.794708
129.714767
114.687424
113.943916
110.489769
90.523392
64.606819
50.891075
51.680180
52.724632
41.738300
25.047985
19.208815
29.900639
43.312756
31.557171
19.193258
19.055929
29.246180
40.421871
41.681973
33.389118
31.161278
39.610233
46.307713
40.764122
29.478458
27.624516
36.898521
45.022396
42.464108
34.187881
33.651440
44.785824
55.364464
52.838894
43.366402
42.510239
53.350658
64.077347
62.726589
53.077072
51.735432
62.725517
73.921059
71.228119
59.019775
55.825802
67.144188
79.552620
75.487465
58.247299
50.203892
59.570168
72.087502
70.897133
60.071739
58.197411
72.901817
90.669846
93.010338
82.593178
80.194740
94.437271
111.934937
114.236809
103.004257
99.178352
112.519661
129.924515
131.721054
119.714417
115.020554
128.200394
145.381546
146.513443
133.759003
128.011566
140.289642
156.774506
157.899414
144.735138
138.641693
150.549088
166.805420
166.980850
153.054276
146.038696
157.254623
173.390793
173.566742
159.054916
151.654160
162.651215
178.787384
178.739105
164.267517
156.813660
167.669632
183.581039
183.225372
168.550476
160.583237
170.970367
186.879074
186.847961
172.080795
164.077621
174.134293
190.075729
190.520447
175.931381
167.381561
177.251556
192.806244
193.012238
177.996674
169.122314
178.986954
195.105972
195.293716
179.817902
170.929596
180.701416
196.551132
197.143372
182.295181
173.306564
183.214111
198.863205
199.057388
184.084747
174.757645
184.270355
200.305161
201.121094
185.853409
176.537552
185.846420
201.809875
202.614548
188.156876
178.992844
188.318893
204.440048
204.825760
189.198120
178.836746
186.957932
202.701981
203.734634
188.892349
179.612442
189.059708
206.243576
207.628128
192.380844
182.362778
191.134674
206.983856
207.827148
192.745621
182.645477
191.125549
207.503677
208.931686
193.672058
183.461411
192.242432
208.549194
209.806076
194.752457
184.356735
192.870071
209.357620
210.972305
196.224442
185.835159
194.089401
210.094681
211.868698
196.688461
185.501495
193.664017
209.770676
211.350494
196.489990
185.848038
193.964417
209.630661
211.206192
196.767868
185.998779
193.852295
209.692886
211.054916
196.082291
184.937164
192.263367
207.902786
209.835587
195.011551
184.120697
191.811127
208.338379
210.660095
195.830704
184.792862
192.590057
209.277679
211.910004
197.320404
186.125381
193.430115
210.060883
212.495804
198.194794
186.828659
193.996063
210.572662
213.314941
198.647018
187.368317
195.058762
211.458313
214.585770
200.737534
188.921844
195.497574
211.880493
214.553589
200.109360
188.529709
195.308197
211.612274
214.507996
200.170517
188.515228
195.206284
211.764099
215.076614
200.785812
188.806519
195.549606
212.223816
215.359863
201.144150
189.383194
196.001816
212.553741
215.981064
201.757843
189.715790
196.485687
213.208191
216.923050
203.166000
190.740921
197.330597
214.058456
217.289978
203.001312
190.465729
196.450821
213.417404
217.077011
203.089828
190.489334
196.635895
212.987183
216.641418
202.582886
189.989365
195.627380
212.180908
216.435959
202.578598
189.914810
195.185364
212.021591
216.342087
202.838242
190.083786
195.951935
212.555878
216.849564
203.643967
190.777405
195.863419
212.699112
217.132263
203.630554
190.866989
196.543625
213.240921
217.911179
204.441666
191.351929
196.539337
213.266129
217.690704
204.123550
190.976959
195.819427
212.452881
217.269058
203.918625
190.766129
195.631683
211.967941
216.793777
203.392914
189.969513
195.284058
211.937363
217.272278
204.034500
190.875031
195.809235
211.850464
216.338333
202.967514
189.754944
195.103821
212.292480
218.739975
206.908752
193.418854
198.114334
214.723648
220.001160
206.967224
193.189255
197.568237
214.078842
219.460419
206.348175
192.398544
196.826874
213.666855
219.183075
206.322433
192.257462
196.333344
212.906708
218.665955
206.152908
192.571808
196.985123
213.805786
219.582733
206.538620
192.304123
196.577423
213.531128
219.659439
207.524597
193.595352
196.998535
213.543472
219.415894
206.865845
192.788544
196.710464
212.979126
219.460419
206.998886
192.573959
196.463165
212.963043
219.289291
207.214523
192.862030
196.187973
212.706085
219.055939
206.547195
192.142654
195.498642
211.743713
218.414368
206.447952
191.656097
194.082977
210.375778
217.409073
205.428177
190.744675
194.205811
211.077454
217.905807
206.120728
191.631424
194.854370
211.306503
218.137024
206.183487
191.757477
194.654816
211.255539
218.439575
206.690430
191.679153
194.661255
211.167572
218.345154
206.683990
191.792343
194.678421
211.086563
218.529694
207.180740
192.369568
194.949860
211.492645
218.963135
207.895813
192.708603
194.950394
211.325287
218.910568
207.788528
192.517090
194.999756
211.645004
219.528015
208.275070
192.933914
195.300156
212.018372
220.143311
208.867310
193.916672
195.786179
211.706161
219.556976
208.442978
192.832520
194.896210
210.932068
218.938461
207.969833
192.323441
194.036301
210.587143
218.727646
207.795502
192.960205
194.367279
210.737885
218.952408
208.369492
192.932846
194.466522
210.252396
218.293655
207.424820
192.284286
193.500931
209.592575
217.791016
207.240814
192.247803
193.424225
208.746613
216.772842
206.714569
190.724289
191.764984
207.649048
215.621109
205.069839
188.326935
188.109146
202.678909
209.354935
196.089264
174.844543
165.454666
165.321091
154.804153
126.461784
95.706497
80.288620
81.896873
85.988312
71.409439
52.263290
46.302883
49.276382
48.484058
38.792160
28.536467
27.868597
32.878963
31.618862
22.642580
14.936592
16.259995
23.609783
24.755089
18.073168
12.311783
13.835814
19.808558
25.957254
30.303507
35.193710
48.120888
65.680237
75.896233
75.095863
69.398849
67.525063
71.319313
72.055847
64.658318
57.512913
58.825047
66.934975
72.398636
69.562469
64.345032
67.988548
79.171745
85.899803
82.167244
75.898384
80.050980
93.920677
104.342682
102.290253
95.438271
98.598457
112.209595
121.867699
117.657700
107.711533
108.259239
120.556099
129.868729
126.001518
116.349854
117.625511
129.899841
139.380371
135.278198
125.025192
126.039604
139.376617
149.906433
145.839676
135.296982
135.601151
147.942520
158.178375
154.250000
143.434799
143.426758
155.704834
165.595749
161.319778
149.687561
148.775085
160.891159
170.906525
166.820984
155.769745
155.796570
168.948517
179.522858
175.448044
164.556656
163.927948
176.381989
186.746048
183.328369
172.187546
171.964920
184.520874
194.967026
190.831039
178.771301
177.159286
189.182556
198.803116
193.491806
181.099457
179.070633
190.205551
199.494064
194.665543
182.045197
179.847397
190.879318
200.141541
195.000290
182.273193
180.167114
191.552567
201.032043
195.984116
183.459259
181.138077
191.759628
201.248230
196.345688
183.399719
180.928329
192.295013
202.053955
197.099915
184.155563
181.230347
192.403900
202.388168
197.287674
184.458649
182.094025
193.550827
203.788269
199.133026
185.981079
182.872391
193.282059
203.301727
198.807953
185.858765
183.008118
193.924713
204.169144
199.831482
187.090973
184.161469
195.188583
205.619156
201.512146
188.544189
185.652771
196.501785
206.875504
202.703583
189.708267
186.209061
197.041443
207.508499
203.502350
190.343948
186.894638
197.451294
207.641541
203.421356
190.386871
187.159103
197.757065
208.167786
204.207230
190.837479
187.167679
197.534973
207.916733
203.923462
190.901321
187.021774
197.565552
208.242355
204.765137
191.395920
187.835556
198.371826
208.894135
205.075729
191.744598
187.642975
197.824112
208.307800
204.661072
191.519302
187.691254
197.562866
207.893661
204.088150
190.723221
186.162399
196.473358
207.682846
204.236206
190.958176
186.505173
196.270584
206.793961
203.140793
189.632629
185.374359
196.053314
207.679092
205.255981
193.132401
188.951889
199.071884
209.995987
206.722610
193.629135
188.958328
198.605179
209.831833
206.702759
193.188187
188.280258
198.356796
209.891907
206.865311
193.696732
188.941162
199.132492
210.186417
207.067001
193.940277
189.276443
199.079926
210.249710
207.524063
194.167191
189.106384
198.927582
210.476089
207.748291
194.497101
189.043625
198.185135
209.702545
207.013367
193.822266
188.652557
198.248978
209.654266
207.300903
194.310959
188.970123
198.597672
210.106491
207.238129
194.105499
188.935791
198.474823
210.057678
207.378143
193.764862
188.516830
198.069275
209.721329
207.494019
194.682175
188.728195
197.888489
209.612961
207.347031
194.456863
188.793640
197.684647
209.872604
207.939270
194.620483
188.429398
197.742035
209.896744
208.035278
194.868851
188.786133
197.507614
209.501373
207.776184
194.280914
187.690186
196.601028
208.970306
207.331467
194.251419
188.062469
197.105820
209.128555
207.388336
194.068481
187.818390
196.780731
208.755722
207.538010
194.342606
187.840378
196.662720
208.867310
207.481674
194.319000
187.771713
196.227127
208.398987
206.974747
193.452652
186.947739
196.128967
208.486969
206.974747
193.626999
186.939163
195.444992
207.718781
206.320282
193.119522
186.666641
195.137085
207.294464
206.071915
192.738113
185.793320
194.293259
206.718323
205.765060
192.853989
186.167221
194.418243
206.704910
205.603592
192.615265
185.580887
193.670990
206.133606
205.326797
192.296616
185.108292
193.218765
206.133606
205.816025
192.658188
184.944138
193.571198
206.422211
205.750046
193.053543
185.820679
193.504684
206.558990
206.001633
192.634583
184.979004
192.837891
205.243637
204.713638
191.797180
184.230667
192.345428
205.024780
204.450775
191.868530
184.200089
192.364212
205.507568
205.318741
192.725235
185.022446
192.882416
205.853043
205.212524
192.222595
184.523560
191.908752
204.430389
204.958252
192.431259
184.342789
191.617462
204.897095
205.532791
192.853439
185.076096
192.701630
205.669571
205.768280
193.214478
185.334122
192.178604
204.818237
204.900314
191.534851
182.371887
189.334915
202.197723
202.725052
190.839630
183.376648
191.560074
204.743683
205.060715
192.143204
183.785416
190.823532
203.762527
204.123016
191.504822
183.155640
190.030136
203.205170
203.963699
191.103027
182.517807
189.692719
202.837158
204.046310
191.328857
182.742035
189.408936
202.059326
202.507248
190.144943
181.874069
188.734100
201.449387
202.535690
189.824677
181.008255
187.795853
200.786880
202.124237
189.729187
180.832840
187.329147
200.558899
201.954712
189.679306
180.874146
187.036789
199.895325
201.319565
189.438446
180.663864
187.244400
200.438202
202.089905
190.122406
181.450287
187.847885
200.907578
202.190216
189.439514
180.039444
186.431686
199.820221
201.450470
189.290924
179.886017
185.589478
198.724258
200.621124
188.632706
179.251419
185.100235
198.568695
200.719299
188.923996
179.246048
184.797684
198.404541
200.851257
188.923462
179.520706
185.317490
198.612686
200.945129
188.998016
179.083511
184.727417
198.407761
200.963379
189.182556
179.834518
185.628632
199.216721
201.801834
190.096649
180.053391
185.259567
198.815994
201.338348
189.846146
180.059830
185.423706
198.766113
201.189209
189.391235
179.505142
184.842209
198.335342
201.176880
189.328476
179.109253
184.113190
197.508148
200.298721
188.723907
178.179062
183.030640
195.896683
198.073563
186.034180
174.969528
179.130173
191.914124
194.730453
182.956619
171.601212
175.492569
188.590866
191.537003
179.880661
170.488632
178.118454
194.080826
198.334274
181.371429
159.429886
142.717041
122.609596
86.997902
42.978016
7.143702
-12.271203
-24.711826
-37.713566
-48.790558
-51.473305
-46.293953
-41.123726
-38.480141
-35.047451
-29.931942
-25.256315
-21.548428
-18.486418
-14.692165
-11.906959
-11.019683
-11.575974
-10.544396
-7.975913
-5.923486
-5.659020
-7.192708
-7.941580
-6.668604
-4.399455
-3.100193
-3.515399
-5.111313
-4.540002
-2.348637
-1.985466
-4.355466
-7.295168
-9.690381
-11.038995
-12.959457
-15.254356
-16.947367
-17.056801
-16.098715
-15.732326
-16.729570
-18.486954
-18.665052
-16.348698
-12.895084
-9.435035
-6.274319
-2.448416
2.515817
8.655395
15.155460
19.701805
21.718826
24.074881
28.790741
34.244743
37.280468
37.674755
38.036316
41.029659
45.396832
47.221272
45.719772
44.340580
46.195595
50.005409
51.334709
49.301060
47.562984
49.352020
53.646240
55.702419
53.514275
51.175926
52.893612
57.147594
58.403404
55.424545
52.602859
54.256172
59.069664
61.211140
58.589550
55.821510
57.368073
62.022778
64.013512
61.316284
57.925434
59.538517
64.370247
66.356155
63.591869
60.160252
61.088833
65.404503
66.678017
62.904152
58.963985
59.864674
64.028000
65.237671
61.561440
57.350906
58.289680
62.473389
63.727055
60.091587
55.978149
56.939453
61.449860
63.061867
59.313747
54.713757
55.250198
59.371147
60.928436
57.266148
53.023968
53.867252
58.490307
60.226234
56.477577
52.004726
52.772911
57.389530
59.117947
55.578503
51.124962
51.815899
56.552681
58.478508
54.381165
49.497932
50.063881
54.777058
56.526394
52.941353
48.541996
49.279068
54.214867
56.354198
52.703175
48.306496
49.060196
53.620491
55.519493
51.857204
47.277599
48.089237
52.858742
54.919216
51.280529
46.419827
46.931591
51.767082
53.816826
50.275238
45.599072
46.090450
51.093311
53.365681
49.729675
44.936031
45.558300
50.489281
52.534733
48.834892
43.906063
44.387249
49.441608
51.858276
48.149857
43.231216
43.840080
48.910530
51.293404
47.802238
43.061703
43.598679
48.563454
50.997826
47.529724
42.623966
43.101398
48.219055
50.538631
46.706825
41.538742
41.717915
46.457916
48.893364
45.380741
40.583340
41.222778
46.349552
48.756035
45.162407
40.452450
40.836540
45.669346
48.331711
44.840542
39.776531
40.044754
45.184402
47.657398
44.038025
38.987427
39.311436
44.195202
46.573788
43.138950
37.960678
38.172573
43.099789
45.778778
42.233971
37.098080
37.366299
42.538670
45.282036
41.887432
36.852924
37.263302
42.468933
45.349091
42.062847
36.921051
36.910324
41.845589
44.675320
41.325775
36.133018
36.297707
41.190056
44.136730
40.706184
35.309044
35.403996
40.441719
43.199566
39.887039
34.728615
34.751682
39.618282
42.296734
38.957386
33.482460
33.329575
38.381783
41.227608
37.817448
32.358616
32.289413
37.346989
40.371983
37.136703
31.706839
31.681089
36.742954
39.949802
36.874920
31.510500
31.524984
36.841122
40.192276
37.412434
32.138676
32.246498
37.768093
41.333286
38.358181
32.809227
32.597332
37.761658
41.102081
38.130730
32.698181
32.420841
37.516502
40.786652
37.495583
31.917660
31.543224
36.506382
39.926735
36.856678
31.237988
30.790058
35.678116
38.980453
35.964039
30.186026
29.800861
34.895985
38.308292
35.361614
29.717175
29.318600
34.465759
37.969795
35.247353
29.647438
29.016047
34.018368
37.546009
34.733978
28.865843
28.175442
33.296852
36.933926
33.882111
28.062790
27.316599
32.213776
35.864799
33.174541
27.362732
26.715784
31.742243
35.498409
32.822636
27.094511
26.497988
31.761019
35.824028
33.239990
27.435688
26.673405
31.684307
35.482853
32.689064
26.668577
25.613396
30.474632
34.296780
31.594185
25.651484
24.650482
29.731123
33.741024
31.057207
25.314060
24.213820
29.054670
32.963722
30.489651
24.963764
24.046450
29.140501
33.297390
30.733732
25.065689
24.241177
29.490261
33.887474
31.715422
25.911121
24.848967
29.692499
33.788769
31.408039
25.616077
24.583427
29.629736
33.995300
31.821100
25.903074
24.876862
29.915659
34.386902
32.189636
