-89.220566
93.900833
-45.184593
-125.950745
-85.548088
-88.247459
94.787033
-43.365517
-126.047302
-85.578125
-89.835869
92.554901
-44.400852
-128.342209
-87.444405
-92.922554
89.853378
-45.380928
-129.323898
-86.834473
-92.589958
90.941284
-42.725006
-128.195221
-84.845886
-90.147003
94.717834
-37.421207
-124.466949
-80.900352
-87.168678
97.160797
-33.174732
-122.512688
-80.317780
-87.321564
99.179962
-30.254343
-122.343170
-79.335014
-87.606949
97.534157
-31.904976
-125.719536
-82.005424
-90.657692
95.925362
-31.317036
-126.257591
-82.619118
-93.038422
93.069885
-32.434444
-128.264420
-83.756905
-93.597931
94.045670
-30.046204
-127.334229
-82.148117
-93.049149
94.173882
-28.838137
-127.722076
-82.009178
-93.264801
93.354736
-28.683641
-129.055664
-82.937225
-95.028084
92.194946
-27.745941
-129.466583
-82.692604
-95.019501
92.963669
-26.233711
-130.201508
-83.315414
-96.686234
91.881126
-24.947861
-129.711197
-82.327293
-96.259224
93.150887
-21.877802
-127.805222
-79.035149
-93.294304
96.398514
-18.051363
-126.012436
-77.501457
-92.746063
97.361961
-15.887358
-125.415375
-75.709740
-91.119568
99.221268
-12.727179
-124.225014
-75.248405
-92.242882
97.651108
-13.465322
-126.988220
-77.217682
-94.135986
96.649567
-12.530304
-126.590179
-75.640007
-92.825455
97.803452
-11.228359
-128.404968
-77.411339
-94.704079
96.667809
-10.119534
-129.096970
-78.432724
-97.044044
93.912636
-10.536349
-130.035751
-79.800652
-100.506241
89.791687
-13.580658
-135.090637
-84.218246
-104.390610
86.365433
-15.250065
-137.087280
-84.850716
-105.123390
85.632652
-13.845123
-136.462326
-81.758659
-102.611237
85.388039
-12.095787
-134.373947
-81.293564
-104.290298
84.282967
-11.114097
-134.143280
-80.791458
-102.962601
85.261436
-8.857823
-132.881042
-79.486832
-102.838150
84.987312
-7.949090
-134.323532
-81.010864
-104.691559
84.101112
-6.297923
-132.898743
-78.798576
-104.444794
81.980019
-7.472194
-135.844345
-82.009712
-107.905380
81.537994
-1.647508
-130.262665
-75.166862
-100.184906
89.367897
3.043140
-132.229263
-78.058289
-103.399269
86.134766
1.958454
-132.393417
-76.800331
-102.487320
86.784935
4.673387
-131.998596
-77.336235
-102.787186
83.541603
1.271809
-134.216782
-77.127022
-103.355820
80.271988
-1.059031
-136.306747
-79.581779
-107.632866
75.881752
-3.022408
-138.544785
-82.080528
-110.147705
72.002205
-6.322062
-142.430237
-84.798676
-112.758034
66.956436
-9.404994
-143.817474
-85.702042
-113.330414
66.768143
-7.407821
-143.395828
-85.082993
-114.181747
64.871284
-7.781721
-144.089981
-85.118935
-114.035835
65.625519
-5.112922
-142.746201
-84.271889
-114.080360
64.986618
-5.022800
-144.122177
-85.329758
-115.351730
63.401432
-4.372633
-143.936035
-84.206978
-115.175774
63.856335
-1.538610
-142.459198
-82.353577
-113.539627
64.127777
-0.793492
-144.171524
-84.367912
-115.398933
62.957794
0.392581
-143.729492
-84.993408
-117.519485
60.409161
-0.573551
-145.557693
-85.643570
-117.579033
59.742901
1.041139
-144.741226
-83.998840
-115.640335
61.534615
4.006053
-142.160950
-80.442230
-112.667908
62.354298
4.323090
-145.001404
-84.265457
-116.739502
58.130894
1.990641
-148.022110
-86.164993
-118.383163
56.974323
4.306997
-144.926834
-83.697899
-117.128426
58.074028
6.391074
-144.479446
-82.750542
-115.240150
58.809490
6.983842
-146.576935
-84.456429
-117.485153
56.731853
7.645811
-147.038269
-86.360794
-120.286995
52.981052
5.706573
-148.207184
-84.581421
-117.029182
56.584866
11.564519
-143.892044
-82.858368
-116.981972
55.523785
10.750736
-146.161194
-83.884583
-117.907333
54.314644
10.518993
-147.316681
-85.052414
-118.561256
53.871544
13.036516
-145.514771
-84.425850
-119.429222
53.058834
14.200594
-145.336685
-83.435043
-119.311203
51.898510
14.282670
-146.490036
-85.295959
-119.763962
50.995144
14.666762
-147.028076
-84.732697
-119.533295
50.527901
16.182747
-145.603287
-82.732841
-117.763031
51.748306
18.120911
-145.763153
-83.452209
-118.493668
50.344440
18.321005
-147.125168
-85.783051
-121.044449
47.319977
16.927864
-149.705994
-87.594612
-122.928970
45.709579
18.189039
-148.564453
-85.955780
-121.681206
45.301346
18.872465
-148.990921
-86.434288
-121.827652
45.451015
21.149662
-147.533951
-84.168892
-119.469994
47.457844
24.910120
-144.501434
-82.084282
-118.326294
46.939640
25.216429
-145.455765
-82.348747
-118.311279
46.536770
26.550560
-145.159653
-82.671684
-118.996315
45.604973
26.581673
-147.214767
-86.416046
-123.507790
40.052799
23.807194
-149.104645
-86.038933
-122.074951
40.590313
26.106922
-147.368179
-84.746109
-121.381332
41.215805
27.744678
-147.598312
-85.526627
-121.599663
42.032806
31.264275
-144.778244
-82.657204
-120.126060
40.849953
31.344740
-145.521210
-82.939903
-119.089119
41.146069
32.892376
-144.741226
-82.982819
-119.704956
39.772240
32.286194
-147.417542
-85.603340
-121.651703
38.523941
34.041969
-146.465347
-84.607704
-120.869568
37.843731
34.956066
-146.148849
-84.647400
-120.613686
37.790623
35.956532
-146.437454
-83.898529
-119.577278
38.310974
38.650539
-144.248779
-83.727402
-120.248367
36.803570
39.252430
-144.810425
-84.390442
-120.680206
35.923809
39.345234
-144.827591
-83.894775
-120.160393
34.433571
39.171425
-146.572647
-85.830788
-121.901680
32.358078
40.061920
-144.261642
-83.238701
-119.544556
33.620861
41.493145
-144.603897
-84.108810
-120.046669
33.218533
43.025761
-144.448334
-84.917229
-121.221474
31.174152
43.761223
-144.004700
-84.268669
-119.791855
32.097366
45.289543
-144.203171
-85.525017
-121.660286
29.419451
44.763832
-144.898407
-86.289986
-122.023453
28.570263
44.965534
-145.448792
-86.608093
-122.294891
28.778402
47.663837
-142.882996
-84.071800
-119.947426
28.619616
48.494789
-143.115280
-85.383934
-120.435585
27.921169
48.779640
-143.188766
-84.405464
-119.693153
27.311234
49.028549
-143.988068
-85.221390
-119.717293
27.739315
52.039597
-141.995712
-83.616356
-118.635284
26.367096
51.846478
-143.542282
-86.277649
-120.347610
24.682669
52.369507
-143.618454
-85.942909
-120.864738
22.900072
51.543388
-144.645203
-88.273209
-123.231522
19.608465
50.611588
-146.060333
-89.733406
-124.241638
17.338779
49.563381
-147.015198
-89.608414
-122.425789
18.848864
52.745018
-143.879700
-86.995407
-120.704346
19.788710
55.684719
-142.079941
-86.353821
-120.017700
19.128885
56.745800
-140.827347
-84.754150
-117.368752
20.834770
59.217186
-140.332214
-85.893555
-118.973244
18.334415
59.066982
-140.460419
-86.331291
-120.302551
16.020205
57.364853
-143.136200
-89.738235
-122.742287
15.140440
60.318501
-139.980850
-86.551765
-119.467308
16.371574
62.726051
-138.341476
-85.478882
-118.571449
15.788462
62.947601
-138.839294
-86.835548
-118.364922
16.040052
64.797256
-138.004059
-86.357040
-118.040375
15.184429
65.830978
-137.753540
-87.011497
-118.387985
13.209249
64.353615
-139.459427
-88.225464
-119.988197
10.190154
63.813419
-138.943359
-87.237343
-117.933624
11.550570
66.777260
-137.703644
-87.670784
-118.658890
9.732034
65.872284
-139.721207
-90.804146
-121.153885
5.824054
63.665363
-142.216202
-93.074898
-122.849037
3.726567
63.401432
-143.201111
-95.143417
-124.749649
1.030946
62.943848
-142.048828
-93.515320
-122.142006
1.790548
64.478073
-141.901306
-94.405815
-123.291069
-0.279581
64.294609
-143.092743
-96.380463
-124.649872
-2.122259
64.942093
-141.968903
-95.889610
-124.027061
-2.551412
65.826149
-141.346619
-96.018364
-123.291069
-1.913047
68.140900
-139.716385
-94.525436
-122.107674
-2.754187
68.410728
-140.259796
-97.020973
-124.513077
-6.034530
67.820107
-140.089203
-96.236694
-122.637680
-5.024409
69.464302
-140.028580
-96.902954
-122.976715
-6.189561
70.120369
-138.740585
-96.124046
-121.224693
-4.741704
73.678047
-135.567535
-93.907997
-120.377113
-6.691671
72.920593
-135.882431
-95.245880
-120.840065
-8.252180
72.645935
-137.397873
-97.710838
-122.909119
-10.358787
73.517654
-136.151184
-96.078979
-119.962448
-8.971549
75.202614
-135.369583
-96.894371
-121.333054
-12.518503
73.285370
-136.995010
-97.958672
-120.764427
-12.192883
76.254578
-133.630447
-96.234016
-119.457115
-11.735833
78.809654
-131.249710
-94.233078
-116.495956
-10.629690
80.453308
-130.182205
-94.475014
-116.286743
-11.771775
79.685127
-131.446060
-96.591286
-117.583862
-13.148822
80.513390
-131.635956
-97.865334
-118.494743
-14.437355
80.728500
-132.181519
-100.127510
-120.486549
-18.953123
78.636383
-131.639709
-98.516571
-118.491524
-18.657007
78.856323
-132.520554
-100.484245
-120.430222
-21.198132
78.806969
-131.762024
-100.757828
-119.489304
-21.331169
79.404564
-131.524918
-100.909637
-119.572990
-22.427118
80.761765
-129.303513
-98.627083
-116.517418
-20.818331
82.903236
-128.984329
-100.936462
-118.927109
-24.862568
81.557304
-128.840561
-101.228287
-117.152565
-22.956051
84.111839
-127.015579
-100.015930
-116.824799
-25.563696
83.796417
-126.371315
-101.372055
-118.362236
-27.097383
83.873665
-127.038109
-101.030876
-115.805023
-25.615730
84.952980
-126.365952
-102.971725
-118.053787
-28.500715
84.157974
-125.378365
-102.053337
-117.820435
-30.898609
82.844231
-127.999413
-105.502655
-119.622337
-32.868961
83.783005
-126.179268
-104.503799
-116.817825
-30.015627
88.536415
-121.203773
-101.766876
-115.024498
-30.449072
87.783783
-122.444565
-102.634300
-114.335167
-30.864277
89.333031
-119.027428
-99.892548
-111.703384
-29.636898
90.187042
-119.877686
-102.205147
-113.866859
-33.194046
88.358315
-121.012260
-103.746880
-114.275627
-33.453144
90.181679
-119.053177
-102.570999
-112.701706
-33.242325
91.249733
-117.194939
-101.357567
-111.060196
-33.315281
91.768478
-117.443314
-103.818764
-113.577713
-36.490479
89.844261
-119.296722
-105.781609
-115.013229
-38.591721
89.347511
-119.230202
-105.646423
-113.251556
-38.359978
89.861427
-118.540337
-105.489243
-111.200203
-35.922924
93.993637
-114.069633
-103.213120
-110.084404
-37.515621
92.944893
-115.149490
-104.764511
-111.076820
-38.679699
94.803665
-111.985558
-101.998619
-107.110374
-36.067226
96.762756
-111.168556
-103.186836
-108.136047
-37.934044
96.938171
-110.467964
-103.571999
-108.876335
-40.301899
96.528328
-109.333923
-103.738838
-106.582512
-37.673332
100.270012
-106.942467
-102.407387
-106.185547
-39.694645
98.377983
-108.451477
-105.496216
-109.851593
-44.664780
94.814926
-110.635330
-106.269768
-108.233147
-43.650368
97.319580
-108.189690
-105.793945
-108.395683
-45.027950
97.574394
-106.847519
-106.006912
-107.775558
-45.354107
97.748734
-105.801987
-105.645889
-106.689804
-44.870235
100.813431
-102.469078
-104.096642
-105.599213
-45.706013
99.490562
-103.789261
-106.230072
-106.369545
-46.371201
100.221733
-101.736832
-104.660446
-103.790337
-42.815666
105.929474
-95.947014
-99.852318
-98.210266
-40.110390
108.474350
-93.267487
-98.179688
-96.533348
-40.694572
108.985046
-91.108307
-96.611671
-94.546898
-39.185028
111.194649
-89.677612
-96.698036
-93.787834
-39.246716
112.927361
-87.000237
-94.882713
-91.203789
-37.832119
114.532394
-86.026054
-95.756035
-92.377525
-40.459076
112.660210
-88.310226
-99.011177
-94.472328
-43.398777
110.545555
-89.810120
-102.295273
-97.713524
-48.656448
105.795364
-95.317764
-110.731888
-104.157799
-53.428635
103.916206
-93.454163
-106.932274
-100.185982
-52.361115
104.183357
-93.513176
-110.408417
-103.933563
-55.891438
103.754738
-91.303032
-106.633476
-98.113167
-50.684734
109.203918
-87.006134
-104.339111
-95.517860
-50.325855
109.846039
-85.107666
-103.153038
-94.767372
-50.906284
109.862129
-85.009499
-104.560127
-95.207794
-52.454990
105.938057
-91.212372
-113.474182
-104.095566
-60.911461
102.354630
-91.729507
-114.692978
-105.449013
-65.723877
97.164551
-95.322060
-117.327446
-105.844368
-66.185753
98.713799
-92.497154
-116.796364
-105.108910
-65.984589
100.364426
-89.730721
-114.842644
-103.286079
-65.436882
101.949074
-87.266312
-112.506973
-100.371056
-64.596275
103.086334
-87.149368
-115.527145
-102.751244
-67.628784
100.923401
-88.428780
-118.004967
-104.429771
-68.957550
100.805916
-87.612312
-118.089188
-103.883141
-70.242332
99.954582
-87.414902
-118.452362
-102.259331
-69.569633
100.506584
-86.476669
-118.530144
-102.056557
-70.089439
101.477005
-84.401711
-118.920677
-103.710403
-73.066154
100.216904
-84.381859
-119.715683
-101.953560
-71.883301
101.181427
-83.587395
-120.388916
-102.599968
-73.276978
100.098885
-84.459106
-122.245544
-103.535522
-75.125557
99.554398
-83.428604
-122.207451
-103.309143
-76.027321
99.623062
-81.870781
-121.073418
-100.903740
-74.880943
100.120880
-81.185738
-121.817993
-100.354958
-74.222191
102.774658
-75.864235
-117.126816
-96.418015
-71.356522
106.338242
-73.474930
-117.434196
-96.685165
-73.775871
103.791214
-74.652954
-119.233421
-97.263443
-74.240433
105.265358
-71.638687
-117.641258
-95.694344
-75.349792
103.725769
-73.409477
-121.230591
-98.146431
-77.324432
102.945786
-72.668121
-121.141006
-97.200684
-77.086250
104.075531
-70.614082
-120.913559
-97.697426
-79.646156
101.407806
-72.573166
-123.529785
-99.002052
-81.031242
100.775345
-72.641830
-125.400894
-100.231041
-82.332657
101.029076
-71.104393
-125.161636
-99.766487
-84.505241
98.769585
-71.058258
-125.617615
-99.353958
-84.152267
99.295296
-70.198875
-126.421204
-99.733223
-84.090576
100.834351
-68.052574
-125.672867
-97.590141
-84.299789
99.770050
-67.376122
-125.373535
-97.532204
-85.285233
98.279816
-69.565872
-129.949387
-101.923515
-90.175430
96.580368
-69.080933
-129.156525
-98.880280
-87.561890
99.023323
-64.924583
-126.400818
-96.390121
-85.091042
102.303131
-62.262756
-126.272072
-96.671753
-86.809799
100.224419
-63.616737
-128.369019
-97.917366
-88.468475
99.781853
-61.786396
-127.440979
-96.826782
-89.001701
99.029221
-62.145813
-129.277756
-98.144821
-90.483887
98.440208
-62.027794
-130.396240
-98.465614
-92.043327
97.771271
-60.356243
-129.644150
-98.688774
-93.572182
95.308990
-63.298088
-132.907318
-99.860359
-94.733582
95.923218
-60.803635
-131.679413
-98.038605
-93.152687
98.496536
-57.562988
-130.386581
-96.659416
-93.173607
98.717010
-55.415077
-129.158661
-94.675644
-91.039101
101.647598
-51.743134
-127.152908
-92.567429
-89.850883
102.817574
-49.754543
-126.358444
-91.212914
-89.244705
103.637260
-48.003059
-125.135353
-88.675545
-87.678299
105.018593
-46.224751
-125.587036
-89.531700
-89.306396
104.376472
-45.042435
-125.364952
-88.713631
-89.225929
104.740723
-42.955139
-123.830727
-86.522263
-88.142319
105.349045
-41.692890
-124.193359
-87.042610
-88.870804
104.900040
-41.489044
-125.103706
-87.542580
-89.422272
105.369965
-39.279976
-123.725586
-85.357651
-88.397125
105.374260
-39.403896
-125.290924
-86.899384
-90.740845
103.785851
-39.720394
-126.461441
-87.313515
-91.907600
103.064339
-38.884083
-127.142715
-87.028664
-91.187164
103.901184
-37.437836
-127.105705
-88.506027
-95.370872
100.761932
-38.414696
-128.342209
-88.161095
-94.756645
100.926079
-38.342812
-129.654877
-88.638527
-95.338150
101.047852
-36.600986
-129.247711
-88.354210
-96.448593
99.960487
-36.251762
-129.883392
-89.153511
-97.845490
99.069992
-36.440590
-131.126877
-88.170212
-97.129875
99.914886
-34.070053
-131.166565
-89.598755
-99.476807
98.493317
-33.360878
-130.844162
-87.516289
-97.429207
99.689049
-31.865278
-130.577560
-87.187988
-96.680870
101.266724
-30.083218
-130.704163
-87.513069
-98.380852
100.103180
-29.124062
-130.335617
-86.372597
-98.519257
99.111832
-28.258780
-130.091537
-84.867340
-97.557953
100.212074
-25.931160
-128.281586
-82.844955
-95.219063
102.895355
-23.535944
-129.381821
-84.209663
-98.161987
99.744835
-24.261215
-130.050232
-84.108810
-97.858360
101.201813
-21.399298
-128.931213
-83.987038
-99.340012
98.750275
-23.410954
-131.422989
-84.485931
-98.845413
99.401512
-22.522606
-132.618713
-85.403786
-100.787872
98.255676
-21.144487
-132.387512
-85.772858
-102.401489
96.556229
-20.656324
-131.513107
-83.113174
-99.605011
98.865074
-18.804527
-131.674042
-83.442551
-100.909103
97.997108
-18.212831
-133.269424
-85.807190
-104.428162
93.999001
-21.061874
-136.542252
-87.380569
-105.536453
93.672844
-19.064165
-135.166809
-87.428848
-107.410240
91.441780
-20.616091
-137.921448
-87.921303
-106.684441
92.678818
-17.463961
-134.895370
-83.967194
-103.769951
95.322403
-13.724424
-133.768845
-83.048271
-102.524330
97.405411
-10.512210
-131.816742
-80.509827
-101.174644
97.323875
-9.817517
-131.807617
-82.042442
-105.542892
92.947037
-12.735762
-135.603485
-83.499413
-105.899620
93.258171
-10.422088
-135.399628
-84.481102
-107.475693
90.760498
-12.585558
-138.949265
-86.623650
-109.258820
90.266441
-11.323846
-138.346848
-85.950417
-109.443359
89.093239
-12.312510
-141.657761
-89.813332
-113.693047
85.277527
-13.025440
-141.586411
-88.936256
-114.058899
84.214302
-14.017858
-144.067993
-90.291840
-114.815285
84.432632
-10.806180
-141.549393
-87.709412
-111.975899
88.108871
-5.669749
-137.250885
-83.302002
-108.023399
91.301773
-2.776181
-136.160309
-81.957680
-108.117813
90.326523
-2.629196
-136.850708
-82.525772
-109.259895
88.330421
-4.109776
-139.871414
-85.294884
-112.609970
85.015747
-4.972374
-140.958237
-85.758911
-112.808456
86.036598
-1.770890
-139.930420
-85.439186
-113.335777
85.375160
-0.935650
-138.489532
-82.566010
-109.895576
89.205894
3.966893
-136.412430
-83.085815
-113.346512
84.652573
0.230039
-140.804825
-85.006813
-114.178528
82.809364
0.366295
-140.405167
-83.510147
-112.805771
84.704071
3.119851
-140.575760
-84.200005
-113.393715
84.181046
3.272201
-141.205002
-84.121689
-112.013985
86.071465
8.001472
-136.679047
-79.186424
-108.708969
89.372192
12.483980
-133.855209
-77.102348
-107.154358
89.817436
13.600316
-133.731827
-76.527817
-107.533089
88.153931
13.174381
-135.318634
-79.278694
-111.193230
84.579079
10.489490
-139.399338
-82.651299
-114.807777
81.314835
8.885528
-141.668488
-83.790169
-115.189720
80.844910
10.129537
-140.370300
-81.439476
-113.125496
82.973511
13.249483
-139.749100
-81.478104
-113.506371
83.129082
15.355017
-138.860214
-81.032852
-114.694588
80.034882
13.488199
-140.810181
-82.253799
-114.750916
80.477448
15.039589
-140.788193
-82.039757
-114.398468
81.893120
17.939058
-137.858673
-78.191856
-112.422752
82.606049
21.218863
-135.276779
-75.718330
-110.468498
82.383423
20.363775
-139.150436
-80.994232
-114.733208
80.105156
20.266678
-138.921371
-78.835052
-112.471039
81.220421
22.138861
-140.411072
-82.430290
-117.565620
76.174110
19.798901
-141.195877
-80.594582
-114.748764
78.943764
24.858622
-137.202072
-76.617401
-110.847763
82.199966
28.587965
-134.800430
-74.650269
-109.709969
82.982094
30.450491
-134.175476
-73.927681
-109.309784
82.542747
30.912905
-135.764954
-76.196831
-112.289719
79.176575
29.367952
-137.446152
-77.399536
-113.996140
77.017403
28.829365
-138.606476
-78.448280
-115.382301
75.026131
28.306334
-140.272125
-79.698189
-115.579712
75.574371
29.753654
-139.950272
-80.420242
-118.365997
72.060143
29.421059
-139.223389
-78.368889
-115.325981
75.224075
33.186344
-137.204758
-77.347504
-115.146805
74.436577
33.723858
-137.400558
-76.036438
-112.805237
76.289444
35.755901
-137.337265
-76.329330
-113.566986
75.904282
37.985889
-134.907715
-73.482971
-111.062874
76.674080
39.080231
-136.078766
-75.946854
-114.525070
73.012863
37.376492
-138.140305
-76.760635
-114.640945
73.080452
39.481487
-136.130264
-74.080032
-111.482376
76.350067
44.936031
-132.115540
-71.237968
-109.642380
76.659592
46.103863
-132.997452
-73.502289
-112.686684
73.376572
42.849808
-137.217636
-74.913666
-112.068703
73.432892
44.782608
-135.838440
-74.139580
-112.837959
70.739960
43.487637
-137.532516
-76.659782
-115.362991
69.497025
43.675392
-138.761505
-77.692436
-116.697662
67.447815
43.556839
-140.451843
-80.655739
-120.093338
63.069912
40.859608
-141.901306
-81.177162
-120.991875
60.747654
38.060993
-147.023788
-86.582886
-125.867599
56.879910
37.112026
-148.908310
-89.313911
-128.337906
53.202602
33.560780
-152.839890
-91.874344
-130.677872
51.737579
35.180298
-151.893066
-91.261726
-131.483063
48.204037
32.600552
-153.846786
-93.272850
-134.284363
45.478909
31.278221
-156.136322
-95.261971
-135.519791
43.826130
31.144112
-157.769791
-97.216774
-137.424698
41.426090
29.642075
-159.408081
-97.755363
-137.199387
41.057556
30.861942
-159.829727
-99.337334
-139.170273
38.391438
29.772429
-160.951965
-100.404846
-140.442719
37.176937
30.702620
-161.274902
-100.874237
-140.337570
35.829929
30.242352
-161.998032
-101.928345
-142.101395
33.914295
29.945164
-163.230225
-103.355820
-143.084702
32.995907
30.891447
-162.452393
-102.340332
-142.521973
32.318382
31.028776
-163.262421
-103.204536
-142.812180
32.100048
33.147720
-161.449249
-102.227676
-142.783752
31.484215
32.898273
-163.527954
-104.215195
-144.162415
29.540686
32.957283
-163.090225
-103.452911
-143.414078
29.625444
34.507603
-162.547882
-103.772095
-144.706894
26.536076
32.206264
-165.160355
-105.356743
-144.766434
26.959866
34.723251
-163.676010
-104.503265
-144.448334
26.379971
35.227505
-163.144394
-103.576828
-143.293365
26.885836
36.754219
-164.323502
-107.157578
-147.689514
22.011187
33.211559
-167.486893
-109.170311
-147.739395
21.666792
33.459393
-168.398849
-108.708969
-147.509811
21.247293
35.712986
-165.893661
-106.563736
-145.627960
21.186140
36.428062
-165.542831
-105.919472
-144.482666
22.543337
39.308220
-163.483963
-104.808502
-145.379059
19.740429
37.197857
-167.106018
-107.719231
-145.738480
18.734600
37.068573
-167.983109
-110.065628
-149.127182
15.675810
37.171570
-167.506210
-110.481369
-150.875977
13.193157
35.668461
-169.266815
-111.183037
-150.245117
13.604608
38.450985
-167.698257
-110.928764
-149.321365
14.316465
40.049580
-166.937576
-111.517776
-150.595413
11.305417
38.552910
-166.444061
-108.158043
-148.124573
10.103787
37.617355
-168.744858
-112.441528
-151.672058
9.342040
39.335041
-168.252396
-112.164192
-149.944717
11.191691
42.787045
-166.003632
-112.004333
-151.154922
9.072209
42.283325
-165.739700
-109.945465
-149.165268
9.704139
43.486027
-166.181198
-109.803307
-148.024796
9.031977
43.612091
-166.301361
-111.761856
-150.451111
6.703819
43.089062
-167.611893
-113.093842
-151.377014
4.863287
42.587486
-169.036148
-114.709610
-152.432190
3.200317
43.015568
-168.347885
-113.761711
-151.515411
3.852094
45.281498
-168.163879
-116.192871
-154.355331
0.479484
42.876095
-170.879898
-118.122986
-156.215179
-2.925312
41.783897
-170.884186
-118.408371
-155.971100
-2.164101
44.257969
-170.271027
-118.274261
-155.917450
-3.624296
43.632477
-171.408829
-120.187210
-157.613693
-5.502379
43.372837
-171.581024
-120.153419
-157.421097
-7.120824
43.108910
-171.369125
-119.255417
-156.486084
-6.856359
44.030514
-170.795670
-118.908340
-154.864426
-4.801250
48.768909
-166.558853
-115.736359
-151.823334
-3.348029
50.887318
-165.385117
-115.135544
-150.689835
-1.443660
54.779739
-160.542114
-110.902481
-149.501617
-4.370487
50.977440
-166.060501
-115.971321
-151.842102
-6.108022
52.250954
-164.099808
-114.556717
-150.176453
-5.623615
52.031013
-164.025772
-111.585907
-144.692947
0.383997
60.507866
-157.033249
-108.262115
-143.674240
0.099683
62.244328
-155.234573
-106.390465
-141.638992
0.944043
62.970669
-155.622421
-107.769119
-142.040787
0.727320
64.975891
-153.263138
-105.714012
-141.120239
-0.076806
64.840172
-153.558716
-105.930199
-140.092957
-0.100410
65.264496
-154.540939
-108.049683
-141.495224
-0.355756
66.661926
-153.528687
-107.507874
-141.839615
-2.730584
66.087936
-153.709991
-106.740227
-139.982452
-1.586890
68.288414
-151.761642
-105.718307
-139.603195
-1.404500
70.336014
-151.740189
-107.574394
-140.953415
-4.026091
70.060287
-149.968323
-104.652397
-137.460098
-3.073370
69.875214
-155.128357
-113.683395
-144.780930
-10.994471
61.526569
-162.268921
-120.827187
-154.781815
-21.566668
55.733536
-165.502594
-121.999313
-153.156387
-20.050146
59.058399
-162.581680
-120.342247
-152.892456
-20.743229
59.925289
-162.049530
-120.571304
-151.925797
-19.691803
62.154743
-160.464874
-119.927574
-151.653824
-21.381594
61.478291
-159.895172
-118.940521
-149.605682
-18.935419
65.248405
-156.538116
-115.022354
-145.742233
-17.816938
65.774651
-157.648560
-117.437416
-146.518997
-17.202713
68.776581
-154.386993
-114.738571
-145.160187
-18.229998
68.174156
-155.928726
-117.282921
-146.425125
-19.222416
69.019585
-154.563477
-116.685318
-145.880630
-19.480444
69.775970
-154.534515
-117.347290
-147.056503
-21.730282
68.825394
-155.832703
-117.786102
-146.727676
-23.489275
68.673050
-155.669083
-119.089119
-147.803772
-24.854521
68.859726
-154.993164
-118.779587
-147.750671
-26.982586
67.061577
-157.201157
-120.851326
-149.246262
-28.769472
66.784775
-157.996170
-122.494987
-149.787003
-29.434124
68.109779
-156.712463
-122.640900
-150.010696
-30.874470
67.835121
-156.716751
-122.722435
-148.655640
-30.363777
69.434792
-154.840286
-120.548775
-146.964249
-30.132034
70.557564
-154.930405
-122.584038
-148.502762
-31.385162
71.536575
-153.980896
-122.067978
-147.192230
-30.521492
73.127663
-152.397324
-121.967125
-148.286575
-32.808342
72.006493
-153.498642
-123.112434
-148.857880
-35.253445
70.763557
-154.096237
-123.918701
-148.357925
-35.057106
71.437866
-153.685318
-123.358658
-147.513016
-34.795322
73.716133
-151.426361
-122.546486
-146.574249
-34.797470
74.864120
-150.657104
-122.508934
-147.158432
-37.379364
73.533745
-151.663467
-124.006142
-147.419678
-38.954357
72.996231
-152.556656
-124.970665
-147.179886
-39.037506
74.218246
-150.924255
-124.231445
-147.245880
-40.065865
75.622650
-148.695877
-122.147369
-144.060486
-39.099197
74.874313
-151.559402
-127.078346
-148.918503
-44.166962
71.421242
-153.924576
-128.833588
-149.105713
-43.627300
76.318954
-147.323654
-123.206848
-143.435532
-39.739170
78.953957
-147.055969
-124.604279
-146.436920
-44.516186
76.193428
-148.199661
-125.720078
-145.716476
-44.515114
78.219566
-145.970749
-126.674942
-147.335464
-46.099762
78.237801
-145.596848
-124.162781
-143.496140
-43.823101
80.694710
-143.408173
-124.082321
-143.431244
-44.265667
81.060562
-144.178497
-125.329544
-144.938095
-48.486397
77.841377
-146.694412
-128.303574
-144.676315
-48.107666
77.753937
-146.404739
-127.755333
-142.797165
-46.331505
82.143639
-142.867432
-127.025772
-144.344803
-49.041611
83.381744
-139.166519
-123.343636
-141.622894
-49.664421
79.085915
-146.045319
-131.865555
-148.061798
-53.798779
80.119102
-143.412460
-130.320602
-145.428406
-51.003380
83.423584
-139.359100
-124.735703
-139.865509
-48.934860
84.542068
-139.514145
-127.251617
-143.820694
-54.767056
81.560524
-140.486710
-128.407654
-143.968216
-54.424271
82.870514
-140.544647
-128.213455
-141.152969
-52.947445
83.704681
-140.782288
-130.509964
-144.357666
-55.757328
84.371483
-139.625717
-130.530884
-142.855103
-54.588959
85.676643
-137.932175
-129.889297
-142.405563
-56.498154
84.511490
-137.204758
-129.275070
-140.955017
-56.440754
86.316620
-135.312729
-127.452782
-139.047440
-55.954739
88.471504
-131.999664
-124.992661
-136.341629
-54.760620
89.924728
-131.085571
-126.137428
-137.321701
-57.299599
87.642166
-133.277466
-128.587891
-138.215958
-57.853741
89.511665
-130.462219
-126.610031
-136.091644
-57.167633
90.006264
-131.081268
-129.327652
-138.545868
-59.829994
90.087807
-129.629120
-128.132446
-137.075470
-60.372871
89.551361
-129.451035
-128.563217
-137.033096
-60.861034
90.032547
-129.724609
-129.501450
-137.297562
-62.629147
88.586304
-131.466446
-132.209412
-139.333359
-65.040993
87.799881
-130.419312
-131.241135
-137.679504
-63.167732
90.865646
-127.365341
-129.088394
-135.881363
-64.217018
90.891396
-126.196968
-129.902710
-136.521332
-64.426224
91.979294
-125.757088
-130.232620
-135.601334
-64.305527
92.430443
-124.948669
-129.842636
-135.130875
-65.527008
92.410599
-123.764748
-128.783157
-133.624542
-65.751778
91.405838
-125.815559
-132.220139
-136.085205
-67.737144
92.370903
-122.595840
-129.476776
-134.030624
-67.547783
93.398186
-121.756310
-129.980499
-133.662094
-67.945282
93.433594
-121.672089
-131.109711
-134.358932
-69.447319
92.601570
-121.956932
-131.671356
-133.908859
-69.666725
92.876762
-121.066444
-131.245422
-132.797882
-69.749878
93.779060
-121.579819
-134.266663
-136.651688
-74.150307
91.392433
-121.919922
-134.832611
-136.246140
-74.655098
90.584015
-121.579819
-134.228043
-134.726929
-74.400826
92.145058
-120.165756
-134.572433
-133.463608
-71.892426
96.410316
-115.814140
-131.392410
-130.815201
-71.307167
97.320656
-114.208572
-130.798569
-130.021805
-71.911736
96.694626
-114.245583
-131.210022
-129.476242
-72.524353
97.732109
-113.004257
-132.068329
-130.423599
-74.869675
96.366859
-113.674271
-133.473801
-130.837723
-74.710350
98.145164
-111.327339
-131.918655
-128.969833
-75.093369
97.433311
-111.686760
-134.188339
-132.340836
-80.179916
92.644485
-116.136543
-138.037308
-134.001663
-81.646011
93.207214
-114.410271
-136.648468
-131.567291
-80.804871
94.615906
-112.141663
-136.358795
-131.946014
-81.036613
96.222557
-109.897720
-135.700577
-131.411179
-82.072479
96.281570
-109.502899
-136.593216
-131.887543
-84.719284
93.639046
-111.680321
-139.377884
-133.454498
-85.882286
93.968956
-110.203499
-138.586624
-132.289871
-86.292130
93.080612
-111.241508
-141.140625
-132.090317
-85.854393
93.543564
-110.629967
-141.027435
-132.370880
-86.796921
95.531616
-106.292831
-136.620041
-128.498306
-85.151657
96.134583
-106.422653
-138.703583
-129.064255
-84.738594
98.617233
-102.708870
-136.528839
-128.612564
-86.816772
96.371155
-104.570320
-138.495972
-128.601303
-87.454597
96.350769
-104.140633
-139.248062
-129.087326
-88.772102
96.397438
-101.855385
-136.964966
-125.960403
-86.689636
98.742760
-100.609238
-138.440720
-127.505890
-89.224319
97.206932
-101.053947
-139.995865
-128.299820
-90.229080
97.694016
-98.925346
-137.666092
-125.431473
-87.821526
101.123489
-96.378853
-137.077087
-124.338203
-88.293060
100.611725
-95.244804
-136.754684
-124.407936
-90.978485
98.346329
-96.519936
-139.233582
-125.049522
-91.039101
99.419220
-94.207863
-138.428925
-124.601593
-91.097038
99.862320
-94.787758
-140.853638
-126.122406
-93.342583
98.766365
-94.122574
-139.330139
-123.341492
-91.171608
101.568199
-90.030060
-137.768021
-121.929581
-91.245094
100.301666
-91.374916
-139.063522
-122.556137
-92.766449
100.510872
-88.627800
-137.246597
-120.207596
-91.819092
101.450188
-88.303253
-137.962753
-120.614220
-93.806068
99.630035
-88.288231
-139.369843
-121.459656
-94.086632
100.248016
-86.627945
-138.257797
-120.249443
-94.195526
101.274765
-85.901062
-139.812943
-121.031036
-95.254463
100.205101
-86.438576
-141.127762
-122.498207
-98.061668
98.644592
-85.334579
-141.547256
-122.492302
-98.540176
97.875870
-86.977707
-143.200027
-122.083000
-99.300850
96.905983
-86.807655
-144.247162
-123.348465
-100.520721
97.807205
-84.639351
-143.173203
-122.685959
-102.469612
95.680748
-85.600655
-144.426880
-121.721436
-100.439720
100.042023
-80.030785
-141.189453
-120.047203
-101.325386
99.717476
-78.889236
-141.598221
-118.344536
-99.012245
99.871971
-80.809158
-144.928452
-121.823364
-104.321411
96.713402
-80.002350
-144.953125
-122.620514
-106.533699
95.784813
-79.748077
-145.104401
-120.359413
-103.477585
98.853806
-76.926392
-143.581970
-117.372505
-101.766342
99.140800
-76.510651
-145.400513
-120.381409
-105.466713
96.469856
-78.390877
-148.781174
-122.974030
-109.322655
93.882591
-79.414413
-150.319687
-123.910660
-111.875587
90.689156
-81.846642
-153.331802
-125.863304
-113.518707
89.996071
-80.623550
-153.735748
-126.342346
-114.513268
89.717659
-80.422920
-154.513596
-126.664215
-114.708000
90.320618
-79.228264
-153.826401
-125.408401
-115.658035
89.539558
-77.150093
-146.404739
-109.841934
-95.960960
113.809807
-51.236732
-127.440445
-97.144890
-87.531845
119.953133
-44.872383
-123.243858
-93.463821
-84.291206
123.408356
-42.558708
-122.635536
-92.674713
-84.531532
124.644318
-38.189926
-119.094482
-89.510246
-84.204834
123.139061
-40.000420
-121.990196
-91.289085
-85.819527
123.065033
-37.938873
-121.087898
-89.450165
-84.368454
125.170570
-34.870426
-118.840744
-86.894020
-83.190964
127.130730
-31.992950
-118.173409
-85.490685
-82.363228
126.612526
-32.329300
-119.703880
-86.107597
-82.665245
127.950943
-28.191189
-114.963341
-81.376175
-81.326286
127.964355
-26.441315
-113.883484
-79.626305
-78.589363
131.642197
-23.284889
-112.907700
-78.983650
-78.521233
131.896469
-22.709288
-114.420998
-79.088257
-79.344673
131.627182
-20.182110
-111.886314
-76.418922
-78.315239
131.776306
-20.266333
-112.753738
-75.648056
-76.902252
133.773483
-16.437210
-110.708824
-74.260277
-76.538544
134.941315
-13.832785
-109.405273
-73.260887
-76.442520
136.144562
-12.450375
-109.739471
-71.140869
-73.256592
138.937805
-8.598722
-107.479446
-72.001854
-76.534790
135.386566
-10.596431
-108.673027
-69.612549
-73.735100
137.536621
-8.246280
-108.809822
-70.383415
-75.807915
136.161728
-8.081056
-109.385956
-69.519203
-74.356834
138.628281
-3.621078
-105.561661
-67.644875
-75.153450
139.617477
0.360394
-102.452446
-63.808247
-71.879547
142.360306
2.872015
-101.473976
-61.661942
-69.073959
145.816605
6.913032
-99.746635
-60.963493
-70.339958
143.954071
7.375444
-98.489754
-58.262512
-67.530083
147.303619
10.518456
-98.309509
-57.819946
-69.487022
144.726013
8.832957
-101.870407
-61.452728
-72.137581
143.641876
10.175671
-100.802353
-58.370872
-68.916245
145.605240
13.025250
-99.187126
-56.958420
-68.694695
145.167511
12.633648
-100.393585
-57.280823
-67.985519
148.004745
18.243757
-96.322525
-53.924305
-67.054253
148.741821
20.228054
-94.096283
-50.742668
-65.187439
150.166077
22.950497
-92.862473
-49.964828
-64.421936
150.933716
24.109749
-93.865616
-49.222931
-63.324913
152.821991
28.276293
-90.059563
-45.314945
-59.454483
156.476776
32.080738
-88.375137
-43.892303
-59.234005
155.879181
32.860725
-87.727112
-43.689529
-61.261757
154.261276
32.077518
-91.235977
-47.093788
-64.283531
150.200409
29.152840
-93.842010
-48.433823
-65.361778
150.659058
32.649364
-90.634094
-44.977524
-62.010094
154.404495
35.982815
-89.329468
-42.466976
-60.587448
155.374390
38.750320
-88.144463
-40.643612
-59.645992
155.075058
39.950340
-87.015251
-39.177517
-58.797344
155.970917
42.350380
-85.214958
-38.428642
-58.632118
157.742783
46.123711
-83.226364
-36.141792
-57.296913
157.872604
46.272842
-83.674828
-34.308769
-55.216057
160.810150
51.334709
-81.970016
-34.861305
-57.007774
158.817276
50.478550
-82.325684
-33.291676
-56.028767
159.059204
51.398010
-84.633987
-35.804905
-58.800026
156.434937
49.808533
-87.258263
-37.957649
-61.395332
153.377747
49.174461
-88.162704
-39.038040
-62.926872
153.160492
50.413105
-87.797920
-38.636246
-63.318474
152.386414
50.357315
-88.840767
-39.852898
-65.768402
150.040543
50.005943
-91.466652
-40.794353
-65.814003
148.662964
50.910923
-90.953812
-40.419380
-66.212044
148.845886
51.746162
-91.331467
-40.072838
-66.680351
147.860977
50.969395
-94.473938
-44.142822
-70.317429
144.634293
49.955521
-95.101044
-42.939583
-69.800301
144.707779
52.398476
-93.713264
-42.453030
-70.463341
145.068268
54.149422
-94.206261
-42.825321
-71.170372
142.743332
52.905949
-94.765228
-42.088787
-70.710106
143.444992
54.322155
-95.101578
-42.670288
-71.968063
141.596954
53.461166
-97.489822
-44.235626
-73.377831
141.225739
55.696518
-95.724388
-41.953068
-72.130608
141.245590
57.179245
-95.725998
-41.413944
-71.673019
140.991852
58.242474
-96.117073
-42.321602
-72.263107
140.264435
58.234962
-98.272491
-44.175007
-74.098274
139.413101
60.115189
-97.092857
-42.741634
-73.790894
139.143265
62.163326
-96.015686
-41.824322
-73.564514
139.196381
63.578995
-95.602615
-41.371029
-74.341278
137.457230
61.323257
-99.555122
-43.454029
-73.365494
139.795044
67.382904
-93.605980
-38.229088
-71.230453
140.723633
70.036682
-92.689735
-37.146549
-70.094269
141.834061
72.056923
-91.094360
-34.992733
-68.832558
142.491196
74.826035
-89.864296
-33.976711
-68.189369
142.262680
76.027664
-89.813873
-34.300724
-69.531540
139.646988
73.509071
-93.681618
-37.825146
-73.323112
135.783539
72.344994
-95.223351
-38.707058
-74.531715
135.187012
73.701653
-96.441620
-41.649975
-78.346352
131.975327
74.563713
-95.688446
-44.106880
-85.179550
120.028236
58.333130
-115.236931
-60.885712
-98.435036
109.697441
51.236008
-122.010040
-65.786110
-104.105759
102.363205
45.221416
-127.865303
-71.811958
-109.558159
98.637619
43.256432
-131.677261
-74.720543
-111.345581
97.265404
44.862000
-129.652725
-72.909515
-110.885849
96.852875
44.498829
-132.178299
-75.296150
-113.460770
93.339714
42.675999
-134.225357
-76.787453
-114.816895
92.108040
43.125004
-134.412582
-77.069084
-115.064194
90.818436
43.154507
-135.674820
-78.239601
-117.069954
87.936668
42.316586
-138.549088
-80.524307
-117.858521
86.882561
43.070820
-138.455734
-80.299004
-118.006577
88.176994
47.398296
-133.868622
-73.914276
-112.486595
90.243904
48.411640
-137.061523
-80.008255
-119.748405
84.189087
45.359283
-139.117706
-81.005501
-121.319641
82.004158
48.488888
-135.480103
-78.167183
-117.642868
84.977119
49.298378
-136.073944
-77.948318
-118.210960
84.857498
53.063126
-131.810837
-72.127922
-111.792435
88.327202
53.264828
-135.594360
-77.724083
-117.302765
84.857498
54.266903
-135.585236
-77.116829
-116.595200
85.942184
57.201241
-132.501236
-75.276299
-116.624702
83.371552
55.106972
-136.290665
-77.137215
-117.330658
82.829742
56.922287
-134.637878
-76.578781
-117.813995
81.106155
53.219231
-139.284546
-77.137215
-116.506149
82.412392
56.931946
-137.306137
-77.151695
-118.044128
80.873878
59.652779
-134.829926
-75.635178
-116.403152
81.939255
63.008221
-133.432495
-76.149086
-118.167511
80.090141
62.970135
-133.479172
-75.799866
-117.780739
77.977631
58.332058
-142.638382
-84.384010
-121.763817
75.880676
57.142231
-143.741302
-83.483856
-123.638145
71.128876
55.635365
-143.956955
-82.226974
-121.210747
71.334335
56.185753
-145.060410
-84.631310
-123.183243
68.252480
58.210823
-141.021011
-86.664955
-127.878181
65.469955
55.337105
-147.230850
-90.652328
-131.528671
66.258522
59.038551
-146.844620
-90.587418
-131.423523
66.334694
62.227161
-145.125320
-85.943977
-127.158813
63.421280
60.571701
-145.822159
-87.510391
-127.680237
61.152134
60.224625
-144.432236
-87.594612
-131.113998
61.632786
65.251083
-142.063843
-85.595291
-129.728897
58.253201
61.750267
-140.583267
-83.813232
-127.588501
60.706348
62.212143
-146.121490
-88.508171
-130.662857
57.877155
65.232307
-142.626038
-86.208984
-129.807755
57.355736
64.898643
-144.532547
-88.517288
-130.984711
55.995853
64.113831
-146.721237
-90.142708
-131.663315
57.334274
71.402466
-139.501266
-84.152267
-127.522522
58.320793
71.008179
-142.149673
-87.125221
-130.484207
53.727779
68.924637
-140.457199
-80.770538
-121.170509
62.472317
77.403099
-137.376419
-83.571297
-127.620148
55.716904
74.248825
-138.946045
-83.601875
-125.361198
56.788177
74.794922
-140.267838
-84.437653
-127.873352
52.816364
73.943588
-141.136871
-85.590462
-128.542831
50.640018
73.350281
-142.192596
-87.837082
-131.418167
47.633797
70.352112
-146.766296
-93.915504
-138.510986
42.513458
70.577415
-145.650497
-90.745674
-132.889618
45.326557
72.019905
-148.233994
-95.650360
-138.370438
38.793236
68.713280
-149.520386
-95.611732
-137.321701
38.895157
68.951996
-150.033234
-95.717415
-138.690170
35.770386
67.824394
-151.842651
-98.844879
-142.204391
31.443981
63.769432
-157.332596
-104.560127
-147.048462
27.932434
66.205414
-153.116699
-99.738586
-142.126617
30.992298
68.278229
-152.919281
-98.491898
-139.098938
32.876282
69.450890
-153.344147
-98.785866
-140.090820
29.116360
68.335625
-154.322617
-102.930420
-145.629044
23.007360
63.458298
-159.644653
-105.730644
-146.842468
21.505323
64.159424
-159.564728
-107.351768
-148.081116
20.044592
64.678162
-158.859833
-104.795624
-145.134979
23.211744
71.074158
-153.857513
-102.405243
-143.946228
22.260633
70.535034
-155.070953
-104.880386
-146.883774
18.374111
68.766388
-157.604568
-107.158653
-147.159500
17.413881
70.461540
-156.254883
-108.946075
-150.953766
13.189402
69.579636
-154.616043
-104.169601
-142.805740
20.133104
73.365837
-156.081070
-106.364716
-146.476074
14.151778
69.676193
-160.185394
-112.679176
-153.182678
7.622208
66.456467
-162.028595
-113.592201
-152.978836
7.838930
70.511971
-157.988129
-110.429337
-149.943634
8.980478
71.179840
-158.879684
-112.054222
-152.784637
3.294731
66.793358
-161.893417
-114.003647
-153.438553
2.933706
68.481537
-161.782379
-115.500854
-154.668625
0.751997
68.893524
-162.289307
-117.572060
-155.856308
-1.684522
67.497704
-161.656311
-116.066803
-154.510910
-1.137888
69.666000
-160.646194
-115.518021
-154.286667
-0.695860
73.007500
-159.825974
-116.191261
-153.864487
-1.903927
72.431892
-160.078094
-116.683716
-154.348358
-3.945088
71.238846
-162.186859
-119.456047
-156.353577
-6.638027
70.041512
-162.599915
-118.971634
-154.286133
-4.550195
74.692459
-158.430679
-115.517487
-151.624313
-3.315842
77.762520
-155.296249
-112.707603
-148.288177
-1.303112
81.883461
-151.427444
-110.491562
-145.903168
0.261152
84.723389
-149.200134
-108.493858
-143.761688
1.041675
88.134079
-145.316833
-104.727501
-140.160019
1.793767
89.369507
-144.502518
-105.684509
-140.293594
2.605403
92.291504
-142.672165
-104.013496
-137.469757
4.627789
96.444649
-138.108124
-99.366295
-132.919128
7.173206
98.471863
-138.780289
-102.460495
-136.317490
3.311897
98.279274
-135.469910
-96.885254
-129.362518
8.197273
103.762253
-132.406815
-96.470047
-129.805084
6.365324
103.934982
-131.775970
-97.309578
-129.812592
6.825592
106.190186
-130.708984
-97.357857
-129.780396
4.913713
106.538338
-129.239136
-95.606903
-127.550415
5.831028
108.249046
-127.031136
-93.165558
-126.102554
4.686261
108.346146
-129.000946
-97.142212
-129.609283
0.024581
105.349579
-131.588211
-100.639809
-131.918655
-2.464509
105.516411
-130.566833
-99.247742
-129.625366
-1.917875
106.769005
-130.185410
-100.413971
-131.389725
-4.794812
105.720261
-130.795883
-100.885498
-130.167175
-4.165566
107.818825
-129.755188
-101.740593
-131.079132
-5.350566
109.148125
-127.898026
-100.941292
-129.863022
-6.207264
108.899750
-128.417297
-101.958923
-130.769058
-8.037066
109.679199
-127.918953
-101.644569
-129.441376
-8.150792
110.096016
-127.713493
-102.605873
-129.530960
-8.918977
111.051956
-126.113823
-102.066208
-128.447342
-8.805788
113.637604
-122.984756
-99.324455
-125.987762
-7.842339
114.843529
-121.953178
-97.974770
-124.050133
-6.948627
118.293381
-118.382622
-96.448051
-122.435440
-8.036530
116.093437
-117.469063
-91.320740
-112.253242
5.208755
134.073898
-101.372055
-79.969093
-104.522041
9.807136
139.882492
-95.059738
-74.651878
-98.446304
14.836278
146.641113
-88.722214
-69.063232
-91.796562
19.674982
151.918625
-84.653839
-65.801125
-88.134270
22.897388
156.876968
-79.741104
-61.327202
-82.233948
26.787130
160.959824
-75.298294
-58.986706
-80.980286
27.817635
166.046356
-68.978470
-52.799923
-72.751266
35.426525
174.108551
-61.896904
-47.050335
-67.691551
37.682800
176.375015
-60.740334
-47.588924
-67.164764
37.755219
179.274475
-55.426880
-42.344669
-62.432808
40.161697
182.887421
-52.437824
-42.021194
-63.133400
37.494511
180.791000
-54.405495
-42.941193
-61.974686
37.407070
180.817825
-54.859859
-44.375637
-62.186581
35.945263
181.696518
-53.167385
-44.686775
-62.706394
35.834221
183.909866
-50.836548
-43.482998
-60.462994
37.063210
186.231064
-46.893696
-39.619007
-56.146248
40.081768
190.925995
-43.142357
-38.051525
-54.967148
39.304462
190.917419
-42.105953
-38.280048
-55.880707
36.867409
188.935791
-44.796207
-39.859871
-54.020866
38.754612
193.017593
-39.734879
-37.377216
-52.085384
39.911716
196.018982
-37.750580
-37.995197
-52.918476
36.588993
192.822327
-40.171543
-39.081493
-52.498444
36.149113
194.655350
-37.067692
-37.445881
-50.849422
36.508530
195.783493
-35.965302
-36.360661
-48.852783
37.682800
198.620728
-32.988052
-35.363415
-47.780434
36.786942
198.895920
-31.042913
-34.446098
-46.229580
37.457493
200.492920
-30.025284
-34.116188
-44.427673
38.533596
202.721832
-29.160002
-35.389702
-46.758511
34.048405
199.287537
-30.952791
-37.437298
-47.069649
33.352642
200.581970
-28.156857
-36.128380
-45.671680
32.086639
200.648483
-27.257244
-34.940701
-42.990543
34.745781
204.482971
-24.827162
-35.517910
-42.432644
34.658340
206.028992
-21.548964
-32.307308
-39.588966
34.536568
205.632568
-21.371401
-32.334129
-38.376072
35.545616
209.404816
-17.013350
-30.336418
-36.810200
34.975376
208.751968
-18.513239
-32.890957
-37.463585
33.237309
208.098587
-17.725206
-33.472996
-39.043941
30.012218
206.313309
-19.115664
-36.009827
-41.361908
26.815561
205.061249
-19.035198
-37.007072
-40.853897
26.250689
205.452850
-17.502047
-36.825756
-40.846924
25.013117
205.425491
-17.745592
-38.487652
-40.614643
24.757771
206.616394
-15.635766
-38.028996
-39.330402
25.654701
209.107101
-11.599040
-35.078564
-38.048306
23.665037
208.936508
-10.729468
-35.151520
-36.444881
24.715393
209.866165
-10.983205
-38.353542
-39.636711
20.157244
206.525742
-13.194956
-39.914589
-39.537468
19.522097
207.816956
-9.365833
-36.291996
-35.066761
22.830334
211.727081
-6.084419
-35.226086
-33.875862
22.428003
211.506607
-5.964792
-36.689499
-35.361805
19.753839
211.699722
-5.755579
-38.998344
-36.656239
17.245974
208.816879
-6.639100
-39.691963
-36.070980
16.486910
209.486359
-5.402601
-39.718784
-36.010899
14.828232
208.235916
-5.884326
-41.684845
-36.182026
14.267650
209.038971
-4.138207
-41.124264
-35.569408
14.261749
210.382217
-1.850819
-39.727905
-34.006756
13.438311
210.853210
-0.033891
-39.462902
-33.054569
13.451721
211.055450
1.296485
-39.273540
-32.658138
12.852516
211.569901
1.943970
-40.295460
-31.466166
12.375083
211.471191
4.059697
-38.751583
-31.059544
11.139657
211.442764
3.692771
-41.637638
-31.879227
10.068919
211.400391
5.630399
-40.197292
-30.349831
10.250236
212.707153
7.671024
-40.057819
-30.126133
9.711112
212.793518
8.217122
-40.926853
-29.487232
9.965385
215.135086
12.654033
-37.421207
-26.092091
10.381127
215.255249
13.951685
-37.266174
-26.796440
8.697237
215.874313
16.308811
-35.345177
-21.733500
13.899651
221.555771
22.580889
-31.600813
-19.703068
13.969388
222.149612
22.242393
-34.301262
-20.348944
11.372472
219.636917
22.016016
-34.803905
-19.335070
12.773659
224.336136
28.280584
-30.626635
-15.009202
16.323294
228.287033
32.982498
-26.712755
-10.282613
18.294718
228.703308
33.680943
-28.234104
-11.190808
16.111401
227.440002
34.430889
-28.561871
-11.150575
15.348579
227.997360
36.031094
-28.154175
-9.531594
16.101744
228.464600
36.690918
-28.550068
-8.850849
16.837206
230.983200
39.506165
-29.053249
-10.561563
12.090769
226.342438
37.657589
-31.246761
-11.130727
10.999645
225.487350
37.940292
-32.215038
-12.392439
8.298124
224.911209
39.362400
-31.680742
-10.977841
8.714940
225.605362
40.602116
-32.047131
-9.914613
9.562518
228.310638
45.211761
-29.577354
-8.625007
8.466567
226.329025
39.988964
-42.633274
-24.363140
-9.637809
207.713959
24.597912
-53.756401
-30.651848
-15.266157
203.729797
22.777761
-57.276531
-35.207310
-22.768833
196.731918
17.754522
-63.558800
-39.672115
-27.067879
192.257462
13.835814
-69.463951
-45.575123
-34.022312
185.287460
8.034195
-74.166397
-47.106663
-35.543125
184.853470
6.985451
-79.466980
-54.233833
-44.757584
176.223206
2.888108
-83.531067
-57.608589
-48.058315
174.640152
1.944507
-87.457817
-60.603004
-50.945442
172.882782
2.701426
-86.044830
-57.603222
-49.918159
174.517853
5.794550
-84.770782
-56.631729
-50.426170
174.223877
6.793941
-85.186523
-55.492863
-49.402637
174.579010
6.341185
-88.979164
-60.674889
-57.144566
166.651474
0.621105
-95.345123
-66.160004
-63.146812
161.460861
-2.621150
-100.087273
-70.120018
-67.893784
157.564148
-4.748678
-103.494751
-72.306557
-70.555611
155.556778
-4.756188
-104.497360
-72.839783
-72.412773
153.633636
-5.583918
-106.901695
-74.236671
-74.281197
152.156815
-5.866086
-109.127396
-76.523529
-77.496094
149.970810
-5.463219
-109.367722
-75.332085
-76.849686
150.687500
-4.094756
-109.518997
-75.072990
-78.000885
150.064148
-2.842700
-110.259285
-75.503746
-79.542618
148.802979
-2.615249
-111.298370
-75.881943
-80.548447
147.950027
-2.168929
-112.777878
-76.740250
-81.987724
146.716751
-2.362585
-114.171021
-77.555107
-83.604019
145.621338
-1.531100
-114.824402
-77.934364
-85.099617
144.258240
-1.362121
-116.182678
-78.732056
-86.570007
143.379547
-0.349319
-116.238464
-78.051315
-86.949806
143.043732
0.989104
-116.598953
-77.434402
-87.015251
142.710068
2.023900
-116.329659
-77.257912
-88.015717
142.108185
3.162230
-117.624092
-76.982185
-87.345703
143.752380
6.162549
-117.395569
-78.008400
-90.633553
140.141052
5.042459
-118.891174
-77.729980
-89.992508
141.272949
8.210148
-116.937988
-76.334702
-90.621750
140.023026
7.882382
-118.978073
-76.872749
-90.202255
141.301910
9.855414
-117.949715
-74.845001
-89.351997
141.964951
13.644840
-115.816826
-72.793106
-87.778610
143.414413
16.037909
-115.733139
-73.664291
-90.885681
140.340073
14.624384
-118.861664
-76.524063
-94.272240
137.060257
14.167871
-119.019379
-75.473709
-94.418686
136.518463
14.151778
-121.393669
-76.412483
-95.159515
135.695023
15.204813
-121.506859
-77.088936
-97.217316
134.242874
15.517023
-122.668259
-77.424210
-97.879822
133.189301
15.773978
-123.535149
-77.460152
-98.310577
133.424805
18.780735
-122.165611
-75.482292
-96.073082
135.368332
20.825113
-122.707954
-77.232162
-99.638809
132.081543
20.570841
-123.330223
-76.545517
-99.738052
131.717834
21.884050
-123.580742
-76.423744
-100.145210
131.893265
24.229376
-123.109215
-75.820251
-100.549149
131.335358
25.680450
-123.267464
-75.328331
-100.801819
130.224380
25.703518
-124.455681
-76.112076
-101.837685
129.458878
26.826828
-124.792030
-76.079887
-102.757683
128.543182
27.823000
-125.594009
-76.807304
-103.869728
127.253036
28.482286
-125.941086
-76.507973
-104.145996
126.410820
29.436617
-125.998489
-75.720474
-102.702431
128.258331
33.470657
-123.279266
-73.175056
-101.807648
128.939072
35.657734
-123.442345
-73.948608
-103.634766
126.324455
34.541935
-125.306480
-74.704987
-104.399734
125.581482
34.951237
-126.237740
-74.742004
-103.653542
126.914543
39.344158
-123.158028
-72.358589
-103.414291
126.544930
40.286152
-123.707344
-71.811424
-102.849953
126.400627
41.349915
-124.515762
-72.960480
-105.583122
122.761406
40.192276
-126.504349
-74.496315
-104.876625
127.720276
49.884708
-115.884415
-61.510128
-93.004089
136.791504
59.421036
-108.745445
-54.956955
-88.000694
141.263290
66.048241
-104.339653
-50.944370
-85.039001
143.532440
70.384293
-102.006668
-48.166676
-82.394348
145.327911
73.515511
-99.985352
-46.091179
-81.125664
146.374496
76.942299
-98.071861
-44.046799
-79.130096
147.880295
80.544502
-96.166962
-42.061428
-78.059357
148.405472
82.870514
-94.628975
-40.127018
-76.234383
149.520203
85.533409
-93.217056
-38.572411
-75.204948
150.397278
88.798195
-91.333611
-36.482967
-73.459908
151.784515
92.229813
-89.428703
-34.450928
-72.137581
152.183640
94.064980
-88.479744
-33.336739
-71.654243
152.307556
96.347549
-87.734627
-32.531002
-70.932732
152.846680
98.756172
-87.048515
-31.533756
-70.212822
152.916946
101.408340
-85.254112
-29.754917
-69.264397
152.936264
103.232246
-83.010719
-26.082436
-65.363388
157.010529
109.525780
-80.045265
-24.084190
-64.269051
157.237457
111.476280
-79.664932
-24.266581
-65.186897
155.565353
111.866272
-80.802185
-25.002579
-65.946503
154.302582
112.477821
-81.101517
-25.040665
-66.624031
153.200195
113.792099
-81.180916
-24.778881
-65.603714
154.165253
116.795105
-79.465370
-22.951759
-65.211044
152.674469
117.269318
-79.515800
-22.809065
-65.514130
152.043625
118.497772
-80.120369
-23.781635
-66.224380
151.076416
120.148399
-78.997597
-21.731890
-64.149956
152.891739
124.450661
-75.541298
-17.904379
-61.498329
153.997345
126.914543
-75.399147
-18.830812
-61.740799
154.458679
129.921295
-73.600456
-17.407633
-60.878738
154.226395
132.939316
-71.100639
-15.421726
-59.680325
154.368561
135.007309
-69.021927
-12.117781
-56.178970
156.761627
137.887451
-68.496208
-12.199320
-56.329174
156.905396
141.940811
-64.015846
-6.838120
-51.311832
160.275314
145.176636
-64.447151
-8.358932
-52.482349
160.001205
149.359802
-59.691589
-3.020263
-47.484318
163.131332
152.956100
-57.794197
-1.636779
-46.476345
163.294418
154.087463
-59.110088
-3.850138
-49.558743
159.642853
154.649124
-57.244343
-0.496304
-45.024731
162.274643
156.631805
-58.154686
-2.780473
-48.621578
158.693359
156.338379
-59.207722
-2.681768
-46.666245
160.855743
161.461395
-54.962856
0.455881
-45.307438
160.724854
163.196243
-54.307861
1.051331
-45.412579
158.640244
163.606094
-54.894730
-0.131523
-46.329357
157.206329
163.224136
-56.705219
-2.676403
-50.071045
152.077957
159.985107
-61.508518
-7.731832
-54.476841
147.047195
157.258377
-64.384918
-9.655512
-54.084702
149.923065
163.642563
-58.439537
-3.962255
-50.186378
150.313065
165.328598
-58.276993
-4.050231
-50.468010
148.696762
165.406921
-58.916431
-5.663311
-53.568108
144.057617
162.374420
-63.297016
-9.804107
-55.432243
144.684708
167.514069
-57.756111
-3.927386
-50.163311
146.690475
168.429779
-59.560162
-6.791449
-53.425949
142.070633
166.630005
-60.631439
-7.090784
-53.489788
141.465530
167.881531
-60.612125
-7.612205
-54.067535
139.571884
168.314438
-61.099751
-8.363760
-54.332539
138.877731
170.459137
-59.459312
-6.970084
-53.024155
138.425507
171.610336
-59.279068
-7.506526
-53.839012
136.794189
171.961166
-59.723240
-8.598186
-54.834110
135.500824
173.818329
-57.557625
-6.136454
-52.551552
136.172989
175.427124
-58.332249
-7.957674
-53.885681
133.322342
175.006012
-59.111160
-8.645928
-53.940933
134.016495
178.694580
-56.417686
-5.688524
-51.486176
133.678543
180.412811
-54.442509
-3.138280
-47.873775
136.498611
184.032715
-52.539211
-3.299749
-48.810406
133.944611
184.302017
-52.458748
-3.503597
-48.911793
132.424332
184.070267
-53.550407
-2.254760
-43.501236
137.989914
190.694794
-48.726185
-1.847601
-48.549694
129.903595
186.054565
-50.746426
-0.637388
-44.215240
135.086166
192.939270
-45.572437
0.710154
-45.606236
129.399872
188.917023
-51.653549
-5.410647
-50.238415
125.432350
188.450317
-49.813553
-1.532709
-44.765629
130.360641
196.032944
-44.862190
1.022900
-42.234161
132.359421
200.021378
-41.118900
2.220238
-43.702404
127.025047
194.343140
-48.797531
-4.745460
-48.492294
122.966866
194.023956
-48.843128
-5.177295
-48.206371
122.655190
196.386444
-45.707085
-0.932431
-43.817738
124.766090
199.645874
-44.727543
-2.538001
-45.619648
122.132698
201.910187
-37.392773
8.989061
-33.765354
130.139633
208.649506
-36.545734
4.516209
-38.396992
125.679115
206.341736
-39.004246
1.513744
-40.746609
123.338081
206.895889
-39.064865
0.936533
-40.758945
121.422989
207.095978
-38.732807
0.821734
-40.393631
120.542686
208.326035
-38.079956
0.324452
-40.756802
118.815880
208.348038
-38.217823
-0.405645
-41.173618
117.622833
209.617783
-37.324108
0.876988
-38.526814
119.096436
213.047791
-34.166615
2.984668
-36.346176
118.627052
213.453888
-35.465878
0.410820
-38.040260
116.560143
214.308975
-34.967522
-1.577770
-41.957893
106.647232
194.771225
-61.702713
-32.196800
-74.137970
79.868050
184.312744
-64.475578
-29.853622
-69.848045
78.261940
181.208893
-68.681282
-38.130383
-77.696724
70.535576
175.781708
-75.166862
-44.499020
-82.322464
65.084251
172.136047
-77.221436
-46.142677
-84.399567
59.124920
167.797302
-78.874214
-47.204830
-83.080452
62.488411
174.116058
-76.041801
-46.471516
-80.029709
66.104027
181.000214
-68.013412
-39.160885
-75.023636
68.226730
186.027740
-62.094315
-34.214893
-69.868431
70.891769
189.305405
-59.637409
-31.959692
-66.524788
73.374962
193.076065
-57.113987
-31.422714
-65.614449
72.642715
195.681564
-49.619896
-22.258141
-54.863617
82.011673
206.179199
-43.495872
-18.364645
-51.465256
83.500298
208.789520
-41.492798
-17.836250
-50.234657
83.646210
210.592499
-41.129093
-19.796946
-52.810654
80.225861
211.071548
-38.535931
-18.409706
-51.742596
78.554306
210.362366
-38.998344
-19.250847
-51.053806
78.516754
211.037216
-39.028385
-19.381739
-50.133808
77.543648
212.068253
-38.032749
-18.439211
-47.870556
78.619217
218.027054
-29.420713
-9.886718
-38.226406
86.350410
225.333923
-24.423758
-9.156085
-40.611961
80.366402
219.743668
-30.653456
-16.171671
-45.210342
76.339333
219.629395
-29.952864
-15.821375
-44.418018
75.239632
219.850952
-30.107359
-16.995110
-44.883648
73.387299
219.075790
-29.409985
-17.423189
-44.867554
71.745247
218.802216
-30.101458
-19.469715
-45.861580
69.848930
219.066681
-29.105822
-17.048218
-40.702084
73.499947
226.697556
-21.333851
-14.536596
-41.062572
70.778580
222.638840
-25.357166
-17.713942
-42.339840
68.858116
222.779922
-24.759571
-18.093742
-42.045334
67.573341
223.483200
-23.846544
-18.565811
-42.015293
65.977966
223.768051
-23.347654
-18.826521
-41.386047
66.352402
226.633179
-20.120956
-17.012812
-38.863163
65.641075
226.935745
-19.045389
-17.091669
-38.711884
64.218437
226.896042
-18.978334
-18.199421
-38.987080
62.804375
227.374542
-17.932810
-18.391468
-38.425426
61.358128
227.169098
-17.706430
-19.170918
-38.229626
60.897858
229.227951
-15.693165
-18.703676
-36.278584
60.562584
228.944717
-15.249528
-19.555546
-36.496918
60.246082
231.478867
-11.749781
-16.960241
-33.808807
60.272369
232.998062
-9.930170
-17.118490
-34.071125
57.650776
231.056686
-11.492289
-19.489565
-34.773865
55.591911
231.098526
-10.706401
-20.722307
-36.429325
52.629681
229.973068
-10.951018
-21.995821
-36.084930
52.174778
231.666077
-9.003736
-22.371328
-36.793034
49.417469
229.744019
-10.173715
-24.051468
-37.617008
46.449867
228.083191
-11.154330
-26.384989
-38.922169
44.106689
226.882629
-11.979378
-28.197090
-39.929073
41.759758
225.973892
-12.074329
-29.990414
-41.736343
37.170498
223.026688
-14.356889
-33.368389
-43.829540
34.217922
221.637299
-15.254356
-36.296825
-46.313267
30.203728
219.746353
-16.211905
-38.242496
-46.926956
27.879326
218.243240
-17.391005
-41.320602
-49.583954
23.419884
215.349670
-18.887140
-43.934147
-51.282330
20.017769
213.312805
-19.857563
-46.155552
-52.083775
18.720118
213.467300
-19.936956
-48.155945
-53.903385
14.736500
210.822632
-20.701921
-50.050121
-55.124863
11.730279
209.227264
-21.067776
-51.562351
-55.487495
9.843614
208.682236
-20.726063
-53.170067
-56.520149
7.381882
207.505280
-20.918108
-53.923233
-54.472012
8.759464
210.767380
-16.511776
-51.770493
-53.429169
7.963921
211.101593
-15.150823
-52.163166
-53.177578
6.274129
210.149399
-15.798844
-54.610413
-55.007919
3.123070
208.994446
-15.611090
-55.860859
-55.010063
1.095319
207.047699
-16.127146
-57.585522
-56.337219
-1.005387
207.264954
-14.701820
-57.787224
-55.607124
-2.269780
207.130844
-13.722815
-58.368191
-55.562599
-3.323889
206.756943
-13.021685
-59.101505
-55.312080
-4.734731
207.201111
-11.367834
-58.916969
-54.748280
-5.718565
207.896347
-9.584165
-59.587521
-54.823917
-7.323063
206.668427
-9.754217
-60.548824
-54.605587
-8.166886
207.009613
-8.267737
-60.738724
-54.240269
-9.487605
206.203873
-7.946945
-61.493500
-53.804680
-10.259009
206.811127
-5.445516
-60.224815
-52.001698
-9.937680
208.497162
-3.015435
-59.920650
-50.755543
-10.497190
208.040115
-2.737021
-61.590595
-52.297279
-13.275959
206.906616
-1.888907
-61.679108
-50.605877
-12.066818
208.382370
-0.318205
-62.445683
-51.512463
-15.351988
206.723145
0.363076
-63.374802
-51.566643
-16.330996
207.106171
1.648927
-63.621029
-50.642891
-16.888895
207.109924
3.324772
-63.687012
-50.995869
-18.957415
206.134140
3.907348
-64.688011
-50.429924
-18.910208
206.495163
5.173350
-64.944969
-50.373596
-20.665981
206.319214
6.802525
-64.050179
-47.384541
-17.075575
211.606384
13.895895
-59.886856
-45.162598
-18.753565
209.640320
12.983944
-62.294945
-45.681335
-19.903160
209.387650
13.914135
-63.024506
-46.322384
-22.346117
207.278900
13.120201
-65.109657
-46.933392
-23.947395
206.770355
14.477398
-65.264153
-46.880283
-25.694052
205.721069
14.855590
-66.818756
-47.272961
-26.702026
205.421738
15.955832
-67.631470
-47.458569
-28.043131
204.965759
17.019596
-67.726952
-46.637814
-28.873543
204.314529
17.764713
-68.825050
-47.140457
-30.658283
203.850510
18.922356
-69.571777
-47.103981
-31.555214
203.604813
20.768251
-69.136185
-46.167889
-32.164078
203.393997
22.011187
-69.737534
-46.106735
-33.236423
202.676239
22.910799
-70.675240
-46.221535
-34.299114
202.405869
24.335054
-71.006760
-45.730690
-35.453537
201.780380
25.414375
-71.497063
-45.531670
-36.144474
201.627487
27.111677
-71.593086
-44.969479
-36.858479
201.587250
28.783230
-71.851654
-44.616501
-36.901394
202.719681
32.050159
-69.824974
-42.900421
-37.982323
201.435974
31.902639
-72.238968
-44.050018
-39.474705
200.534760
32.936901
-72.648270
-43.710987
-40.346424
200.083069
34.208267
-73.143944
-43.373566
-40.872135
200.134033
35.698502
-73.399292
-43.149330
-41.961113
199.673233
37.966579
-71.657463
-40.385582
-39.844315
202.349533
41.791943
-70.629639
-39.347031
-40.160278
202.528717
43.786434
-70.600136
-38.638927
-40.643074
201.814163
43.808964
-72.420822
-39.764385
-43.141823
199.991882
44.651714
-72.889130
-39.536934
-43.655731
199.710251
46.080795
-73.153061
-39.189854
-44.640640
198.485550
46.858639
-73.964699
-39.796570
-46.405533
197.457184
47.728210
-75.375008
-40.283661
-47.723572
196.434189
48.721703
-75.857262
-40.128090
-48.301857
196.533432
50.896973
-75.296684
-39.170006
-49.052879
195.650452
51.750454
-76.374931
-39.738636
-50.196033
194.798584
52.933846
-76.764389
-39.258518
-50.478203
194.345291
54.411205
-77.135071
-39.183418
-51.563423
193.661331
55.808098
-77.557251
-39.035896
-52.456600
192.793900
57.556362
-76.747757
-37.676552
-52.325172
193.000427
58.981152
-77.610893
-38.316528
-53.659302
192.198456
60.350151
-78.173088
-38.212460
-54.345947
191.531631
61.471851
-78.625305
-37.882545
-54.569107
191.144333
62.892887
-78.537331
-37.576237
-55.792194
190.116501
64.124557
-79.116684
-37.614326
-56.622608
189.441132
65.594940
-79.456787
-37.577312
-57.553871
188.592468
67.003639
-79.734665
-37.480213
-58.305428
187.880615
68.249794
-80.169724
-37.095051
-58.476551
188.706192
71.921738
-78.474030
-35.090366
-57.575867
188.318344
72.903427
-79.502922
-36.465801
-59.769375
186.365173
73.265526
-78.908546
-32.719296
-55.816338
190.290314
79.151367
-75.967773
-31.225304
-55.766983
190.146545
81.230080
-75.584755
-30.432980
-55.893585
189.791428
82.716019
-76.192001
-30.763964
-57.302280
188.286163
83.647820
-76.364738
-30.649700
-58.612270
186.492310
83.935356
-77.936516
-31.816462
-59.904022
185.299789
84.847305
-78.491730
-32.003143
-60.791832
184.154495
85.718483
-79.497559
-32.517056
-62.199455
182.047882
85.569351
-81.091866
-33.576527
-63.633366
180.951935
86.880417
-81.147118
-33.255199
-63.946110
180.536194
88.414108
-81.487221
-33.501427
-65.001831
179.114624
89.384529
-81.709846
-33.120014
-65.193878
178.467667
90.773376
-81.696434
-32.589474
-64.961594
178.358231
92.776451
-81.245285
-32.063763
-65.399872
177.170547
93.475433
-81.779579
-32.156029
-66.124603
176.636261
95.620125
-81.386909
-31.748333
-66.376732
175.812820
96.662445
-82.097694
-31.998852
-67.148666
175.121887
98.289467
-82.069801
-31.675377
-67.651314
174.006088
99.448181
-82.364304
-31.599739
-68.046135
172.985779
100.641228
-82.549377
-31.636217
-68.694695
172.327026
102.621239
-82.416878
-30.973713
-68.341713
172.056122
105.670906
-80.083351
-28.226593
-66.321472
173.630569
109.211426
-78.762100
-27.169804
-66.485626
172.715408
110.701126
-79.147263
-27.180532
-66.618668
171.728348
111.975174
-79.352722
-27.786711
-68.346542
169.370697
111.917770
-80.813988
-28.481939
-68.876549
168.141159
112.988510
-80.817741
-28.360704
-69.401192
167.193817
114.381111
-81.022125
-28.379478
-69.493454
166.716370
115.837555
-81.522087
-29.399256
-71.212753
164.412903
115.629951
-82.911476
-29.962519
-72.013657
163.210190
116.754333
-83.034859
-30.173878
-72.894493
161.929703
118.262268
-82.802040
-29.797295
-72.929901
161.213562
119.623222
-82.765022
-29.543558
-73.039337
160.689453
121.249176
-82.602486
-29.350975
-73.191147
159.923416
122.541466
-82.914154
-29.587547
-73.805374
158.664917
123.863800
-82.644859
-28.966883
-73.563972
157.920883
125.013390
-82.620720
-28.953472
-73.987762
156.962250
126.463928
-82.409904
-28.639654
-73.699699
156.635559
128.089890
-82.383614
-28.512516
-73.767822
155.558929
129.529694
-81.774216
-27.599493
-73.503899
155.019257
131.229675
-81.625626
-27.870934
-73.977036
153.691040
132.280563
-81.973236
-28.097847
-74.305878
152.817169
134.809891
-79.293709
-25.135078
-71.597916
154.863693
138.243652
-78.345284
-24.694124
-71.496529
153.951736
139.351944
-77.996597
-24.301449
-71.585045
153.200729
141.162430
-77.783089
-24.291794
-71.514771
152.618683
142.638184
-77.362518
-24.351337
-72.663826
149.783051
141.803482
-79.630058
-26.018599
-73.729202
148.107742
142.969177
-79.497025
-26.067951
-74.135284
147.268753
144.388062
-79.598946
-26.439705
-74.457687
145.896530
145.349899
-79.538864
-26.885489
-75.541840
143.536728
145.290359
-80.738884
-27.863958
-76.076668
142.240143
146.039764
-80.750153
-27.820507
-76.161964
141.256851
147.048813
-81.249039
-28.663794
-77.249329
139.499466
147.796082
-81.013542
-28.435268
-77.170471
138.319290
149.117874
-80.358551
-27.740040
-76.762245
137.627823
150.570557
-80.456184
-28.507153
-77.719254
135.990067
151.174042
-80.711525
-28.575281
-77.521309
135.266937
153.008682
-79.863411
-27.582863
-74.597702
138.805847
159.896591
-73.906227
-22.077896
-71.441811
139.269867
162.245132
-72.767357
-21.250702
-70.798622
138.633118
163.624863
-72.462662
-21.238363
-70.695625
137.772659
165.329681
-71.689651
-20.695486
-70.132896
136.945999
167.158401
-70.041161
-19.802309
-69.362564
136.363968
168.384171
-70.843681
-20.755030
-70.081398
134.932205
170.176422
-69.565338
-20.056583
-69.622742
134.147385
171.118423
-69.222549
-19.481518
-68.816467
134.072281
173.786682
-67.466240
-18.238045
-67.453903
133.988068
175.334854
-66.837532
-18.082478
-67.141159
133.238647
177.089554
-66.228134
-18.039562
-67.016167
131.913101
177.373337
-66.675529
-18.979408
-68.011803
130.322556
178.642548
-66.265686
-19.026615
-67.953865
129.034561
179.905869
-65.478188
-18.315292
-66.774231
128.671387
181.153641
-64.947647
-18.558838
-67.574600
126.654900
181.614441
-65.391823
-19.286253
-67.979614
125.507454
182.906723
-64.863426
-19.421436
-67.897545
124.428131
184.262314
-64.348442
-19.042171
-67.290291
123.629906
185.758453
-63.347443
-18.624283
-66.964134
122.520012
186.830795
-63.136086
-18.876947
-67.037628
120.754044
187.179489
-63.588840
-19.894577
-67.669014
119.585136
188.524887
-62.806709
-19.960024
-67.875008
117.652870
188.924530
-62.647923
-19.846834
-67.239861
117.033279
190.297821
-61.935528
-19.714333
-66.842361
115.905685
191.099808
-61.608299
-19.800163
-66.585403
115.023239
193.235397
-59.927628
-19.294298
-66.010338
114.249687
194.367279
-59.469505
-19.638695
-66.061836
112.924675
195.381165
-58.668060
-19.151606
-65.391289
111.960152
196.565094
-57.969612
-19.155361
-64.872543
111.127594
197.298935
-58.070465
-20.252384
-66.268364
108.301086
196.972244
-58.849915
-21.563984
-66.691086
107.288818
198.296722
-57.266876
-20.481981
-65.834923
106.286209
199.421097
-56.791050
-20.905233
-65.891785
104.991776
200.276184
-55.624290
-20.028151
-64.656357
104.974068
202.348465
-54.636700
-19.827522
-63.940208
103.895287
203.065155
-54.063244
-19.665518
-63.329205
103.512802
204.950745
-52.542431
-18.994429
-62.477333
102.575104
205.791351
-52.012428
-18.781462
-61.358852
102.465134
208.351791
-49.991650
-17.712870
-60.839039
100.664299
208.441910
-50.293129
-19.477226
-61.817509
99.090912
209.716492
-48.951488
-18.882311
-60.281139
99.607506
212.478638
-46.771923
-17.643131
-59.964104
97.371078
212.354721
-46.648006
-17.915644
-58.888000
96.949440
213.894302
-45.577805
-18.245556
-59.050545
95.519814
214.318085
-45.029560
-18.127539
-58.172386
94.479652
215.000443
-44.440010
-18.400587
-58.036667
93.718979
216.680038
-44.434109
-20.880022
-60.978516
88.694130
214.435043
-45.144894
-21.345116
-60.075684
88.710754
216.632309
-42.588215
-19.373156
-57.315689
89.782570
219.126755
-40.316383
-18.333532
-56.087238
89.326591
221.076721
-38.406651
-17.476835
-55.010063
88.505836
222.214508
-37.595551
-17.943003
-54.360970
87.578865
222.508484
-37.062862
-17.524578
-53.721531
86.991997
223.816330
-36.062935
-17.707504
-53.095505
85.811287
224.306107
-34.961082
-17.559982
-52.831036
84.896118
225.921326
-33.912342
-17.710722
-52.422806
83.600075
226.907837
-32.886662
-18.051363
-52.340195
82.160805
227.376694
-32.290142
-18.400587
-51.931961
81.053589
228.357315
-30.932941
-17.955877
-50.675079
80.611557
229.215088
-29.799440
-17.862535
-50.366623
79.347702
229.940887
-29.934088
-20.550646
-54.098114
72.950096
225.694946
-33.850651
-24.240831
-54.145321
73.413048
228.176529
-31.051497
-23.048855
-54.378670
70.831154
227.427124
-31.276802
-23.944178
-53.947910
69.550667
227.702850
-31.338493
-26.263752
-56.435390
64.674408
224.040558
-34.158566
-29.767792
-59.101505
61.310921
223.762680
-33.213356
-28.699736
-56.576473
62.139187
226.260361
-30.533829
-27.722874
-55.574936
61.911198
227.714661
-29.208818
-27.400473
-54.845913
60.601208
228.172241
-27.692833
-26.719193
-53.310081
60.626419
229.742935
-25.829771
-26.605467
-52.716774
60.300262
231.395721
-24.056295
-25.853374
-51.323635
59.461269
231.726166
-23.533262
-26.702562
-51.662666
57.287071
231.178452
-23.670055
-27.909557
-51.801067
55.935772
232.432663
-21.484591
-26.990631
-50.529167
55.537197
233.158463
-21.203495
-28.521637
-51.389080
53.301308
232.931549
-20.402588
-28.429369
-51.007133
51.140518
231.869934
-21.156288
-30.561726
-51.673931
49.619171
232.315720
-19.636013
-29.831627
-50.160629
49.421761
233.630539
-18.398441
-31.060616
-51.396591
46.923008
234.913696
-14.485635
-27.079681
-46.067574
50.094994
237.552994
-13.043142
-28.202454
-46.838978
48.094067
237.808884
-11.616206
-27.650991
-45.491974
47.264187
237.730026
-11.416114
-29.261927
-46.806255
44.794945
237.329834
-10.788477
-29.973248
-46.890476
42.865364
236.622803
-11.056161
-31.579355
-47.782581
40.557056
237.253128
-8.756435
-29.512981
-44.352570
42.289227
240.040482
-5.085027
-27.832846
-41.800182
43.720451
242.560684
-2.551412
-27.273336
-40.907005
42.634159
242.586960
-1.637316
-27.907948
-41.140358
40.169743
241.662140
-1.422202
-28.791466
-41.187565
38.921982
242.091827
-0.524735
-29.349365
-40.367882
38.209049
242.419052
0.470365
-29.885271
-40.292778
37.103443
243.028458
2.895618
-28.564014
-39.073982
36.453812
243.375534
3.192271
-29.996851
-39.194145
35.026875
243.653946
4.389072
-30.470530
-39.126019
33.434181
243.682922
5.317653
-30.568161
-37.989300
33.303288
244.913513
8.088912
-29.231350
-36.451855
32.912758
245.440842
8.743907
-30.349293
-36.517300
31.617252
245.637177
10.057653
-30.122379
-36.071518
30.372171
246.136063
11.974896
-29.917995
-35.147228
29.652802
246.367264
13.031151
-29.637436
-33.663967
29.179661
246.443451
13.880875
-30.928114
-34.639217
27.410477
246.649979
15.199450
-30.847649
-33.192970
27.222721
247.093613
16.614582
-31.041304
-33.271828
25.377361
247.216995
18.848326
-29.691616
-30.857841
26.067762
248.638031
20.759668
-29.908875
-30.517200
24.847357
248.832214
21.906044
-30.565479
-30.407766
23.864058
248.862793
22.355047
-31.753698
-30.324081
23.100164
248.906784
23.005751
-33.115189
-31.996170
19.066658
246.489044
23.152735
-34.465412
-32.585182
17.043200
244.871674
22.093264
-36.837021
-34.124771
14.357235
243.739777
22.299257
-38.323502
-34.803905
12.158360
242.611099
23.153273
-38.542370
-34.472385
11.261429
242.784912
24.173586
-39.585751
-34.599522
9.217586
241.497452
24.270681
-40.593723
-34.328083
8.004691
241.303802
25.341957
-41.361370
-34.458973
6.687190
241.064545
26.401428
-41.724007
-34.136036
4.985059
240.422424
28.550951
-40.203194
-31.578281
6.525721
242.529572
29.602913
-43.160061
-34.739532
1.889253
240.530243
29.890984
-44.795673
-36.235668
-2.188241
235.772003
26.891201
-48.218174
-37.543514
-3.437614
236.076172
28.866379
-47.901134
-37.257591
-5.072153
235.949570
29.749899
-48.689705
-36.826290
-5.796885
235.710861
31.149475
-48.941299
-36.683598
-7.216847
234.452896
31.427889
-49.579662
-36.076881
-7.929242
234.358490
33.160595
-49.450916
-35.106461
-7.439471
236.389450
36.452202
-48.740669
-34.496525
-8.976912
235.114868
37.107197
-49.675148
-34.766891
-10.476268
234.244217
36.990791
-51.030739
-34.876328
-11.664487
233.975464
38.469761
-51.339191
-35.145084
-13.197102
232.854309
38.672535
-52.724823
-35.897713
-15.700676
231.234253
39.313583
-52.973732
-34.793179
-15.394903
232.392426
41.572540
-53.090675
-34.490089
-16.580441
232.469666
43.125004
-53.267166
-33.714394
-17.352917
232.097916
45.100182
-52.819771
-32.921532
-17.910280
231.513199
45.496075
-54.335754
-33.816319
-20.233608
230.122742
45.995502
-55.085701
-32.552998
-19.126392
232.218613
49.875053
-53.077263
-30.888954
-19.704142
232.053391
51.806244
-53.288086
-30.549387
-20.427263
232.023895
53.365143
-53.388401
-29.378870
-19.828596
233.239471
56.288216
-51.778000
-27.108112
-19.414999
233.942749
58.430225
-53.162022
-28.779129
-21.471716
232.631683
58.965057
-52.853569
-27.257244
-21.312393
233.416489
61.788887
-51.963074
-26.212791
-22.276915
232.105423
63.330624
-51.293594
-23.743011
-20.826914
234.362778
65.863701
-51.530167
-24.481157
-21.703997
233.082291
66.782623
-51.164314
-22.455015
-21.680391
233.935226
69.666534
-50.567253
-21.960951
-22.522070
233.969025
71.658882
-50.535065
-21.422363
-23.235001
233.453506
73.155022
-50.120396
-19.825377
-22.365429
234.557510
75.492828
-49.706799
-18.819012
-22.431410
234.537125
77.238953
-49.420341
-18.983700
-24.074533
233.462631
78.237801
-49.925667
-18.351234
-23.801483
233.883728
80.412003
-50.076408
-18.219271
-25.185505
232.825867
81.887215
-50.016865
-17.793335
-25.789539
232.577499
82.980484
-50.571007
-17.725206
-26.834526
231.934311
84.260971
-50.602119
-16.686655
-26.780346
231.997604
86.266731
-49.904747
-15.642740
-26.165585
232.883804
89.250954
-48.376961
-13.256647
-24.455944
234.013016
91.258858
-48.809334
-13.897695
-27.060369
231.773911
90.560944
-51.218494
-15.137948
-28.987804
230.462845
92.367142
-50.388081
-14.161624
-28.617123
230.873764
94.586403
-49.888119
-13.100006
-28.251806
231.175232
96.664589
-50.141853
-13.585485
-29.695372
230.138290
97.885529
-50.003452
-12.628473
-29.772083
229.820724
99.128998
-50.677761
-12.817837
-30.815462
228.798798
99.958344
-51.027519
-12.847342
-31.641582
227.617020
100.339211
-52.141174
-13.153113
-32.644730
226.663757
101.880951
-51.694855
-12.445547
-32.856087
226.326340
103.603996
-51.602051
-11.697209
-33.233204
226.440598
105.398933
-51.618141
-11.439181
-33.787350
225.841400
106.772758
-51.755470
-11.133409
-34.029819
225.244339
107.667542
-52.632553
-11.246598
-34.731487
225.005615
109.923286
-52.293522
-10.703719
-35.400967
224.104401
111.237564
-52.304787
-10.106123
-35.278122
224.210617
113.753479
-51.338120
-8.846558
-35.353222
223.422043
114.414375
-52.059097
-9.264982
-36.233524
223.026154
116.411545
-51.664276
-8.605695
-36.759235
221.852417
117.206551
-52.671177
-9.277857
-37.965694
220.553162
118.240280
-52.844448
-8.358396
-37.403503
221.653397
121.968544
-50.871414
-6.466365
-36.348858
222.412460
124.953842
-49.337193
-4.530883
-34.920849
223.905380
129.014709
-46.634056
-1.172757
-32.105068
226.172913
133.156036
-44.117073
1.382852
-30.422787
227.611115
136.774338
-41.810371
3.802742
-28.646091
228.948471
139.844391
-40.039043
6.415214
-26.842037
230.761108
144.449753
-36.894955
9.447719
-24.720409
232.546387
148.065369
-35.211067
11.293615
-23.547747
233.101608
150.176270
-35.043159
11.966849
-23.211933
233.635895
153.767746
-32.511692
14.270868
-21.708288
234.647095
157.500305
-30.118624
17.089870
-19.261576
236.806274
160.821960
-28.301695
19.297865
-17.990210
237.452148
163.006882
-27.757744
20.487692
-17.460741
237.495590
165.080231
-26.799122
21.388914
-17.596998
237.067520
167.374588
-26.472429
21.606173
-17.499901
236.798752
168.952805
-25.823872
22.580889
-17.044998
237.136719
172.182175
-24.922649
23.426857
-16.842224
236.437729
173.163330
-24.680176
24.247616
-16.567030
236.372284
175.157288
-24.345436
24.752407
-16.820230
235.347687
176.211395
-24.285355
24.703054
-17.680681
234.188431
177.661942
-24.840036
24.594156
-17.848051
233.483017
179.440781
-24.271408
25.257734
-17.606653
233.050110
180.911697
-24.372259
25.369314
-18.313147
231.532516
181.629456
-25.003651
24.482576
-19.563593
229.787460
182.587540
-24.969856
24.857014
-20.031906
228.601395
183.253265
-25.793831
24.322180
-20.665445
228.196381
185.823898
-24.408201
25.616077
-20.110764
227.501678
187.222931
-24.592201
25.365559
-20.611799
226.465286
188.256668
-25.237003
24.906364
-21.320440
225.219131
189.181488
-25.190332
25.635389
-20.728209
225.243271
191.554703
-25.237539
25.197117
-21.712042
224.118347
193.783096
-23.775198
25.913803
-22.736109
222.393158
194.861877
-23.757494
26.177732
-22.689440
221.569183
196.547379
-23.532726
26.886909
-22.163727
221.398056
198.868027
-22.999502
27.540831
-20.890213
221.387863
200.509003
-23.230173
26.110678
-22.768833
219.442184
201.106064
-23.145414
27.394382
-21.758713
218.864975
202.747574
-22.493639
28.126625
-21.395542
217.479340
202.551773
-23.673811
27.585892
-21.957197
217.401566
206.106781
-21.778561
28.700081
-21.555937
216.303467
207.261734
-21.930374
27.613787
-23.428120
214.635666
208.072296
-22.426582
28.072981
-22.687830
213.827240
209.501373
-22.642233
27.228085
-24.813751
211.092468
209.927856
-22.827841
27.373997
-23.747303
210.759872
211.270569
-22.680319
27.215748
-25.547066
207.435547
210.677261
-24.402836
25.662748
-26.716511
206.480682
213.316025
-23.372866
25.374142
-26.568989
206.350861
214.597580
-23.599781
25.181561
-26.645699
205.709808
217.603790
-21.490492
27.729658
-25.271336
204.162720
218.570999
-20.765759
28.826683
-23.934521
204.628876
220.670105
-20.579615
28.215137
-24.391571
203.352142
221.625504
-21.105326
26.390699
-26.551285
200.487549
221.435608
-21.912672
26.804832
-26.085117
199.287537
221.389999
-23.843325
25.776474
-26.814678
197.667480
223.486420
-22.497393
25.354832
-28.785566
194.757813
223.618927
-22.815504
24.534611
-30.075708
190.752731
219.494751
-32.493450
11.513021
-43.668072
177.817505
214.188278
-31.432369
16.946640
-35.130062
186.654312
223.454239
-25.390427
21.965054
-30.642191
188.303864
225.005615
-24.906555
22.308912
-30.792395
186.794327
226.918579
-24.212936
21.923210
-32.157639
183.748947
227.313400
-23.642160
22.498812
-30.127207
185.675308
230.937057
-21.780170
23.923601
-29.617050
184.845428
232.900970
-19.883848
25.023846
-28.329054
184.807877
234.392822
-19.990601
24.222403
-30.249516
181.992630
234.710388
-20.461060
23.538973
-30.039766
180.397781
234.481873
-21.507658
22.170511
-31.979540
177.211868
235.190506
-20.679392
23.385015
-29.660503
178.179062
237.636139
-20.649351
21.957542
-30.782202
175.745758
236.554138
-21.611191
21.810558
-31.051497
174.205643
238.322250
-20.829596
21.988119
-30.124525
174.223877
241.401428
-19.485273
21.709707
-29.961983
173.095749
242.827286
-17.374910
24.132816
-28.397718
172.516388
244.468262
-16.642130
23.999241
-28.041521
171.214981
245.521301
-15.684582
24.488478
-27.600567
170.537445
247.128479
-15.329458
24.119406
-28.245369
168.938858
249.597717
-12.860216
25.824753
-25.973537
169.512314
251.427521
-13.165451
23.974028
-26.804485
167.641205
252.166748
-12.371517
25.116650
-26.422003
165.599503
253.037918
-11.001981
26.458828
-24.003723
166.483566
254.186981
-10.758973
26.256590
-24.489204
165.121002
255.583878
-10.341620
25.359659
-25.965492
161.354111
255.431534
-9.825027
25.237350
-25.357702
161.347672
-255.705399
-10.616816
24.206308
-25.657038
159.650894
-254.062271
-10.198391
22.198942
-26.961128
157.617249
-253.770996
-9.690381
23.160246
-25.701561
156.456924
-253.292480
-9.418941
22.568550
-26.552895
154.123398
-252.104797
-9.459174
21.758524
-25.543312
154.278976
-249.947769
-6.815053
23.575451
-24.840572
152.384796
-249.105560
-5.871451
23.872103
-23.913063
151.994263
-247.792343
-5.118287
22.849110
-24.821796
150.239029
-246.671722
-4.281437
23.890879
-23.284353
148.747726
-246.251678
-3.183877
24.394064
-22.271551
148.382401
-245.720612
-3.988540
23.335661
-22.739328
146.811172
-244.307617
-3.352320
22.586252
-23.088015
145.268890
-242.986893
-2.181804
22.031034
-22.771515
144.127884
-241.625946
-0.644362
22.276726
-22.182501
143.248657
-240.607773
-0.281190
22.126522
-21.489420
142.219757
-239.324615
1.942361
22.752550
-21.687902
140.597031
-238.717361
1.851702
20.856764
-23.363747
137.600464
-238.604172
2.905274
22.220936
-22.242582
136.947083
-237.376251
3.838683
21.795538
-21.365501
136.699234
-236.097382
4.522646
21.709169
-20.367182
135.441818
-235.325439
5.325163
20.999458
-20.894505
133.840012
-234.891449
6.193663
21.846498
-19.884922
131.324631
-235.173096
7.303025
22.812632
-17.900623
133.152283
-231.437302
9.929980
23.962763
-16.899622
132.410385
-230.281281
11.021640
24.027138
-15.864826
131.745193
-227.955795
13.806310
26.116041
-12.668170
132.030594
-227.881241
12.929228
23.308840
-15.755929
127.570610
-229.161728
12.204494
21.655527
-16.827740
125.593819
-227.536835
14.573957
23.402718
-13.975479
126.263298
-226.719833
14.779951
22.928503
-13.926662
124.374489
-226.673172
15.981581
23.670401
-12.800671
123.264587
-225.758530
17.491129
22.880758
-13.069965
122.229256
-224.079468
18.659498
22.123304
-12.870945
120.440224
-232.045639
2.072716
1.365150
-35.927216
93.118164
-251.341980
-9.229577
-6.400383
-39.886158
89.580864
-251.615570
-10.787404
-12.730397
-47.543861
80.138420
253.626938
-15.183546
-17.031052
-50.109131
75.832397
251.262299
-16.621746
-19.864000
-51.963074
76.059311
-255.542862
-7.849849
-7.696426
-37.370243
87.051544
-245.146606
-0.011360
-5.253470
-35.649338
87.062805
-243.450928
2.802814
-2.686596
-33.567410
87.046715
-241.607178
5.554224
-0.323033
-30.167440
87.946861
-238.621872
8.979405
1.757825
-26.861349
89.923119
-236.066803
12.618092
6.502654
-21.142878
93.330597
-231.361130
16.616728
6.376053
-20.041025
93.501183
-228.139801
20.405617
8.734252
-19.001938
91.700882
-228.827515
19.839134
6.415214
-19.850054
89.766472
-230.097275
18.834915
5.269373
-19.850590
88.443611
-228.321121
22.341099
7.134582
-16.775167
89.830315
-225.085831
25.920240
7.745589
-16.691484
88.113701
-225.523575
25.811878
7.191981
-15.790798
87.953835
-223.557510
28.173296
7.043923
-15.871800
85.868149
-223.894928
29.302505
7.991280
-14.253355
85.425591
-222.930420
30.704765
8.241797
-12.866117
85.415398
-220.950409
33.014683
8.331384
-12.497581
83.670349
-222.129501
33.516254
8.304562
-11.728323
83.031982
-220.667160
35.248962
8.275594
