-2.713323
-2.043307
-5.115510
-8.764924
-7.992447
-7.720471
-6.156207
-4.514695
-2.422571
-3.359735
-5.105317
-2.132893
1.290679
2.531469
1.562655
-2.237499
-1.635611
-0.072420
-0.821293
-1.373291
-1.322866
-3.706277
-2.388776
0.172734
3.112972
-2.138794
-2.077103
-1.407087
-2.513767
-0.844360
-4.473389
-4.956186
-8.509041
-8.514405
-5.487264
-4.884840
-8.069159
-7.403971
-1.741290
-5.101026
-6.519915
-4.680455
-4.973352
0.243545
-0.012875
-4.075349
-7.013978
-4.202486
0.776231
-0.829339
-4.479826
-3.799081
-3.361881
-4.901469
-5.436302
-3.427864
-4.499138
-3.607572
-2.961695
-3.485263
-3.496528
-7.120193
-5.918026
-3.985763
-3.723443
-4.996956
-6.387414
-5.163253
-3.287852
-3.881693
-5.435229
-6.586433
-4.446030
-0.366926
2.372146
-4.455686
-6.523670
-6.997348
-7.299365
-8.828223
-5.158961
-6.704451
-8.083106
-9.179593
-8.737029
-7.113756
-7.799865
-7.989765
-10.255158
-9.050847
-10.357083
-11.007787
-8.256913
-8.456470
-8.490802
-6.805838
-7.277907
-8.274079
-5.756557
-6.259204
-7.201196
-7.480682
-6.152452
-5.665899
-7.607819
-5.378902
-3.123701
-1.804054
-2.388776
-2.433837
-3.415525
-4.154206
-3.264249
-3.332377
-2.794326
-1.702667
-2.247155
-2.485872
-2.736926
-2.701521
-4.381121
-4.336060
-5.400360
-4.846216
-3.606499
-3.566266
-2.535761
-3.520668
-2.956331
-1.344323
-1.151204
-0.745118
-0.039697
0.430226
-1.327157
-3.475607
-1.003683
-0.290751
-0.792861
1.494527
2.179563
0.653923
0.645876
-1.078785
-0.881910
-1.654387
-0.715077
1.438201
1.838386
1.901150
2.628029
3.613472
4.559756
3.535152
2.376974
3.206850
3.093660
3.715933
3.082395
2.766967
4.493237
7.621766
5.919636
5.773724
7.920564
8.757950
9.332479
8.476317
5.712569
3.602744
1.785279
1.472533
0.876546
2.438665
0.917316
-1.625955
-1.410306
0.448465
-0.393748
-0.408232
-2.480507
-2.460122
-4.287243
-4.414380
-2.999246
-0.880838
-1.149058
-0.019312
-1.606643
-4.038334
-2.581895
-1.077175
-0.188291
-0.008583
1.307845
0.695229
0.358343
2.666652
0.865281
-0.415742
3.221334
5.054355
5.382658
7.123948
4.647732
1.450002
-1.176953
0.617981
4.074812
3.174663
4.057110
4.840315
4.345716
4.836023
1.467705
1.391530
1.422644
-1.031041
-1.252055
-0.695229
1.210749
-1.819611
0.142694
1.413524
-2.570629
-5.823076
-3.573239
-0.469923
-0.422180
-6.804229
-6.875039
-6.636322
-10.989548
-16.134026
-15.906038
-9.984792
-13.120296
-10.835589
-6.813885
-10.000886
-11.737884
-9.852291
-9.088935
-11.462153
-3.790498
3.923536
8.073987
10.485292
7.755877
8.584680
15.197935
17.338873
17.939688
16.363623
7.508577
10.867776
12.653591
3.995955
-2.859771
-1.456440
1.207531
11.420310
6.332160
6.400288
15.211882
12.945951
9.390951
10.548057
10.883332
10.866166
9.003640
5.867064
0.618517
2.295435
6.818713
3.325940
1.396358
1.924753
0.202775
-0.516057
3.221870
4.204631
3.188611
3.829122
6.761313
7.056893
7.752121
8.013906
10.367812
8.188785
4.628957
4.781843
9.617330
9.476245
8.744538
6.878794
2.558828
1.702130
5.249084
4.735709
8.013906
8.540690
10.245503
12.369277
7.248939
7.685066
7.896961
3.558219
3.720224
3.866137
5.009294
3.801227
0.537515
1.476824
2.160251
1.704276
1.135111
-1.419425
-5.119265
-6.086470
-5.861700
-4.883767
-0.843287
-4.039944
-5.657316
-2.617836
-3.241182
-1.532078
3.978253
2.131284
0.545025
0.723660
1.504183
-3.064692
-2.639830
-1.910806
-3.722370
-2.173662
-3.660679
-4.560292
-5.974889
-6.010295
-7.929147
-8.218825
-4.715860
-6.719471
-6.301583
-2.145231
-6.175519
-6.738246
-5.900324
-6.124557
-6.372930
-8.137286
-6.024779
-5.045772
-7.866920
-3.440202
-0.452757
-2.862454
-2.732635
3.716469
1.767576
-4.762531
-5.498529
-8.247257
-9.560467
-8.248330
-10.151626
-9.669364
-12.756052
-13.143362
-14.475348
-13.605776
-11.262597
-8.778871
-5.570949
0.543952
-2.368927
0.921607
3.083468
1.556754
3.024996
1.327157
-0.759065
2.350152
2.251983
-0.750482
1.638294
3.569484
2.393067
0.722587
0.756920
2.556145
1.507938
2.303481
1.961231
1.539052
3.217578
-2.705813
-6.717862
-6.024242
-7.768751
-10.017515
-11.958362
-9.512187
-13.552132
-10.643542
-10.265887
-12.788239
-11.274398
-9.606601
-11.147798
-10.680557
-9.021342
-7.945777
-10.133924
-8.807839
-10.408045
-14.895382
-13.750078
-12.673439
-12.100519
-10.237456
-9.982646
-9.724618
-9.340526
-11.023343
-11.729837
-13.274791
-10.338843
-9.515943
-10.196687
-6.156207
-4.251838
-1.455367
-0.855088
-2.834022
-1.153350
-1.112044
-0.851333
-0.616908
-0.062764
1.658678
1.942992
0.822902
1.119018
-0.186145
-1.710177
-0.735462
0.468850
-0.253201
-1.592696
-3.136576
-3.277123
-1.161933
-0.745654
2.322257
0.095487
-1.080394
-1.374900
-1.171589
0.275731
1.505256
-0.139475
0.503719
0.995636
0.409305
-0.966668
-0.604570
-1.867354
-6.936730
-6.541372
-2.258420
-0.406623
-4.205704
-6.177665
-3.854871
-6.390096
-5.237818
-2.759457
-3.117800
-3.299654
-4.474998
-7.356764
-2.120018
6.396533
6.946386
7.802011
15.922131
18.077017
17.777147
18.542650
13.985577
6.207169
9.278298
22.244635
16.784193
22.291304
16.616823
7.519306
8.845389
5.453468
10.182739
8.699477
3.544271
4.656852
6.832124
2.347470
0.792861
-0.925899
-6.283344
-4.084468
-4.527033
-9.620548
-13.533892
-7.880331
-6.010295
-3.944993
4.304410
4.775942
-1.124382
-5.098343
-6.919564
2.898395
5.299509
0.822902
-3.402114
3.050209
-0.152349
-2.780915
-4.240573
-7.001103
0.013947
1.198948
-0.613153
-1.663506
-5.879403
-1.260102
-2.155423
-4.799545
-4.602135
-5.070448
-12.886407
-15.873852
-12.493731
-11.996985
-12.764098
-14.860513
-14.983358
-16.649546
-13.915302
-9.811522
-7.472635
-15.108349
-13.440552
-14.348211
-19.771101
-19.087675
-12.334945
-15.638353
-15.810015
-16.624334
-14.959755
-12.789847
-14.628233
-10.015369
-7.131458
-4.133821
-9.455324
-16.900064
-13.178768
-5.411089
-4.200876
-7.966162
-3.793180
-4.922927
-10.952533
-10.399999
-11.051775
-11.440696
-19.297422
-13.234558
-10.973454
-8.382441
-10.654271
-10.825933
-8.386195
-8.796037
-11.816205
-2.834559
-2.679527
-2.203167
-1.680136
-7.840634
-9.593726
-9.125949
-4.692793
-5.891204
-10.684312
-12.084427
-9.942413
-8.170010
-4.791499
-4.733027
-4.711032
-6.475390
-9.221972
-9.439767
-1.107216
-6.548346
-8.741857
-7.473708
0.908733
8.614183
6.490947
0.078321
-4.189611
5.763531
15.088501
10.188104
6.267251
5.624593
9.093762
15.355112
15.686096
8.770824
12.163283
17.084600
14.604630
14.442088
17.128052
13.692678
5.826295
6.353081
10.744930
10.535718
13.666393
18.402637
14.463546
9.140433
13.181450
17.676296
18.028738
16.334118
11.159063
8.082033
10.970773
9.292783
14.423313
11.919202
8.126021
7.657708
9.162963
8.849145
6.222726
9.990693
13.032856
9.773435
9.390414
10.791064
1.439273
1.012802
5.824686
5.962551
6.569267
6.142260
5.607427
5.070985
6.267787
2.449930
4.637003
4.525424
1.922071
-1.300871
-0.450611
5.790890
8.418382
9.685994
8.088470
9.141505
10.500313
9.187103
4.572630
5.259276
6.354691
8.662463
10.616721
6.164790
6.362201
10.353864
8.403361
8.630813
10.490657
7.914663
6.974281
7.291854
7.466734
8.521379
6.409408
7.635177
8.711280
7.702769
5.005002
1.667261
1.342714
1.194120
-6.133140
-6.632567
-4.167617
-1.659751
-0.116408
-0.306845
-2.987981
-7.374466
-11.552812
-9.569050
-11.039973
-6.647051
-1.668871
-6.085397
-7.554174
-5.268395
-4.206777
-0.439346
4.183174
-0.756920
-13.325752
-17.324390
-10.951461
-11.731446
-18.352749
-15.662493
-19.652548
-31.238619
-30.814293
-25.794271
-23.567499
-24.218742
-21.511854
-17.264309
-18.210054
-24.762157
-27.497475
-24.963860
-16.653301
-15.191498
-16.095402
-18.056633
-20.527483
-19.065680
-22.416296
-22.166313
-19.141317
-14.224293
-7.342816
-12.675585
-29.148642
-34.026508
-34.264687
-26.031380
-20.173969
-21.457138
-28.839651
-34.941139
-37.925903
-33.538883
-33.383312
-34.052258
-28.385284
-35.041992
-39.821690
-46.810989
-32.873158
-25.052910
-28.914753
-19.288303
-19.747498
-14.893772
-18.196644
-20.471693
-19.481422
-22.702755
-20.173433
-16.114178
-16.117933
-23.306253
-30.913536
-41.577999
-38.123852
-24.820629
-16.949953
-16.029955
-13.627234
-11.617185
-12.024881
-16.196789
-15.275183
-19.913258
-17.706873
-16.467155
-27.614418
-24.506811
5.039335
-10.367812
-26.552263
-14.216783
-7.811130
-22.663059
-25.047544
-39.161327
-39.210682
-53.753624
-51.771469
-63.352177
-27.464214
-4.792035
5.216361
2.227843
-18.578590
-33.832317
-12.136461
3.400505
-0.311136
-7.121266
-28.306429
-51.501102
-52.967735
-44.635181
-57.065079
-33.795837
-47.839348
-60.546047
-48.718044
-50.757595
-36.925438
-39.229992
-36.527935
-3.241718
-11.250258
-23.039104
-15.091183
-31.998756
-16.566935
31.171028
27.614418
2.113045
3.242255
5.443812
14.020445
44.164722
35.279636
40.586655
46.866779
16.746105
-24.518612
-33.304993
-17.747107
-9.719254
-12.117685
-26.963715
-14.250042
-10.331870
6.299437
9.993912
9.027780
11.168719
3.953040
3.807128
5.412698
10.548593
12.039902
9.062112
5.423427
-3.323794
-4.351616
0.697911
1.533687
0.053108
-3.344715
-8.933366
-19.030811
-25.087778
-18.889191
-6.205560
-4.278124
-5.918563
-5.598844
-6.890596
-14.135780
-24.936501
-18.944445
-21.544041
-20.979704
-18.863441
-18.142464
-23.097576
-18.671396
-20.264091
-18.944445
-9.756804
-10.070622
-4.863382
1.896858
3.074348
3.605426
6.744684
2.406478
5.009830
5.491555
6.077350
-4.417062
-10.973454
-10.206343
-11.923493
-12.425604
-8.809448
-11.760951
-14.169576
-12.265207
-11.315167
-10.472418
-11.254550
-11.767924
-10.836661
-17.497124
-15.622260
-18.741133
-20.268383
-19.363405
-17.322781
-15.589537
-15.651228
-17.741741
-20.349922
-18.259409
-17.581347
-15.391054
-12.319924
-14.760735
-15.989186
-13.544621
-18.588247
-16.180696
-15.796067
-30.102972
-28.767769
-20.908358
-10.650517
-8.036972
-3.424645
-3.579140
-6.176055
-0.468314
6.305874
12.060823
2.505720
0.708103
-2.250910
-12.531818
-24.015966
-22.556843
-16.216101
-7.064939
-4.694939
-5.661607
3.303946
3.364027
9.754123
9.350182
1.973033
1.304090
-0.604570
-0.961304
-11.459471
-20.455601
-22.438290
-19.685806
-26.630585
-35.620811
-33.125820
-26.900951
-37.555759
-47.932152
-39.499825
-30.900124
-28.104191
-32.357635
-34.576897
-29.387360
-19.090893
-14.752687
-18.768492
-20.787659
-21.578909
-20.662130
-21.052124
-19.964220
-19.281330
-6.104172
-1.714468
-10.096909
-6.035508
5.566121
14.480712
4.162252
-4.493773
-1.826048
0.443637
-0.374436
-8.090616
-16.243996
-21.494688
-14.532747
-11.123658
-9.196759
-12.001814
-13.575198
-17.160238
-13.803186
-10.069014
-4.134357
-0.190437
-4.823685
-6.310702
-6.486119
-6.070376
-10.483147
-7.576169
-3.401578
-7.435621
-6.120265
-8.028389
-7.295073
-9.771825
-10.349572
-9.038508
-5.645514
-6.091834
-4.103244
-0.432909
2.853871
3.943384
6.869138
7.335843
6.404580
4.296363
6.789208
3.327549
-0.359416
1.234353
3.784061
9.198369
16.270819
13.597193
15.045049
14.516653
7.755340
9.201587
6.526352
7.455469
12.390198
10.773898
2.120018
7.828296
9.155990
8.561076
7.090689
2.986372
-2.180100
-2.027214
-3.876329
-0.676990
6.567658
1.802981
1.215041
2.697230
1.417816
7.494093
5.972744
-2.208531
-3.758848
-4.146696
-4.805446
-6.485046
-13.291957
-17.751934
-23.272993
-18.445553
-15.433969
-21.789732
-20.140709
-7.456006
-0.615299
-3.153742
-0.754774
-2.697766
-5.761922
-5.875111
-3.540516
-1.745045
-8.738101
-8.481146
-8.941413
-8.084179
-1.754701
-2.847433
-1.893103
-0.520349
-0.530541
1.230598
-0.217795
-1.447857
-2.563119
-1.686573
3.297508
-0.053644
-6.978036
-4.966915
1.408160
6.621302
10.129632
6.845535
5.511940
7.494093
12.008788
13.619722
16.690315
13.743105
8.851827
10.427357
15.343847
11.806548
7.052065
9.471417
8.821786
8.998813
9.993912
5.655706
12.356402
13.987185
8.049310
7.015587
8.397461
2.984226
0.414670
1.380801
4.240573
2.978325
-1.651705
-0.429690
-0.214040
-1.047671
-0.177562
2.367318
-0.057399
-6.264568
-4.646659
1.927972
-0.325620
2.545953
8.819640
5.007685
2.177418
7.380367
6.804765
7.365883
11.104882
13.797821
15.441479
13.754370
16.165140
16.631844
14.466228
10.965407
10.320068
7.800938
10.180593
15.828254
15.333118
16.977312
15.122833
7.373394
6.008686
3.078640
3.589869
0.470996
-3.697157
-3.766895
-1.654387
3.742218
8.768679
5.062402
-0.399649
-0.306845
0.513911
0.518203
-4.434765
-7.509650
-4.138113
0.632465
-7.489801
-10.608674
-5.918026
-4.293144
-9.305120
-4.042626
0.830412
-0.527859
-1.967132
4.096270
6.126703
2.558291
-0.989199
0.848651
8.938731
7.307948
2.394676
1.245082
3.784061
9.829761
2.571702
-4.769505
-4.288316
-2.351761
-1.022458
3.349543
1.348615
-2.659142
2.395213
8.462907
0.146985
-6.296218
-0.832021
4.536689
-1.211822
-8.261741
-12.577953
-14.303686
-20.803215
-25.556091
-23.036423
-22.167387
-13.389053
-1.461268
-5.769969
-6.496848
-9.519160
-12.937368
-13.236704
-17.655375
-16.797604
-17.484249
-22.352995
-19.457283
-20.215275
-18.642427
-16.628088
-15.592219
-17.660738
-21.130981
-17.602804
-16.480030
-20.400347
-12.794676
-3.227771
-4.179419
-8.797647
-5.764604
-3.792108
-9.881259
-12.889090
-21.874489
-26.593571
-22.054197
-21.902384
-10.297002
-7.894815
-11.133314
-5.987227
-5.230308
-1.309455
-12.337627
-23.231688
-19.702972
-8.418919
-8.460761
-8.826614
-8.686067
-8.983255
-3.203631
-2.172053
-17.798605
-16.633453
-9.261132
-16.778292
-18.222929
-18.573763
-20.874025
-12.260380
-12.738349
-18.443945
-18.026056
-14.166893
-11.278153
-11.991621
-10.977210
-13.780119
-18.916014
-16.728939
-9.591580
-10.325433
-10.898889
-14.913084
-19.362333
-20.120325
-12.918056
-5.999029
-5.207241
-2.165079
5.958796
3.542662
-0.479579
-1.604498
-2.609253
-0.413060
0.724733
-3.491164
-5.211533
-5.307556
2.269149
5.058110
5.848289
3.615082
1.638830
-0.884593
4.805446
4.866601
1.515985
2.503574
-0.772476
-0.711858
2.604425
7.288636
8.206488
5.355299
7.859946
13.428749
10.928929
9.338916
6.664754
13.126196
12.721183
10.507287
11.054994
7.262887
6.224335
7.751585
7.375003
11.351645
11.473954
11.171938
9.768606
7.173301
4.905224
2.659679
0.575602
5.762995
3.074885
0.889421
5.022705
6.093443
0.797689
-1.672089
-1.762748
-2.271295
-0.676990
-0.608325
0.416815
2.967060
2.085686
-3.467560
-4.023850
-0.947356
0.864208
-0.090122
-5.618155
-4.914344
-4.735172
-2.987981
-2.139330
-3.362418
-7.614256
-7.329405
-8.536936
-10.209561
-8.807839
-10.722936
-11.002959
-6.698013
-11.765779
-12.664320
-6.639005
-4.103780
-6.832660
-2.075494
-0.138938
-4.369319
-4.079640
-6.581605
-9.522380
-7.803083
-7.991374
-10.570050
-8.162499
-6.062866
-6.161572
-5.323112
-5.406797
-4.539371
-3.389776
-5.117119
-4.056573
-10.074378
-14.200689
-12.304367
-12.382689
-10.993839
-10.596335
-11.583925
-14.412584
-16.747715
-12.255014
-10.152162
-12.344601
-10.291101
-11.995913
-12.890162
-15.556278
-17.245533
-11.798502
-3.715396
7.239820
4.485727
-0.492454
-3.262103
-1.980007
-3.611863
-8.698941
-3.651023
4.621447
0.651240
-1.917243
5.485654
7.775188
3.292680
2.357126
-1.615227
-3.914416
-4.828513
6.849826
6.261350
3.553927
3.708423
6.252230
1.808882
1.618982
-3.404260
-4.677237
-7.093907
-6.872893
-9.307803
-5.011440
-5.029142
-15.202763
-7.329405
-3.288389
-5.215824
-8.386732
-10.598481
-10.913373
-11.135997
-16.028347
-11.986793
-7.326187
-13.831617
-21.247925
-12.264671
-1.969278
-11.112929
-10.173619
-5.991519
2.893031
18.553377
12.094619
9.869994
9.441913
25.667135
28.293018
20.199718
31.203751
25.166098
8.087934
7.977963
19.780220
15.098156
2.749801
2.042771
-2.388776
-5.126775
-0.394821
5.707741
4.971743
1.727879
-0.519812
2.162397
-5.484581
-6.089152
-6.784380
-7.786990
-4.380584
-4.858017
-12.923958
-12.153627
-5.046845
-4.758776
-8.608283
-4.884840
-0.026286
-2.696693
-4.746974
6.780089
9.853900
1.313210
11.975528
16.806723
12.846710
12.291492
8.573414
0.660360
0.168443
3.766358
-2.525032
-0.009656
-2.937556
-5.024314
-7.185102
-9.023488
-11.873604
-13.725939
-16.830328
-18.785658
-21.735014
-25.004629
-21.171213
-16.747715
-18.877390
-22.925915
-24.714415
-22.914650
-22.078875
-23.801924
-25.716488
-24.743919
-23.681225
-27.625683
-27.541462
-21.701756
-26.200357
-29.724781
-26.005630
-26.420835
-22.874952
-20.183088
-21.911505
-23.520830
-24.628048
-24.018650
-21.716238
-22.012892
-22.453846
-25.394623
-19.242706
-13.343455
-15.369596
-18.185915
-17.674686
-15.745106
-24.184946
-25.764767
-21.796169
-24.175289
-27.083342
-33.875767
-29.692595
-29.182974
-27.973835
-33.769016
-30.842190
-22.458673
-22.362652
-26.565674
-20.788195
-16.387762
-21.899166
-21.677078
-10.724010
-8.542836
-11.357547
-12.106956
-16.516508
-20.060780
-22.511246
-21.737696
-21.991970
-20.843985
-16.398491
-13.037683
-14.687778
-13.354184
-10.699332
-9.808303
-11.247040
-10.579169
-12.907865
-7.180274
-9.139359
-9.896815
-5.970061
-0.341177
-1.050890
0.215113
1.186609
3.915489
0.534833
0.959158
1.681209
2.810419
0.129282
4.348934
3.572166
1.841605
-2.006293
-3.873110
-0.733316
-1.318038
-2.873719
-2.712250
-3.199339
-1.143158
-0.275731
-3.660679
-9.527207
-7.619620
-3.903687
0.110507
2.162397
-0.876546
-0.318646
-0.288069
-3.676773
-6.014586
-5.500675
-5.945921
-6.614865
-6.612183
-6.534935
-8.090616
-12.383760
-14.084818
-11.718572
-15.452744
-15.319170
-17.055632
-17.211737
-24.144712
-24.924700
-25.034134
-19.579592
-15.961291
-21.242561
-26.867155
-23.371162
-21.969976
-25.676254
-21.103086
-17.976704
-17.180086
-14.987113
-13.910475
-20.087603
-14.668467
-5.935193
-7.230700
-11.028172
-11.156381
-11.784554
-17.269672
-20.955564
-20.027521
-13.434650
-15.265526
-22.024693
-24.608198
-22.443117
-22.971514
-18.664957
-23.986460
-18.317881
-18.082918
-26.617710
-21.983923
-24.572794
-25.701468
-25.515322
-28.429810
-19.763054
-22.013964
-22.414686
-21.169605
-19.326391
-21.242025
-19.917549
-15.504243
-10.511042
-11.490048
-11.884870
-15.209736
-13.186814
-9.395780
-14.635207
-19.105377
-17.129662
-7.793964
-1.787424
-4.163325
-7.775188
-12.538793
-15.585245
-13.141216
-8.359910
-13.773682
-20.212593
-11.275472
-12.287738
-19.599440
-11.452497
-13.622405
-12.428286
-12.499096
-8.254231
-11.842490
-5.926610
-1.684964
-1.774013
0.926972
6.240428
10.172547
-0.102460
-3.247083
11.091472
19.214811
20.879389
28.478090
26.976589
16.446234
2.293825
3.698767
8.325578
8.488120
4.432619
1.434982
6.878794
7.289172
6.837488
12.236776
4.963160
3.926754
4.389704
12.404682
-3.302873
-7.261814
-3.675700
10.329724
18.986822
0.995636
-5.593479
2.105534
7.859946
4.907907
-0.285924
-10.458470
-15.340628
-17.560425
1.019240
-5.889595
-13.470592
-20.237806
-25.729898
-23.210230
-20.646574
-17.820063
-15.343847
-7.658244
1.566947
3.284634
-0.888348
-11.896670
-7.871748
-19.353212
-25.881712
-17.499269
-19.264164
-25.055592
-33.976082
-40.793186
-21.702827
-14.617504
-19.298496
-38.789574
-42.961483
-39.279881
-28.369192
-12.330653
-27.594034
-15.317561
-29.453876
-37.040775
-9.930076
4.866601
14.335337
25.871519
16.520264
-3.565193
-19.809725
-24.212841
-13.824644
9.287954
-0.694156
18.095793
22.140028
31.851772
58.297283
61.488575
41.240578
-8.364738
-3.144086
4.307092
9.212852
-1.009047
-14.822962
-1.121700
2.344787
4.461587
13.825716
24.471405
22.071899
15.744032
12.306513
19.803823
25.087778
11.911691
-16.727331
-24.351242
-15.996161
-8.843244
-3.112972
1.034796
3.513158
-1.618982
-11.737884
-27.718489
-26.587669
-1.315355
0.233889
3.079713
22.920551
15.757443
-13.982357
-27.712051
-34.282391
-43.598774
-30.739193
-29.084805
-42.810207
-22.225859
-8.482219
-10.147870
-13.055386
-23.263874
-12.131634
-23.094894
-35.317722
-36.715153
-26.226107
-24.791126
-24.383430
-28.819803
-22.997263
-15.772464
-25.805536
-26.219669
-24.370018
-31.554585
-29.851917
-20.408394
-33.238476
-43.841782
-35.298946
-24.599615
-27.381065
-22.280039
-6.695868
-19.858541
-38.275661
-31.658653
-28.770451
-46.910767
-55.751869
-49.827404
-26.574795
-37.969891
-45.643692
-46.280449
-38.378658
-42.377296
-44.625523
-41.333382
-43.827835
-47.562008
-49.092480
-42.574707
-42.691650
-43.340748
-40.566269
-47.800724
-50.312347
-46.337849
-27.528051
-28.061811
-37.540737
-44.311169
-45.046093
-43.346111
-33.487919
-32.495502
-37.667873
-45.603992
-63.325352
-69.770699
-70.287292
-69.323845
-66.582092
-50.801582
-39.771263
-42.867069
-44.175449
-35.797302
-30.264441
-32.614056
-40.727737
-44.295612
-46.290638
-43.283882
-39.281490
-35.982910
-34.163300
-36.423328
-34.359638
-20.614923
-16.532602
-33.419792
-34.916466
-26.471798
-27.063492
-21.522047
-25.826458
-41.334454
-46.807232
-37.074570
-20.430387
-21.029057
-25.424126
-16.322853
-18.069508
-30.156080
-27.633194
-18.132807
-19.985678
-21.520437
-27.820950
-29.268269
-30.546074
-32.363537
-35.761360
-36.116486
-28.043571
-35.760288
-39.602283
-40.776554
-38.402264
-29.933992
-30.374413
-22.577765
-29.422228
-33.184830
-35.780136
-52.100845
-44.722622
-42.326870
-48.748085
-48.371502
-55.957325
-51.473743
-42.899254
-45.670513
-40.244942
-34.102680
-30.650679
-24.574940
-26.938501
-37.817543
-42.801624
-34.515205
-29.982273
-25.126402
-32.593670
-34.543636
-30.584698
-28.105799
-20.270529
-28.117065
-36.921684
-39.871578
-32.553440
-28.956059
-30.375484
-35.302166
-37.983303
-41.950825
-41.142944
-38.731640
-43.048923
-40.217045
-37.134651
-22.630873
-22.126617
-22.901775
-26.542072
-26.689056
-21.934034
-24.102871
-26.087706
-27.829533
-20.883144
-15.469374
-17.672541
-21.810652
-24.415615
-19.005598
-12.714209
-7.810594
-6.793500
-8.701087
-12.277009
-13.624551
-2.620518
3.197730
1.683891
0.877619
0.107288
-4.610718
-11.275472
-6.529034
2.038479
3.640831
-0.423789
-6.177665
-12.808086
-23.759546
-18.476130
-8.522988
-12.714746
-18.570543
-15.918913
-20.499590
-27.922873
-29.939358
-23.597004
-17.615141
-16.535284
-20.618143
-28.676573
-24.498228
-26.677254
-28.356853
-28.099361
-23.952665
-27.933065
-33.825878
-31.795446
-33.730927
-32.303455
-32.263760
-36.632004
-42.419674
-36.694233
-28.024260
-31.127575
-26.746456
-29.657726
-27.848843
-26.558701
-21.367016
-25.070076
-22.582056
-28.191629
-37.076717
-31.971935
-19.371988
-13.837519
-15.641035
-18.509390
-10.694505
-9.136678
-7.135750
-1.461804
-5.111218
-11.904717
-10.320068
-10.271253
-11.450351
-8.527816
-7.849217
-0.382483
-7.109464
-16.312660
-21.282793
-12.620869
-8.119048
-7.764460
-1.583040
0.251055
11.933685
12.531282
1.778305
4.389167
10.121049
13.813915
17.218710
22.211912
18.570543
13.973238
15.096547
13.596656
2.707422
-4.420817
-3.705204
-2.044380
-1.058400
-0.853479
-3.824831
-2.962232
-4.586578
-5.741537
-7.496775
-5.911053
-8.969844
-12.189569
-4.986763
-14.556887
-19.111814
-12.460472
-17.676832
-24.967079
-31.552975
-41.120415
-37.670021
-31.872158
-33.802273
-35.220089
-32.739582
-29.618565
-32.372658
-32.604939
-30.772451
-26.293699
-15.087427
-18.059851
-17.630697
-19.218565
-21.832647
-15.641035
-8.476317
-10.729373
-17.825426
-18.348993
-17.841520
-13.131561
-13.551595
-13.565006
-11.334479
-15.377643
-13.140144
-5.868137
2.516449
10.661245
15.327753
12.111785
5.609036
-4.814029
-9.478391
-6.659389
-0.747263
7.549346
8.759023
4.471779
1.445174
-1.296580
-5.029142
-2.019167
-7.817031
-12.103739
-12.175621
-13.662102
-13.946953
-9.464980
-5.117119
-7.929684
-17.932178
-13.337018
-0.948966
3.778160
-11.133851
-19.823671
-14.365377
-4.830122
-4.382194
-14.982285
-17.601194
-22.625507
-16.352894
-12.784483
-5.863846
-1.991272
-10.388196
-20.347776
-20.238342
-13.308586
-7.995130
-6.930293
-5.342424
-11.456252
-18.460573
-23.283186
-13.768317
-8.094371
-7.342280
-3.433764
-6.973744
-12.087645
-12.516262
-14.641644
-9.022416
-7.903934
-14.809014
-14.909328
-9.804011
-7.398070
-8.343280
-6.926538
-5.909443
-2.999246
-0.811637
-0.627101
-3.445030
-3.094733
-1.403332
-1.058936
-4.259885
-5.103171
-3.640295
-3.216506
1.532078
0.078321
-3.513694
-5.563438
-3.109217
0.926435
-1.599670
-2.196193
-2.911270
1.119018
0.031114
4.415453
5.060792
-3.174663
3.557146
12.564005
7.583142
2.536297
-1.800299
-3.970206
-4.934729
-6.376148
-6.793500
-7.615865
-6.278516
2.862454
2.728880
2.865136
5.671800
1.314819
0.660360
7.637859
7.311166
4.605890
6.725908
6.649197
4.793644
-0.314891
-8.634568
-13.200226
-15.500488
-4.215897
-5.588115
-7.250548
-8.061112
-7.412017
-7.769824
-7.280053
-14.982821
-16.551378
-10.206880
-10.296465
-15.332582
-13.421776
-12.866558
-8.442522
-5.922854
-8.136214
-6.564439
-3.235817
-5.010367
-7.843853
-3.993273
-8.346499
-17.898920
-22.158804
-18.368305
-14.393808
-20.156267
-29.310112
-28.319304
-26.377384
-23.480059
-14.581026
-12.098910
-15.826108
-17.787876
-16.862513
-16.066971
-13.215246
-13.557495
-16.916159
-7.670582
-8.826614
-15.541794
-12.064041
-9.439767
-7.365347
-10.596872
-13.865950
-16.572836
-16.834082
-8.517087
-4.746974
-7.247330
-8.838952
-9.541155
-13.006570
-21.518291
-18.384399
-12.367131
-9.816350
-6.991983
-11.417628
-14.238240
-8.192004
-8.138360
-14.330508
-16.412975
-18.131199
-18.514753
-10.849000
-2.388239
2.902687
1.694620
-5.356372
-5.032897
-6.952823
-8.408190
-9.749831
-11.093081
-8.400680
-5.811811
-7.142187
-6.166936
0.789642
0.075638
-3.070593
-2.725661
-0.761211
-4.354299
-11.459471
-13.578953
-14.834764
-15.595438
-12.171866
-12.583317
-8.588971
-9.489656
-14.259161
-19.809189
-22.836329
-21.100405
-14.456572
-14.488758
-12.403609
-17.306150
-19.647182
-16.292812
-19.648256
-22.453846
-22.251072
-20.221712
-20.217957
-20.475985
-22.972586
-13.466837
-11.739493
-8.727372
-4.800082
-13.201298
-22.783758
-23.062172
-19.761982
-20.098330
-15.438797
-13.804258
-12.371960
-7.135750
-4.650951
-1.632929
-0.234962
-3.170372
-0.345469
-0.990808
-3.985227
-7.084788
-5.413235
-8.176447
-12.429895
-7.075132
1.542807
1.362562
-2.015412
-8.246720
-8.013906
-9.050311
-8.877040
-4.036189
-3.170372
-7.424892
-6.608964
-1.625955
2.015412
-0.696838
-3.342569
-11.900426
-12.742104
-11.675656
-8.087398
1.840532
6.156207
8.233310
7.530035
4.988373
2.687037
1.624346
0.763893
-0.156105
0.930727
8.370639
10.240138
14.795067
10.555030
0.642657
-0.782669
1.644731
-3.040016
-6.333769
-1.417279
9.850145
10.727764
1.588404
3.774405
10.449351
13.892772
14.091255
9.146871
4.430473
2.373219
6.250621
6.970526
9.042800
8.687676
5.311311
4.022241
5.463124
9.259522
11.664392
9.262205
8.380832
8.866311
14.297249
21.635773
23.031057
23.268166
18.658522
14.520409
12.520554
14.225903
12.502315
10.957361
10.919274
16.453209
22.429171
20.686270
17.187597
12.252333
12.693825
12.804331
19.243242
20.654621
14.426531
14.302613
12.305441
12.391272
15.717211
15.953245
13.996305
12.882115
12.858512
11.274935
7.448495
11.039437
14.273109
17.307224
12.090327
7.940949
10.685386
11.178912
11.163355
10.576488
10.641933
8.556785
6.575705
7.391633
17.142000
20.248533
9.536326
2.003074
3.485799
10.983110
20.801069
23.014965
19.240023
13.152482
13.083281
14.276327
15.875461
17.203154
13.080599
6.986619
7.465125
3.180564
6.166936
5.930901
4.729808
2.457977
1.065374
-0.089049
1.996637
0.501037
-2.514839
3.681064
7.133604
7.402361
7.201196
7.678092
8.668365
6.379367
6.243111
5.499065
10.923029
16.379717
14.500561
9.131850
5.620838
6.317676
8.113147
9.076596
7.446886
7.098735
10.772825
7.696332
3.704668
5.968452
6.282271
8.598090
7.494629
4.939557
6.424428
7.282735
8.934440
9.330870
6.170155
6.660462
10.894597
11.491120
10.815204
6.478072
9.066403
13.171257
10.836661
5.810202
5.343497
6.438912
3.847898
2.025604
-0.195265
4.527033
6.945313
1.164615
-4.149378
-4.103780
-0.655532
-1.285851
-5.220652
-6.024779
-4.513085
-4.463196
-7.841171
-8.838952
-8.574487
-8.512795
-10.864020
-9.033145
-5.367101
-7.140041
-5.676091
-2.737999
-5.199731
-2.202630
3.872037
2.613545
-0.311136
5.157352
4.704595
1.918316
-0.127137
0.608325
-0.479043
1.208604
0.987589
2.746046
4.941166
5.867601
7.024170
3.758312
0.990272
7.961870
10.288419
7.514478
8.713962
11.465371
11.906327
11.591435
7.288099
6.358446
9.881795
9.849608
4.223943
-1.186609
-3.415525
-5.578459
-5.065620
-1.717150
0.126600
-7.547201
-13.618114
-7.090152
-1.344860
-2.778769
-5.357981
-4.590869
-4.692257
-1.535297
-2.955258
-6.346644
-11.131168
-9.614111
-7.492484
-5.429328
-0.917852
-1.893103
-5.676091
-12.501778
-14.090182
-11.144043
-13.045731
-13.098838
-12.145580
-9.560467
-10.794820
-15.565933
-11.648298
-9.718181
-11.345208
-14.333191
-16.156019
-15.907647
-15.990795
-18.198254
-20.114424
-21.283867
-22.571863
-22.967758
-18.273355
-18.629017
-21.227541
-21.822990
-23.746672
-20.791414
-18.423559
-20.755472
-20.798388
-18.440189
-18.294277
-17.649473
-17.957392
-18.527092
-17.429533
-16.605558
-19.206764
-19.750715
-17.802359
-14.513971
-12.684705
-7.339598
-6.545127
-4.574240
-3.684819
-3.710032
-7.910372
-11.712671
-10.034681
-6.236673
-5.504966
-10.457397
-10.531426
-7.795573
-7.161499
-7.580997
-9.266497
-7.648052
-6.936193
-7.272006
-8.356691
-10.257304
-7.753194
-5.201340
-4.539907
-6.025315
-8.341671
-4.703522
-2.332449
-1.021385
-2.417743
-3.434301
-3.523350
-1.853943
-8.347571
-15.207590
-17.067970
-19.067289
-13.577881
-9.807230
-12.208344
-12.421312
-10.030927
-10.507287
-12.848856
-14.226439
-10.430039
-8.114220
-11.648835
-14.900745
-9.738565
-4.683674
-5.715788
-9.498776
-6.891669
-0.987589
-1.735926
-5.673945
-6.942094
-7.120193
-4.696012
-6.983937
-10.591508
-8.613647
-5.005539
-3.018022
-3.002465
1.697839
2.472997
1.749873
-0.013411
-1.059473
-1.681209
-2.808273
-3.933192
-5.926073
-3.898860
-1.360953
-2.527178
-7.094444
-5.588115
-4.675627
-6.500066
-6.738783
-6.654562
-8.488656
-6.002248
0.070274
0.682890
-2.832949
-3.730417
1.116336
2.600134
-1.124919
-6.202341
-8.119048
-6.183029
-2.589405
-1.349151
-6.835342
-13.208272
-14.189960
-10.399462
-7.777334
-7.322968
-8.345963
-6.700696
-6.494702
-19.887508
-21.245243
-19.732477
-17.339947
-15.970947
-20.380499
-22.582056
-21.903458
-24.803463
-19.619825
-13.349356
-9.285809
-11.195004
-15.119078
-16.144218
-16.053022
-11.668683
-12.670221
-11.971236
-13.353647
-15.173795
-12.036146
-7.007004
-1.989126
1.163542
0.302017
-2.090514
-3.954649
1.543880
-0.226378
-4.985154
-6.520451
-1.026750
1.451075
1.296580
-3.911734
-1.657069
1.461804
1.632393
0.004292
1.322866
2.977789
0.478506
1.694083
-3.571094
-3.733099
-3.016949
-8.219362
-7.423283
-2.578676
1.123846
2.186001
-2.480507
-8.345963
-10.762633
-8.737029
-6.376148
-5.949140
-6.746293
-13.213100
-13.711454
-4.167617
-1.369536
-0.735998
-1.419425
-10.850610
-15.187206
-18.450380
-14.694216
-11.580171
-10.650517
-15.836837
-21.880926
-16.419949
-15.857758
-16.254725
-9.033681
-9.179057
-17.991724
-19.263628
-16.803505
-14.039221
-16.699434
-17.761053
-17.034712
-10.940195
-8.741857
-13.738813
-18.706800
-9.882332
-7.897497
-7.873357
-0.689328
6.138505
0.160396
5.515695
10.299148
11.532427
6.398142
8.516551
3.840387
6.439985
17.204227
24.042789
14.346601
6.600381
10.582389
10.918200
14.562251
25.506739
24.994972
27.824703
23.783686
21.738234
20.665886
27.239983
30.446831
26.414398
19.744280
16.761663
13.567688
10.064185
14.230194
20.464184
20.674469
7.958652
-1.859844
9.848536
11.051238
-10.151626
-6.283344
5.727590
-0.698984
9.187640
23.197355
35.821980
26.753965
9.555638
3.934265
-0.510693
-14.929714
-25.312546
-12.690069
-23.534777
-32.241230
-31.294409
-6.505431
-5.040944
-16.868952
-21.252752
-27.951839
-20.793022
-10.500850
-5.058647
-8.242966
-5.174518
0.368536
-7.054211
-5.893350
-10.269107
-17.587782
-18.151583
-10.172010
-1.929581
-3.652633
-6.698550
-8.905471
-13.032319
-18.612923
-18.479885
-26.339832
-19.767881
-12.361767
-7.684530
-8.374930
-11.647761
-17.333509
-21.822454
-25.462749
-21.588566
-13.017299
-14.350893
-19.152048
-14.744641
-10.358155
-12.769463
-18.705191
-21.490396
-21.195890
-21.456064
-17.645182
-20.502272
-19.777002
-10.707379
-8.590580
-4.170299
2.225697
-4.829050
-13.969482
-24.750893
-21.902922
-21.118107
-25.968615
-17.140926
-13.656200
-9.557784
-11.116685
-9.500922
-5.570412
-7.510723
-7.380904
-5.808056
-7.101954
-6.243111
-7.850290
-12.649836
-14.142754
-11.306584
-10.824861
-15.370668
-12.848856
-12.186350
-8.086862
-6.373466
-6.604136
-6.544055
-6.467343
-7.101418
-7.929147
-6.586970
-6.208242
-4.900396
-3.890276
-3.805519
-2.291680
0.569165
0.318646
-2.247155
-2.814174
-3.755630
-7.564367
-11.133314
-11.537255
-10.146261
-12.501242
-13.968946
-10.147870
-6.541372
-6.254376
-7.216753
-8.908690
-8.809448
-8.009614
-5.416990
-2.976716
-2.320647
0.341177
3.034115
3.126383
4.005075
2.872110
1.376510
1.961231
2.254129
0.141621
-2.362490
-3.188611
-0.284851
2.202630
1.233816
-1.409769
-4.167617
-4.702449
-2.680063
2.016485
3.272832
0.388384
-1.563192
-0.011802
2.985299
0.869572
-0.966668
-2.744437
-3.810347
-3.516376
-3.190220
-2.940238
0.015557
1.612008
-0.288069
-0.866890
-2.151668
-5.897642
-6.442131
-7.386805
-8.340062
-4.082859
-5.642832
-8.864165
-7.158280
-5.030215
-2.413452
-2.718151
-3.390849
-4.078031
-2.805054
-2.570093
-5.488337
-8.463443
-10.744930
-10.720254
-10.886551
-10.947705
-10.568440
-13.204517
-13.817133
-11.544765
-6.908835
-4.862845
-5.236745
-2.689719
-4.021705
-5.062938
-6.229163
-3.245473
-2.602816
-3.981472
-6.027461
-5.648733
-4.431010
-2.071738
-1.760066
0.832021
2.233207
2.278805
1.591087
-0.849724
-3.620446
-3.407479
-1.891494
-0.012875
1.207531
1.460731
0.480652
1.961231
2.555609
0.424326
-1.269758
-1.849115
-3.087759
-4.599452
-5.127848
-5.500675
-4.606426
-4.866064
-4.748583
-3.845752
-3.173590
-2.321184
-1.860380
-2.342642
-2.386093
-3.310919
-2.028823
-1.409233
-0.308991
0.891030
-0.415206
0.520349
-0.231743
-1.062691
-1.913488
-1.635611
-2.618909
-3.077031
-3.779769
-3.843070
-2.858699
-3.166616
-4.648805
-5.031288
-6.306947
-4.955113
-5.229772
-6.055892
-7.778407
-9.057284
-9.193004
-8.362056
-8.056821
-6.031216
-6.399752
-6.684602
-5.645514
-4.485190
-5.155743
-5.770505
-7.269324
-10.027707
-8.162499
-5.666972
-4.295290
-3.433764
-4.234672
-5.442203
-5.908370
-5.749047
-5.655170
-4.221261
-1.292825
1.490772
1.119018
2.911270
3.505648
2.494455
1.614154
0.849724
1.461804
1.060009
0.439346
-1.320720
-1.777768
-2.272368
-4.337669
-4.605890
-4.993737
-6.549419
-6.754876
-6.516160
-6.156207
-5.874575
-5.445421
-5.710960
-4.377366
-3.793717
-3.301263
-4.058183
-3.886521
-2.752483
-1.655460
0.199020
1.927972
2.301872
1.833558
1.447857
0.573456
1.404405
1.686573
-0.289142
-0.333130
0.366390
0.055790
0.027895
-0.960231
-2.204240
-3.417135
-3.584505
-3.028214
-3.240645
-3.424109
-4.292608
-3.543199
-3.829659
-4.681528
-4.922390
-5.584896
-5.598844
-4.274905
-2.602816
-2.236426
-3.844679
-5.535007
-6.132604
-8.635104
-9.195149
-7.319213
-6.502748
-5.058647
-3.041625
-2.707958
-4.112363
-5.242110
-6.062866
-6.349863
-3.879548
-2.929509
-3.811956
-2.477825
-1.855552
-1.359344
-0.790179
-2.835632
-4.983545
-6.293000
-5.761922
-4.524887
-4.184783
-3.520668
-3.215433
-2.174199
-1.616299
-1.505256
-2.045989
-1.017630
-1.070738
-1.446247
-0.968814
0.075638
0.146449
0.172198
0.693619
0.086367
0.113189
-0.651777
-0.043988
0.739753
0.670552
-0.227988
0.408769
0.003219
-0.414133
-0.536442
-1.379728
-2.091587
-2.195120
-3.192902
-3.307701
-3.740073
-4.472316
-3.581286
-2.151668
-1.084685
-0.364244
0.445247
1.237571
0.197947
-0.634074
-0.177562
-0.970960
-1.665116
-2.127528
-1.454830
-0.395358
1.745045
1.463413
0.849187
-0.000536
0.899077
0.988662
1.654387
2.066911
3.318429
3.457904
2.626419
4.533470
5.236745
4.385949
3.073812
2.486408
0.600815
-1.204312
-1.559437
-1.988054
-3.999711
-4.063547
-4.224480
-5.156816
-5.217970
-4.495919
-4.103780
-4.628957
-4.586041
-5.463124
-6.312312
-5.859018
-4.901469
-4.182101
-3.713251
-3.619910
-3.455222
-3.824294
-3.936410
-4.364491
-4.415989
-4.260421
-4.470170
-4.267931
-3.865600
-3.600061
-3.737391
-4.021168
-4.215897
-3.729344
-4.151524
-3.506721
-2.395749
-2.607107
-2.638757
-2.191901
-2.399504
-1.681209
-1.572848
-2.246619
-2.213896
-2.595306
-2.786279
-2.040088
-0.972033
0.142157
0.462413
0.495672
0.377119
0.611544
-0.153422
-1.237571
-1.548171
-1.628638
-1.853943
-1.937628
-2.723515
-2.916634
-2.459049
-3.082395
-4.388631
-3.371001
-2.913416
-3.315747
-3.782452
-3.592015
-2.959550
-2.544880
-2.176345
-2.100706
-2.080858
-2.079249
-2.000392
-1.852870
-1.544416
-1.741290
-2.874255
-2.410770
-2.014876
-1.842141
-1.461268
-1.211822
-1.717687
-2.250374
-2.205312
-2.341032
-2.005220
-1.871109
-2.433300
-2.400041
-2.636075
-2.770722
-2.785206
-2.811492
-2.047062
-1.480579
-1.317501
-1.344860
-1.450002
-1.313210
-1.640439
-1.635611
-1.410842
-1.926899
-2.063155
-1.662970
-1.439810
-1.347005
-1.640976
-1.671016
-1.852870
-2.046526
-2.463341
-2.575994
-2.065838
-2.010048
-1.887739
-1.700521
-2.010048
-2.654851
-2.813637
-2.609790
-2.476752
-2.064228
-2.248228
-1.591087
-1.411379
-1.560509
-1.202166
-0.726879
-0.847042
-1.195729
-1.767576
-1.686037
-1.462877
-1.214504
-1.362026
-1.403868
-1.291216
-1.256347
-0.963986
-0.962913
-0.848651
-0.810027
-0.555217
-0.437200
-1.030505
-1.246691
-0.996173
-0.528932
-0.130892
0.040770
-0.302553
-0.598669
-0.496745
0.371754
0.462413
0.082612
-0.105679
0.019848
-0.234962
-0.532150
-0.386775
-0.013411
-0.442028
-0.639439
-0.656605
-0.719369
-0.648022
-0.577211
-0.614226
-0.651240
-0.464559
-0.490308
-0.717759
-1.078785
-1.541734
-1.910269
-1.870036
-1.917243
-1.875937
-1.593769
-1.351297
-1.419962
-1.631856
-1.479507
-1.057327
-0.714541
-0.841141
-0.901759
-1.073420
-1.210749
-1.230598
-1.293898
-1.272440
-1.274586
-1.418889
-1.631320
-1.869500
-1.764357
-1.646340
-1.883984
-1.687646
-1.718223
-1.554609
-1.675844
-1.621127
-1.638294
-1.870573
-1.829803
-1.466632
-1.386702
-1.684964
-1.784206
-1.663506
-1.388312
-1.504719
-1.623273
-1.466096
-1.268149
-1.097560
-1.312137
-1.048744
-0.528932
-0.550926
-0.617445
-0.959695
-1.219332
-1.186073
-1.358271
-1.608789
-1.674772
-1.663506
-1.497746
-1.218796
-1.341641
-1.317501
-1.221478
-1.241326
-1.184464
-1.257420
-1.440883
-1.411915
-1.262248
-1.583040
-1.516521
-1.283169
-1.411915
-1.658142
-1.745582
-1.627565
-1.742900
-2.246082
-2.264858
-2.003610
-1.802981
-1.555145
-1.576603
-1.568556
-1.540661
-1.733780
-1.750946
-1.670480
-1.792789
-2.105534
-2.051890
-1.712322
-1.776695
-1.505256
-1.266539
-1.730025
-2.036333
-1.785279
-1.725197
-1.704812
-1.952112
-2.074957
-2.220869
-2.308846
-2.238035
-2.119482
-1.976252
-1.867354
-1.721978
-1.418352
-1.494527
-1.588404
-1.726806
-1.438737
-1.286924
-1.479507
-1.849115
-2.220333
-2.425790
-2.356053
-2.048135
-1.995564
-1.818538
-2.004147
-1.869500
-1.483798
-1.406551
-1.715005
-1.859844
-1.890421
-1.505792
-1.282632
-1.182854
-1.065374
-1.109362
-0.837922
-0.477970
-0.515521
-0.573993
-1.003683
-1.253665
-1.548171
-1.233280
-1.651168
-1.471996
-1.156032
-1.009584
-0.966668
-1.116872
-1.407623
-1.366317
-1.628101
-1.709640
-1.526714
-1.574993
-1.506865
-1.110435
-1.053572
-1.338959
-1.331449
-0.889957
-0.894785
-1.017094
-0.782669
-0.537515
-0.482798
-0.718296
-1.146376
-1.658142
-1.227915
-1.084149
-1.568556
-2.055109
-1.888812
-1.865745
-1.906514
-1.764357
-1.703739
-2.008438
-2.510011
-2.763212
-2.640367
-2.883911
-3.210068
-3.136576
-3.126383
-3.191293
-2.714932
-2.366781
-2.205312
-2.682746
-2.815247
-2.401650
-2.276659
-2.209604
-2.339959
-2.647341
-3.063620
-2.978862
-2.731562
-2.827049
-2.790034
-2.792716
-2.934873
-2.697230
-2.625883
-2.876401
-3.057719
-2.663970
-2.388239
-2.765894
-2.691865
-2.602279
-2.926827
-3.281415
-3.136039
-3.463805
-2.836704
-2.487481
-2.405405
-2.103389
-2.315283
-2.729416
-3.333450
-3.018559
-2.948284
-2.832949
-2.769649
-2.873183
-2.810419
-2.737999
-3.184855
-3.204704
-3.116191
-3.427327
-3.534079
-3.829659
-4.006148
-3.693939
-4.051209
-3.954649
-4.480362
-4.461051
-4.391313
-3.887058
-3.699840
-3.371537
-3.316284
-2.814174
-3.177882
-3.141404
-3.022314
-2.985835
-2.927363
-2.740681
-2.268076
-2.332986
-2.065838
-1.649022
-1.003146
-0.850797
-0.794470
-0.762820
-0.966132
-1.727879
-2.400041
-2.832949
-2.835632
-2.409697
-1.776695
-1.415670
-1.267076
-1.473069
-1.618445
-1.717150
-1.948357
-2.338350
-2.796471
-1.907587
-1.261175
-0.907123
-1.034796
-1.185000
-0.817537
-1.123309
-0.914097
-0.918388
-0.740826
-0.635147
-0.943601
-1.122236
-0.981152
-1.026750
-0.973106
-1.054645
-0.815928
-0.347078
0.044525
-0.075638
-0.194192
0.038087
-0.386775
-0.402331
-0.915706
-1.522959
-1.164615
-0.750482
-0.400722
-0.140011
-0.757456
-1.366317
-1.261175
-1.693011
-1.977861
-2.029896
-1.642585
-1.619518
-1.517594
-1.496136
-1.440883
-2.057791
-2.819538
-3.464878
-3.465415
-3.107071
-2.079249
-1.835704
-1.636148
-1.471460
-1.488626
-1.239181
-0.688255
-1.322866
-1.919925
-1.867354
-2.554536
-3.260494
-3.208459
-3.517986
-3.482581
-3.726125
-3.877402
-3.169299
-2.752483
-3.426254
-3.359735
-3.234208
-3.199339
-3.746510
-3.900469
-3.563047
-3.605426
-3.859163
-3.420890
-2.429009
-2.271295
-1.598597
-1.740217
-2.113045
-2.160251
-2.285779
-2.607644
-2.801299
-2.573848
-1.919925
-2.051354
-2.417207
-2.562046
-2.866745
-2.529323
-2.343714
-2.422571
-1.669407
-2.052427
-1.974643
-1.572848
-1.042307
-1.444638
-2.078176
-2.513230
-2.279878
-1.953721
-1.436055
-1.621664
-2.071738
-1.526177
-0.824511
-0.585795
-0.383020
-0.933945
-0.751019
-0.935018
-1.193583
-1.217723
-0.492990
-0.874937
-2.255738
-2.681136
-1.968205
-1.430154
-0.804126
-1.761675
-2.033651
-1.615227
-1.554072
-2.260566
-2.949894
-3.149450
-3.328085
-3.509403
-3.852726
-4.401505
-4.625202
-4.825831
-4.559219
-5.080641
-5.072058
-4.847825
-4.211605
-3.926218
-4.299582
-3.713787
-3.765285
-4.927755
-4.911662
-4.637003
-3.257275
-2.462805
-2.170980
-2.769113
-3.527105
-3.677845
-3.950358
-2.996564
-3.774405
-3.147841
-3.354371
-4.042626
-2.794326
-1.956403
-1.485407
-1.298726
-1.908660
-1.691938
-0.993490
-1.403868
-2.750337
-2.391458
-1.829803
-0.611007
-0.168443
-0.100315
-0.283778
0.950575
1.022995
0.255346
-0.557363
-0.611544
0.157714
-0.201702
-0.975251
-0.585258
-0.109434
-0.319183
-1.136720
-1.824439
-2.408087
-3.324330
-3.141404
-2.357126
-2.382875
-2.165616
-2.113581
-1.381874
-1.774550
-0.760138
0.553072
1.440883
0.326693
-0.482261
0.093341
-0.157714
-0.197411
0.922680
1.345396
0.644267
1.026750
1.232743
0.935018
0.706494
0.602961
0.197947
0.280023
0.582576
-0.289142
-0.940383
-0.732243
-0.640512
-2.702058
-2.718687
-2.004147
-1.485407
-0.700593
-1.065374
-1.436055
-1.782060
-2.315283
-3.828586
-3.902078
-3.927827
-3.346861
-2.530396
-1.910269
-0.555754
0.604034
0.090122
-0.334740
-0.389993
0.172734
0.084758
0.641048
0.451148
-0.278950
-0.629783
-1.011729
-1.258493
-0.259638
1.062691
1.407087
0.740826
0.520885
0.281632
0.974178
1.487017
0.788033
0.594378
0.672162
1.767040
0.888348
0.661433
0.901759
0.445247
-0.083148
0.805199
0.872254
0.534296
0.645876
1.138866
2.131284
2.545417
1.581431
0.586867
0.469923
0.027895
0.058472
0.635147
0.792861
1.238108
1.797617
1.906514
2.139867
3.104926
4.092515
4.613936
3.839314
4.427791
4.097343
2.595306
3.303946
3.218115
2.692402
3.355980
4.586041
4.606963
4.635394
3.527105
3.355980
2.298117
2.072275
1.220942
0.838995
-0.100315
0.283241
1.252055
1.482189
1.063764
1.632393
1.932264
2.004147
1.528323
1.222551
0.685036
1.039088
1.414061
1.167297
1.173735
1.482725
2.062083
0.901759
0.539124
1.074493
0.953794
0.280559
-0.612080
-0.540197
-0.436664
-0.050426
1.241326
1.634538
1.683891
1.544416
2.029896
1.704276
1.622200
1.077712
0.935555
1.199484
1.506329
1.485944
2.486408
2.148450
2.066911
1.538515
0.420034
-0.642121
0.681281
1.054645
0.675380
1.109898
2.255202
2.040625
1.560509
1.366854
1.047671
1.051426
0.573456
-0.578821
-1.381874
-1.820684
-1.957476
-1.880229
-2.020777
-1.878619
-1.713395
-2.199948
-1.403868
-0.911415
-1.714468
-1.974643
-1.756847
-1.024068
-0.962913
-1.115799
-1.666725
-2.179027
-2.193511
-1.676917
-2.380193
-2.304554
-1.599133
-3.038407
-3.796936
-3.058255
-3.557683
-3.470779
-3.756166
-3.915489
-2.766967
-3.308237
-3.834486
-3.062547
-2.278805
-1.205921
-0.836313
-0.980079
-2.513230
-3.216506
-3.453076
-2.955258
-2.551854
-2.564192
-2.857626
-2.717078
-1.971960
-1.294434
-1.128674
-1.509011
-1.865208
-2.084613
-2.007365
-1.764357
-1.454830
-1.445174
-0.054181
-0.000536
-1.000464
-1.882375
-1.843214
-1.973570
-1.911879
-2.126992
-2.754629
-3.065765
-0.400722
0.767648
0.361562
-0.140011
-0.906050
-1.550317
-2.240718
-1.501501
-1.085758
-2.071202
-2.974034
-3.954649
-3.160716
-3.042162
-3.009439
-2.355516
-2.166689
-2.843678
-2.838314
-1.898468
-1.662970
-0.968814
-1.543343
-2.127528
-2.091587
-1.006901
-1.132965
-0.884593
-1.360953
-1.185000
-1.007974
-0.564873
0.344396
0.968278
1.442492
1.936019
1.380801
2.151668
2.638221
1.314819
0.416279
1.734317
2.051354
1.916707
1.747191
2.391994
2.659679
1.886130
1.197338
0.804126
1.341105
-0.309527
-1.463950
-0.980079
-0.339031
0.707030
1.933873
1.486480
0.339568
1.371682
2.050817
2.045453
1.872719
0.941992
2.057791
1.899541
2.777696
3.435374
3.366709
2.678991
2.175272
0.533223
-1.914561
-2.918780
-2.912343
-1.961768
-0.961304
-1.119554
-1.204848
-1.545489
-1.705885
-2.299726
-1.468241
-0.744045
-0.343859
-1.198411
-0.404477
-0.299871
-0.731170
-0.761747
-1.335740
-0.675917
-0.701129
-0.011265
0.436664
-0.056863
0.494063
0.528395
0.589013
0.415206
0.224233
0.606179
0.666797
1.103461
1.997710
1.647413
1.666188
2.337814
1.989663
2.384484
2.048671
0.932336
1.327157
1.132429
1.179099
0.503719
0.323474
-0.270367
-0.992954
-1.850188
-1.709104
-1.376510
-2.067447
-1.999855
-2.081931
-1.438201
-0.271976
-0.611007
-2.003074
-1.994491
-1.261175
-1.934409
-2.669871
-3.950358
-3.106535
-2.807737
-2.496600
-3.515304
-3.749192
-3.150523
-3.676236
-4.318357
-5.922854
-6.098808
-5.181492
-5.538762
-5.201340
-4.643441
-2.939165
-2.964914
-4.426182
-7.196904
-6.855191
-5.946994
-5.702913
-6.213606
-5.289317
-5.794108
-8.171082
-8.187176
-8.208097
-8.556248
-7.605673
-7.968307
-7.585824
-6.582678
-5.323649
-5.553246
-6.716789
-7.594408
-6.600917
-6.412626
-6.659389
-6.807447
-6.453932
-6.381513
-6.876648
-6.784380
-6.985546
-7.539690
-7.836343
-8.197368
-7.567585
-6.400825
-6.081642
-6.532253
-6.579996
-7.357300
-6.370784
-6.253839
-6.117583
-4.080177
-4.432083
-4.312993
-3.163934
-3.391386
-3.247083
-0.761747
-2.211750
-3.184319
-2.033651
-2.066374
-1.613617
-1.370072
-2.310455
-1.261711
-1.450539
-0.719905
-0.835776
-1.807273
-2.034188
-1.073957
-1.360953
-2.395213
-3.330768
-2.236426
-1.408696
-0.587404
-0.890494
-2.851725
-4.266859
-4.382730
-4.382194
-4.722834
-4.222334
-3.000856
-3.491164
-3.440738
-2.982080
-4.157961
-4.295290
-4.348934
-5.351544
-5.109072
-5.898715
-6.706060
-6.024242
-7.052065
-6.180883
-6.036044
-4.831732
-5.023242
-5.302191
-3.909588
-4.241109
-6.382586
-6.382586
-5.530179
-4.560292
-3.115118
-3.313601
-4.115046
-4.154742
-3.964842
-2.848506
-2.695620
-2.551854
-3.158033
-3.273905
-3.478289
-5.429328
-5.634785
-5.710960
-4.967988
-4.993737
-5.365491
-4.965306
-5.191684
-5.527497
-5.869747
-5.520523
-4.500211
-3.521204
-2.955258
-2.306164
-3.071666
-3.115118
-2.290607
-2.298117
-1.256347
0.366926
-0.771403
-0.198483
-0.023067
-0.861526
-2.343714
-2.207995
-1.266539
-1.519740
-2.594233
-3.539980
-3.093660
-1.548171
-0.457048
0.004828
0.495136
0.968278
0.401795
-0.727952
-1.833022
-1.591087
-1.594305
-1.866281
-1.523495
-2.108753
-2.480507
-2.665580
-3.877402
-3.560365
-3.524423
-3.393531
-2.682746
-2.971888
-3.707350
-4.640222
-4.633248
-5.169690
-5.213678
-4.376293
-4.466951
-5.523742
-6.345571
-6.017805
-5.474926
-5.212605
-5.261958
-4.974962
-4.403115
-4.220188
-4.245401
-4.139185
-4.133821
-4.456223
-4.036725
-3.492237
-2.374828
-2.025604
-1.525641
-1.128674
-2.037406
-2.621591
-2.607644
-1.617909
-2.239645
-2.383411
-2.851725
-2.908588
-2.518595
-2.869427
-4.112900
-5.375684
-4.803300
-5.059720
-4.567802
-3.685892
-4.729271
-4.291535
-2.950967
-3.707350
-4.100562
-4.945457
-4.004002
-4.465878
-3.792108
-3.973425
-4.166008
-3.524960
-4.952431
-4.966915
-3.968060
-3.350616
-2.879620
-2.064228
-2.108753
-1.926363
-1.821757
-2.177418
-3.592015
-4.660070
-4.560292
-5.392313
-4.148305
-2.910197
-2.367854
-2.935410
-3.231526
-4.995883
-4.968524
-3.570557
-3.770650
-3.796936
-3.645659
-4.270077
-5.051673
-5.810202
-5.343497
-3.696621
-3.989518
-4.200876
-3.916026
-2.672553
-1.949966
-1.537442
-2.191901
-2.381265
-2.777159
-4.535079
-5.719543
-4.936338
-4.450322
-5.520523
-5.241037
-4.816711
-4.233599
-4.664898
-4.571021
-4.636467
-5.016268
-5.113364
-4.472316
-3.885985
-3.967524
-4.257739
-3.274978
-3.412843
-3.157497
-2.637685
-1.754165
-2.091050
-1.600743
-1.353979
-1.699448
-0.800908
-0.789106
-0.718296
-0.988126
-2.755165
-2.183318
-1.460731
-1.479507
-1.706958
-1.256347
-1.206994
-0.727952
-1.108825
-0.287533
-0.155032
-0.261247
-1.399040
-2.253056
-1.806200
-2.102852
-2.343714
-2.755702
-2.169371
-1.898468
-2.136111
-1.956403
-1.792252
-1.792252
-1.063764
-1.020312
-0.848651
-1.827121
-1.084685
-0.903368
-0.111043
0.387311
-0.105143
-0.431836
-0.807345
-0.224233
0.644803
0.637829
-0.100851
-0.391603
-0.338495
0.742436
1.313210
0.545025
0.512838
-0.174344
0.351906
1.136720
1.440883
1.760602
1.776695
1.492918
0.719369
-0.216723
-0.291288
-0.959695
-1.314283
-1.486480
-1.793862
-1.196802
0.032187
0.012338
-0.502110
-0.192583
0.481188
0.428081
-0.146985
0.187218
0.465632
0.209749
-0.563800
-0.523567
-0.454366
-0.926435
-0.885666
-1.476288
-0.740826
-1.537442
-1.983226
-0.660896
-0.542343
0.255346
1.005292
0.787497
0.586331
0.125527
-0.156641
0.041842
0.638902
0.749946
0.412524
0.778377
1.174808
1.741827
0.305235
-0.155568
0.105143
0.008047
-0.196338
0.836849
1.178563
0.499427
-0.224769
0.173807
-1.041234
-1.242936
-1.508475
-1.260102
-1.637221
-1.190901
-0.864208
-1.006901
-1.644194
-2.045453
-1.963377
-1.945675
-1.672089
-1.583040
-1.594305
-2.115727
-2.900005
-2.873719
-2.944529
-2.961695
-3.095806
-3.115654
-2.336204
-2.718687
-3.810883
-4.034579
-3.880084
-3.048599
-1.639366
-1.734853
-1.403868
-0.767648
-0.672698
-0.003219
-0.093877
-1.483798
-2.321184
-1.946748
-2.380193
-2.940238
-1.436055
-1.213968
-1.781523
-1.993418
-1.816392
-1.429081
-1.175881
-0.504792
0.067055
0.790715
0.189900
-0.767112
-0.754237
-0.838995
-0.028431
-0.496745
-0.124991
0.066519
-1.176953
-1.791179
-1.636684
-1.932264
-2.722442
-2.629638
-1.871109
-2.271295
-2.426327
-2.032578
-2.621055
-2.985835
-3.082395
-2.548099
-1.729489
-1.911342
-1.885593
-1.871646
-3.641904
-4.134894
-3.549099
-3.324330
-4.749656
-3.933192
-3.610790
-3.570557
-4.219115
-4.076422
-4.253448
-4.568339
-5.029142
-5.294145
-5.649806
-5.852581
-5.529643
-5.151988
-5.119265
-5.131603
-5.239964
-5.487264
-5.522132
-5.535543
-6.237746
-6.518842
-6.923319
-6.685139
-6.283880
-5.893887
-5.646587
-6.824077
-6.867529
-6.846071
-6.077887
-5.729199
-6.326796
-6.002785
-6.243647
-6.485046
-7.134140
-7.612110
-7.680775
-6.936730
-6.478609
-6.280662
-5.557538
-5.236745
-4.868746
-4.350543
-4.969597
-5.370856
-5.122483
-5.109072
-4.790426
-4.815639
-5.090833
-5.175591
-4.794181
-4.591406
-4.934729
-5.724371
-5.432010
-5.483509
-6.048919
-6.455542
-6.597162
-5.866528
-5.236209
-4.446567
-5.331159
-5.314529
-4.300654
-3.095806
-3.590942
-4.638613
-4.329622
-3.911734
-4.510403
-4.708350
-4.866064
-5.286098
-5.648733
-4.679382
-4.528106
-4.620374
-4.490555
-4.193366
-3.317357
-2.778232
-3.278733
-3.149987
-3.249228
-3.165544
-1.903832
-2.831340
-3.374756
-2.933800
-2.768576
-2.120555
-3.179491
-3.311992
-3.551245
-3.225625
-3.331841
-3.822148
-4.901469
-5.987764
-6.352545
-6.169618
-6.039263
-5.550564
-5.119801
-4.528642
-4.021705
-4.174591
-4.704059
-4.010976
-3.821612
-4.732490
-5.934656
-6.378294
-5.118192
-4.647732
-4.540444
-5.206168
-5.127848
-4.565120
-4.849971
-4.095197
-5.286634
-5.791963
-5.475462
-4.332304
-3.414989
-4.309237
-4.920245
-5.649806
-5.713106
-6.501676
-6.533326
-5.360127
-5.053282
-4.749656
-4.882157
-4.936874
-5.166471
-5.552710
-6.805838
-6.519378
-5.172372
-4.878402
-4.792572
-4.313529
-4.058183
-3.788889
-4.525960
-4.784525
-4.980326
-4.883230
-4.659534
-4.974962
-5.544663
-6.173910
-6.352008
-7.019878
-7.343353
-7.461906
-6.835342
-7.252694
-6.669045
-7.393778
-7.569731
-7.014514
-6.260813
-6.468953
-6.628812
-6.894887
-5.676091
-4.192830
-4.200340
-3.777087
-3.841460
-4.378438
-5.770505
-5.944849
-5.365491
-6.776334
-7.216753
-7.766605
-6.242038
-5.934120
-6.931365
-5.893350
-5.671263
-6.770433
-6.521524
-4.733563
-5.622983
-5.968452
-4.981936
-5.204559
-4.846216
-5.806447
-4.796327
-2.926827
-2.124310
-1.807273
-2.162397
-2.883375
-3.817857
-2.822757
-3.117800
-1.717687
-1.961231
-2.495528
-3.130675
-2.393067
-2.496600
-3.178955
-3.336668
-2.320111
-1.916707
-3.392458
-4.174054
-3.080249
-3.177882
-3.622056
-5.491555
-4.906297
-4.205168
-4.098952
-5.187929
-6.089688
-3.147305
-2.300263
-2.604962
-0.195265
0.208139
-0.624418
0.106752
-1.068592
-3.189147
-4.967988
-3.880084
-4.260958
-6.044091
-5.312920
-4.845143
-5.702913
-6.266178
-5.174518
-4.957796
-4.184783
-3.162861
-2.877474
-3.101707
-2.801299
-3.359199
-3.699840
-2.312601
-0.775159
0.932872
2.383948
3.810883
3.382802
2.319575
-0.063837
-1.111508
-1.130283
-0.087976
-0.542343
-1.494527
-2.016485
-0.706494
1.074493
1.490235
0.214577
-0.270903
0.295043
0.908196
-2.208531
-4.922927
-5.850435
-4.427791
-3.710568
-3.842533
-3.761530
-5.255521
-6.289245
-4.972280
-4.509330
-5.244792
-6.537081
-6.446959
-5.103171
-5.216361
-6.753267
-4.790426
-2.626419
-3.116191
-6.204487
-6.331624
-6.077350
-5.282343
-3.960014
-2.297044
-3.445030
-4.292071
-2.920389
-2.595842
-2.710641
-2.737999
-0.303090
-0.656068
-1.407623
-3.652633
-2.708495
-1.801908
-2.409160
-3.531933
-7.136286
-9.519697
-11.333407
-12.256088
-13.776900
-13.740959
-11.190713
-11.933685
-12.036146
-10.726155
-8.463443
-6.818176
-6.259204
-5.142332
-6.865920
-6.676556
-5.430401
-5.589188
-3.703595
-4.348934
-5.359591
-3.391922
-2.018094
-2.615154
-3.300190
-4.828513
-3.696621
-5.381048
-6.284953
-5.660534
-4.333914
-4.481435
-6.231309
-5.786598
-4.289389
-6.405653
-7.364274
-6.920637
-7.297755
-7.188858
-5.699158
-4.838169
-4.660607
-3.497065
-4.987300
-3.256739
-2.045989
-3.363491
-4.897714
-5.310238
-5.624056
-6.141187
-6.328405
-7.755340
-8.319676
-8.296610
-8.222045
-8.281053
-7.891596
-7.880867
-8.635104
-9.941340
-10.057748
-9.157063
-9.217144
-9.420455
-9.802938
-7.682384
-8.956433
-10.056139
-8.636178
-8.502067
-9.598018
-9.681703
-10.626376
-10.393561
-8.512795
-9.034217
-9.655953
-7.238747
-6.213606
-6.150843
-5.653024
-4.837096
-5.137504
-5.660534
-6.923855
-7.451714
-8.865238
-7.784308
-6.954432
-7.123948
-6.684066
-6.184102
-3.671408
-3.596306
-2.428472
-2.899468
-2.948821
-2.875865
-2.184391
-1.206994
-2.479971
-2.506256
-3.930510
-3.626884
-3.494382
-4.171372
-6.338597
-6.058575
-5.352617
-5.042553
-4.517377
-4.273296
-4.999102
-5.142868
-5.188466
-3.916562
-4.069448
-3.920854
-4.686893
-4.788280
-4.290462
-3.727198
-1.788497
-0.266075
0.577748
-1.073957
-1.805663
-2.148986
-2.364099
-2.859771
-3.767431
-3.884376
-5.447567
-3.876865
-0.449002
1.584649
1.958549
1.659215
0.744045
0.141621
-0.987589
-0.920534
-1.115799
-2.932728
-3.078640
-2.844751
-1.756847
-1.431227
-1.136720
-0.151277
0.119627
-0.965595
-0.620663
1.189828
0.961840
1.890958
1.436055
3.283561
3.929973
3.572166
3.906906
4.786134
4.920245
4.398287
3.365100
2.897322
2.350688
2.504647
3.294826
3.875256
3.193439
2.566874
3.183246
3.177345
2.380729
3.217042
2.006293
2.188146
1.151741
-0.034332
1.026213
0.923753
-0.234425
-0.182927
-0.755310
-2.114117
-3.664434
-2.963305
-3.642440
-4.890204
-4.871428
-5.065084
-6.070913
-7.001639
-5.867064
-5.540908
-6.076277
-5.423427
-4.749656
-4.567266
-6.765069
-9.155454
-8.248866
-6.117583
-6.114365
-5.522669
-4.947603
-5.038798
-3.872037
-4.978180
-4.560829
-3.719151
-2.910733
-3.372074
-1.565874
-0.178099
0.518739
1.287997
0.914633
0.601351
0.278413
-0.282168
-0.119090
0.085294
0.216723
0.721514
0.750482
-0.263929
-1.521886
-2.391994
-1.147449
-0.266612
-0.627637
-0.945211
-1.522422
-2.381265
-1.978934
-2.536834
-3.910125
-3.657997
-3.392995
-3.900469
-4.680455
-5.092979
-4.163325
-4.056573
-3.425718
-2.020240
-1.704276
-1.684964
-3.266931
-6.081105
-6.931902
-5.424500
-4.359663
-3.597916
-4.856945
-4.935802
-5.215824
-4.363418
-3.492773
-3.455222
-4.391850
-3.807664
-2.219260
-2.405405
-3.814638
-4.047454
-2.746046
-3.836632
-3.412843
-2.170444
-1.355052
-1.423717
-1.101315
-1.683891
-1.475752
-1.260102
-1.533687
-1.043916
-1.108825
0.310600
-0.268221
-0.892639
-1.492918
-1.706422
-2.506793
-2.483726
-2.220333
-2.539516
-1.798690
-1.764357
-2.917171
-1.221478
-0.021994
-2.238572
-3.665507
-1.846969
-1.848042
-2.705813
-2.672553
-2.302408
-1.234353
-1.564801
-1.889348
-1.502574
-0.989735
-1.419962
-0.989199
-0.993490
-2.290070
-1.603425
-1.227915
-0.496209
-1.537979
-2.228916
-1.904905
-0.173807
0.142694
0.684500
0.953257
0.385165
0.028968
1.961231
1.200020
0.607789
-0.369072
-0.148058
-0.213504
-0.453293
-0.065446
-1.917780
-3.040553
-3.678918
-4.801691
-4.850507
-4.139185
-2.703130
-3.628493
-4.122019
-3.362954
-3.166080
-2.611935
-2.187073
-2.049744
-2.130747
-2.017558
-2.292216
-1.790107
-0.568628
-0.460804
-0.085294
-0.703275
-1.489163
-1.986981
-0.907123
-1.550853
-2.014876
-2.550245
-2.743900
-1.658142
-2.350152
-1.365781
-1.719833
-1.495063
-1.263857
-2.993345
-4.890204
-5.369783
-3.955722
-3.881157
-4.707814
-5.632639
-5.022705
-4.544735
-4.096807
-4.432083
-4.242719
-3.176809
-2.171517
-3.341496
-4.621447
-3.305018
-2.754092
-4.321576
-3.268004
-4.756630
-4.952968
-4.396677
-4.091979
-5.830586
-8.131923
-6.503285
-5.930901
-4.088223
-1.495600
-3.652633
-4.375220
-3.944993
-2.900541
-2.211750
-2.788961
-2.889812
-2.570629
-3.134430
-4.473925
-4.388631
-2.643049
-2.569020
-5.793572
-7.311166
-4.369855
-2.298117
-3.354908
-4.214287
-5.082250
-6.505967
-6.394924
-6.019414
-5.040408
-4.914880
-4.507185
-5.018950
-2.597451
-2.977789
-4.522205
-3.097952
-0.506401
0.161469
4.517377
5.704523
6.010295
6.917418
7.329405
8.547665
7.422210
5.036653
8.253695
6.893278
7.219971
5.396605
2.203703
1.758456
2.257347
-0.088513
-0.496209
-0.102460
-3.532470
-8.245648
-10.203660
-8.624375
-7.973135
-5.384267
-6.346644
-7.159353
-1.085758
1.752019
2.985835
0.929654
-0.914097
-1.152814
-0.162542
-2.442420
0.054181
-0.751019
-1.179636
0.446320
-0.260174
0.456512
-1.109898
0.068128
-2.281487
-4.739464
-7.705987
-9.109319
-10.502995
-9.667218
-9.643079
-6.908835
-3.289462
-0.076711
1.900077
-1.220942
-2.870500
-4.525960
-4.135967
-3.286243
-4.657388
-4.367173
-4.255057
-5.895496
-5.160571
-0.376046
-1.924753
-3.400505
-0.640512
-1.515448
-1.136184
-2.739072
-4.814029
-2.873183
-3.165544
-4.214824
-3.215969
-3.189147
-0.660896
-3.972352
-7.190467
-2.956867
-5.241573
-6.199122
-5.128921
-6.166399
-3.919781
-2.733171
-5.533398
-8.366347
-12.274863
-11.993230
-9.135068
-4.474462
-4.905224
-4.305482
-4.749656
-4.918099
-6.953360
-7.459761
-10.894061
-10.916592
-8.726300
-11.609674
-14.575663
-15.511217
-16.252043
-16.366304
-18.483641
-16.189280
-15.028955
-17.858686
-15.652838
-17.344238
-18.753471
-16.339483
-16.730549
-17.788948
-17.052950
-14.266672
-13.455572
-13.310732
-14.485003
-12.482466
-8.572877
-6.563366
-7.463516
-4.988909
-4.019022
-4.104317
-4.775405
-4.297436
-4.973352
-4.012585
-3.485799
-3.794790
-3.961087
-3.790498
-3.680528
-3.546954
-3.221870
-3.638149
-5.701304
-7.564903
-6.777407
-6.296755
-5.640686
-4.630566
-4.412771
-3.531397
-4.418672
-6.113292
-6.016732
-6.216289
-6.057502
-6.904007
-8.733274
-8.507432
-8.107782
-8.378686
-7.607819
-7.068695
-6.269396
-6.282807
-5.984545
-6.175519
-5.812347
-5.585969
-7.361055
-8.215071
-7.105709
-5.818785
-3.926218
-4.686356
-5.106390
-3.722370
-3.600598
-3.840387
-4.228235
-3.733099
-0.977397
-1.351297
-2.316356
-3.423572
-2.501965
-2.915025
-3.333450
-4.223407
-2.921999
-2.758384
-3.162861
-3.191293
-1.502037
-1.897395
-2.368927
-3.578604
-6.200195
-7.283271
-8.289636
-7.367493
-7.237674
-5.935193
-4.050673
-3.288925
-4.372538
-4.796863
-5.188466
-4.841924
-2.788961
-1.849652
-2.328158
-2.976179
-3.036798
-3.097415
-2.125383
-1.132965
-1.892030
-1.999855
-1.439810
-1.506865
0.431299
1.217187
0.251055
-0.141621
-0.615835
-2.463877
-2.548099
-2.792180
-2.704203
-3.491164
-4.620374
-4.065693
-4.479290
-4.476071
-5.665899
-6.044091
-5.228699
-4.967988
-5.455614
-6.906153
-4.750193
-3.145159
-4.145086
-5.480826
-6.343962
-6.694258
-5.765677
-5.764068
-3.756702
-3.293753
-3.480435
-5.095125
-5.576849
-6.406189
-4.949749
-5.319894
-5.992055
-5.788744
-5.188466
-5.071521
-5.059183
-4.756094
-4.839242
-5.597234
-5.466342
-5.872965
-4.749120
-4.021705
-3.051818
-3.893495
-4.065156
-3.512085
-4.156888
-5.134821
-6.008686
-6.890596
-6.640614
-5.968452
-4.314602
-4.885376
-5.904079
-6.904543
-8.936585
-7.736028
-7.436157
-7.133068
-7.576705
-8.608819
-7.263959
-5.729199
-4.228235
-4.606426
-5.644441
-6.274761
-5.055964
-3.389240
-3.077567
-2.431154
-3.330768
-3.757775
-4.253448
-4.245401
-5.226017
-4.605353
-3.791571
-3.168762
-2.177418
-1.292288
-2.118409
-2.359271
-2.185464
-1.032651
-1.029432
-1.708031
-1.640439
-1.704276
-2.531469
-2.888203
-3.848970
-4.838169
-4.455686
-4.472852
-4.525960
-4.042626
-4.567802
-3.965378
-2.908588
-2.854407
-2.662897
-2.478361
-2.065838
-1.133502
-0.113189
0.576675
-0.345469
-0.806809
-0.521958
0.472605
-0.193119
-1.201093
-2.366245
-3.571094
-4.863382
-5.110145
-4.342497
-4.625202
-5.273760
-6.055892
-4.844606
-4.700304
-4.177273
-3.329158
-3.104389
-3.153742
-3.268004
-3.396214
-3.633857
-2.748728
-2.454758
-2.570629
-2.322793
-2.708495
-2.330303
-1.513839
-1.612008
-2.316892
-2.033115
-2.317965
-2.387703
-2.555609
-3.162861
-2.536834
-1.467705
-1.219869
-2.477288
-3.202022
-3.969133
-4.583359
-4.398823
-4.412771
-3.935874
-3.201485
-2.571702
-2.634466
-2.837241
-3.301263
-2.808810
-2.444566
-2.561510
-2.669335
-2.220869
-1.477361
-1.238644
-1.207531
-0.979006
-0.862062
-1.030505
-1.572311
-1.684427
-2.108753
-2.306164
-2.101243
-1.580358
-1.586259
-1.755238
-1.401723
-1.017094
-1.367927
-1.245082
-1.278341
-1.154959
-1.222551
-1.328230
-1.321256
-1.693011
-1.513303
-0.980079
-0.929117
-1.049817
-1.024604
-1.242936
-1.408696
-1.882375
-1.883447
-1.717687
-1.862526
-1.505792
-1.607180
-1.886130
-1.247764
-1.174808
-1.082540
-0.990808
-0.663042
-0.247300
-0.196874
-0.016093
0.844896
0.261247
-0.424862
-1.335204
-1.293898
-0.784278
-0.659287
-0.999928
-1.408696
-1.406014
-1.160860
-1.173198
-0.451684
-0.649631
-0.974715
-1.006901
-1.045525
-0.437200
-0.427544
-0.506401
-0.782669
-0.187218
-0.235498
-0.075102
-0.506938
-0.571847
-0.414670
-0.158250
-0.976861
-1.117408
-1.022458
-0.804126
-0.703812
-0.214040
-0.068128
-0.033259
-0.420570
-0.566483
-0.776231
-0.558972
-0.761211
-0.688791
0.082076
-0.646949
-1.229525
-1.699984
-2.579749
-2.474606
-2.234817
-1.763821
-1.749873
-2.367854
-1.948357
-2.237499
-2.155960
-1.363635
-1.521886
-2.073884
-2.403260
-2.562583
-2.223015
-1.868963
-2.227307
-2.337814
-2.712786
-2.868891
-3.379584
-3.318429
-2.788961
-2.775550
-2.457440
-2.087832
-1.806736
-1.961768
-2.233207
-2.838314
-3.338814
-2.957404
-2.305091
-2.269149
-2.370537
-1.759529
-1.833022
-2.007902
-2.372682
-2.712250
-3.046453
-2.950967
-2.536834
-2.225161
-2.027214
-1.723051
-2.114654
-2.260566
-2.027750
-2.272904
-1.880765
-1.732171
-1.580894
-1.204848
-1.207531
-1.635611
-1.820684
-1.781523
-1.304090
-1.204848
-1.349151
-1.713395
-2.027750
-1.909197
-1.893640
-2.149523
-2.417207
-3.219724
-3.255666
-3.117800
-2.859235
-2.390385
-2.702594
-2.936483
-2.886057
-2.358735
-2.019167
-2.199948
-2.500355
-2.532542
-1.963377
-1.487553
-1.480043
-1.843751
-1.989663
-2.513767
-2.389848
-2.203167
-2.450466
-1.986444
-1.895249
-1.800835
-1.566947
-1.230598
-1.078248
-1.256883
-1.117945
-1.032114
-1.427472
-2.176345
-2.122700
-2.079785
-2.127528
-2.405942
-2.558828
-3.075958
-3.145695
-2.884984
-2.307773
-2.385557
-2.910197
-2.897859
-2.927363
-2.830267
-3.008903
-2.974570
-3.355444
-3.514767
-3.386558
-3.287852
-2.975643
-2.606571
-3.507257
-3.182710
-2.970279
-3.096343
-2.506256
-1.986981
-1.439273
-1.642585
-2.276123
-2.020240
-2.102316
-2.157033
-2.202094
-2.481580
-2.635539
-2.625346
-2.339959
-2.656460
-3.013731
-2.872646
-2.439738
-2.507329
-2.049744
-1.778841
-2.056718
-2.194047
-1.992345
-1.792789
-1.489163
-1.961231
-1.764357
-1.825512
-1.925290
-2.130211
-2.505720
-2.376974
-2.169907
-1.802445
-1.540125
-1.402259
-0.991881
-0.698984
-1.360417
-1.500428
-1.261711
-1.527250
-2.058327
-2.112508
-2.157033
-2.350152
-2.157033
-1.912415
-2.150595
-2.144158
-2.372146
-2.342105
-2.801299
-2.956867
-2.684355
-2.367854
-2.723515
-2.593160
-2.390385
-2.658069
-2.704740
-2.862454
-2.801299
-2.721906
-2.580285
-2.658069
-2.365709
-2.337277
-2.658606
-2.614081
-2.726197
-3.181637
-3.259421
-2.565265
-2.646268
-2.848506
-2.802909
-2.788961
-2.533078
-2.668262
-2.865136
-2.950967
-3.034115
-2.948284
-2.768040
-2.374292
-1.999855
-2.422571
-2.637148
-2.151668
-2.425254
-2.335668
-2.594769
-3.244401
-2.803982
-2.616227
-2.536297
-2.632320
-2.511084
-2.502501
-2.865672
-2.940238
-2.618909
-2.494991
-2.857626
-3.119946
-2.900541
-2.708495
-2.733171
-2.800763
-2.689719
-2.411843
-2.575457
-3.074348
-3.317893
-3.070593
-2.468169
-2.062083
-2.347470
-2.732635
-2.333522
-1.976252
-1.785815
-2.297044
-2.534151
-2.173662
-2.417207
-2.379656
-2.227843
-2.239645
-2.343178
-2.481044
-2.730489
-2.507329
-3.051818
-3.352762
-3.379047
-3.583968
-3.393531
-2.966523
-3.164471
-2.712786
-2.452076
-2.493918
-2.005220
-1.957476
-1.996637
-1.545489
-1.280487
-1.674772
-1.830876
-1.687110
-1.342178
-1.254201
-1.135647
-1.203776
-1.777232
-2.011657
-1.922608
-1.998782
-2.430082
-2.315820
-2.157569
-2.177418
-2.179563
-1.828730
-1.655460
-1.853407
-1.743436
-1.693547
-1.666725
-1.926899
-2.513230
-2.621591
-2.435446
-2.376974
-2.039016
-1.951576
-2.256811
-2.047062
-2.079785
-2.038479
-2.130747
-1.956403
-2.186537
-1.998246
-1.917780
-1.312673
-0.811100
-1.581967
-2.090514
-1.818002
-2.158642
-2.183855
-2.263248
-2.269149
-2.183318
-2.332986
-2.160251
-2.425254
-2.161324
-2.326012
-2.820075
-3.314138
-2.683282
-2.011121
-2.069056
-1.690328
-1.791179
-1.576603
-1.050890
-1.123846
-1.033187
-1.237571
-1.314819
-1.975715
-1.941383
-1.868963
-1.658142
-1.287997
-1.220405
-0.622809
-0.635147
-0.709176
-0.467241
-0.409305
-0.145376
-0.321329
-1.160860
-1.262248
-0.314355
-0.089049
-0.762284
-1.230598
-1.060009
-1.257956
-1.277804
-1.496136
-1.115799
-0.878692
-1.079321
-0.955403
-1.230598
-1.269221
-1.698375
-1.850188
-1.842141
-1.755238
-2.332449
-2.963305
-3.273905
-4.528106
-4.670263
-4.361809
-3.962696
-3.348470
-2.224088
-1.191437
0.099778
0.096023
0.088513
-1.330912
-1.303017
-1.438201
-1.513839
-1.001537
-0.941992
-1.277804
-1.918316
-2.375901
-2.472997
-2.607644
-1.844824
0.181854
1.691401
1.763821
1.353443
1.038551
1.413524
0.342250
-0.191510
0.043452
-0.523567
0.133038
-0.128210
-1.022458
-0.829876
-1.234353
-1.527250
-2.132356
-2.490700
-3.174127
-2.697230
-1.527250
-1.733780
-2.388776
-3.339351
-3.202558
-2.895177
-2.987981
-3.729344
-2.848506
-3.175200
-2.463341
-1.916707
-1.778841
-0.356197
-0.365853
-0.201702
-0.392139
-1.122773
-1.474679
-2.446711
-1.964987
-1.220942
-1.845896
-1.873255
-0.549316
-0.151813
0.319719
1.492918
1.321793
0.953794
0.090122
0.271976
-1.080394
-2.134502
-2.411843
-1.881302
-1.381874
-2.136111
-1.478970
-0.269294
-0.136256
0.020921
-0.619054
-0.249982
1.038551
1.401723
0.825584
0.609398
0.766575
0.667870
0.317574
0.814855
0.630856
0.884056
0.932336
0.753164
-0.220478
0.716150
0.979543
-0.476897
-0.958622
0.333130
1.256883
1.503647
1.366317
1.348078
0.549316
0.395894
-0.439346
-1.340568
-1.797617
-1.597524
-2.454758
-2.451003
-2.971888
-3.287316
-2.519131
-2.395749
-2.352298
-1.572848
-1.594842
-2.037943
-1.684427
-1.458049
-0.970423
-0.653386
-0.519812
-0.769794
-1.666725
-1.276195
-1.001537
-2.004147
-2.251446
-2.821148
-4.066766
-4.069984
-3.425181
-4.012049
-3.587187
-2.031505
-1.135111
-2.294898
-3.522814
-3.210068
-2.745509
-3.325940
-1.968205
-1.010120
-0.131428
-0.798762
-0.956476
-0.187218
-0.069201
-0.146985
-0.195265
-1.013339
-1.543343
-1.675844
-2.248764
-0.955939
1.180709
1.272977
0.550389
0.131965
-0.642121
-1.603961
-1.583040
-1.679600
-1.365781
-0.585258
0.522494
-0.033796
-0.722587
-1.721442
-2.176881
-2.654314
-3.420890
-2.481044
-1.311064
-0.592768
-1.019240
-0.681818
-1.181245
-0.885129
-0.243545
-1.594305
-1.423717
-1.307845
-1.026750
-0.585795
-0.822902
0.000536
0.644267
0.570774
0.100851
-1.113653
-1.621664
-2.872110
-3.374219
-3.732026
-3.212750
-2.533615
-2.585113
-2.364099
-2.358735
-1.822293
-1.553536
-1.481116
-1.301408
-2.011121
-3.054500
-5.451859
-5.970061
-5.266250
-6.069304
-5.632103
-4.493237
-5.275369
-4.330159
-4.072130
-3.153742
-3.851116
-5.627811
-6.471635
-5.228162
-5.167544
-5.918563
-5.119801
-4.043699
-4.821539
-6.015659
-5.486191
-5.382658
-4.817784
-4.332304
-4.538298
-2.424181
-1.879692
-2.904833
-2.157569
-2.584040
-2.024532
-1.749337
-2.829194
-3.723979
-4.994810
-4.967452
-5.187393
-3.536225
-4.606426
-5.012513
-4.109681
-3.221870
-2.772868
-2.091587
-2.021849
-0.167370
-0.450075
-2.761066
-5.095125
-4.899323
-4.445494
-4.515768
-2.180636
-1.835704
-4.833341
-3.241182
-1.216650
-1.953721
-2.944529
-3.044844
-4.993737
-3.333450
-3.264785
-3.055037
-3.012658
-1.454294
-1.210749
-1.007974
-1.165688
-2.370537
-2.154887
-0.048280
-1.027823
-2.451003
-2.049744
-1.934409
-2.675772
-5.254984
-4.350007
-2.529323
-2.020777
-3.147305
-0.924826
-1.436591
-2.158106
-3.002465
-4.238427
-4.561902
-4.945457
-4.002929
-2.427399
-2.398432
-1.814246
-2.208531
-3.975034
-4.284561
-3.724516
-1.453221
0.393212
0.410914
-0.919461
-0.731707
-1.837850
-1.602352
0.139475
1.476824
0.902295
-1.116336
-1.743436
-0.310063
-0.163615
1.164615
2.246082
1.864136
-0.056863
0.924826
1.099706
1.493454
0.682890
-0.641048
0.519276
-0.182390
-0.903368
-2.351761
-1.409233
-0.428081
0.091732
-1.691938
-1.914561
-0.322402
-0.647485
-1.407087
0.230134
-0.159323
0.043452
0.293970
2.234817
4.579068
5.127311
4.213214
4.535079
4.873574
5.370319
4.244328
1.371682
0.044525
-0.288069
-0.968814
-3.333986
-3.943384
-3.584505
-3.016949
-3.546417
-4.265249
-3.965378
-2.407015
-0.629783
0.072956
1.319111
0.817537
-0.623345
-2.680063
-1.426399
-2.296508
-2.681673
-2.457440
-1.981080
-2.583504
-2.666652
-2.357126
-0.746191
-1.124382
-0.723660
-0.366390
1.292825
1.495600
0.031114
-1.049280
-1.360953
0.723124
0.409842
1.402259
0.856161
-1.103997
-1.769185
-1.599670
-2.435446
-2.734781
-2.744437
-2.742291
-2.309382
-1.437128
-1.093269
-1.217187
-1.538515
-0.320256
-1.336277
-1.496673
-2.348542
-3.689647
-3.608108
-4.081786
-2.859235
-2.826512
-3.589869
-3.446103
-2.220333
-2.364099
-2.282024
-2.376974
-1.773477
-1.722515
-2.301872
-2.545417
-1.867891
-1.254737
-1.216650
-1.022995
-1.341105
-2.235890
-2.900005
-0.881374
-0.752628
-1.197338
-2.696157
-3.442884
-3.994346
-3.684283
-5.181492
-5.381585
-5.092979
-5.361200
-5.939484
-6.552101
-4.898251
-4.226625
-5.400360
-7.701696
-8.264423
-8.298756
-9.802938
-8.352937
-6.683529
-6.952287
-6.435157
-6.242038
-5.212069
-5.491019
-6.579996
-7.441522
-6.343425
-4.827440
-5.989373
-5.960405
-6.675483
-5.973280
-4.934729
-4.778624
-3.703595
-4.142404
-5.435229
-5.124093
-5.429864
-5.661607
-6.371320
-6.075204
-6.419064
-6.831051
-5.878866
-4.319430
-3.555000
-3.133893
-1.835704
-2.721906
-3.643513
-3.599525
-2.966523
-2.587259
-2.607107
-2.235353
-1.374364
-0.133574
0.221550
-0.142694
0.253737
0.512302
-0.351369
-1.419962
-1.516521
-0.369608
0.383020
1.083076
0.226915
-0.260711
-0.240862
0.213504
0.524640
-0.314891
-0.487626
-0.626564
-1.651705
-1.608253
-1.632929
-3.097415
-5.308629
-5.509258
-3.640295
-2.971888
-3.106535
-2.471388
-1.850724
-1.544416
-0.679672
-0.724733
0.097096
0.141621
-0.598669
-0.956476
-0.867963
-2.028287
-2.041698
-2.133429
-2.771259
-1.649559
-1.159787
-1.181245
-1.999319
-1.631320
-0.697911
-1.093805
-0.924289
-1.050353
-0.418961
-1.021922
-1.296044
-0.220478
-0.808418
-1.344860
-0.801444
-0.664651
-1.518667
-2.034188
-1.789570
-1.035869
-0.031650
0.230670
0.751019
0.666797
0.287533
0.205457
0.086904
-0.534833
-1.033723
-1.084685
-0.573456
-0.205457
-1.215041
-1.858235
-1.593769
-1.029968
-0.614762
-0.908733
-0.746191
-0.389457
-0.076711
0.008583
-0.106752
-0.810564
-0.617981
-0.606716
-1.010656
-1.764357
-1.801908
-1.749337
-1.853407
-1.892030
-1.175344
-1.139403
-1.134575
-1.246691
-1.473606
-1.269758
-1.492381
-1.248300
-1.758456
-1.733244
-1.736462
-1.797617
-1.379192
-1.003683
-1.414061
-2.192974
-2.358198
-2.569556
-2.963841
-3.064156
-3.946603
-4.179955
-4.104853
-3.218115
-3.572703
-3.986300
-3.509939
-3.317893
-3.649414
-3.747583
-3.284097
-2.891958
-3.386558
-2.953649
-2.515912
-2.977789
-3.142477
-2.788961
-2.799690
-2.383411
-2.320111
-2.091050
-2.042234
-1.979470
-2.317965
-3.127993
-3.804446
-3.394068
-3.154815
-3.203631
-3.097415
-2.508939
-1.779378
-0.882983
-0.891030
-0.607789
-0.969350
-0.789106
-1.227915
-1.517594
-1.252592
-1.260102
-1.706422
-1.731098
-2.072275
-1.784742
-2.207458
-2.071738
-1.561582
-1.462340
-1.116872
-0.846505
-0.495136
-0.977397
-1.267076
-1.845896
-2.468169
-2.617836
-2.427936
-2.248228
-1.710177
-1.703203
-1.831413
-1.417279
-1.627565
-1.687646
-2.040625
-1.918316
-1.342714
-1.054108
-1.746655
-2.003074
-1.977325
-1.146376
-1.081467
-0.735998
0.062764
-0.735462
-0.611007
-0.587940
-1.053572
-0.049353
-0.634611
-0.991881
-0.648558
-0.900686
-1.434982
-1.494527
-1.456976
-2.176345
-2.096415
-2.243400
-2.758920
-3.098488
-3.119946
-3.161788
-2.469242
-1.877010
-2.634466
-3.331841
-3.162861
-3.120482
-3.117264
-2.773941
-2.396286
-2.427936
-2.479971
-2.767503
-2.472997
-2.248228
-2.191901
-2.516449
-2.990663
-2.511084
-2.820611
-2.741754
-1.494527
-1.465023
-1.413524
-1.507402
-1.872719
-2.232135
-1.922608
-2.372146
-2.948284
-2.836168
-2.323330
-2.502501
-2.784133
-3.092051
-2.831877
-2.314747
-2.309382
-1.792789
-1.699448
-1.520276
-1.486480
-1.651705
-1.342714
-1.404941
-1.642049
-1.847506
-2.501428
-2.705276
-2.660215
-2.280414
-2.162397
-1.895786
-1.428008
-1.556218
-1.790107
-1.898468
-1.466096
-0.805736
-1.196265
-1.271904
-1.074493
-1.397967
-1.563192
-1.613081
-1.608789
-1.261175
-1.502037
-1.782060
-1.503110
-1.752019
-2.196193
-2.556145
-1.936555
-1.403332
-1.395822
-1.959622
-2.554000
-2.371073
-2.487481
-2.637148
-2.434373
-2.779842
-2.857089
-2.549708
-2.350688
-2.133966
-2.367318
-2.832949
-2.790570
-2.808810
-2.691865
-2.637685
-2.650559
-2.283633
-1.786888
-1.991809
-1.945675
-2.198339
-2.542198
-2.991200
-2.431154
-1.880765
-1.394212
-1.365781
-1.409769
-1.770795
-2.244473
-2.862990
-2.764821
-2.987445
-3.138721
-2.731562
-2.552390
-2.569556
-2.845288
-3.013194
-2.979398
-2.430082
-2.262712
-2.370537
-2.351225
-2.240718
-2.063692
-2.007902
-1.995564
-1.607180
-1.595915
-1.790107
-2.063155
-1.801908
-1.935482
-2.149523
-2.358198
-2.446711
-2.283633
-2.477288
-2.670944
-2.538443
-2.838314
-2.920389
-2.712786
-2.609253
-2.476216
-2.188146
-2.190829
-2.185464
-2.172053
-2.078712
-2.077639
-2.293825
-2.244473
-2.147913
-2.249301
-2.418816
-2.853334
-3.018559
-2.736390
-2.533615
-2.307773
-2.111972
-2.545953
-2.299726
-2.246619
-2.117872
-2.083540
-2.314210
-2.202094
-2.064765
-1.707494
-1.378119
-1.343250
-1.563192
-1.985908
-1.430154
-1.462877
-1.544416
-1.509547
-1.254201
-1.187682
-0.773549
-0.384092
-0.586867
-0.976861
-1.340568
-1.182318
-1.086831
-0.996173
-0.801444
-0.516057
-0.710249
-1.028359
-1.106143
-1.347005
-1.189828
-0.920534
-0.613689
-0.595987
-0.333667
0.286996
0.238180
0.318110
0.688255
0.439882
0.447929
0.662506
0.730634
0.774622
0.894249
0.876010
0.701129
0.592768
0.067592
-0.143230
-0.019848
0.004292
0.227451
0.136256
-0.099778
-0.431836
-0.718296
-0.682354
-0.663579
-0.739217
-0.720978
-0.525177
-0.034869
0.320256
-0.313282
-0.313282
-0.321865
0.156105
-0.373364
-0.343323
0.303090
0.172734
-0.115871
-0.045598
-0.545561
-0.212967
0.157177
0.382483
0.651777
0.865817
0.901222
0.760138
1.209140
1.676917
1.293361
1.390994
0.839532
0.355125
0.415206
0.281096
0.620127
0.394821
0.053644
0.115335
-0.379264
-1.495600
-1.033187
-0.906050
