-0.563264
238.100266
-0.588477
238.289627
-0.588477
238.192535
-0.576139
238.029984
-0.560045
238.017120
-0.568092
238.759552
-0.574529
238.815338
-0.580430
238.061630
-0.570774
237.968292
-0.568092
238.205933
-0.575602
238.193604
-0.576139
238.141571
-0.572383
238.296066
-0.566483
238.384033
-0.566483
238.338974
-0.571311
238.487030
-0.577211
238.366333
-0.572920
238.235977
-0.566483
238.050903
-0.565946
238.292313
-0.570238
238.370621
-0.584185
238.176437
-0.585258
238.340057
-0.562191
238.399597
-0.564873
238.426956
-0.576139
238.353455
-0.583649
238.324493
-0.580430
238.466110
-0.569165
238.558380
-0.570238
238.566971
-0.572920
238.388870
-0.579894
238.245636
-0.582039
238.207550
-0.561118
238.663528
-0.556827
238.753113
-0.562728
238.218277
-0.581503
238.280502
-0.584185
238.473083
-0.572383
238.575012
-0.564337
238.758469
-0.569701
238.686050
-0.580967
238.689804
-0.581503
238.520828
-0.575066
238.244034
-0.567019
238.257980
-0.572920
238.374924
-0.579894
238.324493
-0.580967
238.573944
-0.571847
238.490784
-0.565946
238.557846
-0.569701
238.246704
-0.579894
237.925919
-0.574529
238.209702
-0.576675
238.444656
-0.570774
238.510635
-0.564873
238.448410
-0.583112
238.164093
-0.583649
238.055740
-0.573456
238.114746
-0.568092
238.173752
-0.562728
238.301422
-0.572920
238.368484
-0.575066
238.230087
-0.572383
238.042862
-0.568092
238.332001
-0.564873
238.397980
-0.578821
238.408722
-0.583649
238.296066
-0.574529
238.194138
-0.568092
238.690353
-0.569701
238.630264
-0.579894
238.564285
-0.571847
238.576080
-0.574529
238.616318
-0.569165
238.607742
-0.571847
238.604523
-0.579894
238.707520
-0.577211
238.740768
-0.571847
238.610947
-0.570774
238.414612
-0.573456
238.085785
-0.576675
238.288559
-0.575066
238.607193
-0.566483
238.674255
-0.565410
238.461823
-0.567555
238.343262
-0.577748
238.557312
-0.580430
238.596466
-0.579894
238.391006
-0.570238
238.218277
-0.570774
238.315918
-0.591159
238.511169
-0.583112
238.401749
-0.569701
238.162491
-0.568092
238.180725
-0.569165
238.307861
-0.576139
238.608810
-0.577748
238.809967
-0.571311
238.643143
-0.564337
238.183411
-0.569701
238.324493
-0.581503
238.711807
-0.573993
238.721466
-0.563800
238.637772
-0.563800
238.615250
-0.579894
238.565353
-0.576139
238.615784
-0.572383
238.583054
-0.569701
238.769211
-0.567555
238.765442
-0.569701
238.543365
-0.579894
238.535858
-0.578284
238.713409
-0.569701
238.627045
-0.564873
238.460220
-0.568092
238.363113
-0.579357
238.434464
-0.583112
238.439285
-0.569701
238.273529
-0.568092
238.297134
-0.572383
238.372772
-0.576675
238.290161
-0.577211
238.428024
-0.572383
238.820709
-0.562728
238.478455
-0.570774
238.268173
-0.580967
238.240265
-0.578821
238.381897
-0.574529
238.707520
-0.575602
238.466110
-0.573456
238.657089
-0.585795
238.399597
-0.578821
237.967224
-0.568628
238.278900
-0.567555
238.323959
-0.569165
238.484894
-0.575066
238.468796
-0.579357
238.447342
-0.570238
238.360977
-0.564337
238.276215
-0.564873
238.126007
-0.582576
238.340591
-0.586867
238.577698
-0.579894
238.396912
-0.564337
238.028915
-0.575066
238.252075
-0.580430
238.513321
-0.578821
238.454315
-0.564873
238.470947
-0.560582
238.318588
-0.562728
238.217209
-0.580430
238.387787
-0.575066
238.539078
-0.566483
238.442505
-0.567555
238.326645
-0.574529
238.323959
-0.579894
238.290161
-0.578821
238.552475
-0.571847
238.517609
-0.571847
238.225784
-0.572383
238.069153
-0.577211
238.181793
-0.575066
238.439285
-0.564337
238.647430
-0.563800
238.745071
-0.567019
238.430176
-0.572920
238.065399
-0.571311
238.261734
-0.572920
238.501526
-0.564873
238.657089
-0.561655
238.683380
-0.580430
238.305725
-0.576139
238.213455
-0.572920
238.058960
-0.569165
238.139420
-0.567019
238.474167
-0.575066
238.797638
-0.582576
239.065323
-0.574529
238.586807
-0.561655
238.211304
-0.569701
238.120117
-0.579357
238.028381
-0.575602
238.045013
-0.572920
238.232758
-0.570238
238.578766
-0.570774
238.912430
-0.581503
238.881851
-0.585795
238.325562
-0.574529
237.982239
-0.569701
237.865829
-0.570774
238.113678
-0.586867
238.583054
-0.583649
238.669434
-0.565946
238.267090
-0.564873
238.227936
-0.567019
238.274597
-0.582576
238.206482
-0.582039
238.386185
-0.571847
238.600769
-0.566483
238.750961
-0.565410
238.477386
-0.582576
237.867981
-0.573456
237.886765
-0.565946
238.347031
-0.569701
238.156586
-0.575066
238.340591
-0.580430
238.697327
-0.572383
238.512253
-0.569701
238.113678
-0.569701
238.187698
-0.567019
238.157654
-0.572383
238.281036
-0.576139
238.383499
-0.569701
238.281586
-0.563264
238.108841
-0.568092
238.130844
-0.580967
238.178040
-0.583112
238.289627
-0.567019
238.474701
-0.568628
238.478455
-0.569165
238.364731
-0.583112
238.099182
-0.582039
238.123322
-0.571847
238.290695
-0.571847
238.389938
-0.574529
238.219894
-0.580430
238.150146
-0.581503
238.571259
-0.572920
238.336288
-0.557900
237.916794
-0.561655
237.999939
-0.574529
238.206482
-0.576675
238.212372
-0.572383
238.228470
-0.562728
238.155518
-0.564873
238.326111
-0.575066
238.317520
-0.581503
238.070221
-0.578284
238.141571
-0.570774
238.193069
-0.564337
238.101868
-0.577211
237.863159
-0.578821
238.032135
-0.576139
238.096512
-0.576139
238.271927
-0.570774
238.109375
-0.583112
237.948990
-0.578821
238.028381
-0.569701
237.919479
-0.567019
237.952209
-0.568092
238.268707
-0.575602
238.386185
-0.577748
238.061630
-0.570774
237.864227
-0.566483
237.803070
-0.575066
237.969910
-0.576139
238.074509
-0.577748
238.130295
-0.570774
238.367416
-0.564337
238.129227
-0.569165
238.055206
-0.567019
238.253143
-0.573456
238.150146
-0.573993
238.144791
-0.566483
238.468796
-0.572920
238.442505
-0.579894
238.455383
-0.570774
238.442505
-0.570774
238.528336
-0.562728
238.329865
-0.564873
238.231155
-0.572383
238.291779
-0.583649
238.396378
-0.579894
238.439285
-0.572920
238.419983
-0.567019
238.441437
-0.573993
238.649048
-0.582576
238.147461
-0.580430
237.775711
-0.568092
238.002090
-0.562728
238.203262
-0.576139
238.070755
-0.577748
238.057877
-0.569701
238.310013
-0.570774
238.463440
-0.571311
238.200577
-0.582039
238.272995
-0.589550
238.164627
-0.573993
237.918945
-0.564337
238.137817
-0.564337
238.206482
-0.577748
238.234375
-0.572383
238.249924
-0.570774
238.481674
-0.566483
238.779938
-0.571311
238.575546
-0.581503
238.528885
-0.575602
238.460754
-0.568092
238.242950
-0.572920
238.340591
-0.574529
238.621689
-0.586331
238.367416
-0.579894
238.119034
-0.568092
238.611496
-0.567019
239.329788
-0.568628
239.394165
-0.583649
239.398453
-0.583649
239.946701
-0.576139
240.805008
-0.561655
241.684769
-0.562728
242.022720
-0.573456
242.158447
-0.579894
242.573120
-0.582576
243.105270
-0.571847
243.031769
-0.574529
243.099899
-0.584185
243.260834
-0.576139
243.065567
-0.570238
242.810760
-0.565410
242.620316
-0.566483
242.535019
-0.579894
242.704544
-0.574529
242.437393
-0.573456
242.307571
-0.564337
242.278076
-0.561655
242.238907
-0.571847
241.854279
-0.572383
241.801178
-0.569165
241.637558
-0.564337
241.809753
-0.575066
241.731430
-0.576139
241.774353
-0.577748
241.643463
-0.571311
241.343582
-0.564873
241.285110
-0.568628
241.399918
-0.582576
241.658478
-0.579357
241.646683
-0.566483
241.154221
-0.562191
240.998657
-0.572383
241.186417
-0.577211
241.262589
-0.578821
241.206802
-0.578284
241.219131
-0.563800
241.380600
-0.568628
241.797958
-0.578821
241.337158
-0.580430
240.651047
-0.579357
240.853821
-0.567555
240.929993
-0.569165
240.969147
-0.575066
241.205185
-0.577211
241.494324
-0.574529
241.435318
-0.563800
240.956818
-0.568628
240.784622
-0.575066
240.739014
-0.580967
240.903702
-0.575066
240.884399
-0.571847
241.120422
-0.567019
241.212692
-0.580967
241.065170
-0.575066
241.120972
-0.571311
240.912292
-0.565410
240.677322
-0.561655
241.007782
-0.577211
241.185867
-0.568628
241.093613
-0.569165
241.166565
-0.566483
241.041031
-0.570774
240.829681
-0.585258
240.795883
-0.578284
240.705765
-0.571847
240.920334
-0.569165
241.341446
-0.567019
241.015289
-0.574529
240.762619
-0.576675
240.927307
-0.571311
241.159058
-0.570238
241.069473
-0.569165
240.814117
-0.575066
240.895126
-0.584185
241.208405
-0.578821
240.989532
-0.565410
240.872055
-0.568092
241.090927
-0.577211
240.967545
-0.581503
241.101654
-0.577211
241.371490
-0.575066
241.427277
-0.572383
241.425125
-0.576139
241.275467
-0.578821
240.855423
-0.575066
240.756714
-0.562728
241.143494
-0.567019
241.474487
-0.574529
241.137589
-0.581503
240.788376
-0.576675
241.308182
-0.566483
241.300140
-0.566483
241.020111
-0.584185
241.389725
-0.581503
241.653656
-0.565410
241.450882
-0.562191
241.229858
-0.569701
241.135452
-0.576675
241.080200
-0.580967
241.270630
-0.576675
241.274918
-0.568092
241.249710
-0.565410
241.450882
-0.577748
241.252930
-0.577211
241.190704
-0.575066
241.444977
-0.568092
241.454636
-0.564337
241.309799
-0.578821
241.552261
-0.578821
241.390793
-0.575602
241.470184
-0.564337
241.339294
-0.568628
240.978271
-0.581503
241.240585
-0.583649
241.448730
-0.579357
241.461609
-0.569701
241.521683
-0.572383
241.427277
-0.579357
241.132233
-0.583649
241.131165
-0.577748
241.119354
-0.569165
241.413330
-0.570774
241.668671
-0.570774
241.425659
-0.576139
241.132233
-0.578821
241.210022
-0.565946
241.400452
-0.558972
241.252396
-0.576675
241.071075
-0.582576
241.495407
-0.582576
241.324280
-0.569701
241.502380
-0.575066
241.297455
-0.583112
240.914978
-0.581503
241.093613
-0.574529
241.374161
-0.562191
241.116135
-0.556290
241.466431
-0.568628
241.664917
-0.575066
241.339294
-0.572383
241.032990
-0.566483
241.059814
-0.568092
241.269028
-0.566483
241.307114
-0.579894
241.544754
-0.576675
241.476624
-0.567555
241.254532
-0.563800
241.631653
-0.569701
241.336075
-0.572383
241.172470
-0.572920
241.257751
-0.556827
241.442291
-0.569165
241.294769
-0.580967
241.241135
-0.575602
241.492188
-0.571847
241.304962
-0.564337
241.413864
-0.568092
241.582306
-0.580430
241.620926
-0.586331
241.329636
-0.576139
241.033524
-0.560045
241.301208
-0.564873
241.535629
-0.577211
241.364502
-0.578284
241.396698
-0.573993
241.407959
-0.564337
241.615570
-0.561118
241.626831
-0.581503
241.420303
-0.574529
241.343048
-0.579894
241.420837
-0.573456
241.687988
-0.572383
241.546356
-0.582039
241.420837
-0.582576
241.513107
-0.579894
241.440155
-0.558972
241.291016
-0.563800
241.531342
-0.595987
241.462677
-0.584722
241.406357
-0.576675
241.512024
-0.564337
241.500229
-0.567019
241.563522
-0.580430
241.454636
-0.582576
241.447128
-0.577211
241.537247
-0.571847
241.439606
-0.565946
241.379532
-0.578284
241.299057
-0.579894
241.411179
-0.570774
241.537247
-0.563800
241.418152
-0.568628
241.424591
-0.585795
241.542068
-0.585795
241.531876
-0.579357
241.474487
-0.572920
241.291016
-0.569165
241.336075
-0.580430
241.434250
-0.583112
241.256149
-0.575066
241.535095
-0.563264
241.551193
-0.565410
241.207336
-0.580967
241.255615
-0.576675
241.365585
-0.568092
241.440689
-0.567019
241.440155
-0.569701
241.490570
-0.580430
241.722321
-0.585258
241.579086
-0.579357
241.278687
-0.564337
241.368271
-0.570774
241.246490
-0.583112
241.164948
-0.579357
241.571045
-0.575066
241.686371
-0.568628
241.422440
-0.565410
241.545822
-0.573993
241.407959
-0.579894
241.443909
-0.578284
241.529739
-0.561118
241.553879
-0.567555
241.206253
-0.570774
241.250244
-0.577211
241.643463
-0.572383
241.769516
-0.570774
241.541534
-0.573456
241.343048
-0.584185
241.430496
-0.590086
241.447128
-0.572383
241.419220
-0.569701
241.393478
-0.570774
241.530807
-0.575602
241.970688
-0.573456
241.904175
-0.573456
241.647751
-0.561655
241.091995
-0.560045
241.230392
-0.577211
241.409576
-0.583112
241.538849
-0.574529
241.503448
-0.569165
241.544220
-0.573993
241.421906
-0.578284
241.173004
-0.580430
241.359146
-0.573993
241.172470
-0.556290
241.380600
-0.556827
241.592499
-0.579894
241.566208
-0.576139
241.616104
-0.576139
241.802246
-0.567019
242.009308
-0.568628
241.440689
-0.573993
241.300140
-0.580967
241.506134
-0.578284
241.420837
-0.567019
241.395630
-0.568092
241.485214
-0.573993
241.831207
-0.577748
241.843552
-0.571847
241.350021
-0.565946
241.438538
-0.567019
241.576401
-0.574529
241.299606
-0.580430
241.260437
-0.571847
241.601624
-0.567019
241.640244
-0.568092
241.500229
-0.577748
241.266876
-0.580430
241.192307
-0.577748
241.295837
-0.565410
241.461075
-0.568092
241.419769
-0.577211
241.499695
-0.579357
241.826920
-0.578821
241.874130
-0.566483
241.299057
-0.567019
241.091995
-0.569701
241.340363
-0.572383
241.535629
-0.578821
241.581238
-0.569165
241.413330
-0.569165
241.671356
-0.582039
241.535629
-0.585795
241.287796
-0.575602
241.197144
-0.566483
241.278687
-0.563800
241.262054
-0.574529
241.705154
-0.577748
241.561386
-0.580430
241.405273
-0.568628
241.480911
-0.570238
241.435852
-0.578821
241.293167
-0.582576
241.467499
-0.577211
241.457321
-0.571847
241.596252
-0.565946
241.551727
-0.562728
241.573181
-0.573993
241.891830
-0.577211
241.849991
-0.565946
241.592499
-0.570774
241.730896
-0.573456
242.067245
-0.581503
242.163803
-0.579357
241.785614
-0.563800
241.605911
-0.562191
241.728210
-0.568092
241.891830
-0.578821
241.784546
-0.577211
241.575867
-0.557363
242.020584
-0.562728
242.125717
-0.576139
241.527054
-0.580967
241.539383
-0.573456
241.751816
-0.570238
241.807068
-0.563800
241.593567
-0.576139
241.424591
-0.580430
241.664383
-0.577211
241.611267
-0.564337
241.318909
-0.560045
241.693344
-0.573456
241.851593
-0.576675
241.897202
-0.573456
241.796875
-0.569165
241.657944
-0.568092
241.701401
-0.578821
241.726608
-0.580967
241.773285
-0.576675
241.520081
-0.569165
241.549576
-0.571847
241.961029
-0.582039
241.893982
-0.586331
241.854279
-0.577211
241.721237
-0.558436
241.651505
-0.561655
241.627365
-0.570774
241.422989
-0.580430
241.492188
-0.567019
241.741089
-0.563800
241.945480
-0.563800
241.860718
-0.574529
241.747528
-0.582039
241.800644
-0.578821
241.798492
-0.565410
241.573181
-0.569165
241.466965
-0.580430
241.853210
-0.581503
241.961563
-0.578821
241.902557
-0.569165
241.977127
-0.576139
241.691208
-0.577748
241.561386
-0.574529
241.661163
-0.575066
241.725540
-0.567019
241.702469
-0.563800
241.911148
-0.571847
242.303284
-0.577748
242.068863
-0.575066
241.398834
-0.568092
241.233078
-0.575066
241.695496
-0.578821
241.725540
-0.578821
241.726608
-0.577748
241.937424
-0.561118
241.941177
-0.561655
241.672958
-0.572383
241.623611
-0.580430
241.526520
-0.579357
241.538315
-0.570774
241.674042
-0.571847
242.022186
-0.581503
242.217453
-0.580967
242.155228
-0.578821
241.768982
-0.567019
241.679932
-0.569701
241.590347
-0.575602
241.744843
-0.577211
241.875732
-0.569701
241.909531
-0.567019
242.027008
-0.570774
241.931534
-0.584185
241.840332
-0.581503
241.987320
-0.579357
241.662766
-0.567019
241.606979
-0.569165
241.661697
-0.575066
241.718567
-0.575602
242.061340
-0.570774
242.067245
-0.566483
241.816193
-0.565946
241.847305
-0.578821
241.606445
-0.585795
241.578018
-0.585795
242.053833
-0.574529
242.345123
-0.568628
241.771133
-0.578284
241.657410
-0.582576
241.803314
-0.577211
242.033997
-0.569165
241.891830
-0.569701
241.685303
-0.580430
241.884323
-0.577748
242.082809
-0.582576
242.340302
-0.570774
241.875198
-0.568092
241.615021
-0.573456
241.964783
-0.584722
241.902023
-0.578821
241.649902
-0.560045
241.848373
-0.569165
242.056519
-0.572383
241.864471
-0.571311
241.745377
-0.572383
241.726074
-0.565946
241.793671
-0.564873
241.757187
-0.572383
241.773819
-0.574529
241.819412
-0.569701
241.789368
-0.565946
241.604294
-0.573456
241.590881
-0.581503
241.721786
-0.576675
242.047394
-0.573993
241.902023
-0.561118
241.931534
-0.566483
241.808151
-0.576139
241.549576
-0.575066
241.932068
-0.570774
241.816727
-0.570774
241.433716
-0.570774
241.638626
-0.581503
241.784546
-0.576139
241.794205
-0.570774
242.106415
-0.566483
241.988922
-0.561655
241.648819
-0.569701
241.604828
-0.573456
241.764694
-0.577211
241.622009
-0.570774
241.845703
-0.573456
241.779709
-0.578284
241.614487
-0.577211
242.070465
-0.571847
242.017365
-0.562191
241.717484
-0.572920
241.731430
-0.576139
241.850525
-0.576675
241.845703
-0.572383
241.964249
-0.561118
242.011993
-0.565946
241.876282
-0.575066
242.213699
-0.576139
241.952988
-0.573456
241.617172
-0.564337
241.446579
-0.567019
241.421906
-0.573456
241.623077
-0.576139
241.809219
-0.577748
241.833359
-0.571311
242.009842
-0.561655
241.743774
-0.574529
241.476089
-0.581503
241.730362
-0.579894
241.583908
-0.567019
241.682617
-0.565410
241.633804
-0.577211
241.584991
-0.577748
241.969086
-0.576139
241.725540
-0.570774
241.594650
-0.562728
241.579620
-0.576139
241.690125
-0.575066
241.864471
-0.570774
241.834976
-0.565946
241.902023
-0.569165
242.068863
-0.573456
242.134842
-0.578821
241.988388
-0.571847
241.756119
-0.563800
241.801712
-0.571847
241.993759
-0.577211
242.007172
-0.576139
241.910614
-0.572920
241.833893
-0.566483
242.035065
-0.569701
241.904709
-0.583649
241.683685
-0.584185
241.774353
-0.578284
241.690674
-0.565946
241.830139
-0.562728
241.753433
-0.577211
241.690674
-0.584185
241.931534
-0.577748
242.086563
-0.561655
241.937424
-0.562728
241.971756
-0.570238
241.898270
-0.577748
241.819946
-0.583112
241.679398
-0.576139
241.911682
-0.573456
241.999115
-0.577748
241.943863
-0.578284
242.332794
-0.569165
242.228180
-0.564337
241.882172
-0.566483
241.831207
-0.578284
241.853745
-0.578284
241.590881
-0.565410
241.708908
-0.562728
241.953522
-0.567555
242.070999
-0.568628
241.779709
-0.580967
241.736801
-0.576139
241.773819
-0.570238
241.592499
-0.571847
241.642380
-0.582576
241.836578
-0.585258
241.761475
-0.582039
241.795807
-0.569165
242.162201
-0.571847
241.971756
-0.570774
241.778641
-0.572920
241.862869
-0.583112
242.138596
-0.577211
242.044174
-0.570774
241.981415
-0.574529
242.397690
-0.583112
242.306503
-0.575602
241.615570
-0.564337
241.541534
-0.565946
241.889679
-0.575066
242.183655
-0.584722
242.186874
-0.577748
242.186340
-0.571311
241.993759
-0.570774
241.993225
-0.575066
241.956207
-0.572383
241.510956
-0.577748
241.729294
-0.569701
242.036667
-0.566483
241.727142
-0.571847
241.591965
-0.575602
241.845703
-0.572920
241.900955
-0.567019
242.059738
-0.569701
242.059204
-0.580430
241.662231
-0.586867
241.917587
-0.579357
241.855896
-0.564337
241.656342
-0.565410
241.810822
-0.576139
242.016815
-0.582039
241.817810
-0.574529
241.937973
-0.561655
241.987320
-0.566483
242.049545
-0.569165
241.889145
-0.576139
241.826920
-0.578284
241.937973
-0.572383
241.791519
-0.571847
241.941177
-0.577748
242.218521
-0.582576
242.066177
-0.577211
241.869843
-0.570238
241.777039
-0.573456
241.815659
-0.575066
241.818878
-0.574529
241.891830
-0.578821
241.912216
-0.566483
241.993759
-0.564337
241.893448
-0.572383
241.690125
-0.577211
241.932068
-0.573993
241.735733
-0.566483
241.377914
-0.570774
241.883789
-0.576675
242.126251
-0.576139
242.038818
-0.571847
241.875198
-0.567019
241.780258
-0.573456
241.839264
-0.582576
241.742706
-0.579894
241.702469
-0.577211
242.132156
-0.564337
242.265732
-0.569701
242.056519
-0.580430
242.008240
-0.579894
242.065643
-0.578821
241.854813
-0.566483
241.811371
-0.561655
242.032379
-0.580430
241.876816
-0.580430
241.824783
-0.576139
241.999115
-0.572383
241.925095
-0.561118
241.944397
-0.565946
242.009308
-0.574529
242.051147
-0.573456
241.898804
-0.564337
241.785614
-0.564337
241.958344
-0.571311
241.894516
-0.584185
241.627899
-0.582576
241.862869
-0.562191
241.979813
-0.574529
241.925629
-0.580430
242.007172
-0.580430
241.816727
-0.582039
241.730362
-0.570238
242.138062
-0.568092
242.287720
-0.571847
242.056519
-0.579357
241.965332
-0.573456
241.758789
-0.568628
241.821564
-0.570238
241.766846
-0.579894
241.978729
-0.580967
242.086029
-0.576139
242.363907
-0.565410
242.388046
-0.570774
242.214767
-0.572383
242.150940
-0.568092
241.786682
-0.570238
241.946548
-0.574529
242.220139
-0.575066
242.143417
-0.572383
241.827454
-0.572383
242.119812
-0.575066
242.414322
-0.569165
242.566132
-0.561655
242.455093
-0.570774
242.027008
-0.573456
242.111237
-0.575066
242.164337
-0.574529
242.134308
-0.578284
242.320450
-0.579894
242.361221
-0.579894
242.176682
-0.571847
241.865540
-0.567555
241.816193
-0.564337
242.135910
-0.576139
242.271637
-0.578821
242.364441
-0.578821
242.465286
-0.571847
242.200821
-0.572383
242.031845
-0.579894
241.812439
-0.583112
241.885391
-0.576675
242.487823
-0.564337
242.649826
-0.567555
242.446518
-0.574529
242.193314
-0.576139
242.151474
-0.569165
241.766846
-0.561655
241.785080
-0.561655
241.996445
-0.571847
242.263046
-0.573993
242.705078
-0.572920
242.433105
-0.568092
242.059204
-0.570774
241.989471
-0.577748
241.957275
-0.577748
242.111237
-0.580967
242.296844
-0.563800
242.316696
-0.562191
242.054916
-0.570774
241.840332
-0.575602
241.908997
-0.568092
242.118744
-0.558972
242.361221
-0.567019
242.248566
-0.583649
242.234619
-0.596523
242.517853
-0.578821
242.358002
-0.569701
241.919189
-0.567019
241.856430
-0.578821
242.532883
-0.580430
242.557556
-0.573456
242.373016
-0.561118
242.496399
-0.570774
242.207260
-0.579894
242.242661
-0.576139
242.422379
-0.576139
242.444901
-0.568092
242.423447
-0.570774
242.381607
-0.580430
242.425598
-0.575066
242.387497
-0.572920
242.239990
-0.571847
242.074753
-0.567019
242.289337
-0.570774
242.297913
-0.573993
242.178833
-0.574529
242.435791
-0.569165
242.607452
-0.570238
242.761398
-0.579357
242.282898
-0.585258
242.096756
-0.577211
242.371948
-0.565946
242.190628
-0.563800
242.301132
-0.568092
242.495331
-0.579894
242.419159
-0.579357
242.697571
-0.571311
242.717957
-0.571847
241.966934
-0.585258
242.088165
-0.582039
242.073685
-0.579357
242.183655
-0.564873
242.430420
-0.569701
242.496933
-0.579357
242.701859
-0.581503
242.435242
-0.566483
242.095673
-0.566483
241.993759
-0.565946
242.014679
-0.571847
242.288803
-0.580967
242.412720
-0.580430
242.475479
-0.567019
242.617645
-0.564337
242.591888
-0.567555
242.045258
-0.574529
241.892365
-0.573456
242.029694
-0.564873
242.219055
-0.568092
242.364975
-0.572383
242.315079
-0.577211
242.105331
-0.568092
242.286118
-0.563800
242.113922
-0.570774
241.730362
-0.578284
241.689056
-0.578821
242.089783
-0.574529
242.229797
-0.569165
242.181503
-0.567019
242.355316
-0.580430
242.345657
-0.585795
242.092468
-0.575066
242.051697
-0.570774
241.981415
-0.565410
242.097290
-0.571847
241.887543
-0.579357
242.061890
-0.573456
242.557022
-0.562191
242.125183
-0.573993
242.192245
-0.573993
242.028091
-0.574529
241.876282
-0.575066
242.024338
-0.565946
242.208328
-0.563800
242.229797
-0.573456
242.498550
-0.577211
242.118744
-0.581503
241.642929
-0.565410
241.705688
-0.565946
241.901489
-0.577211
242.112839
-0.575066
242.383743
-0.573456
242.732971
-0.571847
242.140747
-0.565410
241.736267
-0.570774
241.997513
-0.584185
242.287186
-0.576139
242.354248
-0.560045
242.054916
-0.562191
241.537781
-0.573456
241.610199
-0.578821
242.053833
-0.576139
242.138062
-0.570774
242.010925
-0.573993
242.076370
-0.575602
242.165421
-0.580967
242.198135
-0.578284
241.883255
-0.563800
241.725540
-0.568628
241.616638
-0.574529
241.679398
-0.585795
241.548508
-0.577748
241.109695
-0.559509
240.780853
-0.573993
240.676788
-0.577211
240.740097
-0.580430
240.864548
-0.581503
240.693954
-0.567019
240.292160
-0.557900
239.680618
-0.569165
239.307251
-0.575066
239.291168
-0.577748
239.018646
-0.568628
238.485962
-0.570774
238.115814
-0.576139
237.403961
-0.578821
237.590637
-0.582576
237.675934
-0.577211
237.322418
-0.572920
237.007523
-0.578284
236.761841
-0.584185
236.749496
-0.576139
236.341812
-0.564337
236.331070
-0.567019
236.672256
-0.573993
236.665817
-0.576139
236.230759
-0.571847
236.134201
-0.563800
236.095581
-0.564337
235.987747
-0.573456
235.990433
-0.579894
236.010818
-0.579894
236.034958
-0.569701
236.172287
-0.566483
236.599838
-0.575066
236.299423
-0.582576
235.874023
-0.578821
235.971664
-0.570774
235.934647
-0.570774
235.702362
-0.572383
235.803757
-0.578821
236.092896
-0.580430
236.265625
-0.567019
235.950195
-0.564337
235.694321
-0.570774
235.500671
-0.576139
235.346710
-0.582039
235.471695
-0.572920
235.707733
-0.563800
235.567184
-0.572383
235.822525
-0.577211
236.022079
-0.573456
235.524261
-0.576139
235.228149
-0.569165
235.222244
-0.576675
235.267853
-0.587940
235.323105
-0.579357
235.141251
-0.566483
235.444870
-0.565410
235.939468
-0.580430
235.551086
-0.577211
235.001236
-0.577748
234.880539
-0.572383
234.941696
-0.568092
234.952957
-0.577211
234.952957
-0.585258
235.140182
-0.578284
235.525345
-0.570774
235.324707
-0.565410
234.936325
-0.570774
235.018936
-0.582576
234.963684
-0.582039
235.027527
-0.566483
235.000702
-0.561655
234.944916
-0.569165
235.361725
-0.581503
235.371384
-0.576139
235.376205
-0.575602
235.011429
-0.569165
234.536682
-0.574529
234.892883
-0.577748
235.180405
-0.577748
235.147156
-0.572383
235.250153
-0.562728
234.978699
-0.574529
234.825287
-0.580430
234.880005
-0.577748
234.782898
-0.563800
234.732483
-0.571311
235.021088
-0.575066
235.059708
-0.576675
235.037186
-0.573993
235.434143
-0.571847
235.274292
-0.569701
234.867126
-0.573993
234.974411
-0.580430
234.838165
-0.571847
234.776474
-0.563800
235.050583
-0.569165
234.966370
-0.578821
235.090820
-0.578821
235.459351
-0.576139
235.454529
-0.571311
235.535004
-0.560045
235.231903
-0.565946
235.045227
-0.577748
235.261414
-0.579894
235.269455
-0.576139
235.132660
-0.570774
235.239410
-0.575066
235.385864
-0.576139
235.340271
-0.571847
235.244781
-0.566483
235.195435
-0.575066
234.863907
-0.572383
234.966904
-0.580430
235.250687
-0.577748
235.339737
-0.566483
235.198654
-0.565410
235.104767
-0.577748
234.866058
-0.580430
234.869812
-0.570774
234.660065
-0.569701
234.920776
-0.569165
234.888580
-0.572383
234.730331
-0.580967
234.874634
-0.584722
234.900391
-0.568092
234.795776
-0.569165
234.885361
-0.572920
234.877319
-0.571847
234.944916
-0.575602
234.889664
-0.566483
234.646652
-0.570774
234.653625
-0.575066
234.732483
-0.578821
235.044159
-0.573993
234.967438
-0.569701
234.982468
-0.567019
235.009827
-0.571847
234.632706
-0.579357
234.880539
-0.579894
235.053268
-0.564337
235.122467
-0.568092
235.224396
-0.576675
235.101547
-0.582039
235.260880
-0.578284
235.415375
-0.574529
234.862839
-0.569701
234.665421
-0.572920
234.893951
-0.576139
234.902527
-0.570774
234.790955
-0.558972
234.758224
-0.570238
234.963684
-0.575066
234.991577
-0.580430
234.768951
-0.576675
234.869278
-0.565410
235.073654
-0.574529
234.976028
-0.577211
234.851563
-0.578284
234.855865
-0.571847
234.872498
-0.566483
234.741592
-0.563800
234.751251
-0.572920
234.781296
-0.577211
234.582275
-0.571311
234.698151
-0.561118
234.883224
-0.564337
235.020020
-0.575066
234.759308
-0.581503
234.680450
-0.577748
235.021622
-0.567019
234.861221
-0.569701
234.617676
-0.573456
234.730331
-0.584185
234.786667
-0.578284
234.963150
-0.575602
234.914337
-0.570774
234.807587
-0.572383
235.086533
-0.581503
235.061325
-0.577748
235.141251
-0.568628
234.980850
-0.568092
234.853180
-0.567019
235.050583
-0.571847
234.904144
-0.571847
234.776474
-0.569701
234.814560
-0.568628
234.827972
-0.565410
234.897171
-0.571847
234.936859
-0.577211
234.860687
-0.567555
235.081696
-0.563800
234.912720
-0.571847
234.697617
-0.575066
234.829041
-0.578821
234.699753
-0.570238
234.770569
-0.572920
234.661667
-0.574529
234.369308
-0.572920
234.396133
-0.575066
234.563507
-0.570774
234.567261
-0.562728
234.622513
-0.572383
234.588181
-0.574529
234.596756
-0.572383
234.743210
-0.564337
234.966370
-0.569165
234.445480
-0.570238
234.253967
-0.577211
234.377899
-0.575066
234.742142
-0.574529
234.874634
-0.569165
234.906830
-0.570774
234.775391
-0.574529
234.498047
-0.571311
234.318344
-0.569701
234.540436
-0.571847
234.689560
-0.575602
234.727646
-0.581503
234.877853
-0.577748
235.035034
-0.567019
235.009277
-0.571311
234.655228
-0.572383
234.576370
-0.575602
234.777008
-0.576675
234.806503
-0.572383
234.996948
-0.577748
235.120865
-0.573456
235.030746
-0.575066
235.157883
-0.575066
235.016800
-0.568092
234.915405
-0.570774
234.951355
-0.572920
234.751785
-0.581503
234.634842
-0.577211
234.690094
-0.572383
234.612320
-0.569701
234.760910
-0.575066
235.007675
-0.580430
234.929886
-0.576139
234.735703
-0.565946
234.612854
-0.563264
234.468018
-0.569165
234.221786
-0.583649
234.319412
-0.577748
234.785049
-0.573456
234.662201
-0.572920
234.381653
-0.572383
234.527557
-0.582576
234.527557
-0.578821
234.394516
-0.562191
234.588181
-0.565946
234.685806
-0.571311
235.219574
-0.576139
234.951889
-0.569701
234.414368
-0.566483
234.205688
-0.572383
234.249680
-0.577748
234.580673
-0.579894
234.798462
-0.570238
234.864441
-0.562728
234.662735
-0.569701
234.495377
-0.577748
234.823669
-0.577211
234.929352
-0.573456
234.781296
-0.569165
234.666504
-0.564873
234.399353
-0.572383
234.470154
-0.589550
234.678299
-0.585795
234.583893
-0.569165
234.748032
-0.565946
234.818314
-0.576139
234.524872
-0.579894
234.368240
-0.577211
234.676147
-0.570774
234.722824
-0.571847
234.603195
-0.569165
234.547409
-0.581503
234.571548
-0.577748
234.728729
-0.569165
234.829575
-0.569165
234.422958
-0.578284
234.601044
-0.584722
234.801682
-0.587940
234.545258
-0.566483
234.549561
-0.563264
234.834396
-0.576139
235.102081
-0.580430
234.885361
-0.575066
234.591934
-0.562728
234.280792
-0.561655
234.296890
-0.571847
234.674011
-0.579894
234.763596
-0.580967
234.706192
-0.569701
234.847275
-0.563264
235.024841
-0.572920
234.821533
-0.568092
234.648254
-0.567555
234.653625
-0.568092
234.550629
-0.571847
234.647186
-0.575602
234.826355
-0.577211
234.923447
-0.574529
234.609634
-0.567555
234.605881
-0.558972
234.886978
-0.566483
234.898773
-0.583112
234.768951
-0.582039
234.595154
-0.574529
234.450317
-0.574529
234.492691
-0.571847
234.660599
-0.576675
234.995880
-0.579894
235.020020
-0.573456
235.014648
-0.573456
234.806503
-0.575602
234.453537
-0.582576
234.390762
-0.573456
234.555450
-0.566483
234.557068
-0.563264
234.633774
-0.574529
234.930969
-0.577748
234.949203
-0.574529
234.936859
-0.564337
234.859085
-0.561655
234.515228
-0.576139
234.585495
-0.588477
234.482498
-0.577211
234.620361
-0.564873
235.124084
-0.561655
235.009277
-0.564873
234.660065
-0.576139
234.979782
-0.572383
234.821533
-0.567019
234.681519
-0.567019
234.712631
-0.576675
234.855331
-0.574529
234.893417
-0.578284
234.517899
-0.571847
234.676147
-0.561655
235.017334
-0.571311
235.220642
-0.582576
234.912186
-0.574529
234.501816
-0.567019
234.746964
-0.558972
234.870880
-0.570238
234.733551
-0.579357
234.792557
-0.577211
234.914337
-0.568628
235.165924
-0.575066
234.840302
-0.582576
234.362869
-0.575066
234.405243
-0.574529
234.608032
-0.570774
234.829041
-0.568092
234.714233
-0.574529
234.447098
-0.580430
234.579056
-0.581503
234.718002
-0.581503
234.595688
-0.572383
234.507172
-0.568628
234.500732
-0.572383
234.783447
-0.569701
234.735168
-0.570238
234.531311
-0.571847
234.643433
-0.572383
234.764664
-0.582576
234.716385
-0.582576
234.967438
-0.573993
235.082245
-0.565946
234.861755
-0.570774
234.830643
-0.579894
234.732483
-0.579357
234.940079
-0.564337
234.877853
-0.568092
235.195969
-0.571847
235.455597
-0.585795
235.098877
-0.573456
234.963684
-0.570774
235.039856
-0.568092
235.124619
-0.569165
235.005524
-0.578821
234.847809
-0.578821
235.050583
-0.563800
235.287689
-0.566483
235.153580
-0.571311
234.952423
-0.583112
234.901993
-0.587404
235.036636
-0.578821
234.851028
-0.564337
235.039856
-0.571311
235.188461
-0.585258
235.023224
-0.581503
234.947586
-0.563800
234.955109
-0.565410
234.972275
-0.568092
234.807587
-0.576139
235.015182
-0.576139
234.878922
-0.573456
234.602661
-0.570774
234.891800
-0.572383
234.869812
-0.568092
234.618759
-0.573993
234.781296
-0.575066
235.023773
-0.570774
235.034500
-0.567019
234.899307
-0.572383
234.820999
-0.577211
235.038788
-0.570238
235.119797
-0.569165
235.159485
-0.575066
235.005524
-0.578284
234.928284
-0.576675
235.147156
-0.573456
235.285553
-0.565410
234.927216
-0.560045
234.891800
-0.566483
235.266769
-0.581503
235.258728
-0.573993
234.931503
-0.569165
234.967438
-0.569165
235.170212
-0.579894
235.103165
-0.578284
234.991577
-0.566483
234.926132
-0.564873
234.734619
-0.568092
234.755554
-0.577748
234.641281
-0.575066
234.798462
-0.572383
234.877853
-0.571847
234.587646
-0.574529
234.512543
-0.584185
234.386475
-0.574529
234.503952
-0.567555
234.767349
-0.569701
235.011429
-0.564337
234.799530
-0.572920
234.651474
-0.573456
234.593536
-0.567019
234.572617
-0.564337
234.615540
-0.567019
234.576904
-0.580967
234.555450
-0.587404
234.837616
-0.575066
234.785049
-0.566483
234.521652
-0.570238
234.724976
-0.573993
234.562424
-0.566483
234.529175
-0.576139
234.673477
-0.570774
234.844589
-0.569701
235.185776
-0.575066
235.030746
-0.567019
234.786667
-0.571847
234.881607
-0.568628
234.827972
-0.570238
234.767349
-0.591695
234.766281
-0.589013
234.837616
-0.569701
234.896637
-0.559509
234.995880
-0.565410
234.761978
-0.577211
234.735703
-0.578821
234.695465
-0.566483
234.602127
-0.564337
234.829575
-0.574529
235.037720
-0.578821
234.664352
-0.571847
234.324783
-0.569701
234.644501
-0.571847
234.794708
-0.570774
234.582809
-0.570238
234.574768
-0.570774
234.709412
-0.577211
234.967438
-0.577748
235.000702
-0.584722
234.718536
-0.584722
234.558670
-0.577211
234.486252
-0.570238
234.892334
-0.568092
235.002853
-0.574529
234.644501
-0.589013
234.601044
-0.585795
234.737305
-0.568628
234.765732
-0.558972
234.713699
-0.561118
234.740524
-0.573456
234.710480
-0.572383
234.959930
-0.567019
235.352066
-0.569701
234.948669
-0.569165
234.560822
-0.572383
234.598907
-0.572383
234.791489
-0.568092
234.964218
-0.570774
235.160019
-0.577211
234.885361
-0.579894
234.651474
-0.577211
234.787201
-0.578821
234.669174
-0.573993
234.892334
-0.578821
235.036102
-0.591159
234.970657
-0.579357
234.853180
-0.578284
234.619827
-0.577211
234.538284
-0.568092
234.641281
-0.573993
234.716919
-0.578821
234.711029
-0.568092
234.689026
-0.565410
234.670792
-0.571847
234.869278
-0.577211
235.139099
-0.578284
235.055954
-0.570774
234.671860
-0.570774
234.878922
-0.570774
235.032349
-0.578284
234.827423
-0.575066
234.836014
-0.561655
234.963150
-0.565946
234.912186
-0.563800
234.863373
-0.582576
234.919159
-0.573993
235.387482
-0.568092
235.312378
-0.572383
234.843521
-0.577748
234.763596
-0.583649
234.792557
-0.573993
234.875168
-0.563264
235.065079
-0.567019
235.165390
-0.576139
235.077408
-0.579894
235.164856
-0.578284
235.262482
-0.571847
235.015717
-0.574529
234.871948
-0.572920
234.951889
-0.576139
234.928284
-0.577211
234.900391
-0.560582
234.917557
-0.558972
234.973877
-0.563800
235.095108
-0.575066
235.282867
-0.583112
235.199722
-0.569701
235.035568
-0.566483
234.886444
-0.569701
234.836548
-0.577748
234.750183
-0.577748
234.765198
-0.569165
234.758224
-0.572383
234.794708
-0.570238
235.078491
-0.583112
235.011429
-0.582576
234.955643
-0.568628
235.026993
-0.573456
235.031815
-0.579894
234.839767
-0.581503
234.664352
-0.577211
234.899857
-0.567019
234.804367
-0.569701
234.745361
-0.573456
234.815628
-0.576139
234.805435
-0.569701
234.974945
-0.573456
235.393372
-0.572383
235.325790
-0.576139
234.727112
-0.585795
234.736771
-0.576139
234.917557
-0.569165
234.975494
-0.571847
234.899307
-0.567555
235.037186
-0.582039
235.313446
-0.576139
235.209381
-0.566483
235.526413
-0.564873
236.033890
-0.570774
235.810730
-0.578821
235.949661
-0.575066
236.533844
-0.564337
237.040787
-0.568092
237.523590
-0.566483
238.311081
-0.575066
238.651718
-0.580967
238.433929
-0.570238
238.916183
-0.564337
239.272385
-0.571847
239.279358
-0.579357
239.754105
-0.577748
239.972443
-0.573456
239.734802
-0.573456
239.319595
-0.578284
238.816406
-0.586867
238.763840
-0.589013
238.882401
-0.569701
238.914047
-0.570774
239.067459
-0.579357
239.010071
-0.578821
238.541748
-0.568092
238.217743
-0.566483
238.264420
-0.561118
238.313232
-0.573456
238.369553
-0.585795
238.643143
-0.572383
238.650116
-0.568628
238.545502
-0.564873
238.399063
-0.560045
238.203262
-0.577211
238.186096
-0.578821
238.220428
-0.569701
238.392090
-0.561118
238.828751
-0.575602
238.529419
-0.582039
238.029449
-0.578821
238.108841
-0.566483
237.968292
-0.569165
237.719925
-0.572383
237.773026
-0.573456
238.021942
-0.570774
238.255829
-0.570774
238.260117
-0.568092
238.100800
-0.576139
237.894272
-0.575066
237.913574
-0.576675
237.825607
-0.582039
237.646973
-0.577211
237.670029
-0.579894
237.712952
-0.586867
237.775711
-0.583112
237.922165
-0.577748
237.939331
-0.567019
237.684525
-0.565410
237.453842
-0.573456
237.626587
-0.576675
237.807907
-0.574529
237.513931
-0.576139
237.405029
-0.567019
237.680222
-0.572383
237.885681
-0.575066
237.813797
-0.572383
237.782684
-0.571847
237.663055
-0.575602
237.616394
-0.586867
237.513397
-0.579357
237.400208
-0.578821
237.836334
-0.575066
237.622284
-0.571847
237.328857
-0.582576
237.489792
-0.583649
237.652863
-0.575066
237.592789
-0.568628
237.712418
-0.570774
237.802536
-0.577211
237.460815
-0.569701
237.345490
-0.566483
237.174896
-0.565410
237.018265
-0.571311
237.087997
-0.578821
237.082626
-0.577211
237.175964
-0.573456
237.370163
-0.567019
237.308472
-0.565946
237.047760
-0.572383
236.898102
-0.575066
236.967300
-0.569165
237.952744
-0.566483
238.381363
-0.574529
238.581985
-0.585258
239.514862
-0.579894
240.336685
-0.562191
240.912827
-0.562728
241.757721
-0.575602
242.288803
-0.576675
243.091858
-0.573456
244.793976
-0.564337
245.891006
-0.562191
247.239624
-0.570238
248.833389
-0.578821
249.441711
-0.571847
249.778061
-0.568092
251.229675
-0.576139
252.399124
-0.577748
252.456512
-0.580430
252.346542
-0.572383
252.423264
-0.566483
252.814865
-0.558436
252.266617
-0.569165
252.247833
-0.572383
252.694153
-0.570238
252.680756
-0.569701
252.795547
-0.572383
252.851868
-0.582576
252.402878
-0.583649
251.972641
-0.569701
251.102005
-0.572920
250.045212
-0.571847
249.657898
-0.567019
250.345612
-0.579894
250.283920
-0.576139
249.940063
-0.569701
249.521103
-0.565410
249.327988
-0.569701
249.474976
-0.572920
249.288834
-0.577748
248.769012
-0.572920
248.405304
-0.560045
248.152115
-0.567019
247.790009
-0.577748
247.697205
-0.576139
247.533585
-0.573456
247.406448
-0.568092
247.437027
-0.563800
247.343155
-0.577211
246.966034
-0.578821
247.038986
-0.568092
246.810471
-0.569165
246.504700
-0.572383
246.418869
-0.580430
246.314255
-0.580430
246.271881
-0.572920
246.454269
-0.568628
246.202148
-0.571847
246.198380
-0.578284
246.144211
-0.571847
246.077682
-0.570238
246.247208
-0.566483
245.677505
-0.571847
245.518707
-0.577211
245.610443
-0.575602
245.646927
-0.570774
245.388367
-0.562191
245.319153
-0.567019
245.394791
-0.581503
245.594894
-0.578821
245.804642
-0.575066
245.268738
-0.571311
244.913071
-0.573456
244.800949
-0.572383
244.773590
-0.577748
244.581558
-0.573456
244.506454
-0.567019
244.418472
-0.559509
244.362686
-0.572383
244.548294
-0.572920
244.654510
-0.567019
244.397018
-0.569165
244.356781
-0.570774
244.480164
-0.577211
244.628220
-0.577748
244.101974
-0.569701
243.956604
-0.567019
244.399155
-0.572383
244.837967
-0.577211
244.931854
-0.576675
244.513962
-0.569701
243.886322
-0.563264
243.815506
-0.570238
244.075150
-0.582576
244.208725
-0.579357
244.478561
-0.569165
244.061203
-0.570774
243.883102
-0.569701
244.029022
-0.580430
244.089630
-0.577211
243.737198
-0.566483
243.414261
-0.568628
243.407288
-0.573993
243.350952
-0.582576
243.048935
-0.572920
243.039810
-0.568092
242.936279
-0.564873
242.702393
-0.574529
242.636414
-0.582039
242.614426
-0.577211
242.793594
-0.574529
243.040894
-0.569165
243.020508
-0.575066
242.954529
-0.582576
242.751205
-0.580430
242.589203
-0.576675
242.484070
-0.565946
242.478699
-0.573456
242.722778
-0.586867
242.817734
-0.580430
242.721710
-0.570774
242.464218
-0.568092
242.197067
-0.569701
242.285049
-0.578821
242.464218
-0.575066
242.435791
-0.571311
242.604767
-0.562728
242.881027
-0.568092
242.924484
-0.574529
242.716339
-0.573456
242.661621
-0.569165
242.696487
-0.569165
242.720642
-0.569165
242.822556
-0.582039
242.763550
-0.585795
242.786087
-0.578284
242.995300
-0.567019
242.793060
-0.571847
242.287186
-0.577748
242.464752
-0.572383
242.301666
-0.578284
241.926163
-0.565946
242.031311
-0.561655
242.258224
-0.571847
242.364975
-0.571847
242.658401
-0.575602
242.303284
-0.567019
241.955139
-0.565410
241.973373
-0.577211
242.082809
-0.577211
242.060806
-0.571847
241.876816
-0.564337
241.931534
-0.567019
241.920258
-0.579357
241.972839
-0.580967
242.203506
-0.577211
242.064026
-0.567555
241.880035
-0.561655
241.949234
-0.569701
241.914902
-0.575066
242.184189
-0.568628
242.261978
-0.565410
242.312408
-0.568092
242.054916
-0.577748
242.020584
-0.568092
242.282364
-0.567019
241.982483
-0.567019
241.851593
-0.570774
242.093536
-0.577211
242.221741
-0.568628
242.393402
-0.568092
242.399841
-0.568628
242.102112
-0.568628
242.128937
-0.579357
242.084946
-0.579894
242.051697
-0.563800
242.399841
-0.565410
242.214233
-0.569165
242.022720
-0.582039
242.123032
-0.571311
242.348877
-0.564873
242.280746
-0.566483
242.109634
-0.573456
242.015747
-0.576675
242.031311
-0.577748
242.441147
-0.575066
242.392334
-0.563800
242.015747
-0.562728
242.266800
-0.580967
242.315628
-0.579894
242.342438
-0.571847
242.161133
-0.567555
242.283432
-0.572920
242.391800
-0.583112
242.502838
-0.581503
242.563461
-0.571847
242.898193
-0.568092
242.768372
-0.569701
242.539322
-0.574529
242.502304
-0.577211
242.697571
-0.571847
242.815582
-0.567019
242.737793
-0.576139
242.729752
-0.582576
242.833817
-0.568092
243.109558
-0.564337
242.989929
-0.568628
242.803787
-0.576139
242.825775
-0.588477
242.779648
-0.579894
242.929840
-0.580430
243.010315
-0.569701
242.778564
-0.566483
242.676117
-0.578821
242.759796
-0.572383
242.916977
-0.568628
242.780182
-0.564337
242.687912
-0.558972
242.822556
-0.575066
242.969543
-0.575066
243.056976
-0.566483
242.763016
-0.566483
242.500687
-0.571311
243.007629
-0.578284
243.450195
-0.569165
243.168564
-0.565410
242.663773
-0.564873
242.805389
-0.570774
243.104721
-0.578821
242.917511
-0.578284
242.807541
-0.573456
242.859039
-0.567019
242.780716
-0.568092
242.888000
-0.582576
243.039276
-0.569701
243.444824
-0.560582
243.372955
-0.566483
243.178757
-0.574529
242.792511
-0.584185
242.647141
-0.583649
242.857422
-0.579894
242.822556
-0.569701
243.061279
-0.569701
243.586990
-0.571311
243.378845
-0.565410
243.243134
-0.569701
242.945938
-0.569165
242.864395
-0.568628
243.132080
-0.581503
243.310715
-0.575066
243.342377
-0.568628
243.390656
-0.567555
243.671753
-0.569701
243.869690
-0.585258
243.242050
-0.572920
242.884247
-0.563264
243.109558
-0.573993
243.286041
-0.569701
243.252777
-0.572383
243.224884
-0.572383
243.166412
-0.572383
242.964172
-0.565946
242.877274
-0.573456
243.082733
-0.576675
243.158905
-0.577748
243.046249
-0.572920
242.819336
-0.574529
242.964172
-0.571847
243.164276
-0.578821
243.132629
-0.579357
243.103653
-0.575602
242.947556
-0.565410
242.922333
-0.565946
242.879959
-0.577748
242.911606
-0.572920
243.138519
-0.574529
243.098831
-0.572383
243.266190
-0.567019
243.278000
-0.576139
243.131012
-0.580430
243.177689
-0.575066
243.025330
-0.569165
243.003342
-0.570774
243.312866
-0.580967
243.048935
-0.577211
243.109558
-0.568092
243.214691
-0.569701
243.127792
-0.573456
242.798416
-0.570774
242.683624
-0.573456
242.879425
-0.565410
243.098297
-0.564337
242.768372
-0.568628
242.827927
-0.583112
242.972763
-0.570774
242.605301
-0.560582
242.476013
-0.560582
242.693817
-0.569701
242.675034
-0.570238
242.448654
-0.573456
242.498016
-0.571847
242.627289
-0.565410
242.835434
-0.568092
242.680939
-0.579357
242.682007
-0.577211
242.882645
-0.571847
242.945404
-0.567555
242.853668
-0.571311
242.715271
-0.580430
242.650360
-0.572383
242.569901
-0.577748
242.865479
-0.569701
242.866547
-0.569701
242.721710
-0.572920
242.969009
-0.574529
243.121353
-0.572383
242.743698
-0.568628
242.681473
-0.573993
242.142349
-0.578284
241.970154
-0.578284
242.428268
-0.575066
242.530731
-0.563800
241.853210
-0.577211
241.272781
-0.577748
241.116669
-0.574529
240.478302
-0.568092
239.866760
-0.564337
239.255753
-0.573456
238.771347
-0.582576
238.323425
-0.580430
238.078796
-0.569701
237.455460
-0.565410
237.159882
-0.570238
237.272537
-0.570774
236.987152
-0.567555
236.596085
-0.565946
236.785980
-0.563800
236.975876
-0.573993
237.096573
-0.587940
237.131989
-0.579894
237.065460
-0.578821
237.069214
-0.572383
237.253754
-0.571847
236.934570
-0.577211
236.698532
-0.575066
237.113205
-0.578284
237.138428
-0.569165
237.015045
-0.571847
237.025238
-0.575066
237.129837
-0.572383
237.200653
-0.569165
236.914719
-0.564337
236.957108
-0.565410
237.247849
-0.584185
237.144318
-0.579894
237.256973
-0.571311
237.405029
-0.566483
237.245178
-0.569701
237.264481
-0.580967
237.502136
-0.577211
237.619080
-0.572383
237.420593
-0.572383
237.436676
-0.571847
237.493011
-0.585258
237.471008
-0.580430
237.474228
-0.570774
237.338516
-0.553608
237.379822
-0.563800
237.423279
-0.578821
237.446869
-0.583112
237.371780
-0.573456
237.366943
-0.560045
237.287018
-0.565410
237.178650
-0.577748
237.158813
-0.567019
237.145401
-0.569165
237.278961
-0.561655
237.231766
-0.565946
237.156662
-0.570774
237.098724
-0.572383
237.062790
-0.572383
237.004303
-0.568092
237.079407
-0.571311
237.131989
-0.583649
237.187241
-0.585258
237.398056
-0.578821
237.331009
-0.568092
237.493011
-0.572383
237.703293
-0.581503
237.594391
-0.581503
237.638916
-0.578821
237.694717
-0.569165
237.622833
-0.564873
237.590637
-0.578284
237.651260
-0.576139
237.874954
-0.569165
237.987610
-0.569701
237.867447
-0.571847
237.641602
-0.580967
237.609421
-0.578821
237.425415
-0.576675
237.349243
-0.570774
237.401810
-0.573456
237.438293
-0.570238
237.462433
-0.574529
237.515533
-0.573993
237.474228
-0.569701
237.145935
-0.569165
237.007523
-0.564337
236.602509
-0.573456
236.221649
-0.571847
236.054276
-0.560045
236.239883
-0.561655
236.183548
-0.569701
235.495834
-0.572920
235.001236
-0.567555
234.893951
-0.561118
234.728195
-0.569165
234.501816
-0.572383
234.366623
-0.570238
234.591934
-0.577748
234.131668
-0.564337
233.963226
-0.573993
234.107529
-0.583112
234.096252
-0.580430
233.676224
-0.570238
233.630630
-0.566483
234.044220
-0.569165
234.319412
-0.568092
234.159561
-0.576139
233.666565
-0.574529
233.873642
-0.568092
234.006134
-0.569165
234.169220
-0.576139
234.342484
-0.572920
233.892944
-0.568092
233.466476
-0.569165
233.668182
-0.568092
233.766891
-0.570774
234.116104
-0.575602
234.238953
-0.572383
234.278107
-0.571847
234.051727
-0.577748
234.157944
-0.580430
233.919769
-0.579357
233.565186
-0.574529
233.823746
-0.565410
233.653152
-0.565946
233.892410
-0.573456
234.260941
-0.573456
233.931030
-0.569701
233.547485
-0.568628
233.646179
-0.570238
234.184769
-0.575602
233.999161
-0.581503
233.808197
-0.575066
234.192276
-0.565410
233.963760
-0.576675
233.808731
-0.580967
233.980927
-0.576139
234.074799
-0.572920
234.407394
-0.563264
234.154190
-0.564337
233.962692
-0.574529
234.156876
-0.578821
234.143997
-0.574529
234.074799
-0.559509
234.126297
-0.572383
234.035110
-0.577748
233.742203
-0.575602
233.751328
-0.565410
233.981995
-0.569165
233.922989
-0.577211
233.584488
-0.580430
233.800140
-0.573456
233.678909
-0.571847
233.753479
-0.567019
233.847885
-0.565410
233.991119
-0.575602
233.571625
-0.578284
232.935394
-0.577211
233.351685
-0.568628
233.493835
-0.563800
233.506714
-0.570774
233.734695
-0.575066
233.921921
-0.575066
234.201401
-0.568092
234.087143
-0.561655
233.821060
-0.573456
233.888657
-0.573993
234.043686
-0.565946
234.387009
-0.568628
234.252899
-0.574529
233.892410
-0.578821
234.007751
-0.573456
234.435822
-0.571847
234.624115
