-199.589737
-163.807449
-135.697891
-174.249817
-195.454849
-193.367554
-157.661972
-129.823318
-168.408508
-189.609222
-187.409271
-151.989624
-123.909584
-162.267853
-183.894501
-181.680618
-146.202499
-118.270508
-156.572983
-178.100403
-176.058167
-140.642273
-112.363213
-150.798721
-172.518723
-170.214172
-134.576187
-106.216125
-144.463348
-166.113068
-163.879318
-128.569656
-100.047043
-138.315186
-160.162857
-157.972031
-122.556679
-93.854347
-132.094620
-154.006119
-151.846405
-116.290497
-87.594612
-126.009750
-147.879944
-145.850586
-110.560226
-81.882042
-119.946350
-141.783295
-139.682053
-104.450691
-75.558464
-113.849693
-136.037994
-133.970551
-98.687698
-69.850723
-108.117813
-130.199905
-128.085251
-92.915039
-63.734215
-102.008812
-123.984688
-122.101242
-87.080162
-57.844624
-96.060211
-118.140152
-116.196091
-81.155167
-51.618679
-89.678154
-111.933517
-109.973900
-75.091759
-45.467834
-83.588463
-106.028366
-104.235580
-69.427475
-39.886692
-77.987473
-100.324387
-98.410896
-63.570602
-33.983150
-72.008835
-94.397232
-92.821167
-58.055981
-28.178314
-66.099922
-88.705582
-86.822136
-52.063927
-22.343971
-60.268265
-82.583710
-80.828468
-46.311119
-16.249992
-53.948982
-76.500458
-74.886307
-40.493408
-10.462857
-48.428997
-71.060402
-69.305702
-34.757771
-4.830217
-42.500774
-65.063522
-63.422009
-29.076317
1.138771
-36.499062
-59.195919
-57.483597
-23.190475
7.237042
-30.316034
-53.025764
-51.414829
-17.159798
13.285961
-24.193089
-47.038536
-45.513966
-11.269129
19.136396
-18.421509
-41.349033
-39.831440
-5.716956
24.883835
-12.686409
-35.768967
-34.173050
0.000442
30.501989
-6.942189
-29.951790
-28.314034
5.660439
36.351353
-0.801539
-23.776808
-22.311247
11.719014
42.579441
5.465175
-17.724670
-16.239264
17.666008
48.498543
11.303807
-11.643565
-10.156549
23.653234
54.705173
17.663326
-5.533493
-4.165030
29.725222
60.869965
23.807730
0.584090
1.920367
35.730152
66.900108
29.818027
6.447400
7.827665
41.604191
72.957069
36.009102
12.570885
13.865854
47.358063
78.687340
41.797844
18.406298
19.753839
53.384991
84.635406
47.711044
24.199871
25.391308
59.000999
90.439713
53.570065
30.051914
31.398384
64.808517
96.411385
59.608788
35.935608
37.146893
70.498024
102.439919
65.772507
42.041389
43.141632
76.410149
108.191650
71.211487
47.627357
48.988850
82.063171
113.974495
77.420265
53.745480
54.822655
87.899658
119.970840
83.335075
59.505791
60.668800
93.741508
126.048721
89.618416
65.830444
66.820717
99.957268
132.208145
95.762283
71.887405
73.001060
106.064117
138.368103
102.049927
77.982994
79.001694
111.811562
144.165970
107.828476
83.578621
84.715874
117.679695
150.129059
113.718613
89.436562
90.505157
123.079521
155.644760
119.303505
95.046135
96.150139
128.833923
161.352493
125.194168
100.815575
101.861633
134.463882
167.095108
131.117569
106.761497
107.648232
140.123352
172.972900
136.960480
112.309380
113.120476
145.549454
178.532578
142.723480
118.127090
119.066399
151.589798
184.576675
148.577667
124.099831
124.962433
157.340988
190.223801
154.461899
129.793091
130.731323
163.097534
195.946564
160.099365
135.337753
136.091980
168.290298
201.373215
165.508850
140.897964
141.828690
174.170776
207.453247
171.735855
147.061142
148.055710
180.284592
213.566544
177.844330
153.181946
153.903458
185.918304
219.228149
183.785950
158.969620
159.743713
191.827759
225.205719
189.683594
164.702042
165.393509
197.268356
230.887177
195.484695
170.441422
171.154892
202.998627
236.574524
201.217651
176.327805
177.017136
208.904861
242.651337
207.319672
182.181992
182.850937
214.615814
248.208344
212.931396
187.895096
188.564041
220.437820
254.210052
218.984070
193.750381
194.369965
226.172379
-251.995361
224.935883
199.561111
200.264923
232.005112
-247.488190
227.408340
203.827438
205.762924
235.078918
-243.588257
233.467987
208.345352
208.866776
240.296356
-237.608536
239.594696
214.963974
217.859146
249.840729
-227.884995
249.369736
223.827057
224.339905
255.600510
-222.311356
255.011490
229.455414
229.799805
-250.763153
-216.514038
-251.284576
235.341248
235.667404
-245.225464
-210.728516
-245.271606
241.068298
241.572556
-239.157242
-204.841064
-239.241455
246.854889
247.066788
-233.588440
-199.278152
-233.499924
252.853928
253.241776
-227.725662
-193.346191
-227.532547
-253.398163
-253.095612
-221.931564
-187.173874
-221.538345
-247.304184
-246.966766
-216.011383
-181.159286
-215.435242
-241.264923
-240.896393
-209.850357
-174.959625
-209.187317
-235.189713
-234.833527
-204.023529
-169.298019
-203.403397
-229.352158
-229.240036
-198.454712
-163.320984
-197.480545
-223.478119
-223.224915
-192.537231
-157.303711
-191.298569
-217.471039
-217.251648
-186.592361
-151.381943
-185.387512
-211.584137
-211.259048
-180.851898
-145.716034
-179.801544
-205.956329
-205.718674
-175.125931
-139.689651
-173.469925
-199.631134
-199.404755
-168.992783
-133.614441
-167.305145
-193.711502
-193.386414
-163.176682
-127.674965
-161.401596
-187.736053
-187.641113
-157.524734
-122.060562
-155.617142
-182.056747
-181.910309
-151.583099
-115.898453
-149.486694
-176.045914
-175.871582
-145.767532
-110.024422
-143.394318
-169.793686
-169.755066
-139.593094
-103.829056
-137.313217
-164.060745
-164.215240
-134.225998
-98.398117
-131.695602
-158.425415
-158.332611
-128.341766
-92.558403
-125.884857
-152.588394
-152.571228
-122.539604
-86.603363
-119.806969
-146.709534
-146.664474
-117.000305
-81.074257
-114.211884
-141.119263
-141.259277
-111.616577
-75.343987
-108.184959
-135.167450
-135.157257
-105.310165
-69.216209
-102.307167
-129.333099
-129.558411
-99.912491
-63.690861
-96.567238
-123.693489
-123.776642
-94.211716
-57.720798
-90.342361
-117.587173
-117.801750
-88.400978
-51.808136
-84.478516
-111.784485
-111.972237
-82.568787
-46.164230
-78.814766
-106.052071
-106.200661
-76.958138
-40.485455
-73.009926
-100.342720
-100.376511
-71.117897
-34.475163
-66.876251
-94.345291
-94.599030
-65.316277
-28.606489
-60.902973
-88.290474
-88.686363
-59.472816
-22.641790
-54.920574
-82.462570
-82.767265
-53.637939
-16.674412
-49.031513
-76.579948
-76.843338
-47.987595
-11.026216
-43.092564
-70.764915
-71.204803
-42.261616
-5.135548
-37.267879
-64.916626
-65.268532
-36.124722
0.990618
-31.196966
-59.126278
-59.527000
-30.557528
6.792237
-25.221004
-53.212006
-53.617020
-24.726406
12.608877
-19.544912
-47.552006
-48.105618
-19.413485
17.903021
-14.043701
-42.216019
-42.609230
-13.846828
23.664406
-8.163762
-36.193920
-36.546902
-7.764113
29.717081
-2.012383
-30.012503
-30.653551
-2.274703
35.335773
3.804256
-24.393276
-25.003746
3.608455
41.222149
9.589245
-18.778873
-19.284201
9.258797
46.984070
15.373697
-12.911273
-13.475073
15.051832
52.846848
21.330885
-7.022214
-7.810247
20.768694
58.781502
27.296120
-1.173388
-1.691591
26.745193
64.847588
33.576778
5.111565
4.474808
32.906765
71.067093
39.754444
11.231830
10.559132
38.854294
76.966881
45.534069
16.721777
16.030302
44.478886
82.538902
51.378605
22.696665
22.029867
50.254761
88.535782
57.492970
28.755777
27.932875
56.163666
94.458633
63.278492
34.286491
33.648663
61.824200
100.043541
69.079575
40.236706
39.451889
67.652641
105.968002
74.939667
46.096794
45.381180
73.364670
111.823265
80.870567
52.036819
51.360901
79.273575
117.964447
87.307869
58.347519
57.461319
85.284409
123.927002
93.124504
64.097641
63.210899
91.012001
129.557495
98.837082
69.602066
68.728203
96.431137
135.076950
104.295380
75.037834
74.189720
101.812187
140.527191
109.958054
80.637215
79.617973
107.232399
146.180222
115.746262
86.428642
85.542976
113.150421
152.127213
121.678238
92.272636
91.354782
118.924683
157.893417
127.407433
98.002380
97.040001
124.617935
163.971313
133.558807
103.843697
102.759010
130.378784
169.649551
139.247772
109.541779
108.438850
136.084915
175.631409
145.363754
115.488770
114.253883
141.886002
181.482376
151.265686
121.452934
120.119339
147.662949
187.405777
157.141861
127.072159
125.837273
153.208679
193.008926
162.933289
132.778290
131.624939
159.173904
199.121674
169.066437
138.945755
137.729111
165.056000
205.176498
175.239273
145.012390
143.818268
171.084534
211.044632
181.005478
150.667023
149.456268
176.606659
216.773285
186.767410
156.271759
154.942993
182.081589
222.220856
192.346420
161.996674
160.837952
187.983521
228.183411
198.390503
168.085815
166.895996
193.850601
233.923340
202.893936
170.172577
170.116791
198.595963
236.410812
205.880844
175.571869
174.434067
201.131714
241.315506
211.866989
181.375626
180.574188
209.710495
250.675873
221.320709
190.723663
189.413132
216.225052
-255.471069
227.212448
196.529587
195.048477
221.631851
-250.005264
232.724930
202.029190
200.611374
227.170609
-244.419296
238.574829
207.924683
206.662430
233.229721
-238.323700
244.856018
213.907089
212.559006
239.016846
-232.228119
251.110931
220.182373
218.635818
244.856018
-226.546127
-255.503250
225.393906
224.056564
250.283203
-221.102310
-249.795517
231.208939
229.642532
-255.998383
-215.208435
-243.901627
236.997147
235.610443
-250.338928
-209.513031
-238.091431
242.661438
241.051575
-244.865616
-204.044006
-232.578949
248.172302
246.575851
-239.235657
-198.193024
-226.601913
254.028641
252.326508
-233.577271
-192.272858
-220.703201
-252.046417
-253.731384
-227.764389
-186.546326
-214.911774
-246.355850
-248.054764
-222.061478
-180.792984
-208.880020
-240.502197
-242.404953
-216.472290
-175.200043
-203.417969
-234.756363
-236.553986
-210.901337
-169.412918
-197.487610
-229.197220
-231.084427
-205.175888
-163.702484
-191.593170
-223.450317
-225.268326
-199.494980
-158.037125
-185.983063
-217.872406
-219.825577
-194.012543
-152.407166
-180.032318
-211.883026
-214.003036
-188.495224
-146.808334
-174.538071
-206.319046
-208.089844
-182.568619
-140.997055
-168.663498
-200.748108
-202.669632
-177.093155
-135.268387
-162.799118
-194.940582
-197.072403
-171.618759
-129.819214
-157.160049
-189.245697
-191.253601
-165.858444
-123.932304
-151.281174
-183.581955
-185.759369
-160.373871
-118.509949
-145.936081
-178.235764
-180.290344
-155.012131
-113.031273
-140.331863
-172.501205
-174.587967
-149.565643
-107.601944
-134.608566
-166.903442
-169.001999
-143.903488
-101.916199
-129.015091
-161.529907
-163.603241
-138.596481
-96.426788
-123.271942
-155.903702
-158.174454
-133.121552
-91.411583
-118.192917
-150.972183
-153.048218
-127.936844
-86.005325
-112.713158
-145.405533
-147.564713
-122.574570
-80.471390
-106.982887
-139.706375
-141.776505
-116.797630
-74.384926
-100.911980
-133.843597
-136.026917
-111.284615
-69.051079
-95.491226
-128.398712
-130.769257
-105.953461
-63.552551
-89.936371
-122.734962
-124.918823
-100.371246
-57.694607
-83.919106
-116.647964
-118.966995
-94.434433
-51.665001
-77.954941
-110.956314
-113.245850
-88.662857
-46.014656
-72.013847
-105.101585
-107.510208
-83.030220
-40.360023
-66.243347
-99.326790
-101.706985
-77.372902
-34.744015
-60.558136
-93.686096
-95.993332
-71.733292
-28.916111
-54.773148
-88.010010
-90.337631
-66.270706
-23.637522
-49.196835
-82.232529
-84.681389
-60.574226
-17.865944
-43.407551
-76.628319
-79.070740
-55.018837
-12.275148
-37.764183
-71.148033
-73.685936
-49.592728
-6.785202
-31.973293
-65.094826
-67.677788
-43.808273
-1.044737
-26.162556
-59.360798
-61.735088
-38.086048
4.682316
-20.437647
-53.855831
-56.398029
-32.688908
10.140613
-14.850069
-48.264496
-50.668831
-26.917328
15.973345
-8.930968
-42.277805
-44.928364
-21.687019
21.286800
-3.416347
-36.988487
-39.676598
-16.206194
26.912468
2.306952
-31.230858
-33.812752
-10.431396
32.598213
8.166507
-25.562813
-28.320124
-4.917311
38.296299
13.981000
-19.606161
-22.339333
0.986768
44.017452
19.685522
-13.922024
-16.528059
6.523921
49.659214
25.533276
-8.097875
-10.836946
12.088433
55.376610
31.337040
-2.482401
-5.259024
17.814949
60.984573
36.947685
3.090693
0.295831
23.222282
66.443405
42.511658
8.517339
5.755736
28.790550
72.110374
48.307915
14.483646
11.781588
34.683365
77.974220
54.221115
20.152763
17.411545
40.106792
83.475967
59.777580
25.700109
22.936359
45.768398
89.052818
65.504097
31.437891
28.509455
51.158569
94.737488
71.165169
37.162800
34.347015
56.934975
100.303619
77.012917
42.910770
39.892216
62.496265
106.004387
82.899834
48.734386
45.953468
68.384254
111.746994
88.750801
54.453930
51.449318
73.811432
117.481560
94.684380
60.406288
57.335697
79.729462
123.389931
100.618507
66.328072
63.203835
85.564339
129.295609
106.472702
72.089989
69.046761
91.187317
135.026962
112.498016
78.104042
75.027550
96.999138
140.782440
118.180542
83.698593
80.707390
102.763741
146.501984
124.213905
89.779694
86.742363
108.565895
152.323456
129.790756
95.197220
92.192078
114.104660
157.983994
135.658356
100.986511
97.766785
119.540421
163.498611
141.499664
106.795105
103.713242
125.468102
169.158600
147.037354
112.277534
109.126480
130.807312
174.876007
153.058914
118.289436
115.060593
136.746796
180.618073
158.822449
124.050285
120.777458
142.478134
186.476028
164.690048
128.819794
123.520821
146.189240
191.556122
167.966095
131.990158
128.805847
150.307510
194.242645
172.732925
137.817535
134.533966
156.271667
202.555344
181.925385
146.956360
143.618073
164.847229
208.959915
187.634735
152.619034
148.972839
170.022812
214.242264
193.094650
157.947510
154.662338
175.798691
219.887238
198.865692
163.705673
160.146927
181.347107
225.643265
204.707550
169.383377
166.128784
187.148178
231.341888
210.473221
175.082535
171.663788
192.576447
236.686447
215.878418
180.641144
177.041626
197.974136
242.240768
221.607605
186.241592
182.580383
203.434036
247.807434
227.284775
191.620499
188.065491
208.989426
253.480835
233.080490
197.605057
193.950287
214.638153
-252.775543
239.030167
203.326752
199.595261
219.993454
-247.530746
244.376877
208.633759
204.948410
225.639511
-241.644379
250.331390
214.644592
210.983917
231.535538
-235.754242
-255.482971
220.707993
216.806992
237.113998
-230.050797
-249.671158
226.400177
222.440170
242.815308
-224.557098
-244.343750
231.591858
227.825500
248.110519
-219.002777
-238.487411
237.521149
233.668427
253.821472
-213.309525
-232.559204
243.521790
239.722183
-252.278259
-207.567444
-226.842880
248.932877
244.972870
-246.956757
-202.091446
-221.220963
254.624527
250.716553
-241.393326
-196.539276
-215.396820
-251.681198
-255.786591
-235.810577
-190.807373
-209.653137
-245.936447
-250.048279
-230.231583
-185.250916
-203.980789
-240.286636
-244.240753
-224.405823
-179.406921
-198.171127
-234.690475
-238.680542
-218.786591
-173.536636
-192.043900
-228.742950
-232.801132
-212.910400
-167.779007
-186.322189
-222.955811
-227.121292
-207.444595
-162.091644
-180.318863
-217.197113
-221.244568
-201.554474
-156.314178
-174.482925
-211.338638
-215.496597
-195.998535
-150.670807
-168.612640
-205.600845
-209.926178
-190.646988
-145.096100
-162.924210
-200.082474
-204.417999
-185.098022
-139.519791
-157.185349
-194.234192
-198.629791
-179.344696
-133.684906
-151.412170
-188.594025
-192.938675
-173.662170
-128.163849
-145.849808
-183.053650
-187.245407
-168.069214
-122.384232
-139.952164
-177.569611
-182.045135
-162.774002
-117.047707
-134.247101
-171.739563
-176.399094
-157.426758
-111.733177
-128.935791
-166.315598
-170.805618
-152.029068
-106.187973
-123.085358
-160.503250
-165.071579
-146.269836
-100.584305
-117.636719
-155.088943
-159.710922
-141.023972
-95.115273
-111.716011
-149.178955
-153.832062
-135.183197
-89.291664
-106.003441
-143.875153
-148.660217
-129.929276
-83.746460
-100.173927
-137.859497
-142.571609
-123.986046
-77.893349
-94.282181
-132.067001
-136.830612
-118.253090
-72.243538
-88.470367
-126.386086
-131.312759
-112.776016
-66.702637
-82.828072
-120.727692
-125.625946
-107.214729
-61.163338
-77.229767
-115.238823
-119.919281
-101.578331
-55.603653
-71.490379
-109.527863
-114.432549
-96.268097
-50.208122
-65.848083
-103.856598
-108.673309
-90.529236
-44.167782
-59.724598
-97.794807
-102.661942
-84.516258
-38.362408
-53.904205
-92.101547
-97.012680
-79.017731
-32.888020
-48.183590
-86.516113
-91.602119
-73.848038
-27.763393
-42.820240
-80.961258
-85.974304
-68.154785
-22.071207
-37.272358
-75.670334
-80.762772
-62.960953
-16.587162
-31.482544
-69.973320
-75.196114
-57.578831
-11.328422
-26.089157
-64.555260
-69.640724
-52.062065
-5.801998
-20.593845
-59.144707
-64.371796
-46.767380
-0.359259
-14.813685
-53.357033
-58.708042
-41.124012
5.164483
-9.294234
-47.916439
-53.258331
-35.818066
10.713973
-3.710412
-42.593861
-48.011391
-30.662323
15.879373
1.773634
-37.153805
-42.505348
-25.108006
21.563509
7.486203
-31.495955
-36.801899
-19.484484
27.073841
13.360242
-25.652494
-31.014767
-13.748312
32.921059
19.343178
-19.677603
-25.152531
-7.996582
38.467865
24.956507
-13.971472
-19.435131
-2.616070
43.857498
30.659956
-8.497619
-14.015997
2.948978
49.482094
36.194962
-2.852641
-8.351707
8.478621
54.948433
41.968147
2.822914
-2.891801
13.754526
60.304268
47.761185
8.520999
2.862074
19.813101
66.309738
53.612694
14.399330
8.763471
25.387268
72.228836
59.750664
20.365635
14.679352
31.349819
77.896339
65.634895
26.396317
20.679453
36.998016
83.642708
71.419342
31.977993
26.093763
42.530338
89.165909
77.232765
37.821991
31.949024
48.272415
95.070526
83.169563
43.525440
37.516216
53.809032
100.407059
88.817223
49.374805
43.294769
59.375153
106.033257
94.462738
54.835781
48.889862
64.953613
111.535004
99.967178
60.369717
54.334747
70.194649
117.024948
105.938843
66.250725
59.996353
75.950668
122.834076
111.730270
72.011040
65.973923
81.656265
128.480667
117.648834
77.694107
71.586716
87.375267
133.950760
123.257332
83.604080
76.159882
90.130974
138.295944
128.776245
86.948799
79.985786
95.580147
142.330521
131.799637
91.987595
85.769699
101.260536
148.929825
140.711533
101.205284
94.923538
110.206238
156.901886
146.779236
106.798759
100.413498
115.701012
162.502335
152.490189
112.293533
106.140549
121.476883
168.070602
158.287521
118.365517
111.891205
126.990433
173.706467
164.068222
124.037315
117.657951
132.651505
179.343399
169.996429
129.871658
123.287376
138.168808
184.764145
175.627457
135.507523
128.999939
143.833099
190.398926
181.408691
141.092407
134.469498
149.238815
195.910339
186.957657
146.637619
139.963196
154.502380
201.165329
192.491058
152.121658
145.675766
160.273956
206.857513
198.223480
157.779510
151.018188
165.665207
212.387695
204.074448
163.513535
156.643860
171.093994
217.609955
209.472122
168.929459
162.009354
176.360779
223.065567
214.854248
174.311035
167.340515
181.619522
228.221313
220.399979
179.746796
172.739258
186.952820
233.515457
225.734894
185.145020
178.047882
192.222839
239.083176
231.600891
190.772827
183.583435
197.605499
244.462082
237.108536
196.316971
189.343750
203.522446
250.343628
243.186966
202.396454
195.287003
209.198547
255.856644
249.061539
208.159454
200.972214
214.537750
-250.570328
254.865829
214.009354
206.709457
220.438614
-244.952164
-251.260193
219.970291
212.479950
226.074997
-239.248184
-245.361481
225.605621
218.165161
231.636826
-233.721756
-239.805542
231.173889
223.689453
237.073669
-228.292969
-234.015732
236.970673
229.424011
242.631210
-222.769226
-228.433517
242.528214
235.019638
248.196793
-217.110840
-222.621704
248.048187
240.325043
253.489319
-211.811874
-217.158051
253.492004
245.821426
-253.036880
-206.445847
-211.530777
-252.830887
251.595154
-247.273361
-200.603989
-205.624542
-247.089355
-254.811432
-241.706696
-195.202560
-200.097595
-241.465302
-249.355286
-236.510727
-189.847244
-194.341568
-235.976425
-243.789169
-230.931198
-184.325119
-188.600021
-230.234360
-238.295471
-225.568390
-178.734314
-183.080566
-224.845795
-232.892960
-220.104187
-173.416565
-177.411987
-219.262512
-227.354736
-214.679688
-168.077362
-171.806702
-213.513458
-221.567596
-209.044373
-162.332611
-165.925156
-207.845947
-216.105545
-203.649902
-156.869492
-160.313980
-202.205261
-210.382248
-198.105774
-151.400467
-154.696899
-196.558151
-204.896591
-192.619049
-146.070908
-149.059433
-190.987183
-199.400208
-187.306656
-140.500504
-143.247620
-185.186096
-193.487549
-181.376297
-134.700485
-137.331207
-179.317963
-187.759949
-175.811783
-129.101654
-131.503830
-173.551208
-182.085464
-170.069702
-123.507095
-125.708649
-167.658401
-176.227524
-164.414536
-117.883041
-119.897377
-161.857849
-170.603470
-158.962143
-112.345352
-114.020660
-156.039078
-164.931137
-153.230270
-106.723442
-108.316139
-150.589355
-159.495895
-147.812195
-101.056473
-102.397575
-144.714783
-153.754898
-142.203171
-95.489265
-96.842720
-139.295120
-148.458618
-136.955154
-90.324944
-91.349548
-133.696274
-142.661285
-131.305893
-84.849480
-85.618736
-127.900017
-136.870926
-125.577225
-78.911072
-79.551582
-122.014717
-131.137436
-120.013786
-73.311691
-73.758545
-116.376709
-125.458672
-114.007248
-67.651161
-67.910797
-110.464050
-119.865189
-108.751190
-62.282986
-62.390808
-104.889343
-114.533493
-103.205994
-56.943779
-56.882626
-99.542091
-109.139038
-98.104431
-51.735466
-51.597599
-94.257599
-103.741898
-92.647736
-46.333492
-45.823872
-88.373367
-97.894142
-86.977547
-40.609661
-39.862934
-82.541176
-92.476074
-81.400162
-35.103619
-34.226002
-76.935356
-86.789253
-76.031448
-29.708626
-28.481783
-71.274818
-81.116920
-70.225006
-23.992836
-22.697866
-65.348213
-75.346413
-64.580566
-18.256664
-16.807198
-59.713966
-69.848961
-59.404438
-13.326227
-11.548995
-54.318432
-64.354187
-54.043774
-7.879196
-5.844472
-48.690086
-58.913593
-48.645561
-2.429483
-0.110981
-43.033302
-53.390388
-43.199600
2.887728
5.271676
-37.775639
-48.060303
-37.800312
8.052590
10.689738
-32.235802
-42.483986
-32.367767
13.631050
16.414646
-26.537182
-37.044468
-27.046265
18.865648
21.852556
-21.059572
-31.550230
-21.551489
24.371153
27.775414
-15.290677
-26.081741
-16.314207
29.582150
33.365673
-9.723483
-20.481825
-10.633824
35.237854
39.070194
-3.930448
-14.850795
-5.266188
40.524490
44.645435
1.605096
-9.391425
0.061753
45.634632
49.834976
6.864909
-4.108010
5.447629
51.125656
55.600117
12.669746
1.549306
11.011603
56.657444
61.388859
18.217091
6.966296
16.301458
61.895798
66.974831
23.816471
12.485746
21.656755
67.203888
72.441170
29.275305
18.077080
27.157433
72.648773
78.168221
34.867710
23.433989
31.227953
75.075096
82.328865
40.116795
26.630646
35.072632
80.518372
86.378464
43.055958
31.580395
40.352291
85.783554
92.564713
51.239918
40.153809
48.921951
94.213737
100.648361
57.277035
45.813805
54.526161
99.774498
106.382927
63.059875
51.382076
59.948513
105.205437
112.005371
68.873299
57.108055
65.379448
110.696449
117.905693
74.553139
62.484276
70.901581
116.113976
123.328583
79.976570
68.305206
76.710175
121.665077
129.187607
85.914978
73.980759
82.088005
127.142151
134.900177
91.460716
79.615547
87.874603
132.999557
140.872375
97.356750
85.287880
93.411751
138.498627
146.663269
103.175537
91.023514
99.091606
143.912399
152.343109
108.754532
96.221642
104.008095
148.976944
157.591125
114.079788
101.815659
109.749100
154.582214
163.383621
119.834740
107.374802
115.106003
159.784637
168.899857
125.353119
112.614769
120.424286
165.198944
174.524445
131.040466
118.343430
125.934082
170.395981
179.960205
136.560455
123.820503
131.407928
175.874664
185.736084
142.101364
129.271286
136.975662
181.478333
191.504440
147.994171
134.893738
142.285904
186.708649
197.060379
153.514694
140.456635
147.696991
192.090240
202.519211
159.015381
145.875229
153.056580
197.640274
208.307419
164.818069
151.679001
158.766998
202.961777
213.734070
170.134735
156.942566
163.890564
208.072464
219.200943
175.786697
162.481857
169.624054
213.899292
225.133453
181.472443
167.960007
175.124725
219.280334
230.877670
187.384567
173.787903
180.736435
224.946228
236.746887
193.167419
179.583084
186.439346
230.521469
242.439072
198.985672
185.291901
192.051620
236.062378
248.130707
204.711105
191.049530
197.739517
241.535156
254.062683
210.632889
196.822205
203.341583
247.082504
-252.254852
216.282700
202.320190
208.913605
252.568695
-246.716080
221.843994
207.871292
214.414276
-253.945175
-240.998154
227.617706
213.537186
219.992188
-248.678391
-235.449203
233.097473
218.987442
225.480530
-243.281250
-229.863770
238.762299
224.316986
230.524155
-237.978516
-224.391525
244.255463
229.967865
236.300018
-232.514328
-218.824326
249.704636
235.252884
241.220810
-227.556000
-213.458298
255.231049
240.656998
246.739716
-222.180847
-207.933487
-251.228104
245.989243
251.930862
-216.996140
-202.565857
-245.927521
251.261383
-254.769150
-211.840393
-197.065720
-240.399490
-255.071167
-249.161194
-206.485626
-191.474365
-234.773819
-249.584976
-243.812332
-201.189346
-185.861572
-228.979706
-244.195877
-238.342773
-195.562607
-180.149002
-223.247833
-238.179153
-232.433319
-189.886505
-174.257263
-217.365753
-232.504135
-226.710556
-184.232407
-168.518417
-211.576996
-226.871490
-221.107971
-178.661453
-162.694260
-205.796310
-221.267822
-215.840103
-173.369995
-157.231140
-200.407211
-215.830978
-210.392532
-168.265747
-151.834000
-194.877029
-210.511627
-205.078003
-162.788681
-146.024872
-189.063065
-204.723419
-199.433563
-157.359344
-140.662598
-183.594040
-199.244736
-193.995651
-152.059311
-134.940918
-177.806366
-193.567047
-188.419861
-146.633728
-129.251404
-172.137787
-187.994461
-182.762558
-140.876099
-123.343575
-166.349045
-182.645065
-177.646500
-135.927963
-118.321411
-161.134827
-177.251144
-172.343781
-130.822647
-113.024582
-155.898087
-172.092728
-167.130630
-125.545670
-107.401596
-150.219849
-166.498169
-161.511414
-120.114731
-101.625732
-144.298065
-161.031296
-156.410919
-115.285683
-96.548843
-139.085999
-155.664734
-150.911850
-109.723320
-90.825005
-133.222687
-149.953232
-145.417084
-104.297211
-85.229378
-127.687683
-144.521759
-139.848816
-98.863052
-79.533974
-122.201492
-139.334900
-134.751541
-93.523308
-73.942642
-116.469612
-133.608383
-129.141968
-88.356834
-68.579834
-111.085342
-128.246658
-123.952438
-83.172127
-63.104370
-105.457535
-122.754028
-118.321411
-77.652672
-57.404678
-99.822746
-117.143379
-113.019218
-72.521606
-52.124481
-94.405754
-111.872307
-107.566818
-67.171677
-46.245613
-88.563362
-106.349632
-102.175049
-61.883968
-40.926254
-83.074493
-100.796928
-96.793999
-56.628448
-35.504436
-77.707390
-95.393875
-91.276688
-51.066620
-29.635765
-71.719093
-89.598694
-85.647804
-45.806267
-24.227358
-66.070358
-84.250908
-80.355804
-40.571129
-18.642996
-60.634056
-78.772766
-74.818115
-35.329021
-13.301109
-55.053452
-73.328957
-69.660225
-30.102468
-7.849250
-49.565655
-67.896942
-64.311905
-24.987495
-2.341065
-44.095016
-62.633377
-58.868629
-19.563532
3.269580
-38.310028
-56.904179
-53.468803
-14.242028
8.687643
-32.746052
-51.499527
-47.992802
-8.746717
14.468341
-26.989496
-45.930183
-42.441704
-3.610287
19.951849
-21.330570
-40.286816
-36.829449
1.818505
25.482567
-15.767669
-34.964241
-31.665661
6.190506
28.325706
-11.806581
-29.654003
-28.032339
9.608177
33.736259
-7.473741
-27.068354
-23.903881
14.585821
39.053471
-1.474712
-19.121504
-15.211378
23.237555
47.810345
6.664185
-13.024841
-9.881291
28.302641
53.062115
12.294142
-7.511292
-4.540477
33.616634
58.857296
17.957357
-1.886163
1.059440
38.991245
64.201332
23.522942
3.505615
6.317107
44.192585
69.896194
29.188305
9.203164
11.911658
49.637470
75.374336
34.803242
14.650194
17.332941
54.933224
81.041847
40.770084
20.172327
22.734373
60.168896
86.469566
46.072277
25.495441
27.987749
65.209839
91.785164
51.531113
30.684978
33.165485
70.609665
97.381332
57.222221
36.340683
38.751453
75.776131
102.746292
62.605953
41.594597
43.994099
80.956017
108.065643
68.127014
47.096344
49.443817
86.297371
113.883896
73.998367
52.720402
55.029247
91.870995
119.568031
79.679825
58.266136
60.466621
96.967201
124.879883
85.249161
63.748573
65.902390
102.253838
130.498032
90.758415
69.125328
71.410034
107.760414
136.106537
96.553070
74.781570
76.814690
113.019684
141.672653
102.377220
80.420647
82.237579
118.341728
147.284912
107.798500
85.873039
87.921181
123.718483
152.639130
113.482635
91.345284
93.214783
128.786255
158.084015
119.122787
96.859917
98.666115
134.267609
163.756348
124.885780
102.345566
103.970985
139.500595
169.441025
130.630539
107.927246
109.593971
145.021118
175.003922
136.106537
113.144142
114.813011
149.916153
180.052917
141.384048
118.392685
119.951050
155.034882
185.372818
146.931931
123.979729
125.386818
160.229782
191.045685
152.756073
129.481476
130.953476
165.569519
196.242218
158.011597
134.610931
135.906982
170.587936
201.579803
163.439850
139.881470
141.105637
175.616013
206.806900
168.873474
145.166504
146.409973
180.810913
212.248566
174.507187
150.917160
152.155258
186.299789
217.847412
180.200974
156.355072
157.463348
191.524185
223.421570
185.893158
161.754349
162.810074
196.676727
228.787064
191.285477
167.001297
167.883743
201.574448
233.858047
196.423523
172.086761
173.086151
206.511856
239.139313
201.936005
177.554169
178.461288
211.808685
244.467255
207.281647
182.905182
183.883118
217.016998
249.880493
213.135834
188.431061
189.252899
222.224762
255.495956
218.817825
193.921021
194.684387
227.728668
-250.860199
224.636078
199.664703
200.347595
233.155304
-245.542450
229.892136
204.717453
205.371918
237.968796
-240.196808
235.592361
210.252991
210.853806
243.501663
-234.565231
241.257187
215.841110
216.403305
248.811356
-229.021652
246.987457
221.328369
221.700668
254.009476
-223.521515
252.671600
226.728195
227.209930
-252.817139
-218.095398
-253.708694
232.299149
232.579712
-247.602386
-212.702011
-247.915131
237.914612
238.219315
-242.068985
-207.170227
-242.353302
243.321960
243.530090
-237.006592
-201.869110
-236.822586
248.703003
248.818329
-231.806854
-196.439789
-231.186188
254.226746
254.276627
-226.448868
-190.788895
-225.389404
-252.139603
-252.014618
-220.910110
-185.261932
-219.759979
-246.699554
-246.976349
-216.015076
-179.824020
-214.305435
-241.413452
-241.503036
-210.733810
-174.408646
-208.668503
-235.897217
-236.258255
-205.717010
-169.149368
-203.039093
-230.487213
-230.813370
-200.502792
-163.836975
-197.804489
-225.256363
-225.554092
-195.396408
-158.606674
-192.293625
-220.084534
-220.429993
-190.327545
-153.130676
-186.572998
-214.425598
-214.920197
-185.207214
-147.877838
-180.931778
-209.065475
-209.675949
-180.214005
-142.726379
-175.642456
-203.734848
-204.343185
-175.005692
-137.393616
-170.179337
-198.454651
-199.021133
-169.844589
-131.951416
-164.601410
-193.242050
-193.965179
-164.767700
-126.753830
-159.095901
-187.637299
-188.254745
-159.365738
-121.142647
-153.234207
-182.136612
-183.032471
-154.159576
-115.749802
-147.698669
-176.606445
-177.548431
-148.981293
-110.573669
-142.242508
-171.328934
-172.163086
-143.582016
-104.846085
-136.418365
-165.774078
-166.874313
-138.440216
-99.529945
-130.771240
-160.441833
-161.424057
-133.199173
-94.207359
-125.214241
-154.900925
-156.034439
-128.166275
-88.866547
-119.867531
-149.626633
-150.909271
-123.156448
-83.605659
-114.114723
-144.086258
-145.269653
-117.677773
-78.078705
-108.474037
-138.667130
-140.052765
-112.672234
-72.930473
-103.087090
-133.360641
-134.689957
-107.418861
-67.375084
-97.354141
-127.729622
-129.130798
-102.011528
-61.759605
-91.567535
-122.404900
-123.802330
-96.685196
-56.439713
-85.984779
-116.719688
-118.404648
-91.762260
-51.412720
-80.588181
-111.565018
-113.113724
-86.597939
-46.047760
-75.141685
-106.288040
-108.101746
-81.836479
-40.985893
-69.820717
-101.078117
-102.942253
-76.723114
-36.529675
-67.198593
-97.726425
-97.915253
-73.496414
-33.365738
-61.730103
-93.312042
-95.403091
-69.603996
-28.041553
-56.117313
-87.642921
-87.727684
-61.234432
-19.666086
-47.333073
-79.350609
-81.343491
-55.954235
-14.037203
-41.586174
-73.724403
-75.814384
-50.417084
-8.713017
-36.090862
-68.436699
-70.602852
-45.537067
-3.569076
-30.643297
-63.061550
-65.247017
-40.202152
1.984171
-24.795008
-57.327526
-59.587555
-35.082352
7.063739
-19.416641
-52.387970
-54.749386
-30.075205
12.311213
-14.017354
-46.885681
-49.271778
-24.979008
17.586046
-8.345017
-41.463863
-44.047905
-19.967566
22.701017
-2.969870
-36.099445
-38.419022
-14.352094
28.402861
3.049008
-30.332161
-33.021343
-8.998404
33.930355
8.709542
-24.791252
-27.407480
-3.586242
39.541000
14.681213
-19.057760
-21.900904
1.639775
44.842121
20.143263
-13.999115
-16.862642
6.669454
49.998940
25.684174
-8.397589
-11.496614
11.546782
55.217979
31.164999
-2.924809
-5.963752
16.956263
60.578106
36.661919
2.338222
-0.814983
21.956974
65.792320
42.387363
7.844798
4.731826
27.319784
71.234520
47.992107
13.282709
10.089271
32.378967
76.414940
53.675175
18.929296
15.641444
37.643608
81.770241
59.340000
24.338778
21.099739
43.023045
87.216736
65.113724
29.991264
26.510830
48.369766
92.590271
70.556458
35.195286
31.645115
53.152142
97.590988
75.805008
40.463146
36.976810
58.374405
102.896935
81.585701
45.988495
42.292412
63.639580
108.288177
87.119637
51.310001
47.812397
69.115578
113.900963
93.128319
57.061195
53.185940
74.054062
118.944054
98.520645
62.467991
58.682858
79.545082
124.574547
104.272369
67.984756
63.929260
84.510384
129.705612
109.802017
73.467728
69.459976
89.696167
134.741196
115.146049
78.696968
74.489655
94.476936
139.825592
120.712166
83.901527
79.807938
99.708862
144.981873
126.002556
89.233215
85.030731
104.822227
150.307129
131.702789
94.677032
90.309319
109.810059
155.237030
136.817230
99.466927
95.017136
114.474426
160.052124
142.041626
104.894646
100.326843
119.434898
165.203049
147.468277
110.018204
105.525497
124.605659
170.232727
153.148117
115.721115
111.074989
129.981888
175.788116
158.754471
120.970734
116.135780
134.806641
180.691193
164.155914
126.356606
121.481422
139.836319
185.841034
169.621719
131.779495
126.893051
145.098282
191.149124
175.206604
137.047897
132.138916
150.313034
196.349945
180.677780
142.429474
137.322556
155.353439
201.510513
186.213318
147.974136
142.786209
160.450699
206.366379
191.372818
153.042984
147.793365
165.405273
211.744751
197.150848
158.536148
153.312805
170.726776
216.881180
202.623627
163.916656
158.428848
175.635757
221.950546
208.111420
169.481171
163.888229
180.826370
227.099319
213.562210
174.767792
169.399094
186.145737
232.515778
219.158905
180.122559
174.506012
191.144287
237.430115
224.590912
185.474106
179.798019
196.341354
242.633072
230.300262
191.109955
185.231094
201.565765
247.999100
235.931839
196.661621
190.717819
206.950027
253.001953
241.285522
201.699875
195.558685
211.724365
-254.062851
246.531387
206.912476
200.751984
216.801788
-248.865799
252.154907
212.470551
206.231735
221.962891
-243.641922
-254.104156
218.213165
211.803757
227.380951
-238.216888
-248.530518
223.695602
217.200897
232.720688
-232.874466
-242.903244
228.914108
222.316940
237.557785
-227.926331
-237.519516
234.309097
227.565491
242.731232
-222.949219
-232.192657
239.652603
232.807068
247.715851
-217.739838
-226.657104
244.974106
238.159149
252.956894
-212.564789
-221.189697
250.235519
243.211884
-254.223785
-207.782944
-216.003372
255.296844
248.291458
-249.397415
-202.883621
-210.708160
-251.479874
253.218674
-244.588745
-197.992874
-205.446198
-246.277466
-253.382645
-239.346100
-192.700348
-199.862381
-240.774643
-247.988174
-234.293350
-187.626129
-194.183609
-235.260559
-242.655411
-228.908554
-182.364166
-188.528412
-229.545853
-237.221786
-223.731888
-177.370422
-183.373215
-224.404053
-232.088043
-218.770874
-172.218445
-177.775986
-218.893188
-226.655502
-213.369980
-166.717773
-171.841324
-213.096924
-220.961166
-207.605377
-161.121063
-165.942612
-207.337158
-215.295273
-202.421738
-155.855896
-160.307281
-201.916412
-210.189423
-197.449997
-150.851959
-154.978806
-196.577209
-204.828217
-192.215393
-145.765427
-149.561829
-191.326492
-199.764206
-187.254898
-140.652054
-143.866425
-185.657913
-194.249054
-181.907120
-135.577850
-138.531509
-180.376648
-189.048233
-177.006714
-130.597534
-133.223953
-175.158676
-183.776611
-171.768372
-125.394585
-127.602577
-169.399445
-178.310272
-166.427551
-120.055916
-122.731682
-166.744049
-174.806778
-161.770157
-117.094215
-119.673965
-161.898376
-170.898788
-159.437714
-113.096115
-114.281654
-156.494263
-165.344482
-152.075058
-104.845108
-105.529068
-147.810883
-156.926102
-145.978928
-99.541840
-99.732819
-142.280701
-151.553635
-140.450363
-94.112511
-94.184929
-136.628754
-146.056717
-135.096664
-88.889175
-88.715904
-131.314758
-140.882187
-130.262253
-84.114304
-83.386887
-126.120392
-135.733963
-125.158012
-79.047615
-77.918938
-120.613274
-130.413528
-119.843483
-73.774925
-72.227287
-115.095436
-125.039993
-114.729050
-68.703407
-66.757729
-109.529854
-119.669678
-109.720291
-63.800327
-61.408871
-104.463158
-114.721535
-104.685783
-58.843067
-56.083076
-99.112152
-109.610855
-99.885162
-54.169586
-50.889244
-94.018631
-104.665398
-95.128525
-49.425297
-45.758175
-88.677818
-99.292931
-89.858521
-43.998112
-39.954948
-83.107407
-94.025604
-84.717804
-39.121853
-34.763264
-77.814873
-88.824799
-79.598541
-33.972549
-29.321062
-72.582954
-83.647598
-74.738373
-29.355930
-24.009216
-67.098373
-78.235977
-69.229652
-23.885296
-18.447386
-61.781696
-73.114029
-64.326042
-19.107744
-13.215468
-56.418350
-67.782333
-58.965912
-13.795362
-7.386491
-50.544312
-62.311165
-53.786568
-8.661613
-1.992031
-45.329021
-57.057789
-48.673740
-3.623888
3.514544
-39.797234
-51.703564
-43.637623
1.381652
8.825318
-34.458031
-46.411026
-38.443790
6.328719
14.372128
-28.866159
-41.067528
-33.178078
11.594968
19.977945
-23.450241
-35.810936
-27.975130
16.711014
25.431950
-17.766104
-30.253935
-22.510931
21.891432
30.961056
-12.369499
-24.975348
-17.382547
26.857277
36.411304
-6.858096
-19.561039
-12.077675
32.126743
42.113682
-1.292511
-14.374720
-7.126317
37.069519
47.421772
4.099266
-9.019956
-1.999005
41.914661
52.633846
9.188490
-4.182323
2.747969
46.700794
58.022404
14.747637
1.258270
8.071618
51.800217
63.383602
20.007986
6.435471
12.980062
56.517147
68.649849
25.481840
11.638419
18.174963
61.704002
74.221336
30.843575
16.976017
23.343580
66.719200
79.666222
36.476215
22.269625
28.508980
71.788033
85.010254
41.641613
27.317543
33.642727
76.696480
90.408470
47.107956
32.688934
38.863380
81.875290
95.982101
52.699829
38.044769
43.984253
86.729553
101.078300
57.783688
42.940338
48.711918
91.388550
106.261940
62.996292
48.009182
53.793095
96.268028
111.566811
68.489990
53.440655
58.933281
101.366371
117.174240
74.215973
58.931137
64.093315
106.165382
122.321396
79.247261
63.645924
69.097778
111.149994
127.889664
84.761879
69.139626
74.337746
116.231171
133.391953
90.513077
74.560905
79.724159
121.615974
139.001526
96.036819
79.982185
84.963585
126.454681
144.266159
101.282150
85.033318
89.845741
131.324509
149.488419
106.666954
90.178871
94.968224
136.382080
155.030930
112.179428
95.426346
100.123970
141.369904
160.196335
117.509514
100.539719
104.981987
146.041245
165.385880
122.814926
105.741058
110.130760
150.762466
170.651047
128.212601
111.108154
115.441528
155.906952
176.102371
133.718643
116.134613
120.378944
160.777832
181.228607
138.873306
121.304840
125.391991
165.632629
186.607513
144.395981
126.649414
130.548813
170.507278
191.857666
149.684219
131.778870
135.817200
175.523010
197.324020
155.312576
137.055847
140.913391
180.543030
202.668594
160.785889
142.584412
146.356674
185.750275
208.208435
166.421204
147.793259
151.329483
190.641022
213.529388
171.876816
153.014984
156.551743
195.761902
219.095520
177.428986
158.467377
161.742905
200.526581
224.222824
182.832565
163.689102
166.888977
205.718796
229.761047
188.355774
169.091080
172.273254
210.685715
235.176971
193.978775
174.417404
177.471375
215.896713
240.688904
199.614090
179.839218
182.812180
220.755798
245.711075
204.770905
184.867828
187.753891
225.700729
251.146835
210.363846
190.182358
192.814163
230.579132
-255.747375
215.633316
195.273209
197.984390
235.458603
-250.513840
221.115219
200.642990
203.126175
240.450729
-245.143524
226.282227
205.519241
208.039444
245.230957
-239.916977
231.886963
210.953934
213.152283
250.179642
-234.565430
237.510483
216.292068
218.450714
255.097733
-229.242859
242.703247
221.243958
223.430496
-252.036804
-223.964264
248.391144
226.804184
228.639893
-247.065063
-218.746826
253.580139
231.821518
233.600906
-242.406601
-213.688187
-253.172455
237.007309
238.919724
-237.464890
-208.353271
-247.496353
242.312714
244.121597
-232.301102
-203.082733
-242.220459
247.331131
249.179703
-227.468307
-197.948990
-236.922012
252.421967
253.989441
-222.792679
-192.707947
-232.269455
254.808060
-254.699158
-218.212540
-189.590134
-229.185455
-252.259430
-250.823898
-216.042099
-185.432175
-223.645081
-246.902512
-245.320557
-208.740585
-177.023987
-215.128525
-238.633804
-237.252472
-202.963104
-171.636490
-209.630539
-233.364868
-232.065079
-198.042862
-166.413162
-204.140594
-228.225220
-227.104599
-193.135498
-161.101852
-198.589493
-222.916595
-221.994980
-188.415329
-155.956299
-193.119934
-217.649277
-216.681000
-183.157654
-150.406815
-187.368729
-212.109436
-211.267761
-178.016403
-144.928665
-181.838547
-206.704788
-205.859360
-172.894989
-139.703186
-176.331436
-201.203583
-200.608658
-168.011765
-134.253479
-170.528748
-195.764053
-195.125687
-162.873718
-128.972214
-164.937943
-190.479019
-190.111557
-157.985657
-123.700592
-159.540802
-185.206863
-184.828140
-152.893219
-118.369972
-153.907089
-179.676147
-179.380035
-147.822235
-112.869301
-148.205261
-174.453354
-174.476959
-143.105835
-108.000549
-142.720673
-169.083038
-168.939270
-137.651840
-108.000549
-137.055313
-163.737396
-163.670868
-132.688675
-108.000549
-131.364731
-158.466858
-158.588089
-127.921852
-108.000549
-126.174667
-153.190414
-153.409821
-123.016098
-108.000549
-120.610153
-148.030380
-148.418228
-118.260002
-108.000549
-115.369652
-143.076340
-143.454529
-113.516785
-108.000549
-109.799774
-137.731232
-138.082062
-108.276283
-108.000549
-108.000549
-132.047623
-132.662384
-108.000549
-108.000549
-108.000549
-127.020630
-127.739464
-108.000549
-108.000549
-108.000549
-121.669624
-122.391136
-108.000549
-108.000549
-108.000549
-116.321304
-117.232178
-108.000549
-108.000549
-108.000549
-111.574326
-112.610199
-108.000549
-108.000549
-108.000549
-108.000549
-108.000549
-108.000549
-108.000549
-108.000549
-108.000549
-108.000549
-108.000549
-108.000549
-108.000549
-108.000549
-108.000549
-108.000549
-108.000549
-108.000549
-108.000549
-108.000549
-108.000549
-108.000549
-108.000549
-108.000549
-108.000549
-108.000549
-108.000549
-108.000549
-108.000549
-108.000549
-108.000549
-108.000549
-108.000549
-108.000549
-108.000549
-108.000549
-108.000549
-108.000549
-108.000549
-108.000549
-108.000549
-108.000549
-108.000549
-108.000549
-108.000549
-108.000549
-108.000549
-108.000549
-108.000549
-108.000549
-108.000549
-108.000549
-108.000549
-108.000549
-108.000549
-108.000549
-108.000549
-108.000549
-108.000549
-108.000549
-108.000549
-108.000549
-108.000549
-108.000549
-108.000549
-108.000549
-108.000549
-108.000549
-108.000549
-108.000549
-108.000549
-108.000549
-108.000549
-108.000549
-108.000549
-108.000549
-108.000549
-108.000549
-108.000549
-108.000549
-108.000549
-108.000549
-108.000549
-108.000549
-108.000549
-108.000549
-108.000549
-108.000549
-108.000549
-108.000549
-108.000549
-108.000549
-108.000549
-108.000549
-108.000549
-108.000549
-108.000549
-108.000549
-108.000549
-108.000549
-108.000549
-108.000549
-108.000549
-108.000549
-108.000549
-108.000549
-108.000549
-108.000549
-108.000549
-108.000549
-108.000549
-108.000549
-108.000549
-108.000549
-108.000549
-108.000549
-108.000549
-108.000549
-108.000549
-108.000549
-108.000549
-108.000549
-108.000549
-108.000549
-108.000549
-108.000549
-108.000549
-108.000549
-108.000549
-108.000549
-108.000549
-108.000549
-108.000549
-108.000549
-108.000549
-108.000549
-108.000549
-108.000549
-108.000549
-108.000549
-108.000549
-108.000549
-108.000549
-108.000549
-108.000549
-108.000549
-108.000549
-108.000549
-108.000549
-108.000549
-108.000549
-108.000549
-108.000549
-108.000549
-108.000549
-108.000549
-108.000549
-108.000549
-108.000549
-108.000549
-108.000549
-108.000549
-108.000549
-108.000549
-108.000549
-108.000549
-108.000549
-108.000549
-108.000549
-108.000549
-108.000549
-108.000549
-108.000549
-108.000549
-108.000549
-108.000549
-108.000549
-108.000549
-108.000549
-108.000549
-108.000549
-108.000549
-108.000549
-108.000549
-108.000549
-108.000549
-108.000549
-108.000549
-108.000549
-108.000549
-108.000549
-108.000549
-108.000549
-108.000549
-108.000549
-108.000549
-108.000549
-108.000549
-108.000549
-108.000549
-108.000549
-108.000549
-108.000549
-108.000549
-108.000549
-108.000549
-108.000549
-108.000549
-108.000549
-108.000549
-108.000549
-108.000549
-108.000549
-108.000549
-108.000549
-108.000549
-108.000549
-108.000549
-108.000549
-108.000549
-108.000549
-108.000549
-108.000549
-108.000549
-108.000549
-108.000549
-108.000549
-108.000549
-108.000549
-108.000549
-108.000549
-108.000549
-108.000549
-108.000549
-108.000549
-108.000549
-108.000549
-108.000549
-108.000549
-108.000549
-108.000549
-108.000549
-108.000549
-108.000549
-108.000549
-108.000549
-108.000549
-108.000549
-108.000549
-108.000549
-108.000549
-108.000549
-108.000549
-108.000549
-108.000549
-108.000549
-108.000549
-108.000549
-108.000549
-108.000549
-108.000549
-108.000549
-108.000549
-108.000549
-108.000549
-108.000549
-108.000549
-108.000549
-108.000549
-108.000549
-108.000549
-108.000549
-108.000549
-108.000549
-108.000549
-108.000549
-108.000549
-108.000549
-108.000549
-108.000549
-108.000549
-108.000549
-108.000549
-108.000549
-108.000549
-108.000549
-108.000549
-108.000549
-108.000549
-108.000549
-108.000549
-108.000549
-108.000549
-108.000549
-108.000549
-108.000549
-108.000549
-108.000549
-108.000549
-108.000549
-108.000549
-108.000549
-108.000549
-108.000549
-108.000549
-108.000549
-108.000549
-108.000549
-108.000549
-108.000549
-108.000549
-108.000549
-108.000549
-108.000549
-108.000549
-108.000549
-108.000549
-108.000549
-108.000549
-108.000549
-108.000549
-108.000549
-108.000549
-108.000549
-108.000549
-108.000549
-108.000549
-108.000549
-108.000549
-108.000549
-108.000549
-108.000549
-108.000549
-108.000549
-108.000549
-108.000549
-108.000549
-108.000549
-108.000549
-108.000549
-108.000549
-108.000549
-108.000549
-108.000549
-108.000549
-108.000549
-108.000549
-108.000549
-108.000549
-108.000549
-108.000549
-108.000549
-108.000549
-108.000549
-108.000549
-108.000549
-108.000549
-108.000549
-108.000549
-108.000549
-108.000549
-108.000549
-108.000549
-108.000549
-108.000549
-108.000549
-108.000549
-108.000549
-108.000549
-108.000549
-108.000549
-108.000549
-108.000549
-108.000549
-108.000549
-108.000549
-108.000549
-108.000549
-108.000549
-108.000549
-108.000549
-108.000549
-108.000549
-108.000549
-108.000549
-108.000549
-108.000549
-108.000549
-108.000549
-108.000549
-108.000549
-108.000549
-108.000549
-108.000549
-108.000549
-108.000549
-108.000549
-108.000549
-108.000549
-108.000549
-108.000549
-108.000549
-108.000549
-108.000549
-108.000549
-108.000549
-108.000549
-108.000549
-108.000549
-108.000549
-108.000549
-108.000549
-108.000549
-108.000549
-108.000549
-108.000549
-108.000549
-108.000549
-108.000549
-108.000549
-108.000549
-108.000549
-108.000549
-108.000549
-108.000549
-108.000549
-108.000549
-108.000549
-108.000549
-108.000549
-108.000549
-108.000549
-108.000549
-108.000549
-108.000549
-108.000549
-108.000549
-108.000549
-108.000549
-108.000549
-108.000549
-108.000549
-108.000549
-108.000549
-108.000549
-108.000549
-108.000549
-108.000549
-108.000549
-108.000549
-108.000549
-108.000549
-108.000549
-108.000549
-108.000549
-108.000549
-108.000549
-108.000549
-108.000549
-108.000549
-108.000549
-108.000549
-108.000549
-108.000549
-108.000549
-108.000549
-108.000549
-108.000549
-108.000549
-108.000549
-108.000549
-108.000549
-108.000549
-108.000549
-108.000549
-108.000549
-108.000549
-108.000549
-108.000549
-108.000549
-108.000549
-108.000549
-108.000549
-108.000549
-108.000549
-108.000549
-108.000549
-108.000549
-108.000549
-108.000549
-108.000549
-108.000549
-108.000549
-108.000549
-108.000549
-108.000549
-108.000549
-108.000549
-108.000549
-108.000549
-108.000549
-108.000549
-108.000549
-108.000549
-108.000549
-108.000549
-108.000549
-108.000549
-108.000549
-108.000549
-108.000549
-108.000549
-108.000549
-108.000549
-108.000549
-108.000549
-108.000549
-108.000549
-108.000549
-108.000549
-108.000549
-108.000549
-108.000549
-108.000549
-108.000549
-108.000549
-108.000549
-108.000549
-108.000549
-108.000549
-108.000549
-108.000549
-108.000549
-108.000549
-108.000549
-108.000549
-108.000549
-108.000549
-108.000549
-108.000549
-108.000549
-108.000549
-108.000549
-108.000549
-108.000549
-108.000549
-108.000549
-108.000549
-108.000549
-108.000549
-108.000549
-108.000549
-108.000549
-108.000549
-108.000549
-108.000549
-108.000549
-108.000549
-108.000549
-108.000549
-108.000549
-108.000549
-108.000549
-108.000549
-108.000549
-108.000549
-108.000549
-108.000549
-108.000549
-108.000549
-108.000549
-108.000549
-108.000549
-108.000549
-108.000549
-108.000549
-108.000549
-108.000549
-108.000549
-108.000549
-108.000549
-108.000549
-108.000549
-108.000549
-108.000549
-108.000549
-108.000549
-108.000549
-108.000549
-108.000549
-108.000549
-108.000549
-108.000549
-108.000549
-108.000549
-108.000549
-108.000549
-108.000549
-108.000549
-108.000549
-108.000549
-108.000549
-108.000549
-108.000549
-108.000549
-108.000549
-108.000549
-108.000549
-108.000549
-108.000549
-108.000549
-108.000549
-108.000549
-108.000549
-108.000549
-108.000549
-108.000549
-108.000549
-108.000549
-108.000549
-108.000549
-108.000549
-108.000549
-108.000549
-108.000549
-108.000549
-108.000549
-108.000549
-108.000549
-108.000549
-108.000549
-108.000549
-108.000549
-108.000549
-108.000549
-108.000549
-108.000549
-108.000549
-108.000549
-108.000549
-108.000549
-108.000549
-108.000549
-108.000549
-108.000549
-108.000549
-108.000549
-108.000549
-108.000549
-108.000549
-108.000549
-108.000549
-108.000549
-108.000549
-108.000549
-108.000549
-108.000549
-108.000549
-108.000549
-108.000549
-108.000549
-108.000549
-108.000549
-108.000549
-108.000549
-108.000549
-108.000549
-108.000549
-108.000549
-108.000549
-108.000549
-108.000549
-108.000549
-108.000549
-108.000549
-108.000549
-108.000549
-108.000549
-108.000549
-108.000549
-108.000549
-108.000549
-108.000549
-108.000549
-108.000549
-108.000549
-108.000549
-108.000549
-108.000549
-108.000549
-108.000549
-108.000549
-108.000549
-108.000549
-108.000549
-108.000549
-108.000549
-108.000549
-108.000549
-108.000549
-108.000549
-108.000549
-108.000549
-108.000549
-108.000549
-108.000549
-108.000549
-108.000549
-108.000549
-108.000549
-108.000549
-108.000549
-108.000549
-108.000549
-108.000549
-108.000549
-108.000549
-108.000549
-108.000549
-108.000549
-108.000549
-108.000549
-108.000549
-108.000549
-108.000549
-108.000549
-108.000549
-108.000549
-108.000549
-108.000549
-108.000549
-108.000549
-108.000549
-108.000549
-108.000549
-108.000549
-108.000549
-108.000549
-108.000549
-108.000549
-108.000549
-108.000549
-108.000549
-108.000549
-108.000549
-108.000549
-108.000549
-108.000549
-108.000549
-108.000549
-108.000549
-108.000549
-108.000549
-108.000549
-108.000549
-108.000549
-108.000549
-108.000549
-108.000549
-108.000549
-108.000549
-108.000549
-108.000549
-108.000549
-108.000549
-108.000549
-108.000549
-108.000549
-108.000549
-108.000549
-108.000549
-108.000549
-108.000549
-108.000549
-108.000549
-108.000549
-108.000549
-108.000549
-108.000549
-108.000549
-108.000549
-108.000549
-108.000549
-108.000549
-108.000549
-108.000549
-108.000549
-108.000549
-108.000549
-108.000549
-108.000549
-108.000549
-108.000549
-108.000549
-108.000549
-108.000549
-108.000549
-108.000549
-108.000549
-108.000549
-108.000549
-108.000549
-108.000549
-108.000549
-108.000549
-108.000549
-108.000549
-108.000549
-108.000549
-108.000549
-108.000549
-108.000549
-108.000549
-108.000549
-108.000549
-108.000549
-108.000549
-108.000549
-108.000549
-108.000549
-108.000549
-108.000549
-108.000549
-108.000549
-108.000549
-108.000549
-108.000549
-108.000549
-108.000549
-108.000549
-108.000549
-108.000549
-108.000549
-108.000549
-108.000549
-108.000549
-108.000549
-108.000549
-108.000549
-108.000549
-108.000549
-108.000549
-108.000549
-108.000549
-108.000549
-108.000549
-108.000549
-108.000549
-108.000549
-108.000549
-108.000549
-108.000549
-108.000549
-108.000549
-108.000549
-108.000549
-108.000549
-108.000549
-108.000549
-108.000549
-108.000549
-108.000549
-108.000549
-108.000549
-108.000549
-108.000549
-108.000549
-108.000549
-108.000549
-108.000549
-108.000549
-108.000549
-108.000549
-108.000549
-108.000549
-108.000549
-108.000549
-108.000549
-108.000549
-108.000549
-108.000549
-108.000549
-108.000549
-108.000549
-108.000549
-108.000549
-108.000549
-108.000549
-108.000549
-108.000549
-108.000549
-108.000549
-108.000549
-108.000549
-108.000549
-108.000549
-108.000549
-108.000549
-108.000549
-108.000549
-108.000549
-108.000549
-108.000549
-108.000549
-108.000549
-108.000549
-108.000549
-108.000549
-108.000549
-108.000549
-108.000549
-108.000549
-108.000549
-108.000549
-108.000549
-108.000549
-108.000549
-108.000549
-108.000549
-108.000549
-108.000549
-108.000549
-108.000549
-108.000549
-108.000549
-108.000549
-108.000549
-108.000549
-108.000549
-108.000549
-108.000549
-108.000549
-108.000549
-108.000549
-108.000549
-108.000549
-108.000549
-108.000549
-108.000549
-108.000549
-108.000549
-108.000549
-108.000549
-108.000549
-108.000549
-108.000549
-108.000549
-108.000549
-108.000549
-108.000549
-108.000549
-108.000549
-108.000549
-108.000549
-108.000549
-108.000549
-108.000549
-108.000549
-108.000549
-108.000549
-108.000549
-108.000549
-108.000549
-108.000549
-108.000549
-108.000549
-108.000549
-108.000549
-108.000549
-108.000549
-108.000549
-108.000549
-108.000549
-108.000549
-108.000549
-108.000549
-108.000549
-108.000549
-108.000549
-108.000549
-108.000549
-108.000549
-108.000549
-108.000549
-108.000549
-108.000549
-108.000549
-108.000549
-108.000549
-108.000549
-108.000549
-108.000549
-108.000549
-108.000549
-108.000549
-108.000549
-108.000549
-108.000549
-108.000549
-108.000549
-108.000549
-108.000549
-108.000549
-108.000549
-108.000549
-108.000549
-108.000549
-108.000549
-108.000549
-108.000549
-108.000549
-108.000549
-108.000549
-108.000549
-108.000549
-108.000549
-108.000549
-108.000549
-108.000549
-108.000549
-108.000549
-108.000549
-108.000549
-108.000549
-108.000549
-108.000549
-108.000549
-108.000549
-108.000549
-108.000549
-108.000549
-108.000549
-108.000549
-108.000549
-108.000549
-108.000549
-108.000549
-108.000549
-108.000549
-108.000549
-108.000549
-108.000549
-108.000549
-108.000549
-108.000549
-108.000549
-108.000549
-108.000549
-108.000549
-108.000549
-108.000549
-108.000549
-108.000549
-108.000549
-108.000549
-108.000549
-108.000549
-108.000549
-108.000549
-108.000549
-108.000549
-108.000549
-108.000549
-108.000549
-108.000549
-108.000549
-108.000549
-108.000549
-108.000549
-108.000549
-108.000549
-108.000549
-108.000549
-108.000549
-108.000549
-108.000549
-108.000549
-108.000549
-108.000549
-108.000549
-108.000549
-108.000549
-108.000549
-108.000549
-108.000549
-108.000549
-108.000549
-108.000549
-108.000549
-108.000549
-108.000549
-108.000549
-108.000549
-108.000549
-108.000549
-108.000549
-108.000549
-108.000549
-108.000549
-108.000549
-108.000549
-108.000549
-108.000549
-108.000549
-108.000549
-108.000549
-108.000549
-108.000549
-108.000549
-108.000549
-108.000549
-108.000549
-108.000549
-108.000549
-108.000549
-108.000549
-108.000549
-108.000549
-108.000549
-108.000549
-108.000549
-108.000549
-108.000549
-108.000549
-108.000549
-108.000549
-108.000549
-108.000549
-108.000549
-108.000549
-108.000549
-108.000549
-108.000549
-108.000549
-108.000549
-108.000549
-108.000549
-108.000549
-108.000549
-108.000549
-108.000549
-108.000549
-108.000549
-108.000549
-108.000549
-108.000549
-108.000549
-108.000549
-108.000549
-108.000549
-108.000549
-108.000549
-108.000549
-108.000549
-108.000549
-108.000549
-108.000549
-108.000549
-108.000549
-108.000549
-108.000549
-108.000549
-108.000549
-108.000549
-108.000549
-108.000549
-108.000549
-108.000549
-108.000549
-108.000549
-108.000549
-108.000549
-108.000549
-108.000549
-108.000549
-108.000549
-108.000549
-108.000549
-108.000549
-108.000549
-108.000549
-108.000549
-108.000549
-108.000549
-108.000549
-108.000549
-108.000549
-108.000549
-108.000549
-108.000549
-108.000549
-108.000549
-108.000549
-108.000549
-108.000549
-108.000549
-108.000549
-108.000549
-108.000549
-108.000549
-108.000549
-108.000549
-108.000549
-108.000549
-108.000549
-108.000549
-108.000549
-108.000549
-108.000549
-108.000549
-108.000549
-108.000549
-108.000549
-108.000549
-108.000549
-108.000549
-108.000549
-108.000549
-108.000549
-108.000549
-108.000549
-108.000549
-108.000549
-108.000549
-108.000549
-108.000549
-108.000549
-108.000549
-108.000549
-108.000549
-108.000549
-108.000549
-108.000549
-108.000549
-108.000549
-108.000549
-108.000549
-108.000549
-108.000549
-108.000549
-108.000549
-108.000549
-108.000549
-108.000549
-108.000549
-108.000549
-108.000549
-108.000549
-108.000549
-108.000549
-108.000549
-108.000549
-108.000549
-108.000549
-108.000549
-108.000549
-108.000549
-108.000549
-108.000549
-108.000549
-108.000549
-108.000549
-108.000549
-108.000549
-108.000549
-108.000549
-108.000549
-108.000549
-108.000549
-108.000549
-108.000549
-108.000549
-108.000549
-108.000549
-108.000549
-108.000549
-108.000549
-108.000549
-108.000549
-108.000549
-108.000549
-108.000549
-108.000549
-108.000549
-108.000549
-108.000549
-108.000549
-108.000549
-108.000549
-108.000549
-108.000549
-108.000549
-108.000549
-108.000549
-108.000549
-108.000549
-108.000549
-108.000549
-108.000549
-108.000549
-108.000549
-108.000549
-108.000549
-108.000549
-108.000549
-108.000549
-108.000549
-108.000549
-108.000549
-108.000549
-108.000549
-108.000549
-108.000549
-108.000549
-108.000549
-108.000549
-108.000549
-108.000549
-108.000549
-108.000549
-108.000549
-108.000549
-108.000549
-108.000549
-108.000549
-108.000549
-108.000549
-108.000549
-108.000549
-108.000549
-108.000549
-108.000549
-108.000549
-108.000549
-108.000549
-108.000549
-108.000549
-108.000549
-108.000549
-108.000549
-108.000549
-108.000549
-108.000549
-108.000549
-108.000549
-108.000549
-108.000549
-108.000549
-108.000549
-108.000549
-108.000549
-108.000549
-108.000549
-108.000549
-108.000549
-108.000549
-108.000549
-108.000549
-108.000549
-108.000549
-108.000549
-108.000549
-108.000549
-108.000549
-108.000549
-108.000549
-108.000549
-108.000549
-108.000549
-108.000549
-108.000549
-108.000549
-108.000549
-108.000549
-108.000549
-108.000549
-108.000549
-108.000549
-108.000549
-108.000549
-108.000549
-108.000549
-108.000549
-108.000549
-108.000549
-108.000549
-108.000549
-108.000549
-108.000549
-108.000549
-108.000549
-108.000549
-108.000549
-108.000549
-108.000549
-108.000549
-108.000549
-108.000549
-108.000549
-108.000549
-108.000549
-108.000549
-108.000549
-108.000549
-108.000549
-108.000549
-108.000549
-108.000549
-108.000549
-108.000549
-108.000549
-108.000549
-108.000549
-108.000549
-108.000549
-108.000549
-108.000549
-108.000549
-108.000549
-108.000549
-108.000549
-108.000549
-108.000549
-108.000549
-108.000549
-108.000549
-108.000549
-108.000549
-108.000549
-108.000549
-108.000549
-108.000549
-108.000549
-108.000549
-108.000549
-108.000549
-108.000549
-108.000549
-108.000549
-108.000549
-108.000549
-108.000549
-108.000549
-108.000549
-108.000549
-108.000549
-108.000549
-108.000549
-108.000549
-108.000549
-108.000549
-108.000549
-108.000549
-108.000549
-108.000549
-108.000549
-108.000549
-108.000549
-108.000549
-108.000549
-108.000549
-108.000549
-108.000549
-108.000549
-108.000549
-108.000549
-108.000549
-108.000549
-108.000549
-108.000549
-108.000549
-108.000549
-108.000549
-108.000549
-108.000549
-108.000549
-108.000549
-108.000549
-108.000549
-108.000549
-108.000549
-108.000549
-108.000549
-108.000549
-108.000549
-108.000549
-108.000549
-108.000549
-108.000549
-108.000549
-108.000549
-108.000549
-108.000549
-108.000549
-108.000549
-108.000549
-108.000549
-108.000549
-108.000549
-108.000549
-108.000549
-108.000549
-108.000549
-108.000549
-108.000549
-108.000549
-108.000549
-108.000549
-108.000549
-108.000549
-108.000549
-108.000549
-108.000549
-108.000549
-108.000549
-108.000549
-108.000549
-108.000549
-108.000549
-108.000549
-108.000549
-108.000549
-108.000549
-108.000549
-108.000549
-108.000549
-108.000549
-108.000549
-108.000549
-108.000549
-108.000549
-108.000549
-108.000549
-108.000549
-108.000549
-108.000549
-108.000549
-108.000549
-108.000549
-108.000549
-108.000549
-108.000549
-108.000549
-108.000549
-108.000549
-108.000549
-108.000549
-108.000549
-108.000549
-108.000549
-108.000549
-108.000549
-108.000549
-108.000549
-108.000549
-108.000549
-108.000549
-108.000549
-108.000549
-108.000549
-108.000549
-108.000549
-108.000549
-108.000549
-108.000549
-108.000549
-108.000549
-108.000549
-108.000549
-108.000549
-108.000549
-108.000549
-108.000549
-108.000549
-108.000549
-108.000549
-108.000549
-108.000549
-108.000549
-108.000549
-108.000549
-108.000549
-108.000549
-108.000549
-108.000549
-108.000549
-108.000549
-108.000549
-108.000549
-108.000549
-108.000549
-108.000549
-108.000549
-108.000549
-108.000549
-108.000549
-108.000549
-108.000549
-108.000549
-108.000549
-108.000549
-108.000549
-108.000549
-108.000549
-108.000549
-108.000549
-108.000549
-108.000549
-108.000549
-108.000549
-108.000549
-108.000549
-108.000549
-108.000549
-108.000549
-108.000549
-108.000549
-108.000549
-108.000549
-108.000549
-108.000549
-108.000549
-108.000549
-108.000549
-108.000549
-108.000549
-108.000549
-108.000549
-108.000549
-108.000549
-108.000549
-108.000549
-108.000549
-108.000549
-108.000549
-108.000549
-108.000549
-108.000549
-108.000549
-108.000549
-108.000549
-108.000549
-108.000549
-108.000549
-108.000549
-108.000549
-108.000549
-108.000549
-108.000549
-108.000549
-108.000549
-108.000549
-108.000549
-108.000549
-108.000549
-108.000549
-108.000549
-108.000549
-108.000549
-108.000549
-108.000549
-108.000549
-108.000549
-108.000549
-108.000549
-108.000549
-108.000549
-108.000549
-108.000549
-108.000549
-108.000549
-108.000549
-108.000549
-108.000549
-108.000549
-108.000549
-108.000549
-108.000549
-108.000549
-108.000549
-108.000549
-108.000549
-108.000549
-108.000549
-108.000549
-108.000549
-108.000549
-108.000549
-108.000549
-108.000549
-108.000549
-108.000549
-108.000549
-108.000549
-108.000549
-108.000549
-108.000549
-108.000549
-108.000549
-108.000549
-108.000549
-108.000549
-108.000549
-108.000549
-108.000549
-108.000549
-108.000549
-108.000549
-108.000549
-108.000549
-108.000549
-108.000549
-108.000549
-108.000549
-108.000549
-108.000549
-108.000549
-108.000549
-108.000549
-108.000549
-108.000549
-108.000549
-108.000549
-108.000549
-108.000549
-108.000549
-108.000549
-108.000549
-108.000549
-108.000549
-108.000549
-108.000549
-108.000549
-108.000549
-108.000549
-108.000549
-108.000549
-108.000549
-108.000549
-108.000549
-108.000549
-108.000549
-108.000549
-108.000549
-108.000549
-108.000549
-108.000549
-108.000549
-108.000549
-108.000549
-108.000549
-108.000549
-108.000549
-108.000549
-108.000549
-108.000549
-108.000549
-108.000549
-108.000549
-108.000549
-108.000549
-108.000549
-108.000549
-108.000549
-108.000549
-108.000549
-108.000549
-108.000549
-108.000549
-108.000549
-108.000549
-108.000549
-108.000549
-108.000549
-108.000549
-108.000549
-108.000549
-108.000549
-108.000549
-108.000549
-108.000549
-108.000549
-108.000549
-108.000549
-108.000549
-108.000549
-108.000549
-108.000549
-108.000549
-108.000549
-108.000549
-108.000549
-108.000549
-108.000549
-108.000549
-108.000549
-108.000549
-108.000549
-108.000549
-108.000549
-108.000549
-108.000549
-108.000549
-108.000549
-108.000549
-108.000549
-108.000549
-108.000549
-108.000549
-108.000549
-108.000549
-108.000549
-108.000549
-108.000549
-108.000549
-108.000549
-108.000549
-108.000549
-108.000549
-108.000549
-108.000549
-108.000549
-108.000549
-108.000549
-108.000549
-108.000549
-108.000549
-108.000549
-108.000549
-108.000549
-108.000549
-108.000549
-108.000549
-108.000549
-108.000549
-108.000549
-108.000549
-108.000549
-108.000549
-108.000549
-108.000549
-108.000549
-108.000549
-108.000549
-108.000549
-108.000549
-108.000549
-108.000549
-108.000549
-108.000549
-108.000549
-108.000549
-108.000549
-108.000549
-108.000549
-108.000549
-108.000549
-108.000549
-108.000549
-108.000549
-108.000549
-108.000549
-108.000549
-108.000549
-108.000549
-108.000549
-108.000549
-108.000549
-108.000549
-108.000549
-108.000549
-108.000549
-108.000549
-108.000549
-108.000549
-108.000549
-108.000549
-108.000549
-108.000549
-108.000549
-108.000549
-108.000549
-108.000549
-108.000549
-108.000549
-108.000549
-108.000549
-108.000549
-108.000549
-108.000549
-108.000549
-108.000549
-108.000549
-108.000549
-108.000549
-108.000549
-108.000549
-108.000549
-108.000549
-108.000549
-108.000549
-108.000549
-108.000549
-108.000549
-108.000549
-108.000549
-108.000549
-108.000549
-108.000549
-108.000549
-108.000549
-108.000549
-108.000549
-108.000549
-108.000549
-108.000549
-108.000549
-108.000549
-108.000549
-108.000549
-108.000549
-108.000549
-108.000549
-108.000549
-108.000549
-108.000549
-108.000549
-108.000549
-108.000549
-108.000549
-108.000549
-108.000549
-108.000549
-108.000549
-108.000549
-108.000549
-108.000549
-108.000549
-108.000549
-108.000549
-108.000549
-108.000549
-108.000549
-108.000549
-108.000549
-108.000549
-108.000549
-108.000549
-108.000549
-108.000549
-108.000549
-108.000549
-108.000549
-108.000549
-108.000549
-108.000549
-108.000549
-108.000549
-108.000549
-108.000549
-108.000549
-108.000549
-108.000549
-108.000549
-108.000549
-108.000549
-108.000549
-108.000549
-108.000549
-108.000549
-108.000549
-108.000549
-108.000549
-108.000549
-108.000549
-108.000549
-108.000549
-108.000549
-108.000549
-108.000549
-108.000549
-108.000549
-108.000549
-108.000549
-108.000549
-108.000549
-108.000549
-108.000549
-108.000549
-108.000549
-108.000549
-108.000549
-108.000549
-108.000549
-108.000549
-108.000549
-108.000549
-108.000549
-108.000549
-108.000549
-108.000549
-108.000549
-108.000549
-108.000549
-108.000549
-108.000549
-108.000549
-108.000549
-108.000549
-108.000549
-108.000549
-108.000549
-108.000549
-108.000549
-108.000549
-108.000549
-108.000549
-108.000549
-108.000549
-108.000549
-108.000549
-108.000549
-108.000549
-108.000549
-108.000549
-108.000549
-108.000549
-108.000549
-108.000549
-108.000549
-108.000549
-108.000549
-108.000549
-108.000549
-108.000549
-108.000549
-108.000549
-108.000549
-108.000549
-108.000549
-108.000549
-108.000549
-108.000549
-108.000549
-108.000549
-108.000549
-108.000549
-108.000549
-108.000549
-108.000549
-108.000549
-108.000549
-108.000549
-108.000549
-108.000549
-108.000549
-108.000549
-108.000549
-108.000549
-108.000549
-108.000549
-108.000549
-108.000549
-108.000549
-108.000549
-108.000549
-108.000549
-108.000549
-108.000549
-108.000549
-108.000549
-108.000549
-108.000549
-108.000549
-108.000549
-108.000549
-108.000549
-108.000549
-108.000549
-108.000549
-108.000549
-108.000549
-108.000549
-108.000549
-108.000549
-108.000549
-108.000549
-108.000549
-108.000549
-108.000549
-108.000549
-108.000549
-108.000549
-108.000549
-108.000549
-108.000549
-108.000549
-108.000549
-108.000549
-108.000549
-108.000549
-108.000549
-108.000549
-108.000549
-108.000549
-108.000549
-108.000549
-108.000549
-108.000549
-108.000549
-108.000549
-108.000549
-108.000549
-108.000549
-108.000549
-108.000549
-108.000549
-108.000549
-108.000549
-108.000549
-108.000549
-108.000549
-108.000549
-108.000549
-108.000549
-108.000549
-108.000549
-108.000549
-108.000549
-108.000549
-108.000549
-108.000549
-108.000549
-108.000549
-108.000549
-108.000549
-108.000549
-108.000549
-108.000549
-108.000549
-108.000549
-108.000549
-108.000549
-108.000549
-108.000549
-108.000549
-108.000549
-108.000549
-108.000549
-108.000549
-108.000549
-108.000549
-108.000549
-108.000549
-108.000549
-108.000549
-108.000549
-108.000549
-108.000549
-108.000549
-108.000549
-108.000549
-108.000549
-108.000549
-108.000549
-108.000549
-108.000549
-108.000549
-108.000549
-108.000549
-108.000549
-108.000549
-108.000549
-108.000549
-108.000549
-108.000549
-108.000549
-108.000549
-108.000549
-108.000549
-108.000549
-108.000549
-108.000549
-108.000549
-108.000549
-108.000549
-108.000549
-108.000549
-108.000549
-108.000549
-108.000549
-108.000549
-108.000549
-108.000549
-108.000549
-108.000549
-108.000549
-108.000549
-108.000549
-108.000549
-108.000549
-108.000549
-108.000549
-108.000549
-108.000549
-108.000549
-108.000549
-108.000549
-108.000549
-108.000549
-108.000549
-108.000549
-108.000549
-108.000549
-108.000549
-108.000549
-108.000549
-108.000549
-108.000549
-108.000549
-108.000549
-108.000549
-108.000549
-108.000549
-108.000549
-108.000549
-108.000549
-108.000549
-108.000549
-108.000549
-108.000549
-108.000549
-108.000549
-108.000549
-108.000549
-108.000549
-108.000549
-108.000549
-108.000549
-108.000549
-108.000549
-108.000549
-108.000549
-108.000549
-108.000549
-108.000549
-108.000549
-108.000549
-108.000549
-108.000549
-108.000549
-108.000549
-108.000549
-108.000549
-108.000549
-108.000549
-108.000549
-108.000549
-108.000549
-108.000549
-108.000549
-108.000549
-108.000549
-108.000549
-108.000549
-108.000549
-108.000549
-108.000549
-108.000549
-108.000549
-108.000549
-108.000549
-108.000549
-108.000549
-108.000549
-108.000549
-108.000549
-108.000549
-108.000549
-108.000549
-108.000549
-108.000549
-108.000549
-108.000549
-108.000549
-108.000549
-108.000549
-108.000549
-108.000549
-108.000549
-108.000549
-108.000549
-108.000549
-108.000549
-108.000549
-108.000549
-108.000549
-108.000549
-108.000549
-108.000549
-108.000549
-108.000549
-108.000549
-108.000549
-108.000549
-108.000549
-108.000549
-108.000549
-108.000549
-108.000549
-108.000549
-108.000549
-108.000549
-108.000549
-108.000549
-108.000549
-108.000549
-108.000549
-108.000549
-108.000549
-108.000549
-108.000549
-108.000549
-108.000549
-108.000549
-108.000549
-108.000549
-108.000549
-108.000549
-108.000549
-108.000549
-108.000549
-108.000549
-108.000549
-108.000549
-108.000549
-108.000549
-108.000549
-108.000549
-108.000549
-108.000549
-108.000549
-108.000549
-108.000549
-108.000549
-108.000549
-108.000549
-108.000549
-108.000549
-108.000549
-108.000549
-108.000549
-108.000549
-108.000549
-108.000549
-108.000549
-108.000549
-108.000549
-108.000549
-108.000549
-108.000549
-108.000549
-108.000549
-108.000549
-108.000549
-108.000549
-108.000549
-108.000549
-108.000549
-108.000549
-108.000549
-108.000549
-108.000549
-108.000549
-108.000549
-108.000549
-108.000549
-108.000549
-108.000549
-108.000549
-108.000549
-108.000549
-108.000549
-108.000549
-108.000549
-108.000549
-108.000549
-108.000549
-108.000549
-108.000549
-108.000549
-108.000549
-108.000549
-108.000549
-108.000549
-108.000549
-108.000549
-108.000549
-108.000549
-108.000549
-108.000549
-108.000549
-108.000549
-108.000549
-108.000549
-108.000549
-108.000549
-108.000549
-108.000549
-108.000549
-108.000549
-108.000549
-108.000549
-108.000549
-108.000549
-108.000549
-108.000549
-108.000549
-108.000549
-108.000549
-108.000549
-108.000549
-108.000549
-108.000549
-108.000549
-108.000549
-108.000549
-108.000549
-108.000549
-108.000549
-108.000549
-108.000549
-108.000549
-108.000549
-108.000549
-108.000549
-108.000549
-108.000549
-108.000549
-108.000549
-108.000549
-108.000549
-108.000549
-108.000549
-108.000549
-108.000549
-108.000549
-108.000549
-108.000549
-108.000549
-108.000549
-108.000549
-108.000549
-108.000549
-108.000549
-108.000549
-108.000549
-108.000549
-108.000549
-108.000549
-108.000549
-108.000549
-108.000549
-108.000549
-108.000549
-108.000549
-108.000549
-108.000549
-108.000549
-108.000549
-108.000549
-108.000549
-108.000549
-108.000549
-108.000549
-108.000549
-108.000549
-108.000549
-108.000549
-108.000549
-108.000549
-108.000549
-108.000549
-108.000549
-108.000549
-108.000549
-108.000549
-108.000549
-108.000549
-108.000549
-108.000549
-108.000549
-108.000549
-108.000549
-108.000549
-108.000549
-108.000549
-108.000549
-108.000549
-108.000549
-108.000549
-108.000549
-108.000549
-108.000549
-108.000549
-108.000549
-108.000549
-108.000549
-108.000549
-108.000549
-108.000549
-108.000549
-108.000549
-108.000549
-108.000549
-108.000549
-108.000549
-108.000549
-108.000549
-108.000549
-108.000549
-108.000549
-108.000549
-108.000549
-108.000549
-108.000549
-108.000549
-108.000549
-108.000549
-108.000549
-108.000549
-108.000549
-108.000549
-108.000549
-108.000549
-108.000549
-108.000549
-108.000549
-108.000549
-108.000549
-108.000549
-108.000549
-108.000549
-108.000549
-108.000549
-108.000549
-108.000549
-108.000549
-108.000549
-108.000549
-108.000549
-108.000549
-108.000549
-108.000549
-108.000549
-108.000549
-108.000549
-108.000549
-108.000549
-108.000549
-108.000549
-108.000549
-108.000549
-108.000549
-108.000549
-108.000549
-108.000549
-108.000549
-108.000549
-108.000549
-108.000549
-108.000549
-108.000549
-108.000549
-108.000549
-108.000549
-108.000549
-108.000549
-108.000549
-108.000549
-108.000549
-108.000549
-108.000549
-108.000549
-108.000549
-108.000549
-108.000549
-108.000549
-108.000549
-108.000549
-108.000549
-108.000549
-108.000549
-108.000549
-108.000549
-108.000549
-108.000549
-108.000549
-108.000549
-108.000549
-108.000549
-108.000549
-108.000549
-108.000549
-108.000549
-108.000549
-108.000549
-108.000549
-108.000549
-108.000549
-108.000549
-108.000549
-108.000549
-108.000549
-108.000549
-108.000549
-108.000549
-108.000549
-108.000549
-108.000549
-108.000549
-108.000549
-108.000549
-108.000549
-108.000549
-108.000549
-108.000549
-108.000549
-108.000549
-108.000549
-108.000549
-108.000549
-108.000549
-108.000549
-108.000549
-108.000549
-108.000549
-108.000549
-108.000549
-108.000549
-108.000549
-108.000549
-108.000549
-108.000549
-108.000549
-108.000549
-108.000549
-108.000549
-108.000549
-108.000549
-108.000549
-108.000549
-108.000549
-108.000549
-108.000549
-108.000549
-108.000549
-108.000549
-108.000549
-108.000549
-108.000549
-108.000549
-108.000549
-108.000549
-108.000549
-108.000549
-108.000549
-108.000549
-108.000549
-108.000549
-108.000549
-108.000549
-108.000549
-108.000549
-108.000549
-108.000549
-108.000549
-108.000549
-108.000549
-108.000549
-108.000549
-108.000549
-108.000549
-108.000549
-108.000549
-108.000549
-108.000549
-108.000549
-108.000549
-108.000549
-108.000549
-108.000549
-108.000549
-108.000549
-108.000549
-108.000549
-108.000549
-108.000549
-108.000549
-108.000549
-108.000549
-108.000549
-108.000549
-108.000549
-108.000549
-108.000549
-108.000549
-108.000549
-108.000549
-108.000549
-108.000549
-108.000549
-108.000549
-108.000549
-108.000549
-108.000549
-108.000549
-108.000549
-108.000549
-108.000549
-108.000549
-108.000549
-108.000549
-108.000549
-108.000549
-108.000549
-108.000549
-108.000549
-108.000549
-108.000549
-108.000549
-108.000549
-108.000549
-108.000549
-108.000549
-108.000549
-108.000549
-108.000549
-108.000549
-108.000549
-108.000549
-108.000549
-108.000549
-108.000549
-108.000549
-108.000549
-108.000549
-108.000549
-108.000549
-108.000549
-108.000549
-108.000549
-108.000549
-108.000549
-108.000549
-108.000549
-108.000549
-108.000549
-108.000549
-108.000549
-108.000549
-108.000549
-108.000549
-108.000549
-108.000549
-108.000549
-108.000549
-108.000549
-108.000549
-108.000549
-108.000549
-108.000549
-108.000549
-108.000549
-108.000549
-108.000549
-108.000549
-108.000549
-108.000549
-108.000549
-108.000549
-108.000549
-108.000549
-108.000549
-108.000549
-108.000549
-108.000549
-108.000549
-108.000549
-108.000549
-108.000549
-108.000549
-108.000549
-108.000549
-108.000549
-108.000549
-108.000549
-108.000549
-108.000549
-108.000549
-108.000549
-108.000549
-108.000549
-108.000549
-108.000549
-108.000549
-108.000549
-108.000549
-108.000549
-108.000549
-108.000549
-108.000549
-108.000549
-108.000549
-108.000549
-108.000549
-108.000549
-108.000549
-108.000549
-108.000549
-108.000549
-108.000549
-108.000549
-108.000549
-108.000549
-108.000549
-108.000549
-108.000549
-108.000549
-108.000549
-108.000549
-108.000549
-108.000549
-108.000549
-108.000549
-108.000549
-108.000549
-108.000549
-108.000549
-108.000549
-108.000549
-108.000549
-108.000549
-108.000549
-108.000549
-108.000549
-108.000549
-108.000549
-108.000549
-108.000549
-108.000549
-108.000549
-108.000549
-108.000549
-108.000549
-108.000549
-108.000549
-108.000549
-108.000549
-108.000549
-108.000549
-108.000549
-108.000549
-108.000549
-108.000549
-108.000549
-108.000549
-108.000549
-108.000549
-108.000549
-108.000549
-108.000549
-108.000549
-108.000549
-108.000549
-108.000549
-108.000549
-108.000549
-108.000549
-108.000549
-108.000549
-108.000549
-108.000549
-108.000549
-108.000549
-108.000549
-108.000549
-108.000549
-108.000549
-108.000549
-108.000549
-108.000549
-108.000549
-108.000549
-108.000549
-108.000549
-108.000549
-108.000549
-108.000549
-108.000549
-108.000549
-108.000549
-108.000549
-108.000549
-108.000549
-108.000549
-108.000549
-108.000549
-108.000549
-108.000549
-108.000549
-108.000549
-108.000549
-108.000549
-108.000549
-108.000549
-108.000549
-108.000549
-108.000549
-108.000549
-108.000549
-108.000549
-108.000549
-108.000549
-108.000549
-108.000549
-108.000549
-108.000549
-108.000549
-108.000549
-108.000549
-108.000549
-108.000549
-108.000549
-108.000549
-108.000549
-108.000549
-108.000549
-108.000549
-108.000549
-108.000549
-108.000549
-108.000549
-108.000549
-108.000549
-108.000549
-108.000549
-108.000549
-108.000549
-108.000549
-108.000549
-108.000549
-108.000549
-108.000549
-108.000549
-108.000549
-108.000549
-108.000549
-108.000549
-108.000549
-108.000549
-108.000549
-108.000549
-108.000549
-108.000549
-108.000549
-108.000549
-108.000549
-108.000549
-108.000549
-108.000549
-108.000549
-108.000549
-108.000549
-108.000549
-108.000549
-108.000549
-108.000549
-108.000549
-108.000549
-108.000549
-108.000549
-108.000549
-108.000549
-108.000549
-108.000549
-108.000549
-108.000549
-108.000549
-108.000549
-108.000549
-108.000549
-108.000549
-108.000549
-108.000549
-108.000549
-108.000549
-108.000549
-108.000549
-108.000549
-108.000549
-108.000549
-108.000549
-108.000549
-108.000549
-108.000549
-108.000549
-108.000549
-108.000549
-108.000549
-108.000549
-108.000549
-108.000549
-108.000549
-108.000549
-108.000549
-108.000549
-108.000549
-108.000549
-108.000549
-108.000549
-108.000549
-108.000549
-108.000549
-108.000549
-108.000549
-108.000549
-108.000549
-108.000549
-108.000549
-108.000549
-108.000549
-108.000549
-108.000549
-108.000549
-108.000549
-108.000549
-108.000549
-108.000549
-108.000549
-108.000549
-108.000549
-108.000549
-108.000549
-108.000549
-108.000549
-108.000549
-108.000549
-108.000549
-108.000549
-108.000549
-108.000549
-108.000549
-108.000549
-108.000549
-108.000549
-108.000549
-108.000549
-108.000549
-108.000549
-108.000549
-108.000549
-108.000549
-108.000549
-108.000549
-108.000549
-108.000549
-108.000549
-108.000549
-108.000549
-108.000549
-108.000549
-108.000549
-108.000549
-108.000549
-108.000549
-108.000549
-108.000549
-108.000549
-108.000549
-108.000549
-108.000549
-108.000549
-108.000549
-108.000549
-108.000549
-108.000549
-108.000549
-108.000549
-108.000549
-108.000549
-108.000549
-108.000549
-108.000549
-108.000549
-108.000549
-108.000549
-108.000549
-108.000549
-108.000549
-108.000549
-108.000549
-108.000549
-108.000549
-108.000549
-108.000549
-108.000549
-108.000549
-108.000549
-108.000549
-108.000549
-108.000549
-108.000549
-108.000549
-108.000549
-108.000549
-108.000549
-108.000549
-108.000549
-108.000549
-108.000549
-108.000549
-108.000549
-108.000549
-108.000549
-108.000549
-108.000549
-108.000549
-108.000549
-108.000549
-108.000549
-108.000549
-108.000549
-108.000549
-108.000549
-108.000549
-108.000549
-108.000549
-108.000549
-108.000549
-108.000549
-108.000549
-108.000549
-108.000549
-108.000549
-108.000549
-108.000549
-108.000549
-108.000549
-108.000549
-108.000549
-108.000549
-108.000549
-108.000549
-108.000549
-108.000549
-108.000549
-108.000549
-108.000549
-108.000549
-108.000549
-108.000549
-108.000549
-108.000549
-108.000549
-108.000549
-108.000549
-108.000549
-108.000549
-108.000549
-108.000549
-108.000549
-108.000549
-108.000549
-108.000549
-108.000549
-108.000549
-108.000549
-108.000549
-108.000549
-108.000549
-108.000549
-108.000549
-108.000549
-108.000549
-108.000549
-108.000549
-108.000549
-108.000549
-108.000549
-108.000549
-108.000549
-108.000549
-108.000549
-108.000549
-108.000549
-108.000549
-108.000549
-108.000549
-108.000549
-108.000549
-108.000549
-108.000549
-108.000549
-108.000549
-108.000549
-108.000549
-108.000549
-108.000549
-108.000549
-108.000549
-108.000549
-108.000549
-108.000549
-108.000549
-108.000549
-108.000549
-108.000549
-108.000549
-108.000549
-108.000549
-108.000549
-108.000549
-108.000549
-108.000549
-108.000549
-108.000549
-108.000549
-108.000549
-108.000549
-108.000549
-108.000549
-108.000549
-108.000549
-108.000549
-108.000549
-108.000549
-108.000549
-108.000549
-108.000549
-108.000549
-108.000549
-108.000549
-108.000549
-108.000549
-108.000549
-108.000549
-108.000549
-108.000549
-108.000549
-108.000549
-108.000549
-108.000549
-108.000549
-108.000549
-108.000549
-108.000549
-108.000549
-108.000549
-108.000549
-108.000549
-108.000549
-108.000549
-108.000549
-108.000549
-108.000549
-108.000549
-108.000549
-108.000549
-108.000549
-108.000549
-108.000549
-108.000549
-108.000549
-108.000549
-108.000549
-108.000549
-108.000549
-108.000549
-108.000549
-108.000549
-108.000549
-108.000549
-108.000549
-108.000549
-108.000549
-108.000549
-108.000549
-108.000549
-108.000549
-108.000549
-108.000549
-108.000549
-108.000549
-108.000549
-108.000549
-108.000549
-108.000549
-108.000549
-108.000549
-108.000549
-108.000549
-108.000549
-108.000549
-108.000549
-108.000549
-108.000549
-108.000549
-108.000549
-108.000549
-108.000549
-108.000549
-108.000549
-108.000549
-108.000549
-108.000549
-108.000549
-108.000549
-108.000549
-108.000549
-108.000549
-108.000549
-108.000549
-108.000549
-108.000549
-108.000549
-108.000549
-108.000549
-108.000549
-108.000549
-108.000549
-108.000549
-108.000549
-108.000549
-108.000549
-108.000549
-108.000549
-108.000549
-108.000549
-108.000549
-108.000549
-108.000549
-108.000549
-108.000549
-108.000549
-108.000549
-108.000549
-108.000549
-108.000549
-108.000549
-108.000549
-108.000549
-108.000549
-108.000549
-108.000549
-108.000549
-108.000549
-108.000549
-108.000549
-108.000549
-108.000549
-108.000549
-108.000549
-108.000549
-108.000549
-108.000549
-108.000549
-108.000549
-108.000549
-108.000549
-108.000549
-108.000549
-108.000549
-108.000549
-108.000549
-108.000549
-108.000549
-108.000549
-108.000549
-108.000549
-108.000549
-108.000549
-108.000549
-108.000549
-108.000549
-108.000549
-108.000549
-108.000549
-108.000549
-108.000549
-108.000549
-108.000549
-108.000549
-108.000549
-108.000549
-108.000549
-108.000549
-108.000549
-108.000549
-108.000549
-108.000549
-108.000549
-108.000549
-108.000549
-108.000549
-108.000549
-108.000549
-108.000549
-108.000549
-108.000549
-108.000549
-108.000549
-108.000549
-108.000549
-108.000549
-108.000549
-108.000549
-108.000549
-108.000549
-108.000549
-108.000549
-108.000549
-108.000549
-108.000549
-108.000549
-108.000549
-108.000549
-108.000549
-108.000549
-108.000549
-108.000549
-108.000549
-108.000549
-108.000549
-108.000549
-108.000549
-108.000549
-108.000549
-108.000549
-108.000549
-108.000549
-108.000549
-108.000549
-108.000549
-108.000549
-108.000549
-108.000549
-108.000549
-108.000549
-108.000549
-108.000549
-108.000549
-108.000549
-108.000549
-108.000549
-108.000549
-108.000549
-108.000549
-108.000549
-108.000549
-108.000549
-108.000549
-108.000549
-108.000549
-108.000549
-108.000549
-108.000549
-108.000549
-108.000549
-108.000549
-108.000549
-108.000549
-108.000549
-108.000549
-108.000549
-108.000549
-108.000549
-108.000549
-108.000549
-108.000549
-108.000549
-108.000549
-108.000549
-108.000549
-108.000549
-108.000549
-108.000549
-108.000549
-108.000549
-108.000549
-108.000549
-108.000549
-108.000549
-108.000549
-108.000549
-108.000549
-108.000549
-108.000549
-108.000549
-108.000549
-108.000549
-108.000549
-108.000549
-108.000549
-108.000549
-108.000549
-108.000549
-108.000549
-108.000549
-108.000549
-108.000549
-108.000549
-108.000549
-108.000549
-108.000549
-108.000549
-108.000549
-108.000549
-108.000549
-108.000549
-108.000549
-108.000549
-108.000549
-108.000549
-108.000549
-108.000549
-108.000549
-108.000549
-108.000549
-108.000549
-108.000549
-108.000549
-108.000549
-108.000549
-108.000549
-108.000549
-108.000549
-108.000549
-108.000549
-108.000549
-108.000549
-108.000549
-108.000549
-108.000549
-108.000549
-108.000549
-108.000549
-108.000549
-108.000549
-108.000549
-108.000549
-108.000549
-108.000549
-108.000549
-108.000549
-108.000549
-108.000549
-108.000549
-108.000549
-108.000549
-108.000549
-108.000549
-108.000549
-108.000549
-108.000549
-108.000549
-108.000549
-108.000549
-108.000549
-108.000549
-108.000549
-108.000549
-108.000549
-108.000549
-108.000549
-108.000549
-108.000549
-108.000549
-108.000549
-108.000549
-108.000549
-108.000549
-108.000549
-108.000549
-108.000549
-108.000549
-108.000549
-108.000549
-108.000549
-108.000549
-108.000549
-108.000549
-108.000549
-108.000549
-108.000549
-108.000549
-108.000549
-108.000549
-108.000549
-108.000549
-108.000549
-108.000549
-108.000549
-108.000549
-108.000549
-108.000549
-108.000549
-108.000549
-108.000549
-108.000549
-108.000549
-108.000549
-108.000549
-108.000549
-108.000549
-108.000549
-108.000549
-108.000549
-108.000549
-108.000549
-108.000549
-108.000549
-108.000549
-108.000549
-108.000549
-108.000549
-108.000549
-108.000549
-108.000549
-108.000549
-108.000549
-108.000549
-108.000549
-108.000549
-108.000549
-108.000549
-108.000549
-108.000549
-108.000549
-108.000549
-108.000549
-108.000549
-108.000549
-108.000549
-108.000549
-108.000549
-108.000549
-108.000549
-108.000549
-108.000549
-108.000549
-108.000549
-108.000549
-108.000549
-108.000549
-108.000549
-108.000549
-108.000549
-108.000549
-108.000549
-108.000549
-108.000549
-108.000549
-108.000549
-108.000549
-108.000549
-108.000549
-108.000549
-108.000549
-108.000549
-108.000549
-108.000549
-108.000549
-108.000549
-108.000549
-108.000549
-108.000549
-108.000549
-108.000549
-108.000549
-108.000549
-108.000549
-108.000549
-108.000549
-108.000549
-108.000549
-108.000549
-108.000549
-108.000549
-108.000549
-108.000549
-108.000549
-108.000549
-108.000549
-108.000549
-108.000549
-108.000549
-108.000549
-108.000549
-108.000549
-108.000549
-108.000549
-108.000549
-108.000549
-108.000549
-108.000549
-108.000549
-108.000549
-108.000549
-108.000549
-108.000549
-108.000549
-108.000549
-108.000549
-108.000549
-108.000549
-108.000549
-108.000549
-108.000549
-108.000549
-108.000549
-108.000549
-108.000549
-108.000549
-108.000549
-108.000549
-108.000549
-108.000549
-108.000549
-108.000549
-108.000549
-108.000549
