-108.000549
-104.706795
-108.000549
108.000015
-108.000549
-88.925209
-108.000549
91.249420
-108.000549
116.133896
-108.000549
-92.937790
-108.000549
108.000015
-108.000549
-102.361473
-108.000549
86.614563
-108.000549
117.795250
-108.000549
-81.010544
-108.000549
108.000015
-108.000549
-116.332024
-108.000549
81.803215
-108.000549
119.456612
-108.000549
-69.386383
-108.000549
108.000015
-108.000549
-129.714645
-108.000549
76.818062
-108.000549
121.072372
-108.000549
-57.468796
-108.000549
108.000015
-108.000549
-143.372986
-108.000549
71.574883
-108.000549
122.203735
-108.000549
-45.647758
-108.000549
108.000015
-108.000549
-156.925644
-108.000549
66.064552
-108.000549
123.322212
-108.000549
-33.848721
-108.000549
108.000015
-108.000549
-170.840958
-108.000549
60.912567
-108.000549
124.607529
-108.000549
-21.987993
-108.000549
108.000015
-108.000549
-183.795486
-108.000549
55.702644
-108.000549
125.504997
-108.000549
-10.246890
-108.000549
108.000015
-108.000549
-197.270386
-108.000549
50.248104
-108.000549
126.392807
-108.000549
1.450225
-108.000549
108.000015
-108.000549
-210.182541
-108.000549
44.884754
-108.000549
127.176010
-108.000549
13.352261
-108.000549
108.000015
-108.000549
-223.180511
-108.000549
39.725258
-108.000549
128.032715
-108.000549
24.773645
-108.000549
108.000015
-108.000549
-235.543350
-108.000549
34.597408
-108.000549
128.930176
-108.000549
36.431061
-108.000549
108.000015
-108.000549
-248.600357
-108.000549
29.108000
-108.000549
129.807251
-108.000549
48.099747
-108.000549
108.000015
-108.000549
250.892563
-108.000549
23.576210
-108.000549
130.648941
-108.000549
59.864452
-108.000549
108.000015
-108.000549
237.818405
-108.000549
17.723093
-108.000549
131.407471
-108.000549
71.588928
-108.000549
108.000015
-108.000549
225.443771
-108.000549
11.747131
-108.000549
131.961609
-108.000549
83.097214
-108.000549
108.000015
-108.000549
212.720444
-108.000549
5.461642
-108.000549
132.383255
-108.000549
94.782524
-108.000549
108.000015
-108.000549
199.857101
-108.000549
-1.185945
-108.000549
132.414368
-108.000549
106.336411
-108.000549
108.000015
-108.000549
186.878418
-108.000549
-8.063130
-108.000549
132.328003
-108.000549
117.128548
-108.000549
108.000015
-108.000549
174.358398
-108.000549
-14.822298
-108.000549
132.204086
-108.000549
128.203384
-108.000549
108.000015
-108.000549
161.929581
-108.000549
-21.746153
-108.000549
131.712158
-108.000549
138.986404
-108.000549
108.000015
-108.000549
149.518997
-108.000549
-28.684492
-108.000549
131.297501
-108.000549
149.881012
-108.000549
108.000015
-108.000549
137.284912
-108.000549
-35.656628
-108.000549
131.059311
-108.000549
160.606079
-108.000549
108.000015
-108.000549
125.512695
-108.000549
-42.488750
-108.000549
130.823273
-108.000549
171.117126
-108.000549
108.000015
-108.000549
113.612808
-108.000549
-49.335358
-108.000549
130.567932
-108.000549
181.090118
-108.000549
108.000015
-108.000549
108.000015
-108.000549
-56.484520
-108.000549
130.496048
-108.000549
191.872055
-108.000549
108.000015
-108.000549
108.000015
-108.000549
-64.056931
-108.000549
129.951553
-108.000549
202.046234
-108.000549
108.000015
-108.000549
108.000015
-108.000549
-71.752190
-108.000549
129.381317
-108.000549
212.070724
-108.000549
108.000015
-108.000549
108.000015
-108.000549
-79.628761
-108.000549
128.829865
-108.000549
222.108612
-108.000549
108.000015
-108.000549
108.000015
-108.000549
-87.671638
-108.000549
128.352966
-108.000549
232.304230
-108.000549
108.000015
-108.000549
108.000015
-108.000549
-95.692513
-108.000549
127.388443
-108.000549
241.916199
-108.000549
108.000015
-108.000549
108.000015
-108.000549
-104.025612
-108.000549
126.192177
-108.000549
251.847885
-108.000549
108.000015
-108.000549
108.000015
-108.000549
-112.551819
-108.000549
125.052773
-108.000549
-250.644821
-108.000549
108.000015
-108.000549
108.000015
-108.000549
-120.840912
-108.000549
123.949310
-108.000549
-241.296783
-108.000549
108.000015
-108.000549
108.000015
-108.000549
-129.285049
-108.000549
122.985329
-108.000549
-232.154205
-108.000549
108.000015
-108.000549
108.000015
-108.000549
-137.595596
-108.000549
121.969841
-108.000549
-223.043823
-108.000549
108.000015
-108.000549
108.000015
-108.000549
-146.092300
-108.000549
120.900177
-108.000549
-214.409790
-108.000549
108.000015
-108.000549
108.000015
-108.000549
-155.024063
-108.000549
119.787064
-108.000549
-205.497879
-108.000549
108.000015
-108.000549
108.000015
-108.000549
-163.963867
-108.000549
118.811272
-108.000549
-196.735641
-108.000549
108.000015
-108.000549
108.000015
-108.000549
-173.058701
-108.000549
117.715858
-108.000549
-188.346756
-108.000549
108.000015
-108.000549
108.000015
-108.000549
-181.982407
-108.000549
116.540512
-108.000549
-179.777100
-108.000549
108.000015
-108.000549
108.000015
-108.000549
-191.704346
-108.000549
115.093193
-108.000549
-171.646774
-108.000549
108.000015
-108.000549
108.000015
-108.000549
-201.143585
-108.000549
113.442024
-108.000549
-163.609268
-108.000549
108.000015
-108.000549
108.000015
-108.000549
-211.065079
-108.000549
111.705032
-108.000549
-155.866806
-108.000549
108.000015
-108.000549
108.000015
-108.000549
-220.946335
-108.000549
110.212646
-108.000549
-148.034225
-108.000549
108.000015
-108.000549
108.000015
-108.000549
-230.913422
-108.000549
108.416641
-108.000549
-140.664047
-108.000549
108.000015
-108.000549
108.000015
-108.000549
-241.094009
-108.000549
106.664085
-108.000549
-133.416718
-108.000549
108.000015
-108.000549
108.000015
-108.000549
-251.298752
-108.000549
105.097672
-108.000549
-126.199966
-108.000549
108.000015
-108.000549
108.000015
-108.000549
250.625320
-108.000549
103.688446
-108.000549
-119.156487
-108.000549
108.000015
-108.000549
108.000015
-108.000549
240.486572
-108.000549
102.147247
-108.000549
-112.283592
-108.000549
108.000015
-108.000549
108.000015
-108.000549
230.211029
-108.000549
100.406494
-108.000549
-105.733101
-108.000549
108.000015
-108.000549
108.000015
-108.000549
219.445190
-108.000549
98.414680
-108.000549
-99.452980
-108.000549
108.000015
-108.000549
108.000015
-108.000549
209.206116
-108.000549
96.670708
-108.000549
-93.073067
-108.000549
108.000015
-108.000549
108.000015
-108.000549
198.460114
-108.000549
94.675140
-108.000549
-86.712479
-108.000549
108.000015
-108.000549
108.000015
-108.000549
187.418518
-108.000549
92.486992
-108.000549
-80.540718
-108.000549
108.000015
-108.000549
108.000015
-108.000549
176.148956
-108.000549
90.217842
-108.000549
-74.554024
-108.000549
108.000015
-108.000549
108.000015
-108.000549
164.811783
-108.000549
87.915436
-108.000549
-68.776550
-108.000549
108.000015
-108.000549
108.000015
-108.000549
153.672043
-108.000549
85.646828
-108.000549
-63.236713
-108.000549
108.000015
-108.000549
108.000015
-108.000549
142.733994
-108.000549
83.316521
-108.000549
-57.971535
-108.000549
108.000015
-108.000549
108.000015
-108.000549
131.057800
-108.000549
80.891808
-108.000549
-53.131222
-108.000549
108.000015
-108.000549
108.000015
-108.000549
119.632660
-108.000549
78.582962
-108.000549
-48.051117
-108.000549
108.000015
-108.000549
108.000015
-108.000549
107.836304
-108.000549
76.308449
-108.000549
-42.931850
-108.000549
108.072968
-108.000549
108.000015
-108.000549
96.502899
-108.000549
74.310204
-108.000549
-37.647900
-108.000549
118.872620
-108.000549
108.000015
-108.000549
84.762863
-108.000549
71.701485
-108.000549
-33.353680
-108.000549
129.090759
-108.000549
108.000015
-108.000549
71.463936
-108.000549
66.639084
-108.000549
-29.017622
-108.000549
140.071732
-108.000549
108.000015
-108.000549
58.223476
-108.000549
64.608650
-108.000549
-25.552746
-108.000549
150.445435
-108.000549
108.000015
-108.000549
47.846008
-108.000549
64.027687
-108.000549
-18.993132
-108.000549
162.618912
-108.000549
108.000015
-108.000549
36.203075
-108.000549
60.633617
-108.000549
-15.273445
-108.000549
173.551590
-108.000549
108.000015
-108.000549
23.177193
-108.000549
56.624249
-108.000549
-12.204998
-108.000549
183.990219
-108.000549
108.000015
-108.000549
10.680779
-108.000549
53.524155
-108.000549
-8.291118
-108.000549
195.447556
-108.000549
108.000015
-108.000549
-1.699762
-108.000549
50.715881
-108.000549
-4.354171
-108.000549
206.493958
-108.000549
108.000015
-108.000549
-13.220924
-108.000549
48.315838
-108.000549
-0.239125
-108.000549
218.417450
-108.000549
108.000015
-108.000549
-25.088627
-108.000549
45.840157
-108.000549
3.551909
-108.000549
229.798065
-108.000549
108.000015
-108.000549
-37.115116
-108.000549
43.444408
-108.000549
7.387469
-108.000549
241.597641
-108.000549
108.000015
-108.000549
-49.051487
-108.000549
41.079773
-108.000549
11.426875
-108.000549
253.517914
-108.000549
108.000015
-108.000549
-60.709976
-108.000549
38.905575
-108.000549
15.673886
-108.000549
-246.226059
-108.000549
108.000015
-108.000549
-72.283707
-108.000549
35.822643
-108.000549
18.939745
-108.000549
-234.624435
-108.000549
108.000015
-108.000549
-84.749542
-108.000549
32.612038
-108.000549
22.217939
-108.000549
-222.575409
-108.000549
108.000015
-108.000549
-97.229866
-108.000549
29.241573
-108.000549
25.519205
-108.000549
-210.921753
-108.000549
108.000015
-108.000549
-109.195206
-108.000549
26.110363
-108.000549
29.157890
-108.000549
-198.421051
-108.000549
108.000015
-108.000549
-120.878906
-108.000549
22.823046
-108.000549
32.321823
-108.000549
-186.568893
-108.000549
108.000015
-108.000549
-132.790604
-108.000549
19.238005
-108.000549
35.051777
-108.000549
-174.327286
-108.000549
108.000015
-108.000549
-144.852493
-108.000549
15.218984
-108.000549
37.566616
-108.000549
-162.081390
-108.000549
108.000015
-108.000549
-156.946564
-108.000549
10.653327
-108.000549
38.975311
-108.000549
-150.234070
-108.000549
108.000015
-108.000549
-170.346893
-108.000549
5.654761
-108.000549
40.307297
-108.000549
-138.628159
-108.000549
108.000015
-108.000549
-183.199493
-108.000549
1.478562
-108.000549
42.752399
-108.000549
-126.087753
-108.000549
108.000015
-108.000549
-195.434677
-108.000549
-2.707294
-108.000549
44.707729
-108.000549
-114.311783
-108.000549
108.000015
-108.000549
-207.869934
-108.000549
-7.196776
-108.000549
46.436680
-108.000549
-102.179619
-108.000549
108.000015
-108.000549
-220.737564
-108.000549
-12.137943
-108.000549
47.903847
-108.000549
-90.367165
-108.000549
108.000015
-108.000549
-233.099335
-108.000549
-17.127924
-108.000549
49.255684
-108.000549
-78.263428
-108.000549
108.000015
-108.000549
-246.760361
-108.000549
-22.924177
-108.000549
50.101116
-108.000549
-66.925728
-108.000549
108.000015
-108.000549
252.498138
-108.000549
-28.762814
-108.000549
50.872520
-108.000549
-55.677078
-108.000549
108.000015
-108.000549
239.463684
-108.000549
-34.407791
-108.000549
51.752823
-108.000549
-44.437012
-108.000549
108.000015
-108.000549
229.277191
-108.000549
-41.250103
-108.000549
49.389259
-108.000549
-32.196484
-108.000549
108.000015
-108.000549
214.122696
-108.000549
-51.007450
-108.000549
45.775246
-108.000549
-23.994284
-108.000549
108.000015
-108.000549
199.547043
-108.000549
-58.712898
-108.000549
46.089603
-108.000549
-13.557273
-108.000549
108.000015
-108.000549
187.721710
-108.000549
-63.596664
-108.000549
47.303032
-108.000549
-2.070443
-108.000549
108.000015
-108.000549
176.438721
-108.000549
-68.777084
-108.000549
48.000946
-108.000549
9.443746
-108.000549
108.000015
-108.000549
164.681534
-108.000549
-74.240204
-108.000549
48.652187
-108.000549
21.146223
-108.000549
108.000015
-108.000549
153.095459
-108.000549
-79.683479
-108.000549
49.462215
-108.000549
32.692062
-108.000549
108.000015
-108.000549
141.078094
-108.000549
-85.584877
-108.000549
50.294773
-108.000549
44.170307
-108.000549
108.000015
-108.000549
127.361275
-108.000549
-90.285179
-108.000549
56.175785
-108.000549
56.301407
-108.000549
108.000015
-108.000549
121.670158
-108.000549
-87.900696
-108.000549
62.961773
-108.000549
72.277184
-108.000549
108.000015
-108.000549
110.841011
-108.000549
-95.833595
-108.000549
59.406239
-108.000549
81.551186
-108.000549
108.000015
-108.000549
108.000015
-108.000549
-105.882233
-108.000549
55.673676
-108.000549
89.226593
-108.000549
108.000015
-108.000549
108.000015
-108.000549
-114.760345
-108.000549
54.870621
-108.000549
98.605217
-108.000549
108.000015
-108.000549
108.000015
-108.000549
-121.253975
-108.000549
55.552441
-108.000549
109.389839
-108.000549
108.000015
-108.000549
108.000015
-108.000549
-128.286194
-108.000549
54.695206
-108.000549
119.140747
-108.000549
108.000015
-108.000549
108.000015
-108.000549
-135.626328
-108.000549
50.376312
-108.000549
129.830414
-108.000549
108.000015
-108.000549
108.000015
-108.000549
-146.998352
-108.000549
45.601978
-108.000549
135.804230
-108.000549
108.000015
-108.000549
108.000015
-108.000549
-157.389771
-108.000549
44.460430
-108.000549
144.262848
-108.000549
108.000015
-108.000549
108.000015
-108.000549
-163.553482
-108.000549
45.048904
-108.000549
154.698257
-108.000549
108.000015
-108.000549
108.000015
-108.000549
-170.210724
-108.000549
45.143856
-108.000549
164.602585
-108.000549
108.000015
-108.000549
108.000015
-108.000549
-177.100250
-108.000549
45.134197
-108.000549
174.131927
-108.000549
108.000015
-108.000549
108.000015
-108.000549
-184.514954
-108.000549
44.604733
-108.000549
183.552917
-108.000549
108.000015
-108.000549
108.000015
-108.000549
-192.269226
-108.000549
43.945980
-108.000549
192.733597
-108.000549
108.000015
-108.000549
108.000015
-108.000549
-200.186035
-108.000549
43.187450
-108.000549
201.892807
-108.000549
108.000015
-108.000549
108.000015
-108.000549
-208.375900
-108.000549
42.056633
-108.000549
210.202286
-108.000549
108.000015
-108.000549
108.000015
-108.000549
-216.416626
-108.000549
40.927422
-108.000549
218.691483
-108.000549
108.000015
-108.000549
108.000015
-108.000549
-224.803345
-108.000549
39.604557
-108.000549
227.143127
-108.000549
108.000015
-108.000549
108.000015
-108.000549
-233.161118
-108.000549
38.341236
-108.000549
235.299179
-108.000549
108.000015
-108.000549
108.000015
-108.000549
-241.522095
-108.000549
37.148727
-108.000549
243.147858
-108.000549
108.000015
-108.000549
108.000015
-108.000549
-249.758087
-108.000549
36.112858
-108.000549
251.188049
-108.000549
108.000015
-108.000549
108.000015
-108.000549
253.578979
-108.000549
34.945023
-108.000549
-253.151077
-108.000549
108.000015
-108.000549
108.000015
-108.000549
244.928314
-108.000549
33.901108
-108.000549
-245.558823
-108.000549
108.000015
-108.000549
108.000015
-108.000549
235.925751
-108.000549
32.576096
-108.000549
-238.059906
-108.000549
108.000015
-108.000549
108.000015
-108.000549
227.224670
-108.000549
31.490875
-108.000549
-230.389313
-108.000549
108.000015
-108.000549
108.000015
-108.000549
217.803131
-108.000549
30.215752
-108.000549
-223.393585
-108.000549
108.000015
-108.000549
108.000015
-108.000549
210.223206
-108.000549
37.402462
-108.000549
-211.044159
-108.000549
108.000015
-108.000549
108.000015
-108.000549
206.734726
-108.000549
38.907185
-108.000549
-201.327042
-108.000549
108.000015
-108.000549
108.000015
-108.000549
196.119080
-108.000549
33.430649
-108.000549
-197.434631
-108.000549
108.000015
-108.000549
108.000015
-108.000549
182.858231
-108.000549
29.394997
-108.000549
-193.129150
-108.000549
108.000015
-108.000549
108.000015
-108.000549
173.333710
-108.000549
28.050674
-108.000549
-186.562012
-108.000549
108.000015
-108.000549
108.000015
-108.000549
163.703506
-108.000549
25.967133
-108.000549
-180.930435
-108.000549
108.000015
-108.000549
108.000015
-108.000549
153.807755
-108.000549
23.825655
-108.000549
-175.182465
-108.000549
108.000015
-108.000549
108.000015
-108.000549
143.866959
-108.000549
21.649311
-108.000549
-169.425919
-108.000549
108.000015
-108.000549
108.000015
-108.000549
133.698166
-108.000549
19.913385
-108.000549
-163.875885
-108.000549
108.000015
-108.000549
108.000015
-108.000549
123.363617
-108.000549
17.718266
-108.000549
-158.533463
-108.000549
108.000015
-108.000549
108.000015
-108.000549
115.664063
-108.000549
13.014744
-108.000549
-152.479721
-108.000549
108.000015
-108.000549
108.000015
-108.000549
100.953758
-108.000549
6.297956
-108.000549
-151.593506
-108.000549
108.000015
-108.000549
108.000015
-108.000549
86.865181
-108.000549
1.616427
-108.000549
-148.597488
-108.000549
108.000015
-108.000549
108.000015
-108.000549
76.538139
-108.000549
0.841269
-108.000549
-142.033051
-108.000549
108.000015
-108.000549
108.000015
-108.000549
66.883797
-108.000549
-0.410250
-108.000549
-136.040985
-108.000549
108.000015
-108.000549
108.000015
-108.000549
56.836777
-108.000549
-2.118818
-108.000549
-130.667984
-108.000549
108.000015
-108.000549
108.000015
-108.000549
46.697487
-108.000549
-4.055909
-108.000549
-125.332542
-108.000549
108.000015
-108.000549
108.000015
-108.000549
36.097397
-108.000549
-5.907170
-108.000549
-120.432144
-108.000549
108.000015
-108.000549
108.000015
-108.000549
25.663603
-108.000549
-8.001439
-108.000549
-115.821426
-108.000549
108.000015
-108.000549
108.000015
-108.000549
14.787779
-108.000549
-10.089807
-108.000549
-111.472496
-108.000549
108.000015
-108.000549
108.000015
-108.000549
3.836318
-108.000549
-11.963598
-108.000549
-106.894501
-108.000549
108.000015
-108.000549
108.000015
-108.000549
-6.220357
-108.000549
-13.781601
-108.000549
-102.324554
-108.000549
108.000015
-108.000549
108.000015
-108.000549
-17.004448
-108.000549
-16.064161
-108.000549
-97.967033
-108.000549
111.112984
-108.000549
108.000015
-108.000549
-28.171558
-108.000549
-18.848829
-108.000549
-94.153999
-108.000549
121.220085
-108.000549
108.000015
-108.000549
-40.032288
-108.000549
-22.403830
-108.000549
-90.917107
-108.000549
131.360977
-108.000549
108.000015
-108.000549
-51.864586
-108.000549
-26.011402
-108.000549
-87.700066
-108.000549
141.508316
-108.000549
108.000015
-108.000549
-64.295021
-108.000549
-29.970343
-108.000549
-84.878922
-108.000549
151.566071
-108.000549
108.000015
-108.000549
-76.534477
-108.000549
-34.001705
-108.000549
-82.363548
-108.000549
161.060013
-108.000549
108.000015
-108.000549
-88.659668
-108.000549
-38.443439
-108.000549
-80.493507
-108.000549
170.653732
-108.000549
108.000015
-108.000549
-100.807938
-108.000549
-42.903954
-108.000549
-78.567680
-108.000549
180.423416
-108.000549
108.000015
-108.000549
-113.277527
-108.000549
-46.894009
-108.000549
-76.451424
-108.000549
190.152328
-108.000549
108.000015
-108.000549
-124.998245
-108.000549
-50.782143
-108.000549
-74.309944
-108.000549
200.431091
-108.000549
108.000015
-108.000549
-137.105728
-108.000549
-54.713188
-108.000549
-72.390022
-108.000549
210.274277
-108.000549
108.000015
-108.000549
-148.902084
-108.000549
-58.559475
-108.000549
-70.173981
-108.000549
220.796570
-108.000549
108.000015
-108.000549
-160.906586
-108.000549
-62.411667
-108.000549
-67.936478
-108.000549
231.051193
-108.000549
108.000015
-108.000549
-171.993225
-108.000549
-65.747261
-108.000549
-65.486549
-108.000549
241.482315
-108.000549
108.000015
-108.000549
-183.672104
-108.000549
-69.478752
-108.000549
-63.300549
-108.000549
252.043243
-108.000549
108.000015
-108.000549
-195.409470
-108.000549
-73.722542
-108.000549
-61.448215
-108.000549
-249.724197
-108.000549
108.000015
-108.000549
-207.022354
-108.000549
-78.122971
-108.000549
-59.933304
-108.000549
-239.615494
-108.000549
108.000015
-108.000549
-218.983398
-108.000549
-82.846878
-108.000549
-58.566452
-108.000549
-229.772308
-108.000549
108.000015
-108.000549
-230.342560
-108.000549
-87.256966
-108.000549
-57.160973
-108.000549
-219.605667
-108.000549
108.000015
-108.000549
-242.223129
-108.000549
-91.875732
-108.000549
-55.940033
-108.000549
-209.569916
-108.000549
108.000015
-108.000549
-253.829056
-108.000549
-96.436569
-108.000549
-54.847836
-108.000549
-199.518600
-108.000549
108.000015
-108.000549
247.036621
-108.000549
-100.943748
-108.000549
-53.615627
-108.000549
-189.217834
-108.000549
108.000015
-108.000549
235.300888
-108.000549
-105.544815
-108.000549
-52.588879
-108.000549
-179.214264
-108.000549
108.000015
-108.000549
224.892853
-108.000549
-109.726913
-108.000549
-51.422653
-108.000549
-169.064789
-108.000549
108.000015
-108.000549
213.516525
-108.000549
-114.136467
-108.000549
-50.107300
-108.000549
-158.938919
-108.000549
108.000015
-108.000549
202.429886
-108.000549
-118.883438
-108.000549
-49.067139
-108.000549
-148.409103
-108.000549
108.000015
-108.000549
191.353409
-108.000549
-123.656158
-108.000549
-48.008202
-108.000549
-138.432892
-108.000549
108.000015
-108.000549
180.306473
-108.000549
-128.497543
-108.000549
-47.023293
-108.000549
-128.477600
-108.000549
108.000015
-108.000549
169.294922
-108.000549
-133.615204
-108.000549
-46.198780
-108.000549
-118.167191
-108.000549
108.000015
-108.000549
158.383163
-108.000549
-138.813324
-108.000549
-45.523399
-108.000549
-108.388931
-108.000549
108.000015
-108.000549
147.385574
-108.000549
-144.048996
-108.000549
-44.677433
-108.000549
-97.748070
-108.000549
108.000015
-108.000549
136.537109
-108.000549
-149.199905
-108.000549
-43.793377
-108.000549
-87.519730
-108.000549
108.000015
-108.000549
126.333450
-108.000549
-154.113724
-108.000549
-43.314335
-108.000549
-77.589119
-108.000549
108.000015
-108.000549
115.986023
-108.000549
-159.175583
-108.000549
-42.735512
-108.000549
-67.494896
-108.000549
108.000015
-108.000549
108.000015
-108.000549
-164.090454
-108.000549
-42.336937
-108.000549
-58.182262
-108.000549
108.000015
-108.000549
108.000015
-108.000549
-169.580414
-108.000549
-42.005951
-108.000549
-48.482323
-108.000549
108.000015
-108.000549
108.000015
-108.000549
-174.929276
-108.000549
-41.632053
-108.000549
-38.561901
-108.000549
108.000015
-108.000549
108.000015
-108.000549
-179.966461
-108.000549
-40.896053
-108.000549
-29.041668
-108.000549
108.000015
-108.000549
108.000015
-108.000549
-185.042267
-108.000549
-40.075298
-108.000549
-18.621283
-108.000549
108.000015
-108.000549
108.000015
-108.000549
-190.181381
-108.000549
-39.009388
-108.000549
-8.613424
-108.000549
108.000015
-108.000549
108.000015
-108.000549
-195.103790
-108.000549
-37.758942
-108.000549
1.957163
-108.000549
108.000015
-108.000549
108.000015
-108.000549
-200.348038
-108.000549
-36.890980
-108.000549
12.242899
-108.000549
108.000015
-108.000549
108.000015
-108.000549
-206.050949
-108.000549
-36.470409
-108.000549
22.068367
-108.000549
108.000015
-108.000549
108.000015
-108.000549
-212.071442
-108.000549
-36.580379
-108.000549
31.236160
-108.000549
108.000015
-108.000549
108.000015
-108.000549
-218.424515
-108.000549
-36.982174
-108.000549
40.072430
-108.000549
108.000015
-108.000549
108.000015
-108.000549
-225.094101
-108.000549
-37.504669
-108.000549
49.050323
-108.000549
108.000015
-108.000549
108.000015
-108.000549
-231.397827
-108.000549
-37.939186
-108.000549
57.713322
-108.000549
108.000015
-108.000549
108.000015
-108.000549
-238.395706
-108.000549
-38.581306
-108.000549
66.162819
-108.000549
108.000015
-108.000549
108.000015
-108.000549
-245.006821
-108.000549
-39.247566
-108.000549
74.877853
-108.000549
108.000015
-108.000549
108.000015
-108.000549
-252.121643
-108.000549
-39.811367
-108.000549
83.504372
-108.000549
108.000015
-108.000549
108.000015
-108.000549
252.875168
-108.000549
-40.513035
-108.000549
92.149132
-108.000549
108.000015
-108.000549
108.000015
-108.000549
245.656265
-108.000549
-41.271027
-108.000549
100.303055
-108.000549
108.000015
-108.000549
108.000015
-108.000549
238.562897
-108.000549
-41.803177
-108.000549
108.745041
-108.000549
108.000015
-108.000549
108.000015
-108.000549
231.464157
-108.000549
-42.370197
-108.000549
117.097977
-108.000549
108.000015
-108.000549
108.000015
-108.000549
224.142273
-108.000549
-43.094391
-108.000549
125.881668
-108.000549
108.000015
-108.000549
108.000015
-108.000549
216.776382
-108.000549
-43.899055
-108.000549
133.980865
-108.000549
108.000015
-108.000549
108.000015
-108.000549
209.316086
-108.000549
-44.941898
-108.000549
141.985657
-108.000549
108.000015
-108.000549
108.000015
-108.000549
201.729736
-108.000549
-46.127434
-108.000549
149.599380
-108.000549
108.000015
-108.000549
108.000015
-108.000549
194.064514
-108.000549
-47.259327
-108.000549
157.095078
-108.000549
108.000015
-108.000549
108.000015
-108.000549
185.855865
-108.000549
-48.707188
-108.000549
164.214737
-108.000549
108.000015
-108.000549
108.000015
-108.000549
177.642410
-108.000549
-49.970505
-108.000549
171.444351
-108.000549
108.000015
-108.000549
108.000015
-108.000549
169.447723
-108.000549
-51.165699
-108.000549
178.481400
-108.000549
108.000015
-108.000549
108.000015
-108.000549
161.394119
-108.000549
-52.227318
-108.000549
185.397751
-108.000549
108.000015
-108.000549
108.000015
-108.000549
152.827682
-108.000549
-53.592560
-108.000549
192.580185
-108.000549
108.000015
-108.000549
108.000015
-108.000549
144.293427
-108.000549
-54.931519
-108.000549
199.339340
-108.000549
108.000015
-108.000549
108.000015
-108.000549
135.441605
-108.000549
-56.894897
-108.000549
206.117294
-108.000549
108.000015
-108.000549
108.000015
-108.000549
126.533981
-108.000549
-58.167336
-108.000549
213.388763
-108.000549
108.000015
-108.000549
108.000015
-108.000549
117.584526
-108.000549
-59.751987
-108.000549
220.164017
-108.000549
108.000015
-108.000549
108.000015
-108.000549
108.494522
-108.000549
-61.460552
-108.000549
226.535873
-108.000549
108.000015
-108.000549
108.000015
-108.000549
99.269867
-108.000549
-63.584328
-108.000549
232.675980
-108.000549
108.000015
-108.000549
108.000015
-108.000549
90.007652
-108.000549
-65.639435
-108.000549
238.620300
-108.000549
108.000015
-108.000549
108.000015
-108.000549
80.409103
-108.000549
-67.585648
-108.000549
244.154236
-108.000549
108.000015
-108.000549
108.000015
-108.000549
71.168892
-108.000549
-69.557068
-108.000549
249.764343
-108.000549
108.000015
-108.000549
108.000015
-108.000549
61.928146
-108.000549
-71.413155
-108.000549
254.959244
-108.000549
108.000015
-108.000549
108.000015
-108.000549
52.783958
-108.000549
-73.100266
-108.000549
-251.648514
-108.000549
108.000015
-108.000549
108.000015
-108.000549
43.355991
-108.000549
-74.841019
-108.000549
-246.005142
-108.000549
108.000015
-108.000549
108.000015
-108.000549
34.054089
-108.000549
-76.544228
-108.000549
-240.808090
-108.000549
108.000015
-108.000549
108.000015
-108.000549
24.257051
-108.000549
-78.484535
-108.000549
-235.973145
-108.000549
108.000015
-108.000549
108.000015
-108.000549
14.838741
-108.000549
-80.447914
-108.000549
-230.837250
-108.000549
108.000015
-108.000549
108.000015
-108.000549
4.969284
-108.000549
-82.726181
-108.000549
-226.022690
-108.000549
108.000015
-108.000549
108.000015
-108.000549
-5.181806
-108.000549
-84.904671
-108.000549
-221.308426
-108.000549
108.000015
-108.000549
108.000015
-108.000549
-15.354353
-108.000549
-87.349770
-108.000549
-216.806076
-108.000549
108.000015
-108.000549
108.000015
-108.000549
-25.566597
-108.000549
-89.842613
-108.000549
-212.721603
-108.000549
108.000015
-108.000549
108.000015
-108.000549
-35.492382
-108.000549
-92.412170
-108.000549
-208.845810
-108.000549
108.000015
-108.000549
108.000015
-108.000549
-45.789917
-108.000549
-94.818649
-108.000549
-204.817673
-108.000549
108.000015
-108.000549
108.000015
-108.000549
-55.958710
-108.000549
-97.412354
-108.000549
-201.174164
-108.000549
108.000015
-108.000549
108.000015
-108.000549
-65.999832
-108.000549
-99.943825
-108.000549
-197.356842
-108.000549
108.000015
-108.000549
108.000015
-108.000549
-76.116585
-108.000549
-102.395363
-108.000549
-193.526108
-108.000549
108.000015
-108.000549
108.000015
-108.000549
-86.735985
-108.000549
-105.257278
-108.000549
-190.284378
-108.000549
108.000015
-108.000549
108.000015
-108.000549
-97.139748
-108.000549
-108.091301
-108.000549
-186.918747
-108.000549
108.000015
-108.000549
108.000015
-108.000549
-108.003769
-108.000549
-111.005257
-108.000549
-183.264496
-108.000549
108.000015
-108.000549
108.000015
-108.000549
-118.336174
-108.000549
-113.854836
-108.000549
-179.801239
-108.000549
108.000015
-108.000549
108.000015
-108.000549
-129.086472
-108.000549
-116.828331
-108.000549
-176.436676
-108.000549
108.000015
-108.000549
108.000015
-108.000549
-139.452667
-108.000549
-119.932716
-108.000549
-173.502335
-108.000549
108.000015
-108.000549
108.000015
-108.000549
-150.348343
-108.000549
-123.280655
-108.000549
-170.675278
-108.000549
108.000015
-108.000549
108.000015
-108.000549
-161.224701
-108.000549
-126.610344
-108.000549
-168.148636
-108.000549
114.337540
-108.000549
108.000015
-108.000549
-172.031311
-108.000549
-130.345047
-108.000549
-166.088165
-108.000549
122.782745
-108.000549
108.000015
-108.000549
-182.876022
-108.000549
-133.882889
-108.000549
-163.922012
-108.000549
131.668900
-108.000549
108.000015
-108.000549
-193.376343
-108.000549
-137.121918
-108.000549
-161.687195
-108.000549
140.290588
-108.000549
108.000015
-108.000549
-203.614883
-108.000549
-140.524567
-108.000549
-159.309158
-108.000549
149.808685
-108.000549
108.000015
-108.000549
-214.098022
-108.000549
-143.978180
-108.000549
-157.050201
-108.000549
159.152954
-108.000549
108.000015
-108.000549
-224.661102
-108.000549
-147.690903
-108.000549
-154.879761
-108.000549
168.487045
-108.000549
108.000015
-108.000549
-236.468719
-108.000549
-145.818176
-108.000549
-146.508041
-108.000549
179.410080
-108.000549
108.000015
-108.000549
-241.726379
-108.000549
-145.193756
-108.000549
-142.141403
-108.000549
190.439850
-108.000549
108.000015
-108.000549
-252.531937
-108.000549
-152.599884
-108.000549
-143.571030
-108.000549
199.003098
-108.000549
108.000015
-108.000549
247.117630
-108.000549
-159.962006
-108.000549
-145.340210
-108.000549
206.092163
-108.000549
108.000015
-108.000549
233.580521
-108.000549
-166.663773
-108.000549
-146.123947
-108.000549
213.425873
-108.000549
108.000015
-108.000549
222.106567
-108.000549
-171.029877
-108.000549
-144.425034
-108.000549
222.975601
-108.000549
108.000015
-108.000549
210.908875
-108.000549
-176.038086
-108.000549
-143.721237
-108.000549
232.260330
-108.000549
108.000015
-108.000549
200.036819
-108.000549
-180.881622
-108.000549
-142.928375
-108.000549
241.391113
-108.000549
108.000015
-108.000549
190.282135
-108.000549
-185.551346
-108.000549
-140.738083
-108.000549
254.270538
-108.000549
108.000015
-108.000549
181.098801
-108.000549
-191.739746
-108.000549
-143.608582
-108.000549
-251.287384
-108.000549
108.000015
-108.000549
168.429108
-108.000549
-199.501007
-108.000549
-145.843399
-108.000549
-244.132324
-108.000549
108.000015
-108.000549
156.571609
-108.000549
-206.168976
-108.000549
-146.193161
-108.000549
-236.495544
-108.000549
108.000015
-108.000549
146.612564
-108.000549
-209.660675
-108.000549
-143.449783
-108.000549
-225.991470
-108.000549
108.000015
-108.000549
137.383621
-108.000549
-213.067078
-108.000549
-141.210678
-108.000549
-215.715393
-108.000549
108.000015
-108.000549
127.544197
-108.000549
-217.229858
-108.000549
-139.531616
-108.000549
-205.443604
-108.000549
108.000015
-108.000549
117.732140
-108.000549
-221.747238
-108.000549
-138.320877
-108.000549
-195.859009
-108.000549
108.000015
-108.000549
108.000015
-108.000549
-226.357422
-108.000549
-137.367615
-108.000549
-186.212692
-108.000549
108.000015
-108.000549
108.000015
-108.000549
-231.212753
-108.000549
-136.744263
-108.000549
-176.795990
-108.000549
108.000015
-108.000549
108.000015
-108.000549
-236.161438
-108.000549
-136.404160
-108.000549
-167.793427
-108.000549
108.000015
-108.000549
108.000015
-108.000549
-241.438416
-108.000549
-136.161697
-108.000549
-158.407303
-108.000549
108.000015
-108.000549
108.000015
-108.000549
-247.073196
-108.000549
-136.427231
-108.000549
-149.549042
-108.000549
108.000015
-108.000549
108.000015
-108.000549
-252.490723
-108.000549
-136.330139
-108.000549
-140.468155
-108.000549
108.000015
-108.000549
108.000015
-108.000549
254.158325
-108.000549
-135.808716
-108.000549
-131.528351
-108.000549
108.000015
-108.000549
108.000015
-108.000549
248.749924
-108.000549
-135.456802
-108.000549
-122.332130
-108.000549
108.000015
-108.000549
108.000015
-108.000549
243.142502
-108.000549
-135.304459
-108.000549
-113.217979
-108.000549
108.000015
-108.000549
108.000015
-108.000549
237.263641
-108.000549
-135.276566
-108.000549
-104.382782
-108.000549
108.000015
-108.000549
108.000015
-108.000549
231.092407
-108.000549
-135.420868
-108.000549
-95.437607
-108.000549
108.000015
-108.000549
108.000015
-108.000549
224.662079
-108.000549
-135.952484
-108.000549
-86.946808
-108.000549
108.000015
-108.000549
108.000015
-108.000549
218.452759
-108.000549
-136.274338
-108.000549
-78.196907
-108.000549
108.000015
-108.000549
108.000015
-108.000549
212.318024
-108.000549
-136.595673
-108.000549
-69.516739
-108.000549
108.000015
-108.000549
108.000015
-108.000549
206.290558
-108.000549
-136.766266
-108.000549
-60.560844
-108.000549
108.000015
-108.000549
108.000015
-108.000549
202.320892
-108.000549
-134.272339
-108.000549
-49.288593
-108.000549
108.000015
-108.000549
108.000015
-108.000549
200.220718
-108.000549
-130.070389
-108.000549
-36.805592
-108.000549
108.000015
-108.000549
108.000015
-108.000549
200.086609
-108.000549
-123.876099
-108.000549
-22.544819
-108.000549
108.000015
-108.000549
108.000015
-108.000549
200.268997
-108.000549
-118.015472
-108.000549
-9.289878
-108.000549
108.000015
-108.000549
108.000015
-108.000549
197.918304
-108.000549
-114.226585
-108.000549
2.954408
-108.000549
108.000015
-108.000549
108.000015
-108.000549
195.570847
-108.000549
-109.936661
-108.000549
15.523777
-108.000549
108.000015
-108.000549
108.000015
-108.000549
191.216522
-108.000549
-108.274231
-108.000549
25.342274
-108.000549
108.000015
-108.000549
108.000015
-108.000549
185.694931
-108.000549
-106.766289
-108.000549
36.146214
-108.000549
108.000015
-108.000549
108.000015
-108.000549
182.780441
-108.000549
-102.443642
-108.000549
49.362534
-108.000549
108.000015
-108.000549
108.000015
-108.000549
180.444778
-108.000549
-98.073250
-108.000549
62.577774
-108.000549
108.000015
-108.000549
108.000015
-108.000549
177.532440
-108.000549
-94.328880
-108.000549
74.753395
-108.000549
108.000015
-108.000549
108.000015
-108.000549
173.233383
-108.000549
-92.141273
-108.000549
85.949471
-108.000549
108.000015
-108.000549
108.000015
-108.000549
168.626968
-108.000549
-90.259430
-108.000549
96.294220
-108.000549
108.000015
-108.000549
108.000015
-108.000549
162.073257
-108.000549
-90.284111
-108.000549
104.978142
-108.000549
108.000015
-108.000549
108.000015
-108.000549
154.734726
-108.000549
-90.871513
-108.000549
112.761917
-108.000549
108.000015
-108.000549
108.000015
-108.000549
147.078094
-108.000549
-91.818329
-108.000549
120.738800
-108.000549
108.000015
-108.000549
108.000015
-108.000549
139.002502
-108.000549
-92.944862
-108.000549
128.167450
-108.000549
108.000015
-108.000549
108.000015
-108.000549
130.553009
-108.000549
-94.706535
-108.000549
134.988312
-108.000549
108.000015
-108.000549
108.000015
-108.000549
121.115921
-108.000549
-96.896835
-108.000549
141.888565
-108.000549
108.000015
-108.000549
108.000015
-108.000549
112.302185
-108.000549
-98.659042
-108.000549
148.670792
-108.000549
108.000015
-108.000549
108.000015
-108.000549
103.426758
-108.000549
-100.213120
-108.000549
156.224960
-108.000549
108.000015
-108.000549
108.000015
-108.000549
94.589943
-108.000549
-101.487701
-108.000549
164.442719
-108.000549
108.000015
-108.000549
108.000015
-108.000549
86.747162
-108.000549
-102.286469
-108.000549
172.338074
-108.000549
108.000015
-108.000549
108.000015
-108.000549
76.376671
-108.000549
-105.439667
-108.000549
178.141830
-108.000549
108.000015
-108.000549
108.000015
-108.000549
66.046944
-108.000549
-108.805305
-108.000549
183.201553
-108.000549
108.000015
-108.000549
108.000015
-108.000549
55.757992
-108.000549
-112.005714
-108.000549
188.240891
-108.000549
108.000015
-108.000549
108.000015
-108.000549
46.075748
-108.000549
-114.605850
-108.000549
193.458862
-108.000549
108.000015
-108.000549
108.000015
-108.000549
36.306072
-108.000549
-117.433434
-108.000549
198.419342
-108.000549
108.000015
-108.000549
108.000015
-108.000549
27.490723
-108.000549
-118.535820
-108.000549
206.040039
-108.000549
108.000015
-108.000549
108.000015
-108.000549
19.770788
-108.000549
-120.355972
-108.000549
210.800964
-108.000549
108.000015
-108.000549
108.000015
-108.000549
8.850440
-108.000549
-123.910431
-108.000549
214.600037
-108.000549
108.000015
-108.000549
108.000015
-108.000549
-1.836554
-108.000549
-124.825607
-108.000549
223.349945
-108.000549
108.000015
-108.000549
108.000015
-108.000549
-8.681016
-108.000549
-127.588280
-108.000549
225.861557
-108.000549
108.000015
-108.000549
108.000015
-108.000549
-20.604509
-108.000549
-130.154083
-108.000549
230.190643
-108.000549
108.000015
-108.000549
108.000015
-108.000549
-31.003971
-108.000549
-133.020294
-108.000549
234.566940
-108.000549
108.000015
-108.000549
108.000015
-108.000549
-40.737171
-108.000549
-135.367752
-108.000549
239.657776
-108.000549
108.000015
-108.000549
108.000015
-108.000549
-49.368523
-108.000549
-136.960449
-108.000549
245.377319
-108.000549
108.000015
-108.000549
108.000015
-108.000549
-59.511028
-108.000549
-139.819687
-108.000549
249.569611
-108.000549
108.000015
-108.000549
108.000015
-108.000549
-68.704567
-108.000549
-141.913422
-108.000549
254.236115
-108.000549
108.000015
-108.000549
108.000015
-108.000549
-76.992592
-108.000549
-143.266327
-108.000549
-252.686523
-108.000549
108.000015
-108.000549
108.000015
-108.000549
-85.778435
-108.000549
-145.149780
-108.000549
-248.418060
-108.000549
108.000015
-108.000549
108.000015
-108.000549
-96.748680
-108.000549
-148.970306
-108.000549
-245.864594
-108.000549
108.000015
-108.000549
108.000015
-108.000549
-107.680290
-108.000549
-152.442703
-108.000549
-242.858902
-108.000549
108.000015
-108.000549
108.000015
-108.000549
-117.909698
-108.000549
-155.248825
-108.000549
-239.335022
-108.000549
108.000015
-108.000549
108.000015
-108.000549
-127.926682
-108.000549
-157.667114
-108.000549
-235.180817
-108.000549
108.000015
-108.000549
108.000015
-108.000549
-136.757050
-108.000549
-158.898773
-108.000549
-229.372757
-108.000549
108.000015
-108.000549
108.000015
-108.000549
-143.990433
-108.000549
-158.361267
-108.000549
-222.154404
-108.000549
108.000015
-108.000549
108.000015
-108.000549
-152.313324
-108.000549
-159.606888
-108.000549
-217.201431
-108.000549
108.000015
-108.000549
108.000015
-108.000549
-162.599594
-108.000549
-162.286407
-108.000549
-213.386261
-108.000549
108.000015
-108.000549
108.000015
-108.000549
-171.420837
-108.000549
-163.932205
-108.000549
-209.280869
-108.000549
108.000015
-108.000549
108.000015
-108.000549
-180.981842
-108.000549
-166.199219
-108.000549
-205.850861
-108.000549
108.000015
-108.000549
108.000015
-108.000549
-190.100815
-108.000549
-168.187271
-108.000549
-202.303909
-108.000549
108.000015
-108.000549
108.000015
-108.000549
-199.760010
-108.000549
-170.296555
-108.000549
-198.600845
-108.000549
111.125328
-108.000549
108.000015
-108.000549
-208.541016
-108.000549
-171.566849
-108.000549
-194.276596
-108.000549
121.503326
-108.000549
108.000015
-108.000549
-217.386948
-108.000549
-172.449829
-108.000549
-189.457184
-108.000549
132.284195
-108.000549
108.000015
-108.000549
-225.781723
-108.000549
-173.499115
-108.000549
-184.978973
-108.000549
142.700287
-108.000549
108.000015
-108.000549
-234.478516
-108.000549
-174.722733
-108.000549
-180.539917
-108.000549
153.356705
-108.000549
108.000015
-108.000549
-243.394180
-108.000549
-176.460266
-108.000549
-176.685577
-108.000549
164.053894
-108.000549
108.000015
-108.000549
-252.844147
-108.000549
-178.457443
-108.000549
-173.037781
-108.000549
174.169037
-108.000549
108.000015
-108.000549
250.107224
-108.000549
-180.485199
-108.000549
-169.224213
-108.000549
185.063629
-108.000549
108.000015
-108.000549
241.370728
-108.000549
-182.019424
-108.000549
-165.263657
-108.000549
195.764587
-108.000549
108.000015
-108.000549
232.061859
-108.000549
-184.489731
-108.000549
-162.001022
-108.000549
206.647919
-108.000549
108.000015
-108.000549
221.950455
-108.000549
-187.782410
-108.000549
-159.590790
-108.000549
217.279129
-108.000549
108.000015
-108.000549
211.747345
-108.000549
-191.357803
-108.000549
-157.366699
-108.000549
227.472595
-108.000549
108.000015
-108.000549
201.522217
-108.000549
-194.658005
-108.000549
-155.208588
-108.000549
237.288940
-108.000549
108.000015
-108.000549
191.867325
-108.000549
-197.797256
-108.000549
-153.137390
-108.000549
247.149277
-108.000549
108.000015
-108.000549
181.946365
-108.000549
-201.170410
-108.000549
-151.087112
-108.000549
-255.152985
-108.000549
108.000015
-108.000549
171.932617
-108.000549
-204.987183
-108.000549
-149.403763
-108.000549
-244.553436
-108.000549
108.000015
-108.000549
161.603958
-108.000549
-209.292130
-108.000549
-147.512802
-108.000549
-234.159866
-108.000549
108.000015
-108.000549
151.648132
-108.000549
-213.185623
-108.000549
-145.770432
-108.000549
-223.816742
-108.000549
108.000015
-108.000549
141.976089
-108.000549
-217.083954
-108.000549
-144.036652
-108.000549
-213.729492
-108.000549
108.000015
-108.000549
132.411331
-108.000549
-221.093857
-108.000549
-142.412842
-108.000549
-203.567139
-108.000549
108.000015
-108.000549
122.775772
-108.000549
-225.489990
-108.000549
-141.192444
-108.000549
-193.355957
-108.000549
108.000015
-108.000549
112.465355
-108.000549
-230.348557
-108.000549
-140.622742
-108.000549
-184.059418
-108.000549
108.000015
-108.000549
108.000015
-108.000549
-235.474792
-108.000549
-140.263321
-108.000549
-174.449051
-108.000549
108.000015
-108.000549
108.000015
-108.000549
-240.505539
-108.000549
-139.774628
-108.000549
-165.028061
-108.000549
108.000015
-108.000549
108.000015
-108.000549
-245.535751
-108.000549
-139.378189
-108.000549
-155.906418
-108.000549
108.000015
-108.000549
108.000015
-108.000549
-250.815414
-108.000549
-139.212433
-108.000549
-146.614166
-108.000549
108.000015
-108.000549
108.000015
-108.000549
-255.777496
-108.000549
-138.724808
-108.000549
-137.090179
-108.000549
108.000015
-108.000549
108.000015
-108.000549
250.864578
-108.000549
-138.638977
-108.000549
-127.935799
-108.000549
108.000015
-108.000549
108.000015
-108.000549
245.217453
-108.000549
-138.505936
-108.000549
-118.667160
-108.000549
108.000015
-108.000549
108.000015
-108.000549
239.540298
-108.000549
-138.393829
-108.000549
-109.489708
-108.000549
108.000015
-108.000549
108.000015
-108.000549
233.827194
-108.000549
-138.349304
-108.000549
-100.188881
-108.000549
108.000015
-108.000549
108.000015
-108.000549
227.389893
-108.000549
-138.598740
-108.000549
-91.150368
-108.000549
108.000015
-108.000549
108.000015
-108.000549
221.116730
-108.000549
-138.858383
-108.000549
-81.647835
-108.000549
108.000015
-108.000549
108.000015
-108.000549
214.661194
-108.000549
-139.468857
-108.000549
-72.846436
-108.000549
108.000015
-108.000549
108.000015
-108.000549
208.009323
-108.000549
-140.308380
-108.000549
-64.203819
-108.000549
108.000015
-108.000549
108.000015
-108.000549
201.132675
-108.000549
-141.221405
-108.000549
-55.733406
-108.000549
108.000015
-108.000549
108.000015
-108.000549
194.352051
-108.000549
-142.093658
-108.000549
-46.795208
-108.000549
108.000015
-108.000549
108.000015
-108.000549
187.400284
-108.000549
-143.163330
-108.000549
-38.735172
-108.000549
108.000015
-108.000549
108.000015
-108.000549
180.738205
-108.000549
-143.920792
-108.000549
-30.340929
-108.000549
108.000015
-108.000549
108.000015
-108.000549
173.837967
-108.000549
-144.755493
-108.000549
-22.139269
-108.000549
108.000015
-108.000549
108.000015
-108.000549
167.078262
-108.000549
-145.672806
-108.000549
-14.214951
-108.000549
108.000015
-108.000549
108.000015
-108.000549
160.021896
-108.000549
-146.470490
-108.000549
-6.150084
-108.000549
108.000015
-108.000549
108.000015
-108.000549
152.785294
-108.000549
-147.356155
-108.000549
2.144917
-108.000549
108.000015
-108.000549
108.000015
-108.000549
145.375961
-108.000549
-148.283127
-108.000549
10.109469
-108.000549
108.000015
-108.000549
108.000015
-108.000549
137.903870
-108.000549
-149.164505
-108.000549
18.523560
-108.000549
108.000015
-108.000549
108.000015
-108.000549
130.277817
-108.000549
-150.251343
-108.000549
26.340591
-108.000549
108.000015
-108.000549
108.000015
-108.000549
122.775673
-108.000549
-151.601028
-108.000549
34.091640
-108.000549
108.000015
-108.000549
108.000015
-108.000549
114.839554
-108.000549
-153.251648
-108.000549
41.433384
-108.000549
108.000015
-108.000549
108.000015
-108.000549
106.914162
-108.000549
-154.977386
-108.000549
48.438778
-108.000549
108.000015
-108.000549
108.000015
-108.000549
98.776878
-108.000549
-156.676300
-108.000549
55.300407
-108.000549
108.000015
-108.000549
108.000015
-108.000549
90.549461
-108.000549
-158.644501
-108.000549
61.781158
-108.000549
108.000015
-108.000549
108.000015
-108.000549
82.397690
-108.000549
-160.434616
-108.000549
68.589676
-108.000549
108.000015
-108.000549
108.000015
-108.000549
73.782433
-108.000549
-162.229538
-108.000549
75.332756
-108.000549
108.000015
-108.000549
108.000015
-108.000549
65.264275
-108.000549
-164.052917
-108.000549
81.542068
-108.000549
108.000015
-108.000549
108.000015
-108.000549
56.702667
-108.000549
-165.807068
-108.000549
87.977226
-108.000549
108.000015
-108.000549
108.000015
-108.000549
47.899651
-108.000549
-167.548904
-108.000549
94.401115
-108.000549
108.000015
-108.000549
108.000015
-108.000549
39.106834
-108.000549
-169.452728
-108.000549
100.616333
-108.000549
108.000015
-108.000549
108.000015
-108.000549
30.007708
-108.000549
-171.550751
-108.000549
106.617508
-108.000549
108.000015
-108.000549
108.000015
-108.000549
20.695612
-108.000549
-173.753922
-108.000549
112.469551
-108.000549
108.000015
-108.000549
108.000015
-108.000549
11.657640
-108.000549
-175.937775
-108.000549
118.151543
-108.000549
108.000015
-108.000549
108.000015
-108.000549
2.393290
-108.000549
-178.328705
-108.000549
123.895226
-108.000549
108.000015
-108.000549
108.000015
-108.000549
-6.643074
-108.000549
-180.447647
-108.000549
129.400726
-108.000549
108.000015
-108.000549
108.000015
-108.000549
-15.910643
-108.000549
-182.858948
-108.000549
134.371399
-108.000549
108.000015
-108.000549
108.000015
-108.000549
-25.296768
-108.000549
-185.370041
-108.000549
139.143051
-108.000549
108.000015
-108.000549
108.000015
-108.000549
-34.168980
-108.000549
-187.520630
-108.000549
144.120163
-108.000549
108.000015
-108.000549
108.000015
-108.000549
-43.215534
-108.000549
-189.548386
-108.000549
149.250687
-108.000549
108.000015
-108.000549
108.000015
-108.000549
-52.292133
-108.000549
-191.526779
-108.000549
154.464905
-108.000549
108.000015
-108.000549
108.000015
-108.000549
-61.244808
-108.000549
-193.442963
-108.000549
159.367981
-108.000549
108.000015
-108.000549
108.000015
-108.000549
-70.606255
-108.000549
-195.476074
-108.000549
164.250671
-108.000549
108.000015
-108.000549
108.000015
-108.000549
-79.870605
-108.000549
-197.715729
-108.000549
169.008911
-108.000549
108.000015
-108.000549
108.000015
-108.000549
-89.230980
-108.000549
-200.378082
-108.000549
173.454941
-108.000549
108.000015
-108.000549
108.000015
-108.000549
-98.671288
-108.000549
-202.859131
-108.000549
177.864487
-108.000549
108.000015
-108.000549
108.000015
-108.000549
-108.412003
-108.000549
-205.718353
-108.000549
181.872787
-108.000549
108.000015
-108.000549
108.000015
-108.000549
-118.130714
-108.000549
-208.367310
-108.000549
185.802750
-108.000549
108.000015
-108.000549
108.000015
-108.000549
-127.648262
-108.000549
-210.743744
-108.000549
190.121643
-108.000549
108.000015
-108.000549
108.000015
-108.000549
-136.686768
-108.000549
-213.166855
-108.000549
193.834381
-108.000549
108.000015
-108.000549
108.000015
-108.000549
-146.374374
-108.000549
-215.715485
-108.000549
197.490234
-108.000549
108.000015
-108.000549
108.000015
-108.000549
-155.888168
-108.000549
-218.162735
-108.000549
201.059174
-108.000549
108.000015
-108.000549
108.000015
-108.000549
-165.741531
-108.000549
-221.119064
-108.000549
204.246719
-108.000549
108.000015
-108.000549
108.000015
-108.000549
-175.534286
-108.000549
-223.880127
-108.000549
207.569427
-108.000549
108.000015
-108.000549
108.000015
-108.000549
-185.540527
-108.000549
-227.081619
-108.000549
210.509674
-108.000549
108.000015
-108.000549
108.000015
-108.000549
-195.688416
-108.000549
-230.446716
-108.000549
213.221390
-108.000549
108.000015
-108.000549
108.000015
-108.000549
-206.278854
-108.000549
-234.063950
-108.000549
215.964218
-108.000549
108.000015
-108.000549
108.000015
-108.000549
-216.427246
-108.000549
-237.587830
-108.000549
218.479584
-108.000549
108.000015
-108.000549
108.000015
-108.000549
-226.981216
-108.000549
-241.574127
-108.000549
220.756790
-108.000549
108.000015
-108.000549
108.000015
-108.000549
-237.514786
-108.000549
-245.573303
-108.000549
222.867676
-108.000549
108.000015
-108.000549
108.000015
-108.000549
-247.642807
-108.000549
-249.043015
-108.000549
225.130402
-108.000549
108.000015
-108.000549
108.000015
-108.000549
254.041489
-108.000549
-252.776108
-108.000549
227.102356
-108.000549
108.000015
-108.000549
108.000015
-108.000549
244.023438
-108.000549
255.793945
-108.000549
229.360245
-108.000549
108.000015
-108.000549
108.000015
-108.000549
234.272537
-108.000549
252.646103
-108.000549
231.738815
-108.000549
108.000015
-108.000549
108.000015
-108.000549
224.949173
-108.000549
249.485931
-108.000549
234.020844
-108.000549
108.000015
-108.000549
108.000015
-108.000549
215.121017
-108.000549
246.149261
-108.000549
236.187531
-108.000549
108.000015
-108.000549
108.000015
-108.000549
205.553040
-108.000549
242.750366
-108.000549
238.331146
-108.000549
108.000015
-108.000549
108.000015
-108.000549
195.471695
-108.000549
238.967911
-108.000549
240.326187
-108.000549
108.000015
-108.000549
108.000015
-108.000549
185.697708
-108.000549
235.078705
-108.000549
242.108246
-108.000549
114.271553
-108.000549
108.000015
-108.000549
175.670532
-108.000549
231.027496
-108.000549
243.907471
-108.000549
122.916313
-108.000549
108.000015
-108.000549
165.918030
-108.000549
226.989166
-108.000549
245.703476
-108.000549
131.705917
-108.000549
108.000015
-108.000549
155.758362
-108.000549
222.800629
-108.000549
247.220535
-108.000549
140.267532
-108.000549
108.000015
-108.000549
146.414078
-108.000549
218.663589
-108.000549
248.457565
-108.000549
148.873123
-108.000549
108.000015
-108.000549
136.387985
-108.000549
214.359177
-108.000549
249.586243
-108.000549
157.327454
-108.000549
108.000015
-108.000549
126.823219
-108.000549
210.158844
-108.000549
250.594208
-108.000549
165.951828
-108.000549
108.000015
-108.000549
117.262222
-108.000549
205.497696
-108.000549
251.317871
-108.000549
174.186203
-108.000549
108.000015
-108.000549
108.000015
-108.000549
201.087067
-108.000549
252.082840
-108.000549
182.644821
-108.000549
108.000015
-108.000549
108.000015
-108.000549
196.731705
-108.000549
253.066681
-108.000549
191.259003
-108.000549
108.000015
-108.000549
108.000015
-108.000549
192.469131
-108.000549
253.960922
-108.000549
199.707977
-108.000549
108.000015
-108.000549
108.000015
-108.000549
188.011292
-108.000549
254.759155
-108.000549
208.174637
-108.000549
108.000015
-108.000549
108.000015
-108.000549
183.565796
-108.000549
255.608337
-108.000549
216.621445
-108.000549
108.000015
-108.000549
108.000015
-108.000549
178.604248
-108.000549
-255.803787
-108.000549
225.259232
-108.000549
108.000015
-108.000549
108.000015
-108.000549
173.663086
-108.000549
-255.190094
-108.000549
233.468399
-108.000549
108.000015
-108.000549
108.000015
-108.000549
168.751419
-108.000549
-254.631119
-108.000549
241.845474
-108.000549
108.000015
-108.000549
108.000015
-108.000549
163.612305
-108.000549
-254.316772
-108.000549
250.418884
-108.000549
108.000015
-108.000549
108.000015
-108.000549
158.469437
-108.000549
-254.118820
-108.000549
-253.193359
-108.000549
108.000015
-108.000549
108.000015
-108.000549
153.314240
-108.000549
-254.129013
-108.000549
-244.905869
-108.000549
108.000015
-108.000549
108.000015
-108.000549
147.911728
-108.000549
-254.087173
