-28.114382
-138.374741
-28.970007
-138.991104
-33.926731
-141.391144
-39.440277
-144.094818
-35.990955
-142.255890
-29.122892
-138.908493
-30.306284
-139.573685
-35.486164
-142.024689
-41.130608
-144.578690
-37.786427
-142.595993
-30.946259
-138.909027
-32.136623
-139.337112
-37.400188
-141.667419
-42.988304
-144.213913
-39.666656
-142.174896
-32.823269
-138.618820
-33.968037
-139.109665
-39.033119
-141.607330
-44.605141
-144.225174
-41.266861
-142.176498
-34.404697
-138.566788
-35.475971
-138.956238
-40.594700
-141.256500
-46.110931
-143.799240
-42.768898
-141.938858
-35.854702
-138.364014
-36.835316
-138.866119
-41.832809
-141.184616
-47.347965
-143.774017
-44.054214
-141.936707
-37.119633
-138.285156
-38.077717
-138.692307
-42.975430
-141.051575
-48.397251
-143.698380
-45.115295
-141.752716
-38.063770
-138.087738
-38.871651
-138.554443
-43.716793
-140.901382
-49.085506
-143.622208
-45.828762
-141.945297
-38.702133
-138.442322
-39.447250
-138.890793
-44.176521
-141.257568
-49.467987
-143.927979
-46.196762
-142.120178
-39.148991
-138.622574
-40.013733
-139.214798
-44.691505
-141.505417
-49.889095
-144.111984
-46.587830
-142.348694
-39.278809
-138.799606
-39.791649
-139.154724
-44.391098
-141.429779
-49.657890
-144.101791
-46.264355
-142.403412
-38.875404
-138.752930
-39.479439
-139.039383
-44.351402
-141.338577
-49.923428
-144.114120
-46.955830
-142.550934
-39.900547
-139.031342
-40.597919
-139.561890
-45.318069
-142.015564
-50.604172
-144.785217
-47.394100
-143.107758
-39.923077
-139.472839
-40.234749
-139.777527
-44.585827
-142.011810
-49.700268
-144.792191
-46.449963
-143.149063
-38.945679
-139.511459
-39.273445
-139.952942
-43.792431
-142.251602
-49.020596
-144.834564
-45.871677
-143.149063
-38.467709
-139.545258
-38.853413
-139.868195
-43.382053
-142.127151
-48.642403
-144.756241
-45.678558
-143.107224
-38.294975
-139.419724
-38.684967
-139.803818
-43.305340
-142.162018
-48.660645
-144.764832
-45.516556
-143.033203
-38.108292
-139.486252
-38.429085
-139.834396
-42.995815
-142.074570
-48.438557
-144.779846
-45.657101
-143.241867
-38.324478
-139.646103
-38.702133
-139.884277
-43.301048
-142.186691
-48.773834
-144.896255
-46.154385
-143.439819
-38.911346
-139.823135
-39.317970
-140.099396
-43.714111
-142.302032
-48.534042
-144.766434
-46.389347
-143.615768
-39.757317
-140.289291
-39.785210
-140.393906
-43.666367
-142.321335
-48.439629
-144.771271
-46.146336
-143.624359
-39.501431
-140.324173
-39.514843
-140.279099
-43.449108
-142.134125
-48.331268
-144.582443
-46.210175
-143.441971
-39.548641
-140.269989
-39.253597
-140.273743
-42.867603
-141.927597
-47.659103
-144.255219
-45.496170
-143.124924
-38.514915
-139.602646
-36.765579
-138.417648
-41.282421
-139.911636
-48.198231
-142.601364
-47.276085
-141.336975
-41.225555
-137.567398
-41.234676
-137.001984
-45.061653
-138.273346
-50.018379
-140.347229
-48.121521
-138.852173
-41.420822
-135.270889
-41.138653
-135.093323
-44.934513
-136.939224
-49.904114
-139.298492
-48.046955
-138.158020
-41.307095
-134.826706
-41.044239
-134.755905
-44.745686
-136.540100
-49.522705
-139.093033
-47.489052
-138.180542
-40.562515
-134.777893
-40.354912
-134.771454
-44.458157
-136.790619
-49.773762
-139.440643
-48.070557
-138.591461
-41.180496
-135.278931
-40.726665
-135.157700
-44.534328
-137.062607
-49.559719
-139.667557
-47.737423
-138.720749
-40.707890
-135.303604
-40.147846
-135.212952
-43.777946
-137.145752
-48.720726
-139.680969
-46.837273
-138.722885
-39.778774
-135.238693
-39.184933
-135.030029
-42.988304
-136.854462
-48.109718
-139.385925
-46.541157
-138.523331
-39.811497
-135.225830
-39.474609
-135.115860
-43.370789
-136.993393
-48.473961
-139.597824
-46.964947
-138.827499
-40.189686
-135.467224
-39.750340
-135.357254
-43.562832
-137.287903
-48.610756
-139.738373
-47.005180
-138.822662
-40.116196
-135.438797
-39.657001
-135.214554
-43.448570
-136.904892
-48.556572
-139.315659
-47.048096
-138.421402
-40.170910
-134.976379
-39.606037
-134.810623
-43.313923
-136.756287
-48.138149
-139.327988
-46.435478
-138.603790
-39.638760
-135.167358
-38.824978
-135.004272
-42.343502
-136.881821
-46.857658
-139.353745
-44.846539
-138.564636
-37.493530
-135.101898
-36.200169
-134.874451
-39.081936
-136.668854
-43.291393
-139.203537
-41.182106
-138.410141
-33.706787
-134.991928
-32.555584
-135.044510
-35.835388
-137.045975
-40.439133
-139.624115
-38.815323
-138.798523
-31.814758
-135.308975
-31.135622
-135.242447
-35.025364
-137.378021
-40.501362
-140.105835
-39.533619
-139.449234
-32.922512
-135.979523
-32.637123
-135.717209
-36.920074
-137.674149
-42.669121
-140.441116
-41.853729
-139.824203
-35.174492
-136.356110
-34.695450
-136.052475
-38.738613
-137.946655
-44.155064
-140.577362
-43.054821
-139.856384
-36.108974
-136.370056
-35.591309
-136.124359
-39.583508
-138.082382
-45.084721
-140.695923
-44.175449
-140.054871
-37.293976
-136.487000
-36.694767
-136.215561
-40.665512
-138.126358
-46.088402
-140.801605
-45.116905
-140.101547
-38.083618
-136.542252
-37.300411
-136.101303
-41.159039
-137.884964
-46.573879
-140.393372
-45.657639
-139.722809
-38.756851
-136.179077
-38.113659
-135.814301
-42.050068
-137.634979
-47.566299
-140.316116
-46.754662
-139.793091
-39.743904
-136.167282
-38.927975
-135.763336
-42.766216
-137.592072
-48.191257
-140.246918
-47.290569
-139.737305
-40.228848
-136.199463
-39.373760
-135.779434
-43.210392
-137.654831
-48.575348
-140.290909
-47.751907
-139.746414
-40.658001
-136.157623
-39.595310
-135.685013
-43.257599
-137.538956
-48.608070
-140.090271
-47.777657
-139.545792
-40.617229
-136.054626
-39.657001
-135.674820
-43.458225
-137.533600
-48.884876
-140.211517
-48.069485
-139.668640
-40.938023
-136.065353
-39.893036
-135.614212
-43.606285
-137.447769
-48.940128
-140.105835
-48.271187
-139.707260
-41.156357
-136.125443
-40.040558
-135.720428
-43.744686
-137.468155
-49.084435
-140.048965
-48.397251
-139.665955
-41.223412
-136.107727
-40.074890
-135.667847
-43.875042
-137.467621
-49.305447
-140.192734
-48.597343
-139.752319
-41.346790
-136.039612
-40.157501
-135.437714
-43.883091
-137.238556
-49.356945
-139.906281
-48.777050
-139.521118
-41.636471
-135.880280
-40.530327
-135.395874
-44.315998
-137.255188
-49.715286
-139.858536
-49.199768
-139.488388
-42.117123
-135.941971
-40.859165
-135.435577
-44.518238
-137.255722
-49.798973
-139.840302
-49.259850
-139.530228
-42.130535
-135.995621
-40.747585
-135.371735
-44.323509
-137.125900
-49.579567
-139.702423
-49.062973
-139.361786
-41.835491
-135.800354
-40.419285
-135.285904
-43.995743
-137.022903
-49.400398
-139.591385
-49.022743
-139.324768
-41.918640
-135.831467
-40.565731
-135.266052
-44.208710
-137.047577
-49.611755
-139.763580
-49.323151
-139.500198
-42.203491
-135.956451
-40.777092
-135.310043
-44.369106
-137.078690
-49.768932
-139.731400
-49.448677
-139.543640
-42.338673
-135.894226
-40.995960
-135.255859
-44.663612
-136.950485
-50.047344
-139.560272
-49.758202
-139.271667
-42.609039
-135.732758
-41.139191
-135.148575
-44.709209
-136.879669
-50.107426
-139.602646
-49.779663
-139.430984
-42.529110
-135.844879
-41.016880
-135.182373
-44.571880
-136.862503
-49.896069
-139.497513
-49.631065
-139.287231
-42.444351
-135.773529
-41.009907
-135.032166
-44.698483
-136.754684
-50.102062
-139.406311
-50.013550
-139.327454
-42.871895
-135.791229
-41.336063
-135.039139
-44.849220
-136.749313
-50.139614
-139.440643
-49.934692
-139.276489
-42.742615
-135.709702
-41.172447
-135.083130
-44.700089
-136.885574
-50.011406
-139.484100
-49.897141
-139.300095
-42.783382
-135.664093
-41.080715
-134.910934
-44.548275
-136.605545
-49.899288
-139.241089
-49.905190
-139.251282
-42.642834
-135.688766
-40.965919
-134.998367
-44.363205
-136.712845
-49.332268
-139.282394
-49.036152
-139.407928
-42.055431
-136.243454
-40.389244
-135.809479
-43.565517
-138.033554
-48.653671
-141.129898
-48.269577
-141.482880
-40.685894
-138.399948
-38.750416
-138.274963
-42.029682
-140.534988
-47.173622
-143.600754
-46.865170
-143.990753
-39.054577
-140.591309
-37.249985
-140.147675
-40.916565
-142.384644
-46.636646
-145.433777
-46.530430
-145.405884
-38.569633
-141.371307
-36.785965
-140.565567
-40.739540
-142.602432
-46.622696
-145.536240
-46.696728
-145.449875
-38.856628
-141.429230
-37.014488
-140.641739
-40.941780
-142.569717
-46.731594
-145.546432
-46.743935
-145.464890
-39.013271
-141.463562
-37.222092
-140.716309
-41.126850
-142.646957
-46.894138
-145.604904
-46.981041
-145.538376
-39.118950
-141.452301
-37.261250
-140.630478
-41.091984
-142.655548
-46.937054
-145.631180
-47.125343
-145.667130
-39.351231
-141.692093
-37.438812
-140.841827
-41.246479
-142.730637
-47.006252
-145.647812
-47.219219
-145.577011
-39.428478
-141.575684
-37.453835
-140.765656
-41.305485
-142.626038
-47.100666
-145.495468
-47.414486
-145.524963
-39.550247
-141.607330
-37.497822
-140.659973
-41.255062
-142.488708
-47.033611
-145.321121
-47.397854
-145.443970
-39.566341
-141.487701
-37.554684
-140.635300
-41.413849
-142.606720
-47.256237
-145.471329
-47.643547
-145.560379
-39.810421
-141.525803
-37.701672
-140.584335
-41.550640
-142.464035
-47.266426
-145.360275
-47.597412
-145.536774
-39.792721
-141.570862
-37.607258
-140.695923
-41.359131
-142.648026
-47.219757
-145.448792
-47.656956
-145.530869
-39.745514
-141.520432
-37.526253
-140.576294
-41.274910
-142.523041
-47.144657
-145.399445
-47.645691
-145.558762
-39.738541
-141.617523
-37.444180
-140.490463
-41.231457
-142.356201
-47.048634
-145.181641
-47.552349
-145.342575
-39.662365
-141.459274
-37.298801
-140.426086
-41.071060
-142.330994
-46.930614
-145.170380
-47.531967
-145.311462
-39.687042
-141.410995
-37.345474
-140.302704
-41.073208
-142.207077
-46.892529
-145.086700
-47.504070
-145.329163
-39.623741
-141.400269
-37.224773
-140.340256
-40.952507
-142.161484
-46.743397
-145.097427
-47.478321
-145.424652
-39.657001
-141.502197
-37.200096
-140.469009
-41.067307
-142.357819
-46.799725
-145.277130
-47.367817
-145.486877
-39.533619
-141.520966
-36.961380
-140.387466
-40.653709
-142.317581
-46.548668
-145.295914
-47.347965
-145.499756
-39.456371
-141.314438
-36.863747
-139.896622
-40.531399
-141.666885
-46.313705
-144.505737
-47.212784
-144.881241
-39.419895
-141.048355
-36.846046
-139.949722
-40.490093
-141.826736
-46.335701
-144.721909
-47.256237
-145.100647
-39.452618
-141.118637
-36.824589
-139.888580
-40.444496
-141.659912
-46.261673
-144.621063
-47.281448
-145.020721
-39.579216
-141.128296
-36.916321
-139.963684
-40.528717
-141.800995
-46.342136
-144.683289
-47.390347
-145.168228
-39.768044
-141.291367
-37.039700
-140.063995
-40.611332
-141.835861
-46.385590
-144.713333
-47.395710
-145.222946
-39.695625
-141.365402
-36.945824
-140.131577
-40.492241
-141.866974
-46.280983
-144.713867
-47.437553
-145.249237
-39.694553
-141.361649
-36.891644
-140.140167
-40.506187
-141.921158
-46.302441
-144.795410
-47.477249
-145.295914
-39.738541
-141.398117
-36.869648
-140.065598
-40.499752
-141.821381
-46.322826
-144.725677
-47.516411
-145.327560
-39.796474
-141.490387
-36.873405
-140.147675
-40.420357
-141.776321
-46.157604
-144.595856
-47.427361
-145.145706
-39.796474
-141.321945
-36.824051
-140.029663
-40.346867
-141.780609
-46.150627
-144.631790
-47.490662
-145.143021
-39.890354
-141.312836
-36.899689
-140.012497
-40.464344
-141.780609
-46.348038
-144.578156
-47.695580
-145.149994
-40.018024
-141.360031
-36.976402
-140.002304
-40.431087
-141.653473
-46.221439
-144.401123
-47.609749
-144.954193
-39.998177
-141.060699
-36.849262
-139.721207
-40.258350
-141.425476
-46.095375
-144.211761
-47.532501
-144.844223
-39.866215
-141.050507
-36.747341
-139.717987
-40.221874
-141.410461
-46.031002
-144.237503
-47.538940
-144.856033
-39.957943
-141.098251
-36.744122
-139.647720
-40.155354
-141.406708
-46.016518
-144.343185
-47.540550
-145.118881
-39.935951
-141.413681
-36.674385
-139.907883
-40.117805
-141.615921
-45.925323
-144.458527
-47.475639
-145.196671
-39.886063
-141.329453
-36.678139
-139.815079
-40.118877
-141.510773
-45.833054
-144.382355
-47.497097
-145.187012
-39.952045
-141.336975
-36.653461
-139.822052
-40.053432
-141.457138
-45.833054
-144.290085
-47.528210
-145.129074
-39.938633
-141.426559
-36.625568
-139.885895
-40.003006
-141.632553
-45.787457
-144.507339
-47.548061
-145.277130
-40.018024
-141.530090
-36.672237
-139.914322
-39.972427
-141.571930
-45.780483
-144.398438
-47.541622
-145.224564
-39.991741
-141.488251
-36.564949
-139.961533
-39.923077
-141.710861
-45.686607
-144.594238
-47.534649
-145.499756
-40.002468
-141.714081
-36.601963
-140.061844
-39.918785
-141.747345
-45.631889
-144.603897
-47.538403
-145.402664
-40.114586
-141.689941
-36.545639
-140.119781
-39.849583
-141.829956
-45.507435
-144.637161
-47.430042
-145.550720
-39.992275
-141.773636
-36.382023
-140.120316
-39.704208
-141.698532
-45.497780
-144.493927
-47.521774
-145.413391
-40.089375
-141.733398
-36.476437
-140.062912
-39.812569
-141.733932
-45.492413
-144.613556
-47.502998
-145.471863
-40.062016
-141.788651
-36.385242
-140.150894
-39.698307
-141.725891
-45.437160
-144.554550
-47.435944
-145.608124
-40.020172
-141.870193
-36.320332
-140.172897
-39.559368
-141.755936
-45.364742
-144.584045
-47.486370
-145.555542
-40.100101
-141.886826
-36.405090
-140.143387
-39.658611
-141.705505
-45.367424
-144.624817
-47.542160
-145.634933
-40.197735
-141.909882
-36.416355
-140.134262
-39.595310
-141.735001
-45.319145
-144.534164
-47.482613
-145.560913
-40.116196
-141.902374
-36.280098
-140.179321
-39.472466
-141.824051
-45.175915
-144.586731
-47.468128
-145.645126
-40.174667
-142.021469
-36.297264
-140.197037
-39.488022
-141.861603
-45.238678
-144.641449
-47.511581
-145.666061
-40.263718
-142.070282
-36.384705
-140.323090
-39.519672
-141.907745
-45.240288
-144.713333
-47.566299
-145.783005
-40.352230
-142.219421
-36.474827
-140.374054
-39.602283
-141.983383
-45.278374
-144.768585
-47.704700
-145.828598
-40.491703
-142.226395
-36.480728
-140.437363
-39.592628
-142.030594
-45.307880
-144.829208
-47.717575
-145.990601
-40.499214
-142.372299
-36.464100
-140.559662
-39.604965
-142.188309
-45.299297
-144.966003
-47.763172
-146.175674
-40.585583
-142.602966
-36.519890
-140.720062
-39.580826
-142.302567
-45.283737
-145.071671
-47.747078
-146.233078
-40.627960
-142.648026
-36.511307
-140.717377
-39.534157
-142.290756
-45.217754
-145.123718
-47.765320
-146.333923
-40.678387
-142.747269
-36.507549
-140.856857
-39.541664
-142.363174
-45.198444
-145.168777
-47.777119
-146.429947
-40.745975
-142.884598
-36.547249
-140.948044
-39.582436
-142.526260
-45.278374
-145.261047
-47.965412
-146.496460
-40.965919
-142.940399
-36.730709
-140.961990
-39.707962
-142.430771
-45.362595
-145.196136
-48.070023
-146.485733
-41.061405
-142.969360
-36.780598
-141.027435
-39.785210
-142.526794
-45.494560
-145.279282
-48.245975
-146.558151
-41.250771
-143.076645
-36.879307
-141.082153
-39.868896
-142.663589
-45.603992
-145.401581
-48.387058
-146.629501
-41.358593
-143.104538
-36.998932
-141.025299
-39.950970
-142.401810
-45.571270
-145.147858
-48.347363
-146.403656
-41.364494
-142.896408
-36.957626
-140.814468
-39.898937
-142.253204
-45.638325
-145.040024
-48.649914
-146.516846
-41.841393
-142.958633
-37.375515
-140.328461
-40.349010
-141.181396
-46.070698
-143.513306
-49.147198
-144.391998
-42.496922
-140.380493
-38.181786
-137.666092
-41.400436
-138.508850
-47.292175
-140.627792
-50.385841
-141.510773
-43.765072
-137.497116
-39.446716
-134.819199
-42.607430
-135.819122
-48.504002
-138.221848
-51.710854
-139.208908
-45.090084
-135.379776
-40.626888
-133.092926
-43.584827
-134.546158
-49.377331
-137.243912
-52.564331
-138.522797
-45.866314
-134.964035
-41.206245
-132.874603
-43.962482
-134.424911
-49.543091
-137.151108
-52.594910
-138.516357
-45.819107
-135.010178
-41.119343
-132.743713
-43.792965
-134.133087
-49.329048
-136.858749
-52.285919
-138.331284
-45.538013
-134.847092
-40.936951
-132.618179
-43.861095
-134.064423
-49.513050
-136.919907
-52.649090
-138.424088
-45.982723
-135.022507
-41.287785
-132.810226
-44.088009
-134.236084
-49.655205
-136.941895
-52.847034
-138.475052
-46.239677
-135.089035
-41.466419
-132.820953
-44.168476
-134.229111
-49.702415
-136.992859
-52.899605
-138.473984
-46.263283
-134.988174
-41.411167
-132.747467
-44.119659
-134.120758
-49.734062
-136.783112
-52.958614
-138.266907
-46.289032
-134.991394
-41.354301
-132.724930
-44.243042
-134.187271
-50.081676
-137.075470
-53.401180
-138.662811
-46.638790
-135.185593
-41.479832
-132.772141
-44.024708
-134.111633
-49.437946
-136.777756
-52.682884
-138.383850
-46.169403
-135.061676
-41.216972
-132.643936
-43.824615
-133.978058
-49.299545
-136.781509
-52.649624
-138.363464
-46.145802
-135.009644
-41.122025
-132.647690
-43.586437
-133.927628
-49.016842
-136.544403
-52.469379
-138.125824
-46.172085
-134.865875
-41.292610
-132.600479
-43.979649
-133.998978
-49.463696
-136.720352
-52.809486
-138.358109
-46.321754
-135.100296
-41.260960
-132.690598
-43.873970
-133.994156
-49.342999
-136.695679
-52.801437
-138.377426
-46.396320
-135.149109
-41.258278
-132.709915
-43.830517
-133.947479
-49.303299
-136.649536
-52.788025
-138.294266
-46.365204
-135.040756
-41.134899
-132.620865
-43.665829
-133.893845
-49.118767
-136.554596
-52.694149
-138.314651
-46.405975
-135.098694
-41.285103
-132.577408
-43.754345
-133.843414
-49.165970
-136.576584
-52.734921
-138.317871
-46.475178
-135.116928
-41.211071
-132.737808
-43.664219
-134.076233
-49.131104
-136.757370
-52.686638
-138.450912
-46.329800
-135.222610
-40.998104
-132.654663
-43.479687
-133.931396
-48.889706
-136.574432
-52.595982
-138.292130
-46.401684
-135.100830
-41.047459
-132.591888
-43.447498
-133.859512
-48.929939
-136.502548
-52.606174
-138.264236
-46.378078
-135.177002
-40.950897
-132.561859
-43.233994
-133.758118
-48.521168
-136.342697
-52.187748
-138.083450
-46.137753
-135.103516
-40.652637
-132.606384
-42.857410
-133.854675
-47.954147
-136.469299
-51.395962
-138.147293
-44.962948
-135.068649
-39.233749
-132.472275
-41.116123
-133.575729
-45.851295
-136.276718
-49.066730
-138.009964
-42.367641
-134.804718
-36.228065
-132.145035
-37.890499
-133.201294
-42.617085
-135.551437
-45.713966
-136.945663
-39.182785
-133.609528
-33.281925
-130.764771
-35.177711
-131.729294
-40.155354
-134.064423
-43.728596
-135.902817
-37.712936
-132.960434
-32.247665
-130.434860
-34.464245
-131.498093
-39.827587
-133.787628
-43.841248
-135.473663
-38.148525
-132.371414
-32.927338
-129.855499
-35.489384
-131.295319
-41.142944
-134.042435
-45.409267
-136.040680
-39.937561
-133.187881
-34.656292
-130.584000
-37.184540
-131.744858
-42.784992
-134.464081
-47.013226
-136.448914
-41.573170
-133.490433
-36.284389
-130.821106
-38.673702
-131.974457
-44.223728
-134.568146
-48.441238
-136.491287
-42.985085
-133.629379
-37.584190
-131.046936
-40.046459
-132.207809
-45.553570
-134.927567
-49.785561
-136.923660
-44.346577
-134.118607
-38.945141
-131.502914
-41.347866
-132.756042
-46.850685
-135.492432
-50.909409
-137.440262
-45.047169
-134.368591
-39.506798
-131.692825
-41.863922
-132.925018
-47.273403
-135.577194
-51.358948
-137.438110
-45.844856
-134.438324
-40.244404
-131.710526
-42.449718
-132.886398
-47.839348
-135.509598
-51.984974
-137.585632
-46.586758
-134.800964
-41.084473
-132.082275
-43.288712
-133.164810
-48.592514
-135.785339
-52.564865
-137.698288
-46.842102
-134.698502
-40.944996
-131.843018
-42.839172
-132.875137
-48.001892
-135.421082
-52.167900
-137.450455
-46.644691
-134.549911
-40.861851
-131.790985
-42.980793
-132.915375
-48.265823
-135.496185
-52.423248
-137.506775
-46.918278
-134.579407
-41.088226
-131.782944
-42.988304
-132.917511
-48.044273
-135.366913
-51.950642
-137.222458
-45.975212
-134.136307
-39.768581
-131.132233
-41.653099
-132.079590
-46.945099
-134.651291
-51.321396
-136.758438
-46.144192
-134.024734
-40.492779
-131.245422
-42.608501
-132.310257
-47.992233
-134.938828
-52.351898
-137.169891
-47.107639
-134.444229
-41.328018
-131.557632
-43.363811
-132.631592
-48.617191
-135.261765
-53.068584
-137.477264
-47.864559
-134.829926
-41.958874
-131.968552
-43.904545
-132.993683
-49.135933
-135.579880
-53.490231
-137.640884
-48.268505
-134.896454
-42.311314
-131.952454
-44.232311
-132.987259
-49.372501
-135.565933
-53.657063
-137.659119
-48.379547
-134.974762
-42.259815
-132.092468
-44.070843
-132.993149
-49.155781
-135.314331
-53.337879
-137.343155
-47.957363
-134.657196
-41.895573
-131.692825
-43.750050
-132.693817
-48.850006
-135.190948
-53.189285
-137.244461
-47.936981
-134.540787
-42.020027
-131.757187
-44.226414
-132.972229
-49.109108
-135.351349
-53.252586
-137.368912
-48.250801
-134.892700
-42.160576
-131.969086
-44.061188
-133.088104
-49.303299
-135.673218
-53.737530
-137.799133
-48.618263
-135.212952
-42.510872
-132.292557
-44.278984
-133.289261
-49.274334
-135.804108
-53.658134
-137.862442
-48.426220
-135.182907
-42.208317
-132.131622
-43.994671
-133.031784
-49.122520
-135.473663
-53.585178
-137.590988
-48.429436
-134.914154
-42.180958
-131.934219
-43.993595
-132.842407
-49.248585
-135.329895
-53.736458
-137.521790
-48.696049
-134.855148
-42.455082
-131.895599
-44.256451
-132.784470
-49.474960
-135.326141
-53.964443
-137.612457
-48.900433
-135.039673
-42.573097
-131.962112
-44.287029
-132.992081
-49.277550
-135.591675
-53.768642
-137.677902
-48.715363
-134.909317
-42.335453
-131.876282
-43.986622
-132.777496
-49.134323
-135.209732
-53.645260
-137.414505
-48.565693
-134.979065
-42.121952
-131.921341
-43.754345
-132.719574
-48.868248
-135.286438
-53.446777
-137.621033
-48.504539
-135.063278
-42.123562
-131.961578
-43.733959
-132.853134
-48.838207
-135.302002
-53.400642
-137.445084
-48.413879
-134.898590
-41.915958
-131.731979
-43.526890
-132.645538
-48.554966
-135.121216
-53.193039
-137.389832
-48.307663
-134.903427
-41.858559
-131.870377
-43.478611
-132.771072
-48.560867
-135.253189
-53.204308
-137.540573
-48.345215
-135.153397
-41.804913
-131.943329
-43.354694
-132.793594
-48.472889
-135.358322
-53.165680
-137.617279
-48.339314
-135.136780
-41.767899
-131.994293
-43.305340
-132.788773
-48.369354
-135.229584
-53.084145
-137.411285
-48.304447
-135.017151
-41.815105
-131.970688
-43.438915
-132.760330
-48.550137
-135.224213
-53.326077
-137.682190
-48.586079
-135.308975
-41.979256
-132.170792
-43.442669
-132.883179
-48.442848
-135.305756
-53.164608
-137.561493
-48.552284
-135.186661
-41.930439
-132.008240
-43.363811
-132.726547
-48.406906
-135.131943
-53.172657
-137.403778
-48.593052
-134.997299
-41.911667
-131.800110
-43.411022
-132.596725
-48.434803
-135.025726
-53.228981
-137.353348
-48.670300
-135.002670
-41.977112
-131.881104
-43.360058
-132.696503
-48.365601
-135.047729
-53.214497
-137.362473
-48.684246
-134.996765
-41.959946
-131.641312
-43.261890
-132.402527
-48.269577
-134.910400
-53.103455
-137.155411
-48.573204
-134.902878
-41.805450
-131.657944
-43.209854
-132.484070
-48.219688
-134.947952
-53.107208
-137.381790
-48.676201
-135.121216
-41.879478
-132.031311
-43.184643
-132.893372
-48.166046
-135.371735
-53.039082
-137.745483
-48.596272
-135.458099
-41.794720
-132.221756
-43.081108
-133.033920
-48.000820
-135.421082
-52.900681
-137.740128
-48.551208
-135.432358
-41.763607
-132.116608
-43.006008
-132.750687
-47.958439
-135.182907
-52.879223
-137.567398
-48.488983
-135.308441
-41.641834
-131.979279
-42.946999
-132.591888
-47.962730
-134.994080
-52.934475
-137.384460
-48.658497
-135.143753
-41.869823
-131.851608
-43.121342
-132.513580
-48.033543
-134.847092
-52.973099
-137.336182
-48.789925
-135.136780
-41.911129
-131.746994
-43.104176
-132.359619
-47.991161
-134.756439
-52.996166
-137.286835
-48.847324
-135.465073
-41.914349
-132.505524
-43.026390
-133.401917
-47.998135
-136.000977
-53.097553
-138.799606
-48.990021
-136.954239
-42.066162
-133.714127
-43.175522
-134.433502
-48.063049
-136.807251
-53.063759
-139.314590
-48.962124
-137.210129
-42.008224
-133.879898
-43.123486
-134.511826
-48.014233
-136.879135
-53.067513
-139.411148
-48.977680
-137.367294
-42.005543
-134.073547
-43.140652
-134.766632
-48.063049
-137.192963
-53.135105
-139.570999
-49.086578
-137.427383
-42.095665
-134.195313
-43.198051
-134.868546
-48.112400
-137.235870
-53.179630
-139.746414
-49.156853
-137.735306
-42.179886
-134.367523
-43.193760
-135.008026
-48.038906
-137.359253
-53.219864
-139.840302
-49.266285
-137.874237
-42.162182
-134.459244
-43.228630
-134.938293
-48.178917
-137.328674
-53.297646
-139.829025
-49.344070
-137.734756
-42.297905
-134.279007
-43.309097
-134.780045
-48.197693
-137.096390
-53.327152
-139.505020
-49.495884
-137.425232
-42.366570
-134.053162
-43.324116
-134.659348
-48.122593
-136.955841
-52.938232
-139.351059
-48.735744
-137.546463
-41.704063
-134.325668
-42.580070
-134.731766
-47.099056
-136.990723
-52.007504
-139.496429
-48.046955
-137.541107
-40.530327
-134.086960
-41.286709
-134.653442
-46.050850
-136.979996
-50.946960
-139.486786
-47.102814
-137.561493
-39.908054
-134.157227
-40.766361
-134.675430
-45.591656
-137.072250
-50.779587
-139.550613
-47.116760
-137.535736
-39.952579
-134.095001
-40.844685
-134.606232
-45.709675
-136.926880
-50.970024
-139.454590
-47.430580
-137.568466
-40.265862
-134.046188
-40.997032
-134.511826
-45.885628
-136.823349
-51.089653
-139.390762
-47.465446
-137.422012
-40.270153
-133.866486
-41.064087
-134.375565
-45.822327
-136.686020
-51.038689
-139.224991
-47.466518
-137.380707
-40.216511
-133.873459
-41.013126
-134.352493
-45.808914
-136.698349
-51.041908
-139.223389
-47.486904
-137.320099
-40.234749
-133.850922
-41.041019
-134.291885
-45.828228
-136.693527
-51.205524
-139.373596
-47.723476
-137.522873
-40.408020
-134.021515
-41.134361
-134.457108
-45.881870
-136.815842
-51.103600
-139.355896
-47.604923
-137.566849
-40.218121
-134.039215
-40.888134
-134.408279
-45.673733
-136.690308
-50.957150
-139.240021
-47.574345
-137.483704
-40.337208
-134.015076
-41.011517
-134.505386
-45.710747
-136.818512
-51.051563
-139.311905
-47.710064
-137.563095
-40.302341
-134.021515
-40.902081
-134.387360
-45.698944
-136.653290
-51.004894
-139.239487
-47.631207
-137.513214
-40.199345
-133.970551
-40.670876
-134.299393
-45.338455
-136.535812
-50.622948
-139.233582
-47.199909
-137.548080
-39.795403
-133.975906
-40.275517
-134.453354
-44.894283
-136.961212
-50.036079
-139.342484
-46.414021
-137.020218
-38.580898
-132.980820
-38.684967
-132.870300
-42.853657
-134.711914
-47.512119
-136.735367
-43.611115
-134.481781
-35.534447
-130.296997
-35.182003
-130.228333
-39.123241
-132.296844
-43.908302
-134.875534
-40.244942
-132.898209
-32.360855
-128.889908
-32.445076
-128.995056
-36.764507
-131.318375
-41.894501
-133.883102
-38.512234
-132.128952
-30.938747
-128.717178
-31.342690
-129.375931
-35.949116
-131.734131
-41.201416
-134.469437
-38.013344
-133.200760
-30.654434
-129.804001
-31.226818
-130.061493
-35.928192
-132.096222
-41.361275
-134.906097
-38.531010
-133.540863
-31.401161
-130.119965
-32.243912
-130.645676
-37.211361
-133.221680
-42.926613
-135.991333
-40.306095
-134.555267
-33.240086
-131.072159
-33.975010
-131.529739
-39.021854
-134.045120
-44.917885
-136.734299
-42.341354
-135.242996
-35.262470
-131.655807
-35.915855
-131.941193
-40.806595
-134.154556
-46.551350
-136.789017
-43.923321
-135.228500
-36.625568
-131.495407
-37.115337
-131.779724
-41.967991
-134.155090
-47.678413
-136.860901
-44.995670
-135.327209
-37.645882
-131.679947
-38.099709
-131.984100
-42.888527
-134.246811
-48.502930
-136.876450
-45.839493
-135.359390
-38.454296
-131.774353
-38.825516
-131.969620
-43.597164
-134.191025
-49.185284
-136.859283
-46.502533
-135.460785
-39.054039
-131.743774
-39.449398
-131.910080
-44.151310
-134.089645
-49.717434
-136.748779
-47.046486
-135.343842
-39.614620
-131.626831
-39.968674
-131.795273
-44.638401
-134.077835
-50.215252
-136.765945
-47.596340
-135.455963
-40.041630
-131.846237
-40.251377
-132.004486
-44.944172
-134.198532
-50.587006
-136.938675
-48.036762
-135.508530
-40.472393
-131.735733
-40.649418
-131.998596
-45.254772
-134.259689
-50.769932
-136.910248
-48.197693
-135.481171
-40.622059
-131.728226
-40.699844
-131.947632
-45.244041
-134.160980
-50.871319
-136.897919
-48.511513
-135.639420
-41.066769
-131.651505
-41.210537
-131.443375
-45.862560
-133.580551
-51.588543
-136.630768
-49.310810
-135.070251
-41.965847
-130.938583
-42.132145
-130.848465
-46.689217
-133.098297
-52.374966
-135.918365
-50.131569
-134.561172
-42.647129
-130.735809
-42.656246
-130.987396
-47.166111
-133.216309
-52.707561
-135.797134
-50.339169
-134.464615
-42.742077
-130.737411
-42.756561
-130.840408
-47.296467
-132.989395
-52.880295
-135.761734
-50.509758
-134.515045
-42.901936
-130.825394
-42.846146
-131.002960
-47.387127
-133.215240
-52.991875
-135.891541
-50.621876
-134.576736
-42.972210
-130.879028
-42.970600
-130.943405
-47.412876
-133.038208
-52.915699
-135.755295
-50.607925
-134.467834
-42.913738
-130.695572
-42.760315
-130.684311
-47.080280
-132.702408
-52.465088
-135.437714
-50.624557
-134.482849
-43.670120
-131.095215
-43.455544
-131.059814
-47.425213
-133.049484
-52.607780
-135.671066
-50.624557
-134.690460
-43.663147
-131.260986
-43.439453
-131.203583
-47.501926
-133.119751
-52.695221
-135.561096
-50.569839
-134.413651
-43.406727
-130.805542
-43.305340
-130.708450
-47.411266
-132.841339
-52.607780
-135.328278
-50.551601
-134.252716
-43.342892
-130.795883
-43.155674
-130.808762
-47.196690
-132.689529
-52.392132
-135.317551
-50.383160
-134.411499
-43.232384
-130.978821
-43.008690
-130.920883
-47.112469
-132.828995
-52.301476
-135.432358
-50.470596
-134.530594
-43.407803
-131.098984
-43.017273
-131.018509
-46.994450
-132.877274
-52.258560
-135.601334
-50.478645
-134.581558
-43.431404
-131.113464
-43.141190
-131.089859
-47.100666
-133.062897
-52.284843
-135.606705
-50.498493
-134.592285
-43.428188
-131.086105
-43.051605
-130.890305
-47.116760
-132.881042
-52.633530
-135.567535
-50.684101
-134.391663
-43.032291
-130.557175
-42.669121
-130.546982
-47.014301
-132.767853
-52.617439
-135.558960
-50.678738
-134.425995
-42.606895
-130.729904
-41.513626
-130.172012
-45.603992
-131.736267
-51.103062
-133.902954
-48.618801
-132.121964
-39.825443
-127.736557
-38.580898
-126.995735
-41.915958
-128.367950
-46.349648
-130.075439
-43.510262
-128.668365
-34.400406
-124.102699
-32.619419
-123.250832
-35.581654
-124.581207
-39.968136
-126.724297
-37.129288
-125.086540
-28.226498
-120.751015
-26.811901
-120.172729
-30.485992
-121.823898
-35.648170
-124.140251
-33.174103
-122.812561
-24.870518
-118.627243
-24.031525
-117.999069
-27.863865
-119.974243
-33.209507
-122.647339
-31.061058
-121.342171
-23.070755
-117.119301
-22.216204
-116.884338
-26.298527
-118.814461
-31.734291
-121.281021
-29.853527
-120.177559
-22.127689
-116.210571
-21.446409
-115.809845
-25.597935
-117.940056
-31.122747
-120.790176
-29.570286
-119.701195
-21.710339
-115.756744
-21.259727
-115.515877
-25.806072
-117.836525
-31.824951
-120.878685
-30.688231
-119.811165
-23.411394
-116.012627
-23.079874
-115.956299
-27.739946
-118.057007
-33.807640
-120.812706
-32.745483
-120.119087
-25.094215
-116.172485
-24.734798
-116.263680
-29.399160
-118.485085
-35.416965
-121.301941
-34.413818
-120.364777
-26.961033
-116.836601
-26.670280
-116.620415
-31.457487
-118.816071
-37.783745
-121.579819
-36.765579
-120.693619
-29.397551
-116.886490
-29.216234
-116.685860
-34.082832
-118.923897
-40.315216
-121.774544
-39.350155
-120.950035
-31.957989
-117.043663
-31.669382
-117.041519
-36.307457
-119.247902
-42.440598
-122.230522
-41.498070
-121.463409
-33.964279
-117.493202
-33.524933
-117.502861
-38.037483
-119.698517
-44.276302
-122.529320
-43.264572
-121.631851
-35.576824
-117.726555
-34.985130
-117.661110
-39.659683
-119.946884
-45.653347
-122.737991
-44.572418
-121.925819
-36.811714
-117.948105
-36.138477
-117.919678
-40.598457
-120.049347
-46.571198
-122.582962
-45.531574
-122.066910
-37.749413
-118.291428
-37.098171
-117.765717
-41.458370
-119.896461
-47.481003
-122.822220
-46.404366
-122.010040
-38.535839
-118.268364
-37.778919
-117.949715
-42.179886
-120.143761
-47.950390
-122.964371
-46.845322
-122.196724
-38.940849
-118.253876
-38.191978
-118.020523
-42.605820
-120.044518
-48.488445
-122.868889
-47.473495
-122.331909
-39.504650
-118.469528
-38.694622
-118.016769
-42.945389
-119.984436
-48.853764
-123.235275
-47.835590
-122.528244
-39.864067
-118.448067
-38.853947
-118.150879
-43.152454
-120.167900
-49.018452
-122.910194
-47.947170
-122.310989
-40.008369
-118.476501
-38.973576
-118.138008
-43.248478
-120.343315
-49.169727
-123.265320
-48.144051
-122.596375
-40.143555
-118.440559
-39.107147
-118.278015
-43.441597
-120.442024
-49.233562
-123.443954
-48.269577
-122.632851
-40.268543
-118.679810
-39.225166
-118.535507
-43.514019
-120.538582
-49.253948
-123.298576
-48.310349
-122.827042
-40.432697
-119.086433
-39.353912
-118.291962
-43.606823
-120.625488
-49.585468
-123.442879
-48.658497
-123.100632
-40.678387
-119.196945
-39.593163
-118.796753
-43.657784
-120.785881
-49.385376
-123.155884
-48.530289
-122.986366
-40.641907
-119.318176
-39.514309
-118.854691
-43.703381
-121.016556
-49.614437
-124.102699
-48.920280
-123.526031
-41.123096
-119.647018
-40.020710
-119.408836
-44.247868
-121.714996
-50.013550
-124.185318
-49.089260
-124.287239
-40.988449
-120.254272
-39.530937
-119.568161
-43.546204
-121.632385
-49.440094
-124.593010
-48.930473
-124.212677
-41.341965
-120.730095
-40.821079
-120.630318
-44.825619
-122.717072
-48.841423
-124.630028
-46.265965
-123.467018
-37.385170
-119.136322
-35.760288
-118.536049
-39.766434
-120.752625
-45.708599
-123.401039
-45.402294
-122.930580
-37.864750
-119.217865
-36.607864
-118.720581
-40.683212
-120.621735
-46.633427
-123.665504
-46.355549
-123.342026
-38.686577
-119.448532
-37.232819
-118.869713
-41.270081
-120.634071
-47.159138
-123.168755
-46.813133
-123.111359
-39.139336
-119.281700
-37.780529
-118.430901
-41.805988
-120.379257
-47.734741
-123.088829
-47.437016
-122.656990
-39.734249
-118.814461
-38.278881
-118.127815
-42.355839
-119.835846
-48.341995
-122.603348
-48.192867
-122.419350
-40.579681
-118.595589
-39.187614
-118.048958
-43.225948
-119.896461
-49.204597
-122.589935
-49.090332
-122.357124
-41.446033
-118.654602
-40.027145
-118.138542
-44.086937
-119.813316
-49.899288
-122.881760
-49.708851
-123.077560
-42.070454
-119.139008
-40.448254
-118.387985
-44.356232
-120.385162
-50.276405
-123.318962
-50.106892
-123.331833
-42.376759
-119.563332
-40.652637
-118.799973
-44.466202
-120.651237
-50.324150
-123.250832
-50.181458
-122.927361
-42.403584
-119.501106
-40.665512
-118.801048
-44.518772
-120.561111
-50.305374
-123.242783
-50.068802
-122.929504
-42.228703
-119.142227
-40.414993
-118.419640
-44.195297
-120.157173
-49.962051
-123.013191
-49.875683
-122.977249
-42.199734
-119.106819
-40.360813
-118.290359
-44.226948
-120.060616
-50.140686
-122.844208
-49.929863
-122.932724
-42.313995
-118.865417
-40.847900
-118.355804
-44.715111
-120.241394
-50.192722
-122.874786
-49.961514
-122.609245
-42.207783
-118.658890
-40.433231
-118.076317
-44.417923
-120.102989
-50.047882
-122.911263
-49.720654
-122.581352
-41.812424
-118.686783
-40.016953
-118.036621
-43.866997
-120.027893
-49.366600
-122.654846
-49.209961
-122.431686
-41.397217
-118.650848
-39.357128
-117.749619
-43.254917
-119.684570
-48.922962
-122.547562
-48.675129
-122.299721
-40.727737
-118.271042
-38.246696
-117.148270
-41.468563
-119.077316
-46.711746
-122.460655
-46.496632
-122.888733
-38.423721
-119.485008
-35.762432
-119.024742
-38.896328
-121.322327
-44.042412
-124.617149
-43.437843
-124.975494
-35.099392
-121.590012
-32.297020
-121.156029
-35.162155
-123.325935
-40.189152
-126.610565
-39.708500
-127.092293
-31.389896
-123.789955
-28.752748
-123.228302
-31.769697
-125.602592
-37.041847
-128.815887
-36.788647
-129.201584
-28.702858
-125.927681
-26.223961
-125.568802
-29.341761
-127.734947
-34.646633
-130.749756
-34.683113
-131.038361
-26.767914
-127.547195
-24.390404
-127.039719
-27.846161
-129.313156
-33.512058
-132.395020
-33.560341
-132.904099
-25.764231
-129.549728
-23.622753
-129.272385
-27.105871
-131.592499
-32.796448
-134.894302
-33.058765
-135.547150
-25.271240
-132.270569
-23.061636
-131.688522
-26.815121
-134.123428
-32.647316
-137.371048
-32.871548
-137.806641
-25.009457
-134.144897
-22.764446
-133.346664
-26.414398
-135.601334
-31.966572
-138.727173
-32.273952
-139.221237
-24.690811
-135.694672
-22.460283
-135.011246
-26.304428
-137.071182
-32.096390
-140.266769
-32.631222
-140.656219
-25.063101
-137.179001
-22.922159
-136.505234
-26.850525
-138.536209
-32.978298
-141.707108
-33.576969
-142.298813
-26.004021
-138.720200
-23.695709
-137.972412
-27.309183
-140.059708
-33.132259
-142.990814
-33.947113
-143.336823
-26.509348
-139.716385
-24.424736
-139.139160
-27.962032
-141.080551
-33.634369
-144.195129
-34.352127
-144.579758
-26.981417
-141.040848
-24.757330
-140.304321
-28.502230
-142.396439
-34.487312
-145.507797
-35.290363
-145.858093
-27.783934
-142.496750
-25.559311
-141.610550
-29.259150
-143.667801
-35.118702
-146.786148
-35.954479
-147.021103
-28.471115
-143.373840
-26.074831
-142.558441
-29.684547
-144.535767
-35.536053
-147.629974
-36.261326
-148.014603
-29.017750
-144.346939
-26.925091
-143.567490
-30.664089
-145.634933
-36.655071
-148.818726
-37.630859
-149.269867
-30.245129
-145.670883
-27.706686
-144.727814
-31.366829
-146.516846
-37.376049
-149.394318
-38.294975
-149.944183
-30.864719
-146.600540
-28.568748
-145.797485
-32.349052
-147.604752
-38.381344
-150.272476
-39.433304
-150.511734
-32.365685
-146.816727
-30.197922
-145.858643
-34.017925
-147.622452
-40.116730
-150.339539
-41.273300
-150.587906
-34.029728
-146.858032
-31.779352
-145.614014
-35.603645
-147.445969
-41.631107
-150.291260
-42.678776
-150.373337
-35.449150
-146.702454
-33.201458
-145.649429
-37.066525
-147.459915
-43.060722
-150.310028
-44.274155
-150.430725
-37.056866
-146.759323
-34.676674
-145.611343
-38.446251
-147.239441
-44.440990
-150.071854
-45.585754
-150.379227
-38.325016
-146.619843
-35.992031
-145.342041
-39.586189
-147.287720
-45.514946
-150.172165
-46.616261
-150.502609
-39.210682
-146.630569
-36.695305
-145.395157
-40.314678
-147.169159
-46.193542
-149.911453
-47.275009
-150.163040
-39.851730
-146.383820
-37.277882
-145.303421
-40.887062
-147.028076
-46.710674
-149.857269
-47.736889
-150.271408
-40.370468
-146.476074
-37.789112
-145.281418
-41.286709
-146.941711
-47.060970
-149.824554
-48.115082
-150.269791
-40.620449
-146.604294
-37.900692
-145.521744
-41.374149
-147.255524
-47.025028
-150.107788
-47.999207
-150.656570
-40.460052
-147.062408
-37.665730
-145.862396
-41.042095
-147.583832
-46.819572
-150.442001
-47.871532
-150.925323
-40.411774
-147.191162
-37.569168
-145.914429
-40.971821
-147.621918
-46.762707
-150.349197
-47.901039
-150.769226
-40.427330
-147.089767
-37.600285
-145.851120
-40.993813
-147.574173
-46.765392
-150.435028
-47.952000
-150.836273
-40.456837
-147.119278
-37.559513
-145.867218
-40.947681
-147.493179
-46.777729
-150.188263
-48.005112
-150.513885
-40.536766
-146.813507
-37.654999
-145.468643
-41.029217
-147.130539
-46.813671
-149.878738
-48.065193
-150.355621
-40.521210
-146.646667
-37.546101
-145.302887
-40.988987
-146.988922
-46.817425
-149.805771
-48.095234
-150.302521
-40.590946
-146.529724
-37.623348
-145.265335
-41.028683
-146.920258
-46.747688
-149.659866
-47.979897
-150.198456
-40.414455
-146.625214
-37.374977
-145.347946
-40.746513
-146.899338
-46.516483
-149.682938
-47.891384
-150.260681
-40.463272
-146.667587
-37.471001
-145.331848
-40.879551
-146.969604
-46.771828
-149.760712
-48.173019
-150.346512
-40.613476
-146.728210
-37.562733
-145.355988
-40.989521
-146.929367
-46.819035
-149.699020
-48.237392
-150.311646
-40.719692
-146.691727
-37.639980
-145.274994
-41.010979
-146.772736
-46.845856
-149.542389
-48.251339
-150.057907
-40.732567
-146.481445
-37.599209
-145.217056
-41.001862
-146.898804
-46.703701
-149.647522
-48.131714
-150.429657
-40.626888
-147.122498
-37.428623
-145.960022
-40.762608
-147.657333
-46.479465
-150.599716
-47.951466
-151.503082
-40.508335
-148.031769
-37.286465
-146.669739
-40.595776
-148.471115
-46.383980
-151.272949
-47.792675
-152.072784
-40.276592
-148.724304
-37.014488
-147.509811
-40.275517
-149.136826
-45.989159
-151.933838
-47.355476
-152.920898
-39.735859
-149.895905
-36.457127
-149.026855
-39.588871
-151.206421
-45.091156
-154.607468
-46.425823
-156.058548
-38.779919
-153.217545
-35.132648
-151.880737
-38.017097
-154.223907
-43.603603
-158.078781
-44.996204
-159.990128
-37.193661
-157.558975
-33.493820
-156.612152
-36.489311
-158.669937
-41.808132
-161.833344
-42.951290
-163.056427
-35.232964
-159.974030
-31.603399
-158.422638
-34.509842
-159.647873
-39.904835
-162.226013
-41.068378
-162.796249
-33.406380
-159.261642
-29.829924
-157.412521
-32.727783
-158.385620
-38.325550
-160.663895
-39.741756
-161.287247
-32.095318
-157.738144
-28.566067
-155.805878
-31.681721
-156.809555
-37.285927
-159.233200
-38.686577
-159.743896
-31.227890
-156.123444
-27.756577
-154.168655
-30.822340
-154.794144
-36.306923
-156.668472
-37.930195
-157.095490
-30.454342
-153.353271
-27.043108
-151.266510
-30.194704
-152.239075
-35.864895
-154.438492
-37.561123
-154.636429
-30.225281
-150.797653
-26.927237
-148.975357
-30.124966
-150.149094
-35.939457
-152.707932
-37.877087
-153.495422
-30.638878
-150.141052
-27.279678
-148.577316
-30.583624
-150.027328
-36.291363
-152.621017
-38.221481
-153.698196
-31.255249
-150.885101
-28.031235
-149.244125
-31.407063
-150.265503
-37.317043
-152.523392
-39.348011
-153.198227
-32.377483
-150.009628
-29.202286
-148.571960
-32.601181
-150.033768
-38.568562
-152.461166
-40.728275
-153.191254
-33.835533
-150.115845
-30.667845
-148.876663
-34.185829
-150.506363
-40.245476
-153.193939
-42.497997
-154.129501
-35.808029
-151.031006
-32.759968
-149.660934
-36.238792
-151.125427
-42.284492
-153.685852
-44.490341
-154.548996
-37.641590
-151.081436
-34.399872
-149.461380
-37.862602
-150.967178
-43.873970
-153.708389
-46.118443
-154.618729
-39.208000
-151.310501
-35.951260
-149.768753
-39.439205
-151.185501
-45.454865
-153.764709
-47.647301
-154.500183
-40.634933
-151.099670
-37.200634
-149.405594
-40.472927
-150.680176
-46.385052
-153.368286
-48.522778
-154.362854
-41.446571
-150.975220
-37.943607
-149.302063
-41.223946
-150.677490
-47.097446
-153.257782
-49.308128
-154.253418
-42.128387
-151.203735
-38.423721
-149.721558
-41.560295
-151.290115
-47.400539
-153.906342
-49.546844
-154.852615
-42.410557
-151.576035
-38.677994
-149.945251
-41.814571
-151.325516
-47.667686
-154.010406
-49.907871
-155.172882
-42.657318
-152.289505
-38.877014
-151.144196
-41.964237
-152.984726
-47.792675
-156.085358
-49.982437
-157.847580
-42.809132
-155.396576
-39.052429
-154.101608
-42.158428
-155.914780
-47.923569
-159.279877
-50.144440
-161.193893
-43.067699
-158.728409
-39.307777
-157.356735
-42.350475
-158.852859
-48.076458
-161.623581
-50.303764
-162.801071
-43.158894
-159.670944
-39.335136
-157.778366
-42.373005
-158.962830
-48.149414
-161.500214
-50.498493
-162.592407
-43.373470
-159.397888
-39.504116
-157.535904
-42.545204
-158.677994
-48.310883
-161.016876
-50.614365
-161.989975
-43.433552
-158.737534
-39.459591
-156.767715
-42.400902
-157.775696
-48.119373
-159.978317
-50.414272
-160.682129
-43.232922
-157.340103
-39.247158
-155.375107
-42.154137
-156.257553
-47.757271
-158.370071
-50.065048
-159.161850
-42.925541
-155.978607
-38.936024
-153.954086
-41.888599
-154.775375
-47.580784
-156.889496
-49.919674
-157.686646
-42.832199
-154.351044
-38.832489
-152.446671
-41.796867
-153.576965
-47.536793
-155.880981
-49.969025
-156.863739
-42.909447
-153.794220
-38.950508
-152.149490
-41.969601
-153.493820
-47.655884
-156.010254
-50.096699
-157.128204
-43.100422
-154.025421
-39.129143
-152.343674
-42.124634
-153.553894
-47.820572
-155.927109
-50.251194
-156.890030
-43.305340
-153.484695
-39.254669
-151.487518
-42.112293
-152.580246
-47.757809
-154.916992
-50.215790
-155.856842
-43.240967
-152.580246
-39.165619
-150.624390
-42.146091
-151.693512
-47.818962
-153.957840
-50.277481
-154.828476
-43.327335
-151.516495
-39.234283
-149.437241
-42.180958
-150.476334
-47.873680
-152.815216
-50.466309
-153.770081
-43.520992
-150.437698
-39.351231
-148.426590
-42.282345
-149.562225
-48.017448
-152.002502
-50.552673
-153.159607
-43.648663
-150.011765
-39.495533
-148.038193
-42.379444
-149.331024
-48.165508
-151.848541
-50.736671
-152.995453
-43.716793
-149.892685
-39.504650
-148.185181
-42.407337
-149.583145
-48.068947
-152.259460
-50.652451
-153.516342
-43.720013
-150.504761
-39.479977
-148.708755
-42.300049
-149.943634
-47.992233
-152.447220
-50.669617
-153.892395
-43.747906
-151.250946
-39.559368
-149.800415
-42.482441
-151.397400
-48.285671
-154.174026
-50.922817
-155.615433
-43.939415
-153.012619
-39.712791
-151.480545
-42.616550
-152.874756
-48.280308
-155.614365
-51.055321
-156.930252
-44.228020
-153.813538
-39.935951
-151.758423
-42.762997
-152.912308
-48.347897
-155.244766
-50.758667
-156.251129
-43.688896
-152.983658
-39.422039
-150.859879
-42.124096
-151.710144
-47.448280
-153.808167
-49.963661
-154.764114
-42.886917
-151.395782
-38.327160
-149.260208
-40.832344
-150.136765
-46.119514
-152.254089
-48.598415
-153.057678
-41.516308
-149.390564
-36.882523
-146.854279
-39.550247
-147.687897
-45.185032
-149.885712
-47.887627
-150.795517
-41.132214
-147.408417
-36.853020
-145.294296
-39.724590
-146.289932
-45.465591
-148.539780
-48.347363
-149.795044
-41.725521
-146.698166
-37.442032
-144.603363
-40.295902
-145.721848
-46.004715
-148.190018
-48.934227
-149.455475
-42.363888
-146.353775
-38.050892
-144.317444
-40.951435
-145.580215
-46.684387
-148.080048
-49.619267
-149.292938
-43.034439
-146.189087
-38.765434
-144.139877
-41.618233
-145.316299
-47.337772
-147.898727
-50.335953
-149.274704
-43.736641
-146.188019
-39.295975
-144.141479
-42.017345
-145.405884
-47.799114
-147.843475
-50.843426
-149.225342
-44.282200
-146.169769
-39.920395
-144.074432
-42.697552
-145.303421
-48.295864
-147.852585
-51.267216
-149.210327
-44.666294
-146.194992
-40.175205
-144.082474
-42.895500
-145.328629
-48.506149
-148.009232
-51.571377
-149.393784
-45.060577
-146.308182
-40.565197
-144.216049
-43.283348
-145.353851
-48.969635
-147.820938
-51.982826
-149.007019
-45.339527
-145.788895
-40.818935
-143.605042
-43.583218
-144.507339
-49.179382
-146.838181
-52.062222
-148.024796
-45.509579
-144.836182
-41.073742
-142.565414
-43.826763
-143.586807
-49.439022
-145.987381
-52.507469
-147.301666
-46.006325
-144.263260
-41.512554
-142.119095
-44.301514
-143.275665
-49.926109
-145.820541
-52.927502
-147.168091
-46.522919
-143.605576
-42.133217
-140.885818
-44.862633
-141.464111
-50.342926
-143.572327
-53.487011
-144.586731
-47.110859
-141.120789
-42.426651
-138.586624
-45.032146
-139.439041
-50.629921
-141.850342
-53.707489
-143.252060
-47.211174
-140.281250
-42.621380
-138.191269
-45.271938
-139.310822
-50.887951
-141.855713
-54.051346
-143.299271
-47.589367
-140.281784
-42.920177
-138.122070
-45.533184
-139.164917
-51.103062
-141.702286
-54.217110
-143.143707
-47.745472
-140.164307
-43.010834
-138.079697
-45.567516
-139.168671
-51.083214
-141.591782
-54.185993
-142.963455
-47.703091
-139.972794
-43.037121
-137.897842
-45.627598
-139.160080
-51.198551
-141.650787
-54.404327
-143.152283
-47.944489
-140.340790
-43.205563
-138.369904
-45.772972
-139.467468
-51.240391
-141.876099
-54.383942
-143.301956
-47.925716
-140.316116
-43.108467
-138.061447
-45.610970
-138.998077
-51.034935
-141.394363
-54.082996
-142.863678
-47.492805
-139.856918
-42.490486
-137.681656
-44.682922
-138.743805
-49.959370
-140.951263
-52.849716
-142.398056
-45.940880
-139.428314
-40.601139
-137.116241
-42.364960
-138.050186
-47.222439
-140.497437
-49.763031
-141.806351
-42.530720
-138.476654
-36.644878
-136.243988
-37.935024
-137.233719
-42.315071
-139.625717
-44.439381
-141.230209
-37.203316
-138.273880
-31.418863
-135.846481
-32.935921
-136.841583
-37.344398
-139.269516
-39.836708
-140.729187
-33.016388
-137.802887
-27.728680
-135.562180
-29.821877
-136.550293
-34.706181
-139.061386
-37.640514
-140.738831
-31.056229
-137.920364
-25.925699
-135.634598
-28.281216
-136.726791
-33.473434
-139.367157
-36.636833
-140.958237
-30.282681
-137.847412
-25.257830
-135.449524
-27.643923
-136.483780
-33.091488
-138.962677
-36.503258
-140.505478
-30.339542
-137.548615
-25.544827
-135.546082
-28.227036
-136.704788
-33.908489
-139.065674
-37.512844
-140.583801
-31.534199
-137.502487
-26.943329
-135.512817
-29.786472
-136.934387
-35.738293
-139.749100
-39.784672
-141.432999
-34.175640
-138.396729
-29.813829
-136.118469
-32.963280
-137.446152
-39.110905
-140.150360
-43.143871
-141.806351
-37.503185
-138.921906
-33.129040
-136.735901
-36.209827
-138.015320
-42.271080
-140.646561
-46.367352
-142.350845
-40.725056
-139.542572
-36.166374
-137.183304
-38.999859
-138.412292
-44.874432
-140.910492
-48.852154
-142.562744
-43.141727
-139.564026
-38.444641
-137.338867
-41.137581
-138.613449
-46.944561
-141.194809
-50.681419
-142.770340
-44.765537
-139.727646
-39.881233
-137.350662
-42.504433
-138.534592
-48.177845
-140.984528
-51.858372
-142.556839
-45.873287
-139.639664
-40.865604
-137.395187
-43.352013
-138.423553
-48.908478
-140.932495
-52.591152
-142.644821
-46.609821
-139.758759
-41.545277
-137.344238
-43.910446
-138.443939
-49.386448
-140.912109
-53.012260
-142.541275
-46.963337
-139.589783
-41.847294
-137.269669
-44.231239
-138.247070
-49.668617
-140.533920
-53.270287
-142.058487
-47.240143
-139.056015
-42.102100
-136.509521
-44.409874
-137.466537
-49.788780
-140.024826
-53.321785
-141.600891
-47.236385
-138.619888
-41.809204
-136.180161
-43.945316
-137.209045
-49.346752
-139.555984
-52.647480
-141.132584
-46.207493
-138.167664
-40.515842
-135.797134
-42.379978
-136.866257
-47.136608
-139.205688
-50.006039
-140.767807
-43.065552
-137.816299
-36.755386
-135.381393
-38.068058
-136.369522
-42.423431
-138.817307
-45.084183
-140.501724
-38.270298
-137.578659
-32.320087
-135.034317
-34.010414
-136.196777
-38.999859
-138.841446
-42.368713
-140.575226
-36.280098
-137.691315
-31.100218
-135.266052
-33.504551
-136.429062
-39.199417
-139.047974
-43.419067
-140.927658
-37.944679
-138.228821
-33.076469
-135.811081
-35.900299
-136.946732
-41.986767
-139.461029
-46.372715
-141.365402
-41.041557
-138.603790
-36.338036
-136.162994
-39.136654
-137.612991
-45.035366
-140.438431
-49.337631
-142.237656
-44.042950
-139.568314
-39.227310
-137.261078
-41.894501
-138.473434
-47.717575
-141.000076
-51.835304
-142.889969
-46.368961
-140.175568
-41.391315
-137.670929
-43.840176
-138.739517
-49.416489
-141.172287
-53.395279
-142.703293
-47.741177
-139.981384
-42.537155
-137.588318
-44.913059
-138.469147
-50.452358
-140.877777
-54.291138
-142.684509
-48.541553
-139.952942
-43.270473
-137.550766
-45.541767
-138.487396
-50.925499
-141.048355
-54.820606
-142.777847
-49.146660
-139.985138
-43.811741
-137.457962
-45.995598
-138.519043
-51.368065
-140.818222
-55.192360
-142.716690
-49.494812
-139.936859
-44.092300
-137.328140
-46.208027
-138.669250
-51.583714
-141.129898
-55.520660
-142.781067
-49.828476
-140.152512
-44.380371
-137.816833
-46.440845
-138.612915
-51.706024
-140.926590
-55.648872
-142.882462
-49.994774
-140.004440
-44.312244
-137.486923
-46.240215
-138.741669
-51.126129
-141.210907
-54.587254
-142.794479
-48.660107
-139.926132
-42.357449
-137.493896
-43.856266
-138.173035
-48.269577
-140.263016
-51.202305
-141.987137
-44.487659
-139.238403
-37.713470
-136.132416
-38.383488
-136.963898
-42.300587
-139.044754
-44.898037
-140.328461
-38.087910
-137.293808
-31.692450
-134.449585
-33.098461
-135.292877
-37.920002
-137.810944
-41.620377
-139.611771
-36.028507
-137.041672
-30.658190
-134.449585
-32.866718
-135.429138
-38.507942
-138.162842
-42.995277
-140.029129
-37.996712
-137.293808
-32.926800
-134.920059
-35.466316
-136.084671
-41.403656
-138.488464
-46.047096
-140.477051
-41.140797
-137.889786
-36.239864
-135.519791
-38.915638
-136.351822
-44.793430
-138.803894
-49.329586
-140.652466
-44.128780
-138.124756
-39.017563
-135.333115
-41.375225
-136.550827
-46.921497
-139.245377
-51.284916
-141.076797
-45.970921
-138.476120
-40.602749
-135.772461
-42.822544
-136.929565
-48.253483
-139.518433
-52.499958
-141.266693
-47.125881
-138.478806
-41.534012
-135.910324
-43.651882
-136.811539
-49.001286
-139.420792
-53.138325
-141.613235
-47.667686
-138.724503
-42.031292
-136.043900
-44.063869
-136.803497
-49.363380
-139.412750
-53.363091
-141.289230
-48.035152
-138.437500
-42.260353
-136.357178
-44.337994
-137.179001
-49.529144
-139.449768
-53.471989
-141.514526
-47.746544
-138.461639
-41.829590
-135.725784
-43.680313
-136.856064
-48.908478
-139.565094
-53.024063
-141.320877
-47.418240
-138.855392
-41.620377
-136.135635
-43.622913
-137.037384
-48.937447
-139.554367
-52.950569
-141.069824
-47.419849
-139.197098
-41.775944
-136.125977
-43.685143
-137.333496
-49.087650
-139.817230
-53.389915
-141.665802
-47.865097
-139.038315
-42.094055
-136.322845
-44.086937
-137.112488
-49.268433
-139.592453
-53.441414
-141.369156
-47.924107
-138.516357
-41.947605
-136.014923
-43.655102
-136.923126
-48.840889
-139.162231
-52.777836
-140.810181
-47.298077
-138.826950
-41.662220
-135.864731
-43.622913
-136.842667
-48.755592
-139.281326
-52.991337
-140.796234
-47.582394
-137.476196
-41.925076
-134.788086
-44.057434
-135.203827
-49.669689
-137.299164
-54.208527
-139.147217
-49.258778
-136.338409
-43.798332
-133.555344
-46.023491
-134.212479
-51.520950
-136.551910
-56.162247
-138.326462
-51.110039
-135.834152
-45.466129
-132.990463
-47.472958
-133.882034
-52.888340
-136.459641
-57.288773
-138.499191
-51.996239
-135.970947
-46.046024
-133.318771
-47.923569
-134.122894
-53.051956
-136.666168
-57.340271
-138.485779
-51.979073
-135.940369
-45.975750
-133.397629
-47.788921
-134.407211
-52.993484
-136.798676
-57.285019
-138.728256
-52.056858
-136.102371
-46.123806
-133.365448
-47.952000
-134.284363
-53.163536
-136.717667
-57.473846
-138.845734
-52.227444
-136.366837
-46.304588
-133.646545
-48.127419
-134.620712
-53.299255
-137.087280
-57.576305
-139.170822
-52.299328
-136.694061
-46.286350
-133.949097
-48.064121
-134.736053
-53.133495
-137.261627
-57.378895
-139.380569
-52.102989
-136.786331
-46.082500
-133.937820
-47.834518
-134.808472
-52.941986
-137.211197
-57.327396
-139.315659
-52.113182
-136.837830
-46.040657
-134.009171
-47.729912
-134.936676
-52.915699
-137.334045
-57.272682
-139.331207
-52.043983
-136.853928
-45.917278
-134.067642
-47.690754
-134.941513
-52.852402
-137.285767
-57.209381
-139.251282
-51.978001
-136.849640
-45.854511
-134.143280
-47.594730
-135.043427
-52.772469
-137.420410
-57.091362
-139.437958
-51.855156
-136.923126
-45.720402
-134.085342
-47.452038
-134.814377
-52.652843
-137.062057
-57.062393
-139.082306
-51.825115
-136.667786
-45.501534
-133.680878
-46.599628
-134.198532
-52.158779
-136.620041
-57.251759
-138.914932
-52.356190
-136.481094
-46.314781
-133.718430
-47.941273
-134.463547
-53.018162
-136.730011
-57.474380
-138.809250
-52.376575
-136.350739
-46.227875
-133.548904
-47.961655
-134.377716
-53.179092
-136.843201
-57.647652
-138.871475
-52.602955
-136.412964
-46.554569
-133.561249
-48.350578
-134.387360
-53.581425
-136.843201
-58.102554
-138.940140
-53.033180
-136.360397
-46.780949
-133.514572
-48.417637
-134.309586
-53.556213
-136.622711
-58.019943
-138.703583
-52.923748
-136.159775
-46.643082
-133.289261
-48.236317
-134.220535
-53.311592
-136.881821
-57.730267
-139.312439
-52.587933
-136.945114
-46.262207
-134.001129
-47.764244
-134.975845
-52.850792
-137.358185
-57.301647
-139.301178
-52.151806
-136.805115
-45.931225
-134.024200
-47.671440
-134.889481
-52.863129
-137.266449
-57.375679
-139.433670
-52.295036
-137.030945
-46.034222
-134.129868
-47.719723
-135.018753
-52.936623
-137.425766
-57.529636
-139.547394
-52.266068
-137.077621
-45.838421
-134.193710
-47.470276
-135.050400
-52.605637
-137.449905
-57.123013
-139.459427
-52.020916
-136.861435
-45.638325
-133.887405
-47.325974
-134.712982
-52.572914
-137.131271
-57.161636
-139.239487
-52.034325
-136.711761
-45.612041
-133.718964
-47.330799
-134.570297
-52.503178
-137.017532
-56.690639
-139.125748
-51.292427
-136.531525
-44.459229
-133.623474
-45.550350
-134.478561
-49.957222
-136.959061
-53.995022
-139.463181
-48.267433
-136.941360
-40.828053
-133.842880
-41.557613
-134.706543
-45.731133
-137.328140
-49.505539
-139.585480
-43.574100
-137.202606
-36.250057
-134.313873
-37.455978
-135.245132
-42.224949
-137.765335
-46.439770
-139.923981
-41.125240
-137.401093
-34.493748
-134.583710
-36.287075
-135.564316
-41.417065
-138.015320
-46.014908
-140.238876
-41.117733
-137.778748
-34.771626
-134.746780
-36.577824
-135.606705
-42.034512
-138.082916
-47.087257
-140.295197
-42.406265
-137.740128
-36.181393
-134.658798
-38.134041
-135.529984
-43.742004
-137.970795
-48.848934
-140.133728
-44.131462
-137.672531
-37.884060
-134.666321
-39.950970
-135.576126
-45.521919
-138.147827
-50.555355
-140.457199
-45.812134
-138.012100
-39.557758
-135.033783
-41.508263
-135.936615
-47.046486
-138.435349
-52.081532
-140.666946
-47.312561
-138.141388
-40.766899
-134.989792
-42.614941
-135.789093
-48.048565
-138.383316
-53.060001
-140.707184
-48.236317
-138.268524
-41.709427
-135.141068
-43.573025
-135.943039
-48.896141
-138.366150
-53.788490
-140.559128
-48.887024
-138.089890
-42.239967
-134.949554
-43.851974
-135.876526
-49.098381
-138.345764
-53.922600
-140.432526
-48.981972
-137.955246
-42.285030
-134.809540
-43.898109
-135.636734
-49.095161
-138.105972
-53.923138
-140.410004
-48.973927
-137.961136
-42.288784
-134.913071
-43.894890
-135.801422
-49.156853
-138.208435
-53.993950
-140.353668
-49.133247
-137.863510
-42.401974
-134.784866
-43.964626
-135.628159
-49.155243
-138.071106
