187.127731
188.963440
191.163925
191.031952
189.062683
187.681351
189.812088
191.497055
191.164993
188.880295
187.502167
189.486465
191.158554
191.208450
189.026199
187.745178
189.749329
191.382797
191.588791
188.875992
187.548309
189.326080
191.167679
190.677902
188.558960
186.772614
188.826645
190.795929
190.744431
188.405533
186.714142
188.561111
190.394669
190.351212
188.229050
186.815521
188.329361
190.489075
190.437042
188.354584
186.606308
188.605637
190.458496
190.813095
188.697357
186.877747
188.611526
190.768036
190.884445
188.711853
186.967880
188.950027
190.992264
190.959000
188.800903
187.283844
189.164612
191.148361
191.391373
189.340561
187.545090
189.748795
191.540512
192.058731
189.324463
187.727478
189.577133
191.352753
191.450912
189.300858
187.473206
189.451065
191.251907
191.889725
189.687637
187.972626
189.900604
191.902603
192.509338
189.566406
187.828873
189.851791
192.035660
191.948196
189.880219
188.205978
190.202087
192.210007
192.280807
190.344238
188.538040
190.795395
192.388092
192.273300
190.253052
188.516586
190.242859
192.079651
192.516312
190.226761
188.487610
190.223541
192.385422
192.698700
190.606018
188.801971
190.349075
192.603210
193.271088
190.921448
188.950027
190.805588
192.844604
193.214218
191.237946
189.404388
190.845276
192.854797
193.525360
191.168747
189.721436
191.357040
193.339203
193.804840
191.688568
189.609314
190.748718
192.947067
193.596710
191.445557
189.349670
191.122620
193.040405
193.717407
191.372070
189.459106
191.181091
193.057571
193.672348
191.609177
189.837845
191.678375
193.638550
194.202881
191.943375
190.116791
191.841446
194.062866
194.754883
192.754486
190.882828
192.927765
195.167404
196.048248
194.029617
192.589798
194.268326
196.521927
197.342682
195.821320
193.811813
195.821869
197.718185
198.713287
196.939804
195.172226
196.929611
199.563004
200.443314
198.877441
197.233780
199.072159
201.248505
202.294037
200.169189
198.329193
200.030243
202.686707
202.977463
201.097763
199.359695
201.438950
203.411972
204.158707
201.952850
200.397171
202.182449
204.302475
204.954254
202.823502
200.917526
202.417419
204.489685
205.172043
203.415192
201.105286
202.594437
205.052414
205.727798
203.720963
201.674438
203.392670
205.741745
206.079163
204.465012
202.489304
204.056244
205.805038
207.124161
205.055099
203.100845
204.393661
206.767426
207.520050
205.466553
203.604553
204.752014
207.023834
207.639145
205.563110
203.970413
204.998230
206.882217
207.840836
205.784119
203.802505
205.092117
207.299042
207.906830
206.047516
204.081451
205.297577
207.399353
208.507645
206.274429
204.709091
205.342636
207.268997
208.389084
206.451996
204.414047
205.581879
207.457825
208.113892
205.977249
203.978455
205.392517
207.332291
208.084381
206.588257
204.385620
205.407547
207.954575
208.018402
206.059326
204.191422
205.241241
206.928894
207.927750
206.118866
204.370056
205.265915
207.542587
208.357437
206.363480
204.747177
205.493378
207.383255
208.430923
206.357574
204.426392
205.529846
207.684738
209.107910
207.643433
205.882294
206.176270
208.391769
209.341812
207.561356
205.469772
206.547485
208.350464
209.203934
207.135422
205.477280
206.315735
208.261948
209.188385
207.149902
205.244995
206.130661
208.149292
209.395981
207.289383
204.701050
205.553452
207.361801
208.556992
206.666031
204.708557
205.621582
207.704590
208.514069
206.389236
204.381866
205.843674
208.265701
208.592926
207.263626
204.942444
205.829727
207.932037
209.074661
207.238953
205.289520
206.002991
207.886444
209.203400
207.417053
205.477814
206.256729
208.170746
209.659912
207.448700
205.243927
206.258331
208.267853
209.394913
208.069901
205.741745
206.263702
207.819382
209.618607
207.987823
205.711166
206.142471
208.448624
209.767746
208.574158
205.920914
206.660675
208.151978
209.171753
207.001312
204.753616
205.263245
206.809799
207.579056
205.577057
202.936157
203.020370
204.982147
205.480499
203.119614
200.711533
200.714752
202.491440
203.521408
201.620804
199.274933
199.607529
201.724335
202.845490
201.162140
198.790527
199.042130
201.016769
202.333725
200.454575
198.308273
198.892990
201.006042
202.183533
200.341385
198.118912
199.080215
201.234558
202.560104
200.774292
198.852219
198.953079
201.110641
202.487152
200.774826
198.386047
199.020660
200.776978
202.254868
200.559723
198.360306
199.041580
201.305908
202.495193
200.832764
198.719727
199.196075
201.541412
202.515579
200.960434
199.025497
199.638641
201.368134
203.149124
201.540329
199.369354
199.699799
201.858978
203.172729
201.484543
199.447144
199.959976
202.154022
203.663040
201.677124
199.591446
199.915451
202.174942
203.869568
202.258621
199.949249
200.296860
202.687775
204.331970
202.552597
200.708313
200.652527
203.072952
204.608780
202.682953
200.628387
200.546310
202.488770
203.864197
201.962509
199.862335
199.800659
201.721649
202.980148
201.124588
198.647842
198.600632
200.530212
201.707703
200.076920
197.238068
197.317993
199.107574
200.075317
198.268570
195.917892
195.525742
197.964951
198.828079
196.890457
194.677094
194.802094
196.100815
197.717117
196.014450
193.607437
192.901474
195.063873
196.395859
194.656708
192.086624
192.065155
193.930908
195.392715
193.116592
190.525024
190.419342
192.556549
193.906769
192.757172
190.223541
189.929031
192.081253
193.737244
191.830719
189.359329
188.798218
190.961685
192.573166
191.004059
188.597580
188.582031
190.646255
192.539917
191.181091
189.129730
189.130814
191.304474
192.550110
191.325394
188.981140
188.869568
191.080780
192.757172
191.607025
189.164063
188.709167
190.801819
192.500748
191.397278
189.370056
188.987045
191.349533
192.724991
190.997620
189.085205
189.102371
191.389236
192.917038
191.448242
189.361481
189.081451
191.434830
193.042023
191.684265
189.628632
189.534210
191.700363
193.205093
191.666565
189.452133
189.231659
191.261551
192.922394
191.427856
189.129730
188.796600
190.889801
192.542587
191.410156
189.111496
189.142609
191.097412
192.699234
191.363480
189.386688
188.978989
191.170364
192.955658
191.794785
189.393661
189.149582
191.332901
193.113373
191.581818
189.602341
189.269745
191.441269
192.913269
191.896164
189.807800
189.588394
191.559280
193.174530
192.059799
189.828186
189.378647
191.821594
193.563980
192.235748
189.964447
189.719284
191.846817
193.892822
192.426727
190.368378
190.006287
192.194977
194.128845
192.861771
190.540039
189.801361
192.119339
193.935730
192.994812
190.741745
190.442947
192.542053
194.074142
193.177200
191.161240
190.643570
192.530792
194.556931
193.473862
191.345245
190.604416
192.686890
194.729675
193.548416
191.556595
191.232056
193.665375
195.237137
193.952362
191.795853
191.339874
193.458298
195.355164
194.496857
191.896164
191.088287
193.287720
195.105713
193.877258
191.698761
190.969727
193.095123
195.081039
194.191086
191.737915
191.240097
193.183640
195.392166
194.452332
192.363953
191.354904
193.362808
195.435623
194.742538
192.220734
191.444489
193.407867
194.893814
194.315002
192.497528
192.041016
193.781769
195.138977
194.299438
192.211609
191.484711
193.565582
195.587982
194.917953
192.617691
191.389236
193.815033
195.799866
194.670654
192.700851
191.111893
193.747437
196.077744
194.996811
192.436920
191.707336
193.937881
196.090088
195.268799
192.858551
191.899384
193.979187
195.771973
195.027390
192.731964
192.046921
194.255447
196.108856
195.266113
193.026459
192.019028
194.012451
195.928619
194.144409
191.839844
191.074341
193.305420
195.754807
195.215683
192.798477
192.058182
194.246872
196.222580
195.953827
193.780701
192.570496
194.696945
196.860413
196.329880
194.291397
193.253387
195.668442
197.895218
197.167267
194.952820
194.562302
196.903336
199.380615
198.702026
196.495102
195.631424
198.307739
200.673447
200.147736
198.228882
197.164581
199.384903
201.655136
201.602020
199.984650
198.936981
201.287674
203.626022
203.452209
201.623474
200.652527
203.313812
205.623734
205.203690
203.276794
202.296722
204.689240
207.222855
206.769562
204.639359
203.164139
205.196182
208.054886
207.837616
205.849030
204.923141
207.086075
209.341263
209.577835
207.300110
206.339874
208.709885
210.997803
210.645889
208.482956
207.110214
209.884689
212.137741
212.144180
209.991974
208.765671
210.994583
213.286804
213.353851
211.314301
209.827286
211.724686
214.219666
214.210022
212.186020
210.919479
212.878036
215.270020
215.591888
213.661774
212.077118
214.329102
216.076294
215.755508
213.877960
212.386642
214.704620
217.000580
216.533340
214.647751
213.107086
215.345657
217.370728
217.032776
215.003418
213.396774
215.502838
217.699036
217.466751
215.176682
213.778717
216.074692
217.996765
217.874985
215.707230
214.034592
215.950775
218.082596
218.072937
215.852600
214.235229
216.280685
218.078827
218.171097
215.766769
214.455170
216.818192
218.808929
218.632980
216.225433
214.729828
216.334320
218.276245
218.386215
216.193237
214.800644
216.672821
218.639420
218.598648
216.217377
214.716415
216.493118
218.499939
218.252640
216.096680
214.625214
215.975449
218.202209
218.112625
215.839188
214.346268
216.085953
218.155014
217.759109
216.422302
214.733047
216.560165
218.474197
218.666779
216.028015
214.403671
216.330032
218.415726
218.408752
215.885330
214.360748
216.167496
218.264435
218.215088
215.835968
214.456772
216.331100
218.263901
218.165741
215.962570
214.104340
216.107941
218.407135
218.427521
216.200211
214.254547
216.540314
218.485992
218.778351
216.332184
214.499161
216.635803
218.544464
218.872238
216.816589
214.733047
216.654587
218.555725
218.819122
216.742554
215.219604
216.784393
218.511200
219.093781
216.888474
215.265732
217.157227
218.865265
219.238617
216.945328
215.208862
217.337463
219.328735
219.251495
216.679794
214.861786
217.087494
219.196777
219.267059
217.251099
215.274857
217.051010
219.223068
219.631836
217.491425
215.752289
217.378235
219.364685
220.079224
217.537033
215.901947
217.759644
220.193481
220.095322
218.020355
216.204498
217.947403
219.871078
220.315262
217.807938
216.105804
218.110489
219.786865
220.158081
218.207581
216.472183
217.898590
219.962280
220.123749
218.021439
216.297318
217.962967
219.951553
220.341003
217.997299
216.061279
217.836365
219.621643
220.240692
218.262299
216.262985
217.969406
220.032562
220.422546
218.172714
216.501160
217.999435
220.058838
220.362473
218.193100
216.369736
217.971542
219.998764
220.396805
218.381393
216.694275
217.920578
219.801346
220.036316
217.842270
215.629974
217.162598
218.757965
219.342697
216.974838
214.343582
215.946472
217.310654
217.690979
215.200287
213.281967
214.684235
216.053772
216.363831
213.836655
211.375992
212.618927
213.984177
214.204117
211.682831
209.556915
210.140564
211.783691
212.299744
209.692642
207.282410
208.293060
209.917938
210.007538
207.438507
205.064758
206.022842
207.739456
207.709412
205.166687
202.979065
204.092194
205.851715
206.134415
204.053558
201.856827
202.520416
204.687637
204.753616
202.479111
200.048492
201.187347
202.922745
203.153412
201.117081
198.592590
199.987335
201.917450
202.662033
200.237854
198.195084
198.945023
201.143906
201.883118
199.363449
197.197830
198.807159
200.508759
201.281235
198.713287
196.843781
198.060974
200.100525
200.699188
198.471344
196.281601
197.622696
199.836594
200.496414
198.255707
196.254242
197.522385
199.780807
200.342987
198.345291
196.112076
197.723557
199.819427
200.752304
198.528214
196.229019
197.725693
199.198227
200.319397
198.368347
196.259064
197.534180
199.476105
200.353729
198.215469
196.238678
197.470352
199.662781
200.409515
198.415558
196.248337
197.424210
199.222900
200.336014
198.034149
195.766617
196.977890
198.924637
199.834442
197.932220
195.712967
196.886169
198.995987
200.242676
198.452042
196.679626
197.220901
199.638641
200.224442
198.301834
196.144806
197.230560
199.556030
200.025955
197.729446
195.737106
196.840027
198.941803
200.342453
197.852295
196.117447
197.345352
199.148346
200.463165
198.410736
196.108322
197.498245
199.339844
200.465836
198.652664
196.699478
197.548676
199.700333
200.550598
198.705231
196.714508
197.702087
199.697113
200.757126
198.721863
196.916748
197.771835
200.166504
201.178772
199.519562
197.213394
198.412872
200.418091
201.663712
199.586609
197.521317
198.594727
201.038223
201.619720
199.686386
197.462296
198.432190
200.828476
201.957687
200.057602
197.968170
198.862946
200.766251
202.044586
199.866104
198.008942
198.579178
200.735672
201.728088
200.042053
197.826553
198.684860
200.716354
202.152420
200.644470
198.242828
198.961121
201.084900
202.338028
200.259308
198.461151
199.046417
201.030182
202.329971
200.511444
198.213318
198.938583
201.154633
202.276337
200.356949
198.175232
199.116684
200.834915
202.274719
200.326904
198.298615
199.186966
201.478104
202.880371
200.684708
198.505142
199.078598
201.392807
202.676514
200.646088
198.371033
199.314102
201.778519
202.945267
200.835449
198.695587
199.212708
201.118683
202.653442
200.609070
198.690216
199.021210
201.077927
202.808487
200.797363
198.290039
198.905869
201.014618
202.435654
200.393951
198.003571
199.031387
201.419098
202.429214
200.744247
198.312027
199.169800
201.746323
202.909332
200.726013
198.619400
199.200378
201.193253
202.660431
200.534500
198.389816
198.449356
200.847244
201.718430
200.345139
197.972992
198.667694
200.987793
201.963593
199.879517
197.593201
198.409653
200.633209
202.002213
200.084961
198.228348
198.782486
200.614975
201.785492
199.959442
197.792755
198.552887
200.679337
201.913696
200.368210
198.077057
198.966492
201.026962
202.400253
200.538254
198.307739
199.097916
200.979752
202.095551
200.241608
198.015915
198.665009
201.006042
202.364838
200.786102
198.521240
198.986877
200.509827
201.840744
200.172409
197.967636
198.564697
200.503387
202.154022
200.517334
197.829758
198.550735
200.640182
202.324615
200.366592
197.993912
198.825943
201.038757
202.364838
200.423996
198.372650
198.768005
200.957214
202.299393
200.443314
198.720795
198.833984
200.945419
202.701736
201.363312
199.437485
199.982513
202.011322
203.448456
202.236633
200.381088
200.972244
203.268753
205.139862
203.786407
201.987183
202.521484
205.240173
207.027603
205.737457
203.960220
204.577667
207.019012
208.887436
207.170288
205.388763
205.810410
208.458282
210.144867
208.723282
207.050125
207.932571
210.343338
211.921555
210.692032
208.990433
209.055878
211.474701
213.266418
211.991287
210.267700
210.596542
213.209015
214.667603
213.381210
211.502060
212.129700
214.824783
216.271027
214.888077
213.032532
213.591492
216.022659
217.467285
216.354172
214.429962
214.866089
217.132553
218.984879
217.623398
215.505524
215.699173
217.619110
219.769699
218.308960
216.193237
216.435181
218.808395
220.463318
219.000443
216.987717
217.258621
219.600723
221.219696
219.862503
218.164124
218.039139
220.527161
221.749710
220.520187
218.558945
218.400162
220.721878
222.450836
220.847946
218.748856
218.682327
220.857605
222.419724
220.982056
219.207504
219.395264
221.336105
222.904663
221.723953
219.124893
219.425842
221.644562
223.189514
221.831238
219.485382
219.705322
221.800125
223.424469
221.844116
219.655975
219.817978
221.891327
223.677673
222.278641
220.006271
220.263229
222.138626
223.234039
222.370361
220.177399
220.126434
222.568314
223.861145
222.434738
220.165054
219.872696
221.884888
223.361176
222.045822
219.836212
220.008408
221.896149
223.512451
222.142380
219.602325
219.577652
221.576431
222.862289
221.657440
219.355026
219.368973
221.455734
222.655762
221.809250
219.319092
219.174789
221.436417
222.877838
221.484695
219.454269
219.275101
221.456802
222.605865
221.565704
219.176392
219.034241
221.043747
222.288300
221.174637
218.965042
218.827713
220.709549
222.481415
221.123672
218.818054
218.654434
220.969711
222.118240
220.992783
218.738113
218.814301
220.784653
221.979843
220.713837
218.408752
218.013931
220.293808
221.915466
221.152649
218.786407
218.543930
220.417191
221.911179
221.053406
218.628143
218.820740
220.564697
221.459488
220.686478
218.350281
218.141602
220.441330
221.744339
221.114563
218.701111
218.583618
220.758362
222.195496
221.238480
219.175858
218.940903
220.890320
222.186371
221.472366
219.110947
218.812149
220.987427
222.422409
221.646179
219.055161
219.026184
221.071640
222.310822
221.417114
218.842728
218.891541
220.768555
222.185303
220.956314
218.501007
218.322922
220.629074
221.851089
221.093094
218.766556
218.454880
220.448837
221.907959
221.021210
218.685547
217.764481
219.794907
220.923050
220.088348
217.552048
216.901337
218.689835
219.493423
218.658188
216.095078
214.988922
216.912613
217.837967
216.612732
214.001343
213.185410
214.664917
215.613876
214.670822
211.933899
210.813797
212.557236
213.590958
212.643066
210.059570
209.251144
211.000488
212.499298
211.327179
208.793030
208.104767
209.978027
211.113678
209.603592
207.552231
206.215958
208.242096
209.686203
208.560745
206.131744
205.375885
206.958939
208.603668
207.586029
205.465485
204.228439
205.676300
207.237350
206.491150
203.923203
203.078842
205.027206
206.468628
205.533066
202.745178
202.295639
204.219864
205.444016
204.356110
202.505386
201.468979
203.689850
205.525024
204.409760
202.060150
201.205063
203.333115
204.564789
203.674835
201.294113
200.619797
203.003754
204.290665
203.172195
200.841888
199.871460
201.796219
203.235489
202.646469
200.134857
199.420853
201.571976
202.918991
202.395950
200.036682
199.611282
201.616501
203.020905
202.362167
200.064041
199.453033
201.658890
203.063293
202.510757
200.196548
199.188034
201.293564
202.848709
202.366989
200.279694
199.351654
201.144440
202.465164
201.887405
199.767929
198.748688
200.866562
202.481247
201.998993
199.811386
198.802872
200.955612
202.817596
202.285980
200.190109
199.331268
201.030182
201.977539
201.759735
199.559784
198.531967
200.662170
202.302078
201.917984
200.009323
198.925720
200.940598
202.872314
202.475357
199.992691
199.306046
201.523163
202.893234
202.519333
200.374649
199.380081
201.425003
202.987656
202.458725
200.229813
199.215927
201.188965
202.571381
201.899750
199.361847
198.835052
200.783417
201.931931
201.591293
199.619339
198.980438
200.796295
202.098236
201.937302
199.443375
198.587219
200.759811
201.872925
201.585938
199.355942
198.577560
200.550598
202.085892
202.072479
199.513123
198.868851
200.815598
202.151337
201.851471
199.707306
199.088257
201.118149
202.224289
202.305832
199.765244
199.093628
201.198090
202.782196
202.766098
200.368210
199.328583
201.108490
202.991943
202.639496
200.766251
199.914383
201.652451
203.268219
203.272507
201.047348
200.145584
201.957153
203.600800
203.534286
201.367065
200.463165
202.557434
203.871170
203.606171
201.194870
200.035614
201.764023
203.769241
203.597580
201.036072
200.200302
202.544022
203.597580
203.730621
201.311813
200.282913
202.309586
204.063751
203.853470
201.423920
200.221756
202.533829
204.101837
203.673218
201.819824
200.555969
202.587463
204.235947
204.278336
201.529068
200.413269
202.163147
204.159775
203.723648
201.066650
200.122513
202.120758
203.583099
203.487076
201.487762
200.206207
202.114868
203.752625
203.859909
201.597198
200.318314
202.202835
203.769241
203.658737
201.300003
200.319931
202.413116
203.798752
203.935013
201.671768
200.501785
202.646469
204.064835
203.748871
201.678192
200.473892
202.617508
204.653305
204.317490
201.986649
200.682556
202.878754
204.608246
204.412979
202.238785
201.014084
202.932404
204.591614
204.793854
202.410446
201.094543
203.075623
204.586243
204.777756
202.354111
201.132095
203.338486
205.288452
205.313126
203.023056
201.786560
204.180695
205.954178
206.571625
204.329300
203.108887
205.551315
207.810806
208.255508
206.298035
205.047592
207.402039
209.721069
210.082092
208.573624
207.615005
209.986069
211.871124
212.286865
210.245178
209.324646
211.721466
213.583450
214.101120
212.362503
211.426422
213.404816
215.386963
216.074692
213.647827
212.719788
214.808151
216.663696
216.921188
215.222824
214.444443
216.574112
218.410889
218.510666
216.827850
215.746384
217.810074
219.602325
220.190811
217.950089
217.264511
219.379700
220.919296
221.337723
219.334641
218.051468
220.138229
221.895615
222.488388
220.302917
219.305679
221.590912
223.112808
223.653000
221.643494
220.212265
222.635376
224.296738
224.468933
222.590851
221.308212
223.858459
225.612091
225.792862
223.898697
222.502869
224.325165
226.229523
226.578751
224.835861
223.021606
225.019852
226.459122
226.839462
224.586945
223.058090
225.629257
227.206924
227.302414
224.939392
223.429306
225.522507
227.448334
227.422043
225.357819
224.142776
225.596527
227.333527
227.840469
225.635696
224.307465
226.281570
227.839386
227.845825
225.493530
224.317657
226.097031
227.667191
227.800766
225.785889
224.294586
226.271378
227.883911
228.090454
226.082550
224.118103
225.759064
227.435455
228.092590
225.786972
224.251663
226.324478
228.226166
228.232071
226.162476
224.591232
226.426941
228.049683
228.384415
226.200562
224.684570
226.384033
228.093658
228.667114
226.437668
224.601425
226.556763
228.636002
228.852737
226.629181
225.031113
226.782608
228.724518
228.857559
226.324478
224.831024
226.537979
228.211685
228.570023
226.235428
224.887894
226.562119
228.084549
228.586655
226.476288
224.545639
226.231140
228.300201
228.500824
225.874939
224.532227
226.309998
228.000320
228.436981
226.396362
224.490387
226.345398
228.182175
228.634399
226.395294
225.017166
226.687653
228.590408
228.857025
226.712326
225.280029
226.897400
228.576996
229.287247
227.327087
225.172745
226.814789
228.480438
228.965927
227.114120
225.304703
227.023468
228.472397
228.963776
227.034729
225.356201
227.168304
228.819473
229.230927
227.173676
225.251068
226.929581
228.583435
229.294220
227.241257
225.377655
227.110901
229.038879
229.332306
227.052963
225.335281
227.322266
228.830200
229.170303
227.140411
225.234970
226.834106
228.871506
229.397217
227.420425
225.422729
226.903305
228.738464
228.807663
226.976791
225.114273
226.925827
228.496536
228.962158
227.251984
225.468857
226.774017
228.913879
229.528641
227.707428
225.862061
227.580292
229.663834
229.957794
228.125854
226.060547
227.559906
229.749664
230.097809
228.051819
225.997787
227.230530
229.070526
229.550110
227.470856
225.494064
226.716080
228.271225
228.162872
226.069138
223.956619
225.096558
226.874329
227.294907
224.726959
222.575287
223.533905
225.236038
225.546097
222.724960
220.634979
221.599503
223.495819
223.341858
220.962738
218.570221
219.446762
221.320007
221.415497
219.289047
217.346588
218.290192
220.042206
220.531448
218.427521
216.135300
216.840729
218.379242
218.840576
216.428207
214.495407
215.751755
217.267197
217.774139
215.309723
213.286804
214.547440
216.203430
216.482376
214.436935
212.390945
213.403214
215.064026
215.801636
212.993896
211.149078
212.497162
214.191772
214.964249
212.793274
210.634094
211.810516
213.421982
214.067856
211.969299
209.565506
210.793961
212.655411
213.296448
211.210770
208.891724
209.953888
211.956421
212.904846
210.724213
208.703979
209.880386
211.667816
212.605515
210.669495
208.269989
209.774185
211.646896
212.203720
210.166855
208.274292
209.674393
211.611496
212.413467
210.486572
207.988907
209.442123
211.470947
212.353928
210.162018
208.273209
209.534393
211.514389
212.242340
210.548264
208.413223
209.416367
211.181259
212.503601
210.534851
208.425568
209.472702
211.658691
212.408646
210.565964
208.374069
209.569260
211.961792
212.636627
210.783768
208.848816
209.964615
211.875961
212.777176
210.807358
208.847748
209.962463
211.898483
213.361908
211.084167
209.068756
210.486572
212.708511
213.346344
211.303040
209.433533
210.325104
212.586746
213.520691
211.688202
209.165848
210.493546
212.746597
213.714874
211.666748
209.833191
210.819702
212.994446
214.057129
212.046539
209.807968
210.830429
213.071686
213.923019
212.093750
210.002167
210.958649
213.359222
214.524368
212.451553
210.458145
211.477921
213.171463
214.439072
212.394699
210.393768
211.345947
213.325424
214.278137
212.412399
210.097122
211.193069
213.044861
213.989532
212.205872
210.395920
211.162491
212.754654
213.974518
212.249863
209.954422
210.948990
213.070618
214.154221
212.177979
210.345490
211.182343
213.130692
214.443375
212.436005
210.684525
211.704300
213.583450
214.685837
212.521301
210.797180
211.622223
213.578094
214.747528
212.911819
210.982788
212.083023
214.006699
215.303818
212.865158
210.989212
211.823929
214.099503
215.254471
213.017502
210.645889
211.828751
213.868301
215.252853
213.130157
210.906067
212.096970
213.937500
215.257690
213.139282
211.197357
211.963394
214.085022
215.291489
213.169861
211.322342
212.062103
214.093613
215.389648
213.334000
211.160873
212.114136
214.192307
215.241058
213.219742
211.390472
212.253616
214.683151
215.442764
214.049088
211.702682
212.529343
214.611267
216.184662
214.405273
212.507889
213.303970
215.755508
217.104660
215.701859
213.453629
214.452484
216.726471
217.990860
216.478622
214.452484
215.614960
217.620712
219.387222
217.908249
216.006027
216.703934
218.954849
221.096313
219.459641
217.382538
218.359390
221.009415
222.450302
221.130112
218.931778
220.010559
222.171890
223.790329
222.151505
220.441330
221.460022
223.558044
224.658295
222.776459
221.272812
222.144531
224.504868
225.818085
224.465179
222.626251
223.598816
225.748337
227.120560
225.097641
223.803741
224.786499
227.099640
228.208466
226.892578
224.716766
225.521957
227.914490
229.368790
227.622131
225.942001
226.603973
228.788895
230.285568
228.953049
226.833023
227.262177
229.563522
231.419067
229.124176
227.319046
228.274979
230.670197
231.958191
230.024857
228.438599
228.845215
231.081650
232.636261
231.053757
229.041565
229.462128
231.505432
233.143723
231.068771
229.243256
230.041489
232.205490
233.798721
231.905090
229.657394
230.238358
232.302048
233.609894
231.937805
229.741074
230.345642
232.059586
233.460770
231.926544
229.700851
230.099960
232.232315
233.462372
231.924393
229.705673
230.413239
232.729065
233.766541
232.098740
230.325806
230.602066
232.781097
234.338928
232.516098
230.474396
230.962555
233.181824
234.767532
232.803619
230.757629
231.104706
233.217758
234.426361
232.351410
230.683609
231.112762
233.410339
234.906479
233.219360
230.977036
231.422287
233.490814
235.463837
233.570740
231.346649
231.870209
234.380768
235.717041
233.762787
231.500610
231.831589
234.061584
235.441315
233.741867
231.951752
231.989304
233.978973
235.906937
233.732742
231.790283
232.350327
234.523453
236.106491
234.308884
231.966782
232.149704
234.508438
235.477783
233.895813
231.950150
232.090164
234.046021
235.741180
233.929611
231.739868
232.298294
234.152771
236.169800
234.345352
232.101425
232.362137
234.346436
235.923569
234.042801
232.111618
232.294006
234.505753
236.121521
234.312103
231.996811
232.287033
234.153305
235.514267
234.078751
231.692123
232.046173
234.547592
236.161743
234.363602
232.481766
232.775726
234.753586
236.468063
234.842102
232.756958
233.061646
235.208496
236.313568
234.776657
232.527359
232.759644
235.354401
236.821045
235.137680
232.987091
233.214005
235.511047
237.213715
235.548065
233.615265
233.385666
235.507294
236.856979
235.461151
233.168945
233.462372
235.595261
237.309738
235.351730
233.561081
233.631348
235.528748
236.984116
235.605453
233.323975
233.347580
235.280380
236.711609
234.881805
232.876587
232.948471
235.156464
236.432648
234.887695
233.047165
232.703842
235.132858
236.472351
235.060974
233.038589
232.986008
235.284668
236.692825
235.043274
233.240829
233.265503
235.186493
236.796356
235.505142
233.366882
233.587372
235.883881
237.171341
235.455261
233.105637
232.957047
234.939743
236.398315
234.536331
232.859421
232.718872
234.543839
235.242294
233.542847
231.421219
231.411026
233.381912
