-173.795898
-169.509186
-168.724915
-168.384262
-171.796570
-173.389801
-170.663071
-169.288177
-171.185562
-174.202515
-173.569519
-170.255920
-168.290924
-171.399078
-173.426819
-173.223511
-169.702850
-167.114517
-168.648727
-173.577026
-173.762634
-170.210861
-167.518982
-170.521454
-175.215317
-175.980286
-173.498703
-170.870682
-171.286423
-174.716431
-175.355865
-173.752975
-170.989227
-171.753128
-174.932617
-174.932083
-172.434402
-169.765610
-172.791138
-176.943192
-178.148041
-175.875137
-173.093689
-173.223511
-176.350967
-177.200684
-174.006180
-171.554642
-173.675735
-176.388519
-175.854752
-173.142502
-171.362595
-173.048630
-176.939438
-176.905655
-172.966019
-170.630890
-170.582611
-175.057602
-176.823029
-173.796432
-171.590576
-172.276154
-176.698044
-177.460327
-174.321075
-170.774124
-171.626526
-176.450211
-178.349213
-175.235168
-172.409195
-173.004639
-176.890091
-179.173721
-175.244293
-171.037506
-171.499390
-175.833298
-177.311737
-173.158600
-170.332626
-172.840485
-177.106812
-178.455429
-174.694427
-171.917816
-172.142578
-174.181061
-175.143433
-172.621628
-167.658997
-165.815247
-171.739716
-176.253876
-174.600555
-171.907089
-171.835205
-175.425064
-177.089645
-173.843094
-171.238678
-172.801865
-176.694290
-178.076706
-175.006638
-172.828156
-173.442383
-175.738892
-175.066193
-173.457932
-172.321747
-172.982117
-176.354721
-177.791855
-175.805939
-171.903870
-169.928146
-173.020203
-176.117615
-174.976608
-173.235306
-171.608292
-172.839417
-173.880646
-173.237457
-171.215607
-171.530502
-176.300003
-178.323456
-174.158524
-171.108856
-172.093765
-176.605774
-177.266678
-173.329193
-170.464584
-170.314392
-172.745544
-175.640717
-174.925110
-171.804626
-170.365891
-175.127350
-176.741501
-173.962189
-170.745148
-171.410339
-174.534576
-175.111786
-170.926468
-167.125244
-166.695007
-168.349396
-169.781158
-168.129456
-166.189148
-167.056580
-170.341751
-171.108322
-167.350540
-162.787567
-163.144836
-165.554535
-166.151596
-163.650711
-158.967575
-160.382172
-164.927444
-166.185928
-163.385712
-160.429367
-160.545776
-163.878159
-166.014801
-164.015488
-157.385071
-157.302994
-161.834320
-163.800369
-161.213120
-158.826492
-156.977371
-161.052719
-163.578827
-160.128433
-158.216019
-158.243912
-161.284470
-162.630936
-158.335098
-156.802490
-159.129578
-162.888962
-163.818069
-160.407913
-157.304596
-157.846939
-162.496826
-163.972031
-161.016235
-156.387817
-157.512207
-163.032196
-164.645813
-160.855301
-158.619949
-159.700882
-162.794540
-163.975250
-160.748550
-157.275101
-159.212723
-162.266693
-162.209824
-160.982452
-159.738434
-160.850479
-164.615768
-165.435455
-163.701675
-161.122986
-162.480194
-166.515839
-167.570480
-163.382492
-159.493820
-160.278641
-164.133499
-166.986298
-164.028900
-160.486237
-158.029327
-161.550003
-165.205856
-162.273117
-158.325989
-158.270737
-160.418640
-162.207138
-159.833923
-157.287964
-157.280457
-160.575287
-161.596664
-160.303848
-156.990784
-156.038055
-160.959915
-162.617523
-159.747025
-155.935608
-156.189880
-159.877914
-161.658905
-160.040451
-155.484985
-153.788223
-159.214340
-161.571991
-158.839355
-155.614807
-156.026260
-159.581802
-162.893784
-160.594604
-156.717728
-156.371185
-158.890854
-160.472290
-157.467148
-153.263046
-154.372940
-159.604858
-162.231812
-159.514206
-156.290192
-155.615875
-159.154251
-161.948044
-159.718582
-156.587372
-156.938751
-160.088730
-162.419571
-161.010345
-157.598572
-155.535950
-158.630692
-160.882126
-160.401474
-158.798584
-158.462784
-162.045135
-164.161392
-160.702423
-157.174240
-157.930634
-161.901901
-163.436127
-160.259857
-156.565384
-157.183899
-160.944901
-161.957703
-160.075851
-158.866714
-158.472977
-161.913712
-163.825592
-160.695984
-156.342758
-156.869003
-159.842514
-163.530548
-162.078400
-159.104904
-158.139847
-161.498505
-163.963989
-162.537582
-160.410599
-159.508835
-161.170731
-162.620743
-161.146057
-157.500397
-155.956528
-160.187439
-164.049820
-162.273117
-159.314651
-158.001968
-161.103683
-162.848724
-159.475037
-156.767090
-156.646927
-160.455124
-164.642593
-162.938309
-159.464859
-159.222382
-162.060150
-164.124924
-162.014557
-159.108124
-157.495041
-160.477646
-161.966278
-160.458344
-159.463242
-158.505157
-160.800598
-164.105072
-161.341324
-158.218704
-156.892609
-159.983047
-162.173340
-160.159012
-157.363602
-156.246735
-158.429520
-160.220703
-158.198853
-155.901810
-156.140518
-159.426758
-162.003296
-161.164291
-158.693451
-156.056839
-159.898300
-164.172134
-162.348770
-159.992706
-158.948792
-161.388000
-164.097031
-162.410995
-158.480484
-155.438324
-157.954773
-162.132584
-160.995850
-157.618423
-156.939285
-160.179398
-162.619659
-158.758362
-154.427124
-154.798874
-159.098465
-162.392212
-161.703964
-158.779282
-157.812607
-161.175034
-163.814865
-161.926041
-159.203598
-158.069031
-160.069427
-161.275345
-161.215256
-158.658585
-156.897980
-159.025513
-162.682968
-160.383774
-157.277771
-155.968857
-158.955231
-163.547180
-163.785889
-160.256104
-157.823334
-160.203537
-163.064911
-161.944824
-156.335785
-156.855057
-160.745880
-164.117950
-163.327225
-158.768555
-155.896439
-158.394653
-164.110977
-162.279556
-158.645706
-157.053009
-159.475586
-162.565491
-162.990891
-159.735214
-157.843185
-160.454590
-163.243011
-161.471146
-157.765396
-156.891006
-159.756134
-160.954544
-159.821579
-158.349045
-156.580399
-158.685944
-160.947037
-159.146744
-157.288513
-155.908249
-159.165512
-162.642197
-161.037704
-158.360855
-159.022827
-161.700745
-162.994644
-162.142776
-159.329132
-156.908707
-158.301849
-162.372910
-163.006439
-158.547531
-155.403458
-159.455734
-162.880371
-161.072037
-156.945190
-155.170639
-157.473587
-161.025360
-161.342941
-160.041519
-159.869858
-161.676071
-163.874939
-162.033875
-158.752991
-157.458557
-159.442322
-161.946960
-161.097778
-159.294800
-159.247589
-161.634766
-163.312744
-160.686859
-159.176239
-157.915604
-159.441788
-163.450607
-162.194809
-158.647308
-157.199463
-159.029800
-162.973724
-163.415741
-160.347305
-158.320618
-161.771011
-163.562195
-161.534439
-159.502396
-158.074936
-160.611771
-163.478516
-162.546707
-159.580185
-157.224136
-157.950470
-162.298874
-162.644348
-159.103287
-156.398010
-159.407990
-163.757462
-162.290833
-157.831390
-157.184967
-160.075851
-163.951111
-162.998932
-159.337708
-156.708618
-158.218704
-162.268295
-162.362717
-160.062988
-158.361923
-161.166443
-163.967209
-163.253204
-160.138092
-157.922043
-159.789398
-162.862671
-160.627853
-157.611984
-157.073929
-159.571609
-162.337494
-161.685715
-159.429977
-158.325989
-160.075317
-163.548248
-161.428772
-158.640335
-157.573898
-159.560867
-162.713547
-163.262863
-159.157471
-156.542313
-159.782959
-164.236496
-164.142090
-159.792084
-158.292191
-160.095703
-163.489243
-163.460800
-159.038376
-156.349731
-158.958984
-162.566025
-162.015625
-159.830704
-158.011093
-160.020599
-163.754776
-163.408768
-158.608688
-157.165131
-160.305450
-163.861526
-162.334274
-159.760971
-158.764801
-162.527405
-166.504578
-166.670334
-164.039627
-163.108368
-165.873184
-170.203873
-171.391556
-169.682465
-167.844604
-169.391174
-172.144196
-172.426361
-170.232315
-169.063400
-171.141586
-174.572662
-175.047409
-173.025558
-172.555634
-176.014084
-180.866730
-178.044510
-175.443848
-176.025879
-178.648544
-183.225998
-183.541428
-180.612457
-179.722504
-182.756088
-186.172150
-186.962326
-185.906067
-182.713699
-183.394455
-187.375916
-187.701004
-184.862686
-182.936859
-186.234909
-190.204575
-188.927307
-185.839020
-184.254898
-186.673172
-190.634796
-191.459854
-188.921951
-186.695175
-188.653717
-191.569824
-191.564987
-188.936966
-186.424805
-188.987930
-193.952713
-193.714523
-190.556488
-187.801849
-188.336151
-191.788681
-192.302078
-189.968536
-187.772888
-188.712738
-191.850922
-192.701721
-192.384689
-191.739868
-194.843201
-197.496445
-196.300186
-192.206055
-189.269562
-192.855148
-196.066833
-196.221863
-192.694214
-191.175003
-192.987656
-197.177261
-198.655151
-193.891022
-189.431564
-190.834366
-195.430603
-195.899460
-190.992065
-188.753494
-191.275314
-195.286835
-194.894165
-191.600937
-189.450333
-191.263519
-195.164001
-195.362473
-193.045044
-189.501831
-191.830002
-195.463333
-196.636536
-192.968872
-190.042572
-191.510818
-196.870422
-197.537750
-195.298111
-192.195862
-191.881500
-194.821747
-196.677841
-194.153336
-191.914215
-193.718292
-198.083847
-198.284485
-194.375427
-190.528580
-192.665253
-196.706268
-196.681595
-194.410294
-192.342316
-192.433502
-195.196716
-195.857086
-193.759598
-191.335938
-192.342850
-195.783585
-196.057175
-193.550385
-190.768906
-191.871841
-196.097412
-197.032959
-192.730698
-188.943405
-189.807602
-193.853470
-194.412445
-191.784927
-191.596649
-192.060150
-194.184982
-195.015396
-192.928650
-190.944336
-191.526367
-195.879608
-196.814621
-194.362015
-192.095551
-192.230194
-195.383942
-196.776535
-195.013794
-191.945328
-192.414734
-195.567398
-195.626404
-193.819138
-192.480713
-193.519272
-196.611847
-196.744354
-193.845428
-191.402985
-192.233948
-195.668793
-197.025452
-194.136169
-191.312332
-191.443756
-195.856003
-196.716461
-194.356644
-191.078445
-191.208801
-194.916153
-196.142471
-193.177551
-189.732513
-190.623001
-195.273972
-195.802368
-192.937759
-190.824707
-192.076233
-194.665100
-195.782516
-194.008499
-191.193771
-191.994141
-195.822754
-195.426315
-193.230118
-191.326813
-192.629852
-196.575912
-197.063004
-193.900146
-192.015076
-191.951233
-196.083450
-196.511536
-193.060608
-190.447052
-191.431961
-195.345306
-196.397812
-193.766022
-190.813980
-191.405670
-194.420486
-196.956253
-194.604492
-191.270493
-192.721573
-196.024979
-195.926819
-192.870712
-190.148788
-191.468964
-195.109283
-195.882294
-192.975311
-189.664383
-189.441223
-194.347000
-196.887054
-194.535828
-191.764008
-192.691528
-196.099548
-196.955719
-193.113708
-190.533417
-192.162598
-194.802963
-194.440872
-190.525375
-187.647888
-188.589890
-192.745712
-195.207443
-193.976852
-190.948090
-190.543076
-193.366379
-195.139313
-194.174805
-191.902420
-192.313873
-195.349075
-196.031952
-192.798294
-190.944870
-191.190018
-193.001068
-194.878067
-192.912018
-189.881104
-191.026947
-195.059387
-196.575378
-193.764420
-189.360748
-190.819870
-194.687637
-195.636063
-193.168427
-191.015137
-190.445435
-194.070190
-196.441803
-194.880753
-191.809616
-191.412643
-194.926895
-197.136490
-193.200089
-188.481522
-189.127396
-191.909927
-194.606094
-194.681198
-191.443756
-190.969543
-194.624329
-196.375275
-193.070267
-190.565063
-189.930984
-192.415802
-192.930252
-191.358994
-189.119354
-189.033524
-193.205978
-196.329147
-193.570770
-190.623001
-190.479233
-192.891632
-194.904892
-192.806335
-190.284500
-190.408966
-194.016006
-196.363480
-193.475281
-190.452408
-191.082733
-193.040756
-193.015015
-191.805313
-189.886459
-190.226028
-194.053024
-195.590469
-192.854614
-190.320450
-191.111694
-194.291748
-195.746567
-192.362167
-188.867233
-188.344193
-192.340164
-194.742889
-192.588531
-191.337006
-192.118073
-194.472519
-194.948883
-192.656128
-190.522156
-191.471649
-193.586853
-193.514969
-191.935669
-189.395615
-190.819870
-193.999924
-193.940369
-192.496277
-190.702927
-189.878418
-194.209137
-196.949814
-193.595444
-190.192245
-191.026398
-194.373810
-194.936005
-192.013474
-189.065704
-189.566742
-194.083603
-196.801208
-194.286911
-191.215775
-191.337540
-195.153259
-196.643509
-192.916840
-189.073761
-189.012070
-192.921661
-194.702652
-192.342850
-190.577942
-190.654648
-194.820129
-195.613541
-192.615356
-190.084412
-190.784470
-193.616364
-196.084000
-194.530991
-191.329498
-190.536636
-194.300323
-196.910645
-193.654984
-190.449722
-189.817795
-192.395950
-195.244461
-194.229507
-191.140137
-191.065567
-193.839523
-196.782974
-194.648468
-190.988861
-190.950226
-194.561035
-196.690170
-194.257416
-192.418488
-192.042984
-194.565323
-196.781372
-196.006744
-192.216248
-188.851135
-192.757523
-196.011566
-192.803116
-190.323669
-190.687378
-193.194717
-194.903290
-193.411972
-189.863403
-189.083420
-192.395950
-195.175797
-193.616898
-191.077896
-190.560242
-194.112030
-195.948273
-194.046585
-191.680862
-191.185730
-194.528854
-196.728256
-194.561569
-191.377777
-191.383682
-195.786804
-198.065079
-195.522873
-189.381668
-189.092529
-194.610931
-198.695923
-197.120941
-193.836304
-191.731827
-192.806335
-193.760132
-190.495331
-188.512100
-187.007919
-189.395081
-192.508606
-190.224426
-187.301346
-186.727890
-189.087173
-189.509354
-186.319672
-182.307617
-179.836761
-183.747955
-186.453232
-184.508636
-179.294952
-177.290283
-180.382858
-182.223389
-178.532135
-174.606461
-175.217468
-176.961975
-176.991470
-173.795364
-170.959183
-170.027924
-172.748764
-174.491653
-172.625381
-167.615555
-167.112900
-170.816498
-173.785706
-171.765457
-167.949753
-167.244873
-170.050461
-171.423218
-167.457840
-162.372360
-161.876160
-164.836243
-165.100174
-165.312607
-163.792862
-162.027969
-164.558365
-167.316757
-164.725739
-160.185837
-159.090408
-162.088058
-164.580902
-163.990814
-160.383240
-157.950470
-160.085510
-162.844971
-161.625107
-159.318405
-158.503555
-160.213730
-161.890640
-160.163300
-157.794373
-157.494507
-160.181000
-162.800446
-160.286682
-156.814835
-156.579330
-159.288895
-161.820908
-160.436890
-157.349655
-155.773056
-157.908096
-159.885956
-159.510986
-157.643631
-157.861969
-160.196564
-160.795227
-157.757889
-156.645844
-156.507446
-159.421936
-162.245224
-160.351059
-158.266434
-156.886719
-159.128510
-161.027512
-158.806107
-156.254242
-155.722092
-158.744415
-159.576431
-156.983810
-155.218918
-154.308029
-156.803024
-159.970718
-158.687012
-155.637344
-154.493652
-157.113083
-161.205612
-160.215866
-155.983337
-154.580017
-158.124817
-160.978149
-159.645630
-156.439850
-155.769836
-159.878448
-162.869644
-160.945435
-157.625397
-155.869080
-158.602783
-161.025894
-159.048035
-156.390503
-155.743011
-158.646774
-160.781815
-158.027191
-156.424835
-156.177536
-158.117310
-160.554367
-159.086655
-155.896973
-155.287582
-159.012634
-161.617050
-160.567245
-157.890930
-156.720413
-158.995468
-161.493668
-160.300095
-156.227966
-155.565994
-159.308212
-161.564484
-159.587158
-155.944183
-154.029617
-157.338928
-159.996460
-158.383926
-156.693588
-155.872833
-158.433807
-160.200851
-156.558945
-153.916977
-152.891296
-154.450195
-158.592590
-158.892471
-156.107803
-155.513428
-158.621033
-160.719589
-159.233643
-156.682327
-154.244202
-157.676895
-160.166519
-159.039459
-156.532120
-155.951157
-158.437561
-160.537201
-159.201996
-158.114624
-157.022964
-158.334564
-161.979156
-160.662186
-157.717667
-156.582550
-157.444077
-159.856461
-159.866104
-157.897903
-155.145966
-157.890396
-161.430908
-160.729782
-157.563171
-157.909164
-160.888031
-160.697601
-160.000214
-157.733749
-155.582626
-158.051331
-161.119781
-160.802734
-157.485382
-155.461380
-157.620560
-159.755600
-158.498718
-156.806778
-155.845474
-158.359787
-161.766190
-160.175644
-157.233795
-155.211945
-156.885635
-161.253342
-160.922363
-157.916138
-156.079361
-158.322235
-161.471146
-160.024353
-155.951157
-154.361145
-157.496109
-160.586014
-159.030334
-155.972610
-154.248489
-158.360321
-160.696518
-160.252350
-156.993469
-155.552048
-158.509979
-162.284927
-160.882126
-156.711838
-155.425446
-158.519104
-160.449219
-159.290512
-156.889389
-155.833145
-158.412888
-160.084976
-159.431061
-157.535812
-155.687759
-158.045425
-160.339249
-158.672531
-156.592209
-156.391571
-158.505692
-161.262466
-159.963745
-157.789551
-156.442001
-159.793152
-162.737686
-160.234116
-156.415176
-154.371338
-156.675354
-159.215408
-158.610840
-156.623322
-155.310104
-157.467148
-160.769485
-160.426697
-158.506760
-156.742416
-158.154861
-160.748016
-159.651001
-157.439789
-155.509125
-158.619949
-161.818222
-160.471756
-157.571747
-155.261826
-157.379166
-161.228668
-160.813995
-158.208511
-156.230637
-158.883881
-162.373978
-161.619736
-157.716583
-154.920654
-158.035233
-161.948578
-162.145447
-159.338257
-157.535263
-159.745407
-162.318726
-161.240479
-157.751999
-154.761337
-157.311569
-161.880447
-161.065063
-156.864182
-155.564926
-159.342545
-163.717758
-162.413666
-157.964417
-154.291946
-156.715591
-160.398804
-160.042068
-157.357712
-155.182968
-156.629761
-161.099396
-162.041382
-158.224594
-155.945786
-157.848557
-162.175491
-161.738297
-159.169815
-158.202606
-159.093094
-160.509842
-160.186371
-157.654358
-156.134628
-157.312103
-158.692368
-159.659042
-159.237396
-157.308350
-157.797592
-160.433136
-160.259857
-157.514343
-155.012924
-157.866257
-161.039307
-159.324310
-156.638870
-154.934601
-156.226349
-157.981583
-157.261688
-154.459320
-154.038208
-157.433884
-161.965744
-162.047821
-157.827087
-156.839508
-159.207352
-161.788177
-161.690018
-158.486923
-156.212402
-157.891998
-159.342545
-159.656891
-158.988495
-156.997223
-157.942963
-162.143311
-161.817154
-158.075470
-155.459244
-157.229492
-161.257111
-161.263535
-157.729462
-155.189941
-156.996689
-160.324768
-160.118240
-156.512817
-153.817734
-155.875519
-158.877441
-159.474503
-158.357101
-155.887314
-157.015991
-160.653076
-160.827408
-159.557114
-158.759430
-160.479797
-163.135727
-161.955551
-157.898438
-153.938431
-155.352493
-159.560333
-159.839294
-157.480011
-154.390106
-157.414032
-162.322479
-160.774307
-157.035843
-154.253860
-157.025116
-161.376190
-160.981369
-158.599564
-155.547211
-156.669983
-159.837677
-160.277557
-157.736435
-156.781570
-158.309357
-161.394974
-160.638046
-155.725845
-154.830536
-157.181213
-159.133865
-159.384384
-157.793839
-155.846558
-158.644638
-162.036560
-161.609543
-158.442932
-155.868546
-156.465073
-159.651535
-160.260391
-156.561630
-154.046249
-157.022964
-160.912170
-160.345688
-158.034698
-155.754288
-157.347519
-162.051575
-161.681961
-158.666626
-156.606689
-158.102829
-161.497971
-162.247375
-158.154861
-155.395401
-158.197769
-161.335419
-160.675598
-158.019135
-156.369583
-157.614670
-161.840759
-161.813400
-157.371124
-154.851456
-157.134018
-161.361176
-161.316650
-158.205292
-156.527298
-157.765945
-159.848938
-159.220230
-157.455872
-155.961884
-158.639267
-162.077316
-160.449219
-156.915146
-154.968399
-156.281067
-160.756607
-161.388000
-158.174713
-156.161972
-158.346375
-161.906738
-159.807632
-155.144348
-153.950760
-157.376480
-162.585876
-161.537659
-157.447296
-154.572495
-155.870148
-159.566772
-160.583862
-157.819046
-155.774124
-156.977371
-160.642334
-161.623489
-159.012634
-155.220520
-157.304062
-162.744125
-164.118484
-162.453903
-160.397186
-162.515594
-166.683746
-166.671417
-164.348083
-162.103073
-164.216110
-168.511948
-169.262955
-167.740540
-166.056656
-167.664368
-172.466049
-171.961258
-169.259201
-168.984009
-170.483902
-172.390411
-174.922424
-173.424133
-170.373398
-173.177917
-177.930786
-178.254257
-174.384369
-172.512726
-174.355408
-178.995621
-180.767487
-177.266678
-174.641327
-176.945343
-180.199936
-181.036789
-179.967651
-177.239853
-179.397949
-183.736694
-186.239731
-184.664200
-181.926208
-182.328003
-186.930679
-188.700394
-186.206482
-183.728119
-185.994583
-189.645065
-188.218674
-186.056808
-185.031128
-185.394836
-189.450333
-190.822556
-187.807220
-187.015961
-189.266876
-192.482330
-192.376648
-189.899872
-187.497147
-188.128540
-191.544601
-192.982819
-190.574722
-189.569962
-191.505447
-193.672150
-193.688248
-189.594101
-188.274460
-191.157837
-194.347000
-195.104980
-193.248367
-190.023788
-190.004486
-194.206451
-194.268677
-189.925629
-187.622681
-190.485138
-194.717133
-196.600052
-193.996704
-190.796265
-192.486618
-194.373276
-193.908188
-191.666382
-189.932068
-191.550507
-194.915619
-194.721436
-191.178223
-188.810364
-190.445435
-194.092728
-196.202011
-194.484329
-191.419617
-191.583771
-194.491837
-194.597519
-192.192108
-190.067780
-192.024200
-194.636139
-195.915558
-193.991333
-190.620316
-191.686768
-195.896774
-197.671860
-194.680130
-190.547363
-190.669678
-195.129120
-195.247147
-191.414795
-190.591354
-192.526855
-195.080307
-194.770782
-192.583710
-191.373489
-192.192108
-195.890869
-196.905823
-194.149048
-191.210403
-191.327881
-195.004669
-196.160172
-194.089508
-192.890549
-193.732773
-196.946060
-196.922455
-194.019226
-192.446915
-193.661957
-196.523880
-198.003387
-195.683273
-191.235611
-192.171722
-196.613464
-195.769638
-192.903961
-191.606842
-192.824570
-194.901138
-196.798538
-194.288528
-189.919189
-190.878342
-194.180695
-195.564713
-192.849243
-190.524826
-191.727539
-195.129120
-196.283554
-193.377106
-191.561234
-191.202362
-194.202148
-196.465408
-194.512756
-192.279541
-191.574646
-194.830872
-195.052414
-192.983902
-191.599319
-192.448532
-195.091583
-195.113571
-191.961960
-190.187943
-193.730087
-196.654236
-196.140854
-193.271423
-190.707230
-191.686234
-194.916702
-193.810547
-191.511887
-191.797806
-192.846573
-194.894165
-195.277725
-193.346527
-191.513489
-193.361557
-196.986282
-196.138718
-194.181778
-191.481308
-192.114319
-195.544327
-196.605957
-194.705872
-192.242538
-193.306839
-196.463257
-196.148361
-192.859436
-190.590271
-191.722702
-196.284622
-197.263626
-194.434967
-190.872452
-190.090851
-194.529922
-197.003448
-194.356110
-191.695877
-192.587463
-195.684341
-196.058243
-192.915237
-190.104263
-189.397232
-195.238556
-197.470703
-193.111038
-191.099899
-191.309113
-194.395279
-195.908035
-192.387909
-190.411636
-191.510818
-194.832474
-195.625870
-192.789703
-192.160995
-193.236557
-194.557281
-195.861374
-193.507996
-189.706757
-190.888000
-194.634521
-195.667709
-194.798141
-191.367050
-190.790375
-195.129669
-195.830261
-192.682953
-191.146027
-192.194260
-195.483719
-197.086609
-193.573441
-190.551651
-191.698563
-194.435501
-195.296494
-191.390656
-189.427811
-192.351425
-195.963837
-196.706802
-194.576599
-191.449661
-191.467896
-195.687027
-197.675613
-194.556213
-192.395950
-193.209732
-193.848099
-195.298111
-194.981598
-191.878281
-192.899139
-195.859222
-195.507324
-192.825653
-190.379990
-190.790375
-194.446777
-195.255188
-192.248428
-191.485062
-193.278397
-195.093185
-196.902069
-194.137787
-189.498611
-191.247955
-195.670395
-197.038330
-195.171509
-191.639557
-190.617096
-195.047592
-196.784592
-194.726257
-193.126053
-192.561722
-194.245071
-196.682663
-195.488541
-191.260300
-189.689056
-194.246674
-196.079697
-193.809479
-191.912613
-191.173920
-194.009033
-195.087814
-193.159851
-190.177216
-191.169632
-195.642502
-199.063934
-194.039078
-190.856354
-192.426529
-196.676224
-196.757233
-192.474808
-190.326355
-191.025330
-193.563248
-195.227829
-192.894318
-192.125046
-192.590683
-194.865738
-196.958389
-194.485931
-191.899734
-192.327286
-195.748718
-196.247604
-192.362701
-190.410568
-191.937820
-196.037857
-195.948273
-192.277405
-190.425049
-191.807999
-195.444550
-197.153656
-194.778824
-192.747864
-192.188354
-194.070724
-195.327606
-193.793381
-190.364441
-191.521545
-195.780899
-197.511459
-195.464935
-192.976379
-192.228592
-195.422562
-197.280258
-194.178009
-191.219528
-191.678177
-194.915085
-196.022842
-192.928101
-189.439072
-189.954056
-192.631989
-194.534210
-192.723190
-189.797409
-190.531799
-192.999985
-194.441940
-192.910934
-190.303284
-190.615494
-193.825043
-196.034103
-193.481720
-191.071472
-191.121887
-194.910263
-196.362411
-194.247757
-191.342361
-191.847168
-195.817917
-197.110199
-194.489151
-190.640701
-190.531265
-193.541260
-195.410767
-192.836914
-189.200363
-190.075287
-194.527237
-196.307693
-193.446838
-190.455627
-190.384277
-193.404999
-195.538971
-193.258011
-190.021652
-190.384277
-193.403931
-195.683807
-194.969269
-192.497879
-191.627762
-194.194641
-195.942368
-193.160385
-189.317841
-189.325348
-192.815994
-194.777222
-192.903427
-191.102585
-190.833817
-193.787491
-196.033569
-193.767639
-190.978119
-191.108475
-195.061539
-195.540039
-192.792389
-190.736725
-190.600464
-194.227905
-196.272278
-193.960754
-191.420685
-190.074219
-193.318100
-195.582428
-193.307373
-190.595642
-192.148651
-195.525558
-196.253510
-192.754837
-189.893982
-190.800034
-193.575058
-195.107666
-192.471054
-189.513641
-189.768448
-193.361557
-195.249832
-192.967270
-189.260437
-189.561386
-193.908722
-196.223465
-193.837372
-190.844009
-190.930923
-193.931259
-195.135025
-192.752686
-190.861176
-190.619781
-193.797150
-195.727264
-193.318100
-190.822556
-191.290329
-194.050339
-195.614075
-193.776764
-191.006027
-191.136368
-194.996094
-195.507324
-192.646469
-189.959961
-189.506134
-192.467300
-195.102310
-192.716751
-190.331711
-189.562988
-192.119156
-194.572296
-193.486008
-191.524216
-191.226501
-193.851852
-195.050812
-192.785950
-190.131622
-189.635406
-193.198471
-196.519577
-194.753082
-192.593903
-192.369675
-195.206909
-197.089279
-193.578812
-189.961563
-189.485214
-192.736053
-195.737457
-194.172119
-191.973221
-191.291946
-194.577133
-197.888046
-195.840454
-191.408890
-189.994293
-194.133484
-196.376358
-194.675293
-192.514511
-192.469986
-194.927963
-195.997620
-194.648468
-191.515640
-190.361755
-192.980682
-195.097473
-191.590744
-188.824310
-189.021179
-191.205032
-192.033859
-188.268021
-184.916870
-184.541901
-185.774109
-186.113678
-182.852646
-178.351364
-179.219864
-182.380035
-183.536072
-181.233658
-177.695831
-175.935760
-179.243454
-180.835617
-178.453812
-174.896667
-173.703629
-176.177155
-177.467300
-174.525986
-169.828369
-169.242569
-172.451035
-173.979889
-172.188171
-169.559082
-168.132675
-170.680771
-172.512192
-170.869064
-167.178879
-165.073349
-168.045242
-170.814880
-168.426117
-164.617371
-163.019852
-165.679535
-167.391846
-165.601212
-162.250595
-161.466858
-164.487015
-167.350540
-164.824982
-161.350449
-160.576889
-163.571854
-165.728882
-162.687790
-159.842514
-159.236862
-162.098785
-165.197800
-163.233353
-158.897827
-158.043274
-161.303238
-162.218414
-160.248062
-157.505234
-156.505844
-160.421326
-163.091736
-160.877304
-159.200378
-158.784637
-161.415359
-162.706573
-160.158478
-157.839432
-155.964035
-158.088882
-160.661652
-158.947189
-156.119064
-155.264511
-158.728851
-162.008118
-160.265762
-156.880280
-155.712448
-158.733688
-160.937927
-159.303375
-156.709152
-155.142197
-158.013245
-159.961060
-158.478867
-155.895905
-154.574112
-157.816910
-161.508698
-159.747559
-156.649612
-156.512283
-160.171875
-161.963593
-160.592987
-157.889862
-156.160904
-157.299240
-159.109726
-157.704254
-155.327805
-155.410965
-158.337250
-159.404236
-157.503616
-155.384140
-154.666916
-158.242844
-160.253418
-159.169815
-155.825638
-155.442078
-158.749771
-161.070953
-159.358093
-155.720490
-155.276855
-159.041061
-160.692230
-158.894073
-156.330429
-154.597717
-156.527832
-159.988419
-158.368896
-155.747314
-155.182434
-157.747162
-159.992706
-159.027649
-155.243591
-154.360611
-157.991241
-160.938995
-159.170883
-155.274170
-152.898804
-155.550430
-158.209579
-158.472977
-155.780563
-155.288651
-158.669846
-161.085449
-158.798584
-155.250565
-153.781250
-157.177460
-161.263000
-159.214340
-156.285904
-155.478012
-158.936462
-161.552689
-159.615585
-156.293411
-154.430878
-157.849091
-161.542496
-160.065125
-157.026718
-156.217239
-157.638809
-159.388138
-158.376953
-156.117996
-154.053757
-156.154465
-159.878983
-159.020142
-155.732285
-155.335327
-157.854446
-160.211578
-158.486923
-155.829391
-154.798874
-157.668839
-160.484085
-158.287369
-155.469971
-156.092239
-158.466003
-160.207825
-158.169342
-155.142197
-154.911530
-157.668304
-160.649307
-158.433273
-155.953842
-156.229034
-158.978302
-161.044678
-159.548004
-156.026260
-154.387436
-157.721954
-159.828552
-159.082367
-156.798737
-155.158829
-156.843262
-159.258865
-158.044357
-156.283752
-155.523621
-157.498260
-160.477112
-157.984268
-154.567139
-154.512955
-157.779358
-160.705109
-159.330734
-156.424301
-154.639557
-157.642563
-159.713760
-158.777130
-156.237076
-155.350342
-157.953156
-161.207214
-159.236862
-155.980667
-155.306351
-158.947723
-162.307999
-159.702499
-155.331573
-154.112228
-157.768616
-160.636978
-159.495972
-156.977371
-156.676956
-159.572144
-161.052719
-158.799667
-155.614273
-154.586990
-157.661331
-160.216949
-157.763260
-155.491959
-155.498398
-158.262680
-161.166443
-159.570526
-157.448364
-156.955917
-159.602722
-162.427612
-160.884811
-157.458557
-156.138382
-159.389755
-161.769943
-160.183685
-156.347046
-154.395477
-157.986954
-160.507156
-159.790466
-157.512741
-155.861038
-158.377487
-161.481873
-160.383240
-157.198380
-154.941574
-157.666168
-159.762573
-158.889786
-157.223602
-155.660400
-159.144058
-160.877304
-159.391357
-155.816513
-154.659409
-158.541092
-161.817688
-160.362320
-157.485382
-155.957062
-157.379166
-160.288284
-159.401016
-156.545532
-155.850845
-159.112946
-162.649170
-160.477646
-157.448898
-156.365829
-157.626465
-160.264145
-158.091568
-155.468903
-154.928162
-157.108795
-159.500259
-159.219696
-156.275162
-155.423828
-158.122681
-159.937988
-159.316254
-156.751526
-156.204895
-159.893997
-162.594986
-160.510910
-157.709610
-156.187195
-159.001907
-161.909424
-160.036163
-156.512817
-154.862183
-157.899521
-160.243225
-159.142990
-156.148026
-154.255997
-156.725784
-159.760437
-158.410736
-156.418930
-155.701706
-157.508453
-160.630005
-160.407913
-157.247208
-155.537018
-158.037918
-160.843506
-159.784576
-157.741806
-155.987106
-158.433807
-161.178253
-159.278702
-156.348129
-155.429733
-158.737976
-161.934097
-159.485229
-156.357239
-154.981812
-158.703644
-162.413132
-160.080154
-154.968933
-153.323135
-156.865784
-161.437881
-161.544098
-158.889786
-156.636734
-158.724030
-162.073029
-161.146591
-158.059372
-155.894836
-158.084579
-161.535522
-160.241623
-157.852844
-155.904480
-157.637192
-160.360168
-160.568314
-157.758972
-155.626068
-157.845871
-161.091339
-159.796371
-157.683868
-156.163055
-157.910782
-160.426163
-159.850021
-156.141052
-154.354172
-156.908707
-159.524399
-158.233719
-155.889999
-154.858963
-158.028259
-160.349976
-159.064133
-157.778809
-156.347046
-158.519104
-162.163696
-160.534515
-156.997757
-155.463531
-157.920975
-160.974930
-160.382172
-158.292191
