-94.492622
-94.117653
-89.929649
-90.396355
-93.498596
-96.680779
-94.603668
-93.053352
-93.389694
-96.614258
-99.854362
-98.938660
-94.511398
-93.008827
-95.288704
-96.037582
-94.064545
-89.709709
-90.581429
-95.472702
-98.685455
-96.199585
-91.830261
-91.589935
-94.076881
-96.077812
-94.976494
-90.953178
-89.313278
-91.601204
-93.979782
-91.887657
-88.360558
-88.265602
-90.420494
-93.935257
-93.736778
-89.615295
-88.763420
-92.149445
-95.206093
-94.332764
-89.661964
-87.209351
-89.652847
-93.923996
-92.157494
-89.202766
-89.668404
-93.344635
-94.925529
-92.134422
-88.233421
-86.493736
-89.121231
-90.976784
-88.820824
-86.720650
-86.489983
-90.078781
-93.954033
-93.590866
-90.863594
-89.131958
-91.027206
-93.731949
-92.322182
-88.729088
-87.236710
-89.404472
-93.406326
-91.768036
-87.023743
-87.056999
-91.823288
-96.005936
-94.397133
-90.088432
-88.523094
-91.248222
-94.688423
-94.031281
-89.319176
-86.836525
-88.159927
-91.785736
-91.468163
-88.034935
-87.242607
-89.940910
-92.924065
-92.054497
-89.291283
-89.305229
-92.366707
-95.679230
-95.652412
-91.728874
-89.994560
-92.166077
-95.934578
-94.701836
-89.363167
-88.362701
-90.136177
-94.178802
-93.826897
-90.451073
-87.161606
-90.255806
-92.888123
-91.222473
-86.280769
-84.894066
-88.000069
-91.941307
-91.691322
-88.061760
-85.898827
-89.382477
-94.217964
-93.845673
-89.638893
-89.820213
-92.378502
-95.096123
-93.568336
-90.759521
-88.132568
-91.292213
-96.589584
-93.590866
-88.628777
-87.453972
-91.198334
-95.364342
-94.322037
-89.622269
-88.288139
-90.716606
-93.944916
-92.600594
-89.487617
-88.993019
-92.907433
-97.058968
-96.078888
-92.623123
-91.050812
-92.833405
-95.424957
-95.417450
-92.394058
-90.759521
-94.408936
-98.032074
-96.696869
-92.836624
-91.122154
-93.172440
-95.805832
-94.540901
-91.883904
-90.938156
-93.234131
-97.440376
-97.885086
-94.663750
-91.521271
-91.684883
-95.243637
-94.665359
-91.550774
-91.129669
-94.809120
-97.616333
-96.546661
-93.798470
-90.872711
-91.018623
-94.625122
-95.505424
-91.115181
-89.800362
-93.539902
-96.428650
-95.588036
-90.278870
-88.464088
-90.037476
-93.447632
-91.855476
-87.997383
-86.777519
-89.900681
-93.911659
-92.667107
-90.469841
-87.412666
-89.649628
-93.859619
-94.258194
-89.565407
-86.487839
-90.244003
-93.893417
-93.679375
-89.628166
-88.712463
-92.757233
-96.486046
-95.844452
-92.528709
-92.050201
-94.356903
-96.638397
-93.373070
-89.256950
-87.340240
-88.808487
-92.307693
-90.596443
-87.917992
-85.670303
-88.664185
-91.900002
-90.441948
-86.209427
-85.808167
-87.676056
-89.918922
-89.911949
-86.832230
-85.653137
-88.567619
-92.902611
-92.865593
-89.061684
-88.561722
-92.802292
-97.476318
-96.578850
-93.869278
-90.937622
-91.868889
-96.628738
-96.364273
-92.421417
-91.120552
-92.419273
-94.476532
-92.810875
-88.696365
-88.582108
-91.849037
-94.580063
-95.575165
-92.186455
-89.178093
-90.610931
-93.282410
-92.684273
-91.641434
-90.784737
-93.819389
-98.461227
-98.757339
-95.172295
-92.620438
-95.145470
-99.793747
-99.820572
-94.956642
-90.875397
-93.870888
-98.392563
-98.344284
-93.884834
-91.694542
-95.421204
-99.372643
-98.998741
-95.075737
-91.910728
-94.284485
-100.210564
-99.686996
-96.364815
-93.736237
-95.220573
-97.249939
-96.751053
-92.874176
-92.009430
-94.159492
-96.731735
-97.453789
-94.545197
-93.109673
-96.952217
-99.796432
-99.486900
-97.139435
-94.884224
-96.510185
-99.844711
-99.004105
-95.018333
-93.638069
-95.243637
-99.678413
-100.229874
-97.266571
-93.728195
-95.916336
-99.599556
-100.589294
-97.012299
-94.767281
-98.069084
-102.517799
-102.059143
-98.931686
-96.407188
-99.950928
-105.765419
-102.778511
-97.897423
-95.838554
-97.706985
-102.272110
-102.495804
-100.044800
-96.965088
-97.348106
-101.739960
-100.916519
-97.575562
-95.408325
-97.280518
-99.628525
-98.093224
-93.395599
-90.230591
-93.998558
-98.807228
-99.442375
-95.622902
-92.558746
-93.122017
-96.159889
-95.996803
-92.251366
-90.340561
-92.435371
-96.373932
-96.180809
-91.936478
-89.827187
-91.940231
-95.952820
-96.089615
-91.025597
-88.076241
-90.573914
-93.066223
-92.693932
-89.797684
-86.664864
-87.981293
-92.799614
-93.434219
-90.651161
-88.564400
-91.029350
-94.057564
-92.601128
-88.541870
-85.153168
-88.446922
-93.085533
-93.076950
-89.599739
-87.679810
-89.599739
-94.654091
-94.188995
-90.968735
-90.033180
-91.893562
-94.323105
-92.247078
-88.869102
-88.216789
-92.095802
-95.495232
-93.889122
-88.949570
-86.835991
-89.771935
-92.501884
-93.784515
-91.131279
-88.913628
-91.490158
-95.063393
-94.239960
-90.809952
-88.031181
-89.888344
-93.550095
-93.856400
-90.775078
-88.277946
-90.123840
-93.316208
-93.468552
-89.939301
-88.369141
-90.204842
-96.409332
-97.549278
-92.779762
-89.216713
-89.461868
-93.145615
-95.294067
-93.401497
-90.608780
-91.904289
-94.960938
-94.500671
-90.871101
-88.998924
-91.586716
-95.387405
-95.614319
-92.649940
-90.245079
-92.305016
-95.536537
-95.177124
-91.693466
-88.948494
-90.973564
-94.666969
-95.854111
-93.189606
-90.678520
-91.179558
-93.664894
-93.377899
-90.164070
-87.701271
-88.872856
-92.537292
-93.942230
-90.856621
-88.412056
-89.686104
-91.956863
-91.614075
-88.024742
-87.170189
-90.048203
-93.212669
-93.395599
-90.240784
-89.468307
-92.044838
-94.970055
-94.264099
-91.245537
-88.561722
-90.609856
-95.983391
-96.410408
-92.269608
-91.303474
-94.417519
-99.409653
-100.922958
-97.297684
-94.197578
-97.122803
-101.489975
-103.243065
-99.527672
-96.643761
-98.677414
-103.506996
-104.236557
-100.823715
-97.254234
-99.811989
-104.028954
-103.000595
-98.038513
-96.231773
-99.213852
-103.392197
-104.595978
-102.058601
-100.067329
-102.487755
-107.116180
-107.567322
-104.580414
-100.719109
-102.365982
-105.426926
-106.632309
-104.946808
-101.621941
-102.459328
-106.314194
-106.310440
-101.635887
-98.500389
-100.472885
-103.699043
-104.305222
-102.136391
-100.591972
-102.996307
-104.651230
-103.913086
-101.575806
-100.360229
-100.838737
-104.616356
-105.897385
-103.382545
-100.977676
-102.337021
-106.366234
-108.107521
-106.021835
-103.444237
-103.806335
-106.002525
-106.583488
-103.135780
-99.986328
-101.058678
-102.545158
-101.942200
-99.271790
-96.894814
-99.054527
-101.995842
-101.027565
-98.171547
-96.989227
-99.029320
-101.325287
-101.535576
-97.497780
-94.478142
-94.685204
-96.893745
-97.785309
-95.487183
-92.473991
-94.762985
-99.065796
-98.974602
-95.085930
-92.793709
-94.652481
-97.842712
-98.900574
-96.237137
-92.899391
-93.956177
-97.672653
-98.481071
-95.244179
-92.811417
-93.805977
-96.463516
-96.293465
-93.806511
-91.773399
-93.049057
-97.219902
-98.135071
-94.509789
-90.619514
-91.379646
-94.418053
-95.790276
-91.340492
-89.777832
-92.637070
-95.708199
-96.587433
-95.609497
-92.639755
-93.236809
-96.230698
-97.359375
-94.021629
-90.389381
-92.762596
-95.917412
-96.268250
-94.045769
-90.777229
-91.119476
-95.475380
-96.108391
-92.463264
-90.392059
-93.130058
-96.778946
-95.738777
-93.831726
-91.963837
-94.268387
-98.322289
-99.908546
-97.021416
-95.267242
-96.082108
-98.975677
-99.546982
-95.860008
-92.845207
-93.033501
-95.288162
-96.994591
-93.911659
-90.533142
-91.836700
-96.673264
-98.515404
-97.778336
-95.001701
-95.065002
-97.378151
-98.948853
-94.853111
-92.343636
-93.395599
-95.941551
-97.072380
-95.512398
-94.272148
-94.679840
-96.679703
-96.702766
-93.914337
-91.487473
-93.973343
-98.476784
-98.927391
-94.742065
-90.282089
-90.995560
-93.929893
-95.109528
-92.729340
-89.601349
-90.911873
-95.279579
-96.214607
-92.892418
-89.434509
-92.077026
-94.849358
-95.737701
-92.425713
-90.419418
-92.640289
-97.337914
-98.208565
-93.854256
-91.662354
-93.627342
-96.414703
-98.128098
-95.882004
-92.118332
-94.617615
-98.345352
-99.898888
-97.877045
-93.377899
-94.909439
-98.093224
-98.269714
-92.956253
-89.232277
-92.799614
-97.330406
-99.727768
-96.566513
-91.005211
-91.430611
-96.249474
-98.253090
-95.723221
-94.166466
-94.821999
-96.868530
-95.856796
-93.727654
-91.890343
-93.608032
-97.804619
-98.399536
-95.192139
-92.542122
-94.647652
-97.011223
-98.080887
-96.118050
-93.175117
-93.969589
-96.304192
-96.820786
-94.109062
-89.584183
-92.271217
-96.939339
-99.101738
-97.560539
-94.463120
-94.053810
-96.973671
-98.380226
-96.106781
-93.730339
-93.199257
-97.413017
-99.281448
-95.051598
-90.126518
-90.165680
-92.345779
-92.928360
-90.826042
-89.426468
-91.611931
-95.023697
-95.729660
-94.856865
-91.806656
-92.597374
-96.020950
-97.249939
-93.373604
-89.754768
-90.498810
-94.119797
-95.793495
-94.045227
-89.019310
-89.952713
-94.905144
-96.830444
-94.512474
-91.120010
-91.785202
-95.981781
-97.482758
-96.309555
-92.329155
-93.329079
-98.322823
-101.015762
-97.597557
-93.571014
-94.503883
-97.020882
-97.529427
-94.947525
-91.768570
-91.477280
-95.267242
-98.593727
-95.286552
-89.578278
-89.742432
-94.307549
-96.833122
-94.533928
-92.200943
-93.358047
-96.148628
-97.378151
-94.316666
-91.194580
-92.376358
-95.596085
-97.426964
-94.916412
-92.733093
-93.801682
-98.323364
-99.602234
-97.918350
-93.511467
-93.366096
-96.035973
-95.679771
-93.819389
-91.808800
-92.732018
-95.591255
-96.114830
-92.329155
-89.965050
-92.040550
-94.587036
-96.238213
-94.892807
-92.680519
-94.588112
-99.835587
-101.052780
-99.508362
-95.088074
-95.379356
-99.043266
-99.971848
-95.778473
-92.090439
-93.094116
-96.095520
-97.320747
-95.070366
-93.258804
-94.575233
-98.169937
-97.657639
-94.521049
-91.536293
-91.203697
-95.460899
-98.255234
-95.742531
-92.220253
-94.348854
-97.516556
-99.143578
-96.837952
-93.739456
-93.930428
-96.938271
-99.800720
-97.939804
-94.566116
-96.311165
-99.667686
-101.926643
-98.571732
-94.151985
-93.966911
-97.652809
-100.293709
-99.867775
-95.695862
-95.170685
-99.159134
-101.922882
-99.119980
-95.041405
-94.468483
-98.863022
-101.085503
-98.628593
-96.517159
-97.637253
-99.499779
-100.328583
-98.026169
-94.259804
-93.983002
-96.575630
-98.578705
-94.587036
-91.257881
-90.599663
-94.953964
-95.001701
-93.091972
-90.747185
-90.424248
-92.443413
-94.600983
-92.227226
-89.581497
-92.058250
-96.140579
-97.926392
-95.981247
-91.865669
-92.244934
-96.407188
-99.628525
-98.662926
-94.279121
-94.526955
-98.358231
-100.112930
-97.838951
-94.263023
-95.280655
-99.873680
-101.720108
-99.431648
-96.588509
-96.626060
-100.266350
-103.512360
-101.834908
-99.000351
-99.597946
-102.534966
-105.014938
-103.480179
-99.622620
-100.542084
-104.170036
-105.659737
-103.444237
-100.590363
-100.366135
-102.869705
-104.997231
-103.209808
-102.088112
-103.898598
-106.599586
-108.088211
-105.675293
-102.316635
-101.614967
-105.627014
-106.896774
-103.296715
-100.127953
-102.385300
-105.645790
-106.041687
-103.537041
-99.732056
-98.650589
-102.104202
-105.203766
-103.187813
-99.487442
-99.765320
-103.583710
-106.419876
-103.336945
-99.617256
-101.327972
-105.289597
-108.409004
-106.892479
-103.625015
-105.171577
-109.216347
-112.114746
-109.349922
-103.547234
-102.977531
-107.174652
-110.475380
-109.818237
-108.125763
-108.246460
-113.128616
-117.569817
-115.904701
-113.797562
-115.610199
-120.525612
-122.769012
-120.684937
-116.937355
-116.406281
-118.881416
-120.862503
-118.963493
-116.786079
-116.971153
-120.638802
-123.448151
-121.364609
-118.610519
-117.405128
-120.665085
-123.220161
-121.107117
-118.313324
-118.931305
-121.176315
-122.952477
-121.748703
-118.632507
-119.376022
-123.143990
-123.674530
-119.774597
-117.720558
-121.370506
-127.656532
-130.273300
-127.368469
-124.563950
-123.182610
-126.815933
-128.052429
-124.816612
-121.725632
-122.488457
-127.413528
-129.752411
-126.020386
-123.800591
-123.372513
-126.575607
-130.249695
-128.800766
-127.532082
-126.365318
-130.662216
-132.451248
-129.317902
-126.637833
-127.105072
-129.662292
-130.423508
-128.311523
-125.659363
-125.503792
-128.730484
-129.191833
-128.820618
-126.774086
-125.737144
-127.808350
-129.011047
-126.954872
-125.624496
-127.079857
-129.779770
-129.837173
-126.760674
-124.639053
-125.045135
-129.934799
-132.767212
-129.612930
-127.752022
-128.689178
-130.236816
-131.636398
-128.504120
-126.609398
-127.261711
-129.817322
-130.486801
-131.271072
-129.546417
-127.968208
-131.741531
-131.957718
-128.839386
-128.695618
-129.263184
-132.067154
-131.640686
-129.085083
-126.190437
-125.893250
-130.550644
-129.748657
-129.467026
-129.749725
-128.980469
-129.544815
-128.654312
-128.625885
-128.884445
-128.582962
-128.904831
-128.290604
-128.048141
-128.101776
-128.190292
-128.138260
-127.877548
-128.030441
-127.924217
-127.373833
-127.659218
-127.542809
-127.509010
-127.797081
-127.918320
-127.917786
-127.483803
-127.637756
-127.794937
-127.753632
-128.141479
-127.871109
-127.726273
-127.609329
-127.345398
-127.329308
-127.215576
-127.224701
-127.269760
-127.292824
-127.262253
-127.010124
-126.731171
-126.523567
-126.481194
-126.564873
-126.430763
-126.483871
-126.586868
-126.428085
-126.420036
-126.515526
-126.359421
-126.221016
-125.868576
-125.754852
-125.792397
-125.978546
-126.616913
-126.094414
-125.209290
-124.767792
-124.641731
-124.163223
-123.857452
-124.174492
-124.002296
-123.822586
-123.733536
-123.185295
-123.588699
-123.728706
-123.319405
-123.031868
-122.774918
-122.782959
-122.778671
-122.692841
-122.794762
-122.896149
-123.209435
-123.008270
-122.666550
-122.517960
-122.697128
-122.829094
-122.742729
-122.447685
-122.565704
-122.684792
-122.425156
-122.273880
-122.773842
-122.530296
-121.942894
-121.950401
-122.394577
-122.356491
-122.631149
-122.612373
-122.326988
-122.403160
-122.413887
-122.054474
-122.138161
-122.004044
-122.033554
-122.265831
-122.402084
-122.456802
-122.349518
-122.092026
-122.127426
-122.193947
-121.921974
-121.807709
-121.776062
-121.736900
-121.829704
-122.065735
-121.754601
-121.451515
-121.980980
-122.033012
-122.237396
-122.258324
-121.562553
-121.987419
-122.359711
-122.089874
-121.715981
-121.603325
-121.542168
-121.425766
-122.160690
-121.497650
-121.457413
-121.778740
-122.411209
-122.615051
-122.840363
-122.783501
-122.689621
-122.773308
-122.367218
-122.572678
-122.325378
-122.303917
-122.557655
-122.354881
-122.537804
-122.498650
-122.460022
-122.411743
-122.097389
-122.529221
-122.513664
-122.587158
-122.537270
-122.451439
-122.749702
-122.706787
-122.158539
-122.403160
-122.424622
-122.339325
-121.979904
-122.441788
-122.513664
-122.672455
-122.308212
-122.303917
-122.537270
-122.875763
-122.934235
-122.403694
-122.540489
-122.551216
-122.707855
-122.496498
-122.634903
-122.373123
-122.645096
-122.556580
-122.546387
-122.756676
-122.920830
-122.671379
-122.676743
-122.844116
-122.769547
-122.337181
-122.508301
-122.894005
-123.224449
-123.452980
-123.174561
-122.669769
-122.705177
-122.743797
-122.795296
-123.087662
-123.237328
-123.052254
-122.895081
-122.835533
-122.661186
-122.690155
-122.793686
-122.747559
-123.129501
-123.211044
-123.121994
-123.092491
-122.954620
-122.926193
-123.131645
-123.174561
-123.126823
-123.152031
-123.155785
-123.011482
-122.849480
-122.853775
-123.158470
-123.265762
-123.238937
-123.160080
-123.414886
-123.473900
-123.370361
-123.551147
-123.243225
-123.352661
-123.492134
-123.301697
-123.393433
-123.456192
-123.514130
-123.515205
-123.560265
-123.888565
-123.999077
-124.699127
-124.614906
-123.846191
-123.807030
-123.937920
-123.679352
-123.572601
-123.822052
-123.870331
-123.384315
-123.576355
-123.589233
-123.770012
-123.960449
-123.858528
-123.889107
-123.677208
-123.631615
-123.615517
-124.143379
-124.109047
-123.733002
-123.661118
-123.680428
-123.575821
-123.830635
-123.798447
-123.708321
-123.682037
-123.856384
-123.926651
-123.716370
-123.843506
-123.817223
-123.942215
-124.215263
-124.177170
-124.221161
-124.329521
-124.557510
-124.168587
-123.346222
-122.979836
-123.043671
-123.485161
-123.570457
-123.354805
-123.519493
-123.700279
-123.489990
-123.528076
-123.495895
-123.630539
-123.504478
-123.462631
-123.663795
-123.734612
-123.764114
-123.597282
-123.473358
-123.610687
-123.424545
-123.548462
-123.575821
-123.493744
-123.908417
-123.744804
-123.274879
-123.314041
-123.590309
-124.037697
-123.857986
-123.582260
-123.511452
-123.268974
-123.435272
-123.664337
-123.649849
-123.700279
-123.429375
-123.452438
-123.302238
-123.614449
-123.660583
-123.684181
-123.901443
-123.765182
-123.536659
-123.345154
-123.728172
-123.989952
-123.791473
-123.763580
-123.657364
-123.685791
-123.484627
-123.204605
-123.650391
-123.634293
-123.612839
-123.765182
-123.732460
-123.849411
-123.506088
-123.483017
-123.613373
-123.550072
-123.523254
-123.519493
-123.664337
-123.782349
-123.479263
-123.195488
-123.202461
-123.546318
-124.003365
-123.714760
-123.778061
-123.843506
-123.768402
-123.643951
-123.250740
-123.092491
-122.841972
-122.585548
-122.807098
-122.988419
-122.742729
-122.792084
-122.880592
-123.019531
-122.821587
-122.588768
-122.514206
-122.392433
-122.399406
-122.441246
-122.948723
-122.980911
-122.882202
-122.741653
-122.680504
-122.666016
-122.508301
-122.725563
-122.780281
-122.720734
-122.935844
-122.565704
-122.505623
-122.781891
-122.801735
-122.713760
-122.684792
-122.628464
-123.048500
-122.902054
-122.595207
-122.495430
-122.534050
-122.600571
-122.529762
-122.697670
-122.510986
-122.259933
-122.273880
-122.576965
-122.789932
-122.352737
-122.305527
-122.515274
-122.264221
-122.205215
-122.384384
-122.363464
-122.586090
-122.270126
-122.443932
-122.312500
-122.097389
-122.189117
-122.160690
-122.338791
-122.159081
-121.966499
-122.106506
-122.347366
-122.370972
-121.916611
-122.006195
-122.231499
-122.166588
-122.438026
-122.066277
-122.174637
-122.317863
-122.174637
-122.212723
-122.104897
-122.139771
-122.177315
-121.853310
-122.178391
-122.186974
-122.124207
-122.247589
-121.992783
-122.103828
-122.025505
-122.253494
-122.853233
-122.502937
-122.446075
-122.403694
-121.945038
-122.015846
-122.005119
-122.387604
-122.557121
-122.299088
-122.387070
-122.301239
-122.412819
-122.328598
-122.135475
-122.358101
-122.435883
-122.832848
-122.654213
-122.382240
-122.815147
-122.616127
-122.479874
-122.582329
-122.694450
-122.788322
-122.547462
-122.660118
-122.678352
-122.429985
-122.477722
-122.221840
-122.435349
-122.605934
-122.514206
-122.921364
-122.359169
-122.303383
-122.222916
-122.093636
-122.545853
-122.314110
-122.770622
-122.366684
-122.142982
-122.488991
-122.320015
-122.693375
-122.281387
-122.184830
-122.582870
-122.453583
-122.752380
-122.552826
-122.249199
-122.766869
-122.173027
-122.666016
-122.688011
-122.443390
-122.710007
-122.360779
-122.453583
-122.433197
-122.352196
-122.682648
-122.269585
-122.645630
-122.671921
-122.476120
-122.762573
-122.493820
-122.940674
-122.852699
-122.273338
-121.834534
-121.244446
-121.842575
-121.950943
-121.776062
-122.324303
-122.175705
-122.472359
-122.321625
-122.226669
-122.366684
-121.984734
-122.420860
-122.594673
-122.172493
-122.648849
-122.392433
-122.597885
-122.377945
-121.675743
-122.486847
-122.319473
-122.640800
-122.613983
-122.227745
-122.770088
-122.358101
-122.427834
-122.292114
-122.154785
-122.476654
-122.167130
-122.573212
-122.628464
-122.409599
-122.629539
-122.221306
-122.416573
-122.433197
-122.223991
-122.656898
-122.338791
-122.759895
-122.448761
-122.119919
-122.608620
-122.491135
-122.752922
-122.583405
-122.317863
-122.880058
-122.170341
-122.368828
-122.435349
-122.320549
-123.057617
-122.519028
-122.903664
-122.966423
-122.465385
-123.342468
-122.867722
-123.253418
-123.084442
-122.506691
-123.409523
-122.741653
-123.258781
-123.293655
-122.683182
-122.885956
-122.538879
-123.146667
-123.293655
-122.609154
-123.157394
-122.521713
-123.028648
-122.926193
-122.575356
-123.369293
-122.708397
-123.192268
-123.252350
-122.589844
-122.977692
-122.454659
-123.112869
-123.325836
-122.608078
-123.128433
-122.607544
-122.900978
-123.120918
-122.852699
-123.485161
-123.264153
-123.679893
-123.638588
-122.813538
-123.433128
-123.176712
-123.556511
-123.642876
-123.256104
-123.925583
-123.403091
-123.425621
-123.672379
-123.251274
-123.754990
-123.536659
-123.845116
-123.830635
-123.329597
-123.620880
-123.097855
-123.771622
-123.843506
-123.470680
-124.085976
-123.386459
-123.560265
-123.918610
-123.613907
-124.084366
-123.584938
-123.763580
-123.685257
-123.033478
-123.795227
-123.673988
-124.219551
-123.628929
-123.009338
-123.629463
-123.321014
-123.879448
-123.905731
-123.339790
-123.888031
-123.868179
-124.514061
-124.367607
-123.098923
-123.456734
-123.114479
-123.518959
-123.796837
-123.575287
-124.332207
-123.778061
-124.109047
-124.153572
-123.172951
-123.881592
-123.891785
-123.967422
-123.786110
-123.318329
-124.061302
-123.830635
-124.228668
-124.151962
-123.630005
-124.685722
-124.456657
-124.268906
-124.128357
-123.409523
-124.120850
-124.094559
-124.122459
-124.097244
-123.677750
-124.244766
-123.566162
-124.116020
-124.090805
-123.433662
-124.143913
-123.620346
-123.963669
-124.117630
-123.262543
-124.253883
-124.146057
-124.258179
-124.417496
-123.985664
-124.833244
-124.420181
-124.585403
-124.401939
-123.470680
-124.428230
-124.122993
-124.256569
-124.206139
-122.164444
-120.496643
-119.616348
-121.388214
-123.693840
-122.234184
-119.640488
-119.382996
-121.490135
-125.940460
-124.832169
-120.265442
-120.083046
-121.300774
-125.348228
-124.155716
-120.268120
-119.533730
-122.538879
-126.296120
-123.748558
-120.264366
-119.333641
-122.451973
-124.946968
-124.313965
-122.035698
-120.644165
-122.404770
-124.734535
-123.765724
-120.664017
-120.390427
-122.597351
-125.391678
-124.289291
-120.566383
-119.841652
-123.044205
-125.899689
-124.247986
-121.661263
-119.519783
-122.321625
-126.112656
-124.730247
-121.221382
-119.759041
-122.757210
-124.810173
-122.575356
-121.390892
-120.749847
-122.272270
-125.610008
-124.583794
-121.026649
-119.864716
-122.368828
-126.280022
-124.912636
-121.894073
-120.844261
-123.165443
-125.181931
-123.396111
-120.856064
-120.735901
-122.573746
-125.365929
-124.111191
-121.673599
-120.500938
-122.982513
-126.094414
-123.573143
-121.498718
-121.278244
-123.160080
-125.624496
-123.888031
-121.361389
-120.393112
-123.162224
-126.131432
-124.051643
-120.894684
-119.657112
-122.634369
-126.621201
-124.820366
-122.060371
-121.322227
-123.240005
-126.653389
-125.075180
-121.836143
-120.524544
-123.373047
-126.628174
-124.256569
-122.374725
-121.417183
-122.919220
-126.573456
-124.843437
-120.854988
-120.409203
-123.881592
-125.854088
-124.789253
-122.292114
-120.504158
-122.521179
-126.346542
-123.731392
-120.130791
-120.921509
-122.512054
-125.802589
-124.483482
-120.091629
-120.308357
-124.109047
-127.345932
-125.438347
-121.390358
-120.455879
-123.042061
-125.476974
-123.789322
-121.615662
-120.470894
-122.848946
-125.024216
-123.819901
-121.580261
-121.319550
-123.712082
-125.886810
-123.896080
-121.613518
-120.256859
-122.261536
-125.816536
-124.261932
-121.678963
-121.113014
-124.014091
-126.500504
-124.039307
-121.754066
-121.218163
-123.989952
-126.923218
-125.017242
-121.944504
-122.550682
-124.890106
-127.785278
-125.457123
-122.251884
-121.206360
-123.339249
-125.076248
-123.675064
-121.762650
-121.374802
-124.168053
-127.698380
-124.503326
-120.528297
-122.058762
-125.030655
-127.786888
-125.029045
-122.016922
-122.185898
-123.885887
-126.023071
-125.200706
-123.928802
-122.608620
-124.532837
-128.660751
-127.118484
-123.260933
-121.409668
-123.272736
-126.888351
-125.706032
-122.015312
-120.661331
-123.008270
-126.542343
-125.218941
-122.100609
-121.405380
-124.166977
-127.660294
-125.798836
-122.487381
-121.030403
-123.810249
-127.509010
-126.057938
-122.449295
-122.269585
-123.576897
-126.241402
-124.799446
-122.069496
-121.652679
-122.852699
-126.716156
-125.065521
-122.213257
-121.321159
-123.706177
-127.293365
-125.373436
-122.220230
-121.161835
-123.682571
-127.064842
-127.306778
-124.485626
-122.188049
-123.765724
-127.534760
-126.193657
-122.913849
-121.800735
-122.738434
-125.334816
-125.070885
-121.752991
-121.374802
-123.846191
-127.893105
-126.254814
-122.556046
-120.849625
-122.195023
-125.613228
-125.283852
-122.641876
-121.008949
-122.699814
-125.625031
-124.980766
-122.107040
-121.555580
-123.620880
-126.067596
-124.955017
-122.136009
-122.070030
-124.595596
-126.984375
-125.336426
-121.832924
-120.837822
-123.620880
-127.041237
-125.608398
-122.670311
-121.160225
-123.977081
-126.906586
-124.950188
-122.588234
-122.000832
-122.468605
-125.339104
-124.271584
-121.684326
-120.462852
-122.255638
-125.789719
-124.702347
-123.197098
-121.881737
-122.929413
-125.662041
-123.250198
-121.514275
-120.908096
-122.988419
-127.298195
-126.418427
-123.122528
-121.336716
-122.401016
-126.951111
-125.251663
-121.718124
-121.043282
-122.353271
-125.791328
-124.912636
-121.899445
-121.602249
-123.737823
-127.429085
-125.368607
-121.912849
-120.839432
-123.320473
-125.855164
-124.287682
-120.767014
-121.149498
-123.966888
-127.867355
-125.821907
-122.326988
-121.678963
-122.704102
-126.719910
-124.728096
-121.567917
-120.399551
-123.156860
-126.135719
-124.296799
-122.317863
-121.659119
-123.086052
-127.749878
-125.564415
-121.089417
-119.227425
-122.425156
-126.670555
-124.510841
-121.127502
-120.379700
-121.994926
-126.121239
-125.449074
-123.099464
-123.286682
-124.613297
-127.707497
-126.307381
-123.309746
-122.152641
-123.472290
-126.675385
-125.731247
-122.677284
-122.473969
-124.997932
-126.919998
-126.123917
-123.152031
-121.336716
-122.056618
-126.160934
-125.847656
-122.286751
-120.881813
-122.734680
-125.188904
-124.498505
-122.193947
-120.758430
-122.939606
-125.689400
-124.743652
-122.346298
-121.966499
-123.223381
-125.377731
-124.719513
-120.561554
-118.732292
-120.754677
-124.629929
-124.443245
-121.337784
-120.367897
-123.035088
-125.584793
-123.727638
-121.509987
-120.181221
-122.200920
-126.013412
-125.115410
-120.333031
-119.838966
-122.067886
-123.839752
-122.940674
-121.356026
-120.937599
-122.576965
-125.679749
-125.058014
-121.846870
-121.778740
-122.476120
-124.785500
-124.485092
-121.868324
-119.873840
-121.588303
-124.703423
-124.017853
-121.314720
-120.701569
-122.457344
-125.813324
-125.533836
-122.233643
-119.027870
-120.423691
-125.495750
-125.071960
-122.022285
-120.387749
-122.058762
-125.750557
-125.252205
-121.547539
-119.813759
-121.618881
-124.870255
-124.992561
-123.096779
-121.529831
-122.714294
-124.722198
-123.609619
-121.336716
-121.076004
-123.140770
-126.176491
-126.388390
-122.426224
-120.984268
-122.232033
-125.641663
-125.127747
-121.924118
-120.168343
-121.992249
-125.089127
-124.624565
-120.791687
-119.741875
-122.405846
-125.432983
-124.654068
-122.732002
-121.602791
-122.430519
-125.235573
-124.877228
-122.081299
-120.145279
-122.902588
-125.679207
-124.312897
-120.837288
-119.907097
-122.933167
-125.768257
-125.201775
-121.281998
-119.716125
-121.849548
-123.422401
-124.004440
-121.861351
-120.119530
-121.536270
-123.824730
-124.048965
-121.844185
-120.108261
-122.140305
-125.601959
-124.672844
-121.828094
-121.540024
-121.821121
-124.770477
-125.453369
-122.274948
-119.635117
-121.608688
-124.079544
-125.219482
-123.468536
-121.145203
-122.558731
-125.542953
-124.721123
-122.166054
-119.385139
-120.163513
-123.756599
-124.921753
-123.074249
-121.506226
-122.468071
-124.775841
-125.022072
-122.169807
-120.854988
-123.435814
-126.016632
-125.524178
-122.745407
-119.691986
-121.961136
-126.206535
-124.725952
-122.647240
-121.401085
-121.942360
-126.064911
-126.016632
-122.336105
-120.294411
-121.590988
-125.599281
-125.662582
-122.074860
-119.149643
-121.551292
-125.510765
-124.620811
-121.821121
-120.648460
-122.899902
-125.755920
-124.201851
-120.629150
-120.005264
-122.474510
-125.354126
-124.778526
-121.772308
-121.033089
-122.985199
-125.634148
-124.370827
-120.925797
-119.659264
-121.158081
-125.084297
-124.828415
-121.692909
-120.424225
-121.244980
-124.259247
-124.399261
-120.965500
-119.768158
-120.975151
-124.451294
-125.431908
-122.098999
-120.078758
-121.879059
-124.620277
-123.686325
-121.128036
-119.592743
-120.622177
-125.090736
-126.170052
-123.316719
-120.164055
-121.459557
-125.143303
-125.453903
-122.102219
-120.919365
-123.151497
-125.572456
-124.775841
-121.829704
-121.596352
-123.563484
-126.517670
-125.556366
-121.264297
-119.429123
-123.044746
-126.174347
-124.770477
-120.913460
-119.501549
-121.493355
-125.316040
-127.413528
-124.560196
-121.216553
-121.667160
-124.589157
-124.742584
-122.755600
-121.133400
-121.290047
-124.495819
-124.603645
-122.684258
-120.683861
-121.676819
-124.884743
-125.390068
-122.698204
-121.559334
-123.204605
-126.071350
-125.651855
-122.888641
-121.430054
-123.017387
-124.824661
-123.833313
-122.259933
-120.604469
-121.920364
-126.040237
-125.306923
-121.566849
-121.211723
-122.623100
-125.479118
-124.448074
-120.718735
-119.642097
-121.549149
-124.750092
-124.098854
-121.579720
-120.667770
-121.888176
-124.882591
-124.267296
-121.114624
-119.723099
-122.831238
-126.142693
-125.835312
-122.502403
-120.080902
-121.393044
-125.085373
-126.061691
-123.346222
-122.716980
-123.845116
-126.862061
-126.306313
-122.129578
-120.405991
-121.875305
-125.244690
-125.347153
-122.215942
-120.260078
-121.564163
-124.916389
-124.509766
-122.781891
-121.770157
-123.053864
-125.407768
-125.422791
-122.373657
-119.835747
-121.692909
-125.643806
-125.429764
-121.282532
-120.571213
-122.604324
-124.714149
-125.233963
-121.553436
-120.213402
-122.595207
-126.595993
-125.879837
-122.437492
-121.128036
