-155.765549
-156.009094
-156.080444
-156.097610
-156.286438
-156.525681
-156.076141
-156.237625
-156.115845
-155.948471
-156.241913
-156.666763
-156.083115
-155.563309
-155.570282
-155.684540
-156.200073
-156.763336
-156.844864
-156.333633
-155.930771
-155.884109
-156.074539
-156.457016
-155.817047
-156.240829
-156.247803
-156.250488
-156.675354
-156.143738
-155.861038
-156.307892
-156.710754
-156.877594
-156.145889
-156.181824
-156.320236
-156.790695
-156.730606
-156.118530
-155.935059
-155.888397
-156.533203
-156.566986
-155.781113
-155.807388
-156.142670
-156.638870
-156.687149
-155.814896
-155.895905
-156.231186
-156.097076
-156.587372
-156.210800
-155.810074
-155.892151
-156.439316
-156.608292
-156.179138
-156.035385
-155.853531
-156.367966
-156.510666
-156.131943
-155.936676
-156.495651
-156.772446
-156.391037
-155.938812
-156.095459
-155.866943
-156.190948
-156.476868
-156.416260
-156.340073
-156.725250
-156.659256
-156.386749
-156.617950
-156.372269
-155.673279
-156.046112
-156.609909
-156.233856
-156.408737
-156.365295
-156.715057
-156.656586
-156.489212
-156.329346
-156.243515
-156.617416
-156.607758
-156.107803
-156.393723
-156.373871
-156.741333
-156.581482
-155.802032
-156.429657
-156.210266
-155.813828
-155.985489
-156.286438
-156.323990
-155.861572
-156.465607
-156.419464
-155.800949
-155.846558
-155.840652
-155.721558
-156.439850
-156.464539
-155.998367
-156.174850
-156.569138
-156.785324
-156.203827
-156.246735
-156.455414
-156.079910
-156.131943
-155.854599
-156.105118
-156.150711
-156.575577
-156.621704
-156.468826
-155.469971
-156.009628
-156.843262
-156.042358
-155.762863
-156.008560
-156.339005
-156.136230
-156.211334
-155.880890
-156.097610
-156.080444
-156.293945
-156.391037
-156.067566
-155.607300
-155.625000
-156.163055
-156.246201
-155.994080
-156.106186
-156.011780
-156.205963
-156.134079
-155.099823
-155.485519
-156.339005
-155.829391
-155.397552
-155.807388
-156.060059
-155.960281
-156.094925
-156.040741
-155.494110
-155.743011
-156.161972
-156.418930
-156.499939
-155.493042
-155.780563
-155.586380
-155.815445
-156.242447
-155.901276
-155.713516
-155.555801
-156.324524
-156.263367
-155.650208
-155.607834
-155.339615
-155.899124
-156.514954
-155.477478
-155.232330
-156.140518
-156.120132
-156.086884
-155.577789
-155.362137
-155.531662
-155.870697
-156.222061
-155.848160
-155.511276
-155.704391
-155.909851
-156.063278
-155.771454
-155.273636
-155.101440
-155.569748
-155.856750
-155.477478
-155.185654
-155.297775
-155.784866
-156.018219
-155.324051
-155.258606
-155.421692
-155.815445
-156.173782
-155.032227
-154.554794
-154.981812
-155.668457
-155.893219
-155.378769
-154.879349
-154.836975
-155.496262
-155.734970
-155.331573
-154.840729
-154.747925
-155.263443
-155.929169
-155.609451
-154.924942
-155.096603
-155.327805
-155.338547
-154.927094
-154.635269
-155.041351
-155.141663
-155.785400
-155.217300
-154.630981
-154.725388
-154.949081
-155.063339
-155.056915
-154.927628
-154.848770
-155.119675
-154.980194
-154.582687
-154.651901
-154.728073
-155.193161
-155.452805
-154.765625
-154.533875
-154.523682
-154.552124
-155.105194
-154.980194
-154.745773
-154.379913
-154.441071
-154.773666
-154.648682
-154.518860
-154.304825
-154.468964
-155.165268
-154.458237
-154.582153
-154.465210
-155.135773
-154.928162
-154.419617
-154.582687
-154.258682
-154.445908
-154.744156
-154.328415
-154.115997
-154.380997
-154.434631
-154.678711
-154.457169
-154.497940
-154.232941
-154.125107
-154.179825
-153.863327
-154.021576
-154.388504
-154.624542
-154.700714
-154.069321
-154.002808
-154.066635
-154.370804
-154.583771
-154.436249
-154.338074
-153.996368
-154.321442
-154.570892
-154.412109
-154.411575
-154.301605
-154.332718
-154.670670
-154.194305
-153.973297
-153.907318
-154.578934
-155.044571
-154.370804
-153.744766
-153.608521
-153.963638
-154.428741
-153.643921
-153.635880
-153.694885
-153.856354
-154.243668
-153.911606
-153.982422
-153.925552
-153.604218
-153.931992
-153.557556
-153.251785
-153.484604
-154.133163
-154.362213
-153.800034
-153.377304
-153.577408
-154.050537
-154.030167
-153.514099
-153.656799
-153.783936
-153.742630
-154.284439
-153.918045
-153.141815
-153.542526
-153.884247
-153.911072
-153.695419
-153.432556
-153.346725
-153.611191
-153.960953
-153.568283
-153.036667
-153.109085
-153.855820
-154.117599
-153.723846
-153.482452
-152.553879
-153.037735
-153.971695
-153.808609
-153.517853
-153.518936
-153.621384
-153.650894
-153.407349
-152.927231
-153.065094
-153.495865
-153.699707
-153.342972
-153.143951
-153.074753
-153.596176
-153.846695
-153.045258
-152.904175
-153.173996
-153.361755
-153.594574
-153.554871
-152.934204
-152.887009
-153.345657
-153.434174
-153.552719
-153.419693
-153.041504
-153.132690
-153.367111
-152.995895
-153.041504
-153.135376
-153.272171
-153.686295
-153.151474
-152.956207
-152.877884
-153.425049
-153.205109
-152.674576
-153.113922
-152.913818
-152.829071
-153.278061
-152.752350
-152.562988
-153.038284
-153.338150
-153.946472
-153.804321
-152.860184
-152.583374
-152.958878
-153.316162
-152.924545
-152.823700
-152.790985
-153.065094
-153.619247
-153.186874
-152.901489
-152.893433
-152.979263
-153.256607
-152.999115
-153.162735
-152.709442
-152.985168
-153.036133
-152.878952
-152.595718
-152.741623
-153.173462
-153.688446
-152.863937
-152.382217
-152.468048
-152.734116
-153.172394
-152.803314
-152.517929
-152.487350
-152.768448
-153.626221
-153.440079
-152.856430
-152.628967
-153.176147
-153.044724
-152.436386
-152.197678
-152.663849
-152.581772
-152.968536
-152.811905
-152.698181
-152.414398
-152.790436
-153.149323
-152.649353
-152.509888
-152.308716
-152.384354
-152.924011
-152.909531
-152.527588
-152.380066
-152.736801
-153.614410
-152.871445
-152.312469
-152.316223
-152.411713
-152.806000
-152.831741
-152.367722
-152.438004
-152.662766
-153.208328
-152.909531
-152.747528
-152.157440
-152.589279
-153.105331
-152.444977
-152.457306
-152.523834
-152.358612
-152.961563
-152.500763
-152.452484
-152.500229
-152.789902
-152.995361
-152.686371
-152.166565
-152.084488
-152.344666
-152.960495
-152.773819
-152.182648
-152.071609
-152.599472
-153.012527
-152.374695
-152.240051
-152.317841
-152.322128
-152.712128
-152.699783
-152.483063
-152.319977
-152.704605
-152.898270
-152.331253
-151.920334
-151.914429
-152.288864
-152.950302
-152.832825
-152.279221
-152.035126
-152.250244
-152.704605
-152.473404
-152.292084
-151.931595
-152.217529
-152.790436
-152.500763
-152.606445
-152.347336
-151.648361
-151.695023
-150.840469
-150.244492
-150.035812
-150.028839
-149.829819
-149.102402
-148.040253
-148.028992
-148.050980
-147.932419
-147.976944
-147.875031
-147.410461
-147.495224
-147.993042
-147.701752
-147.040863
-147.544037
-147.870728
-148.225861
-147.892197
-147.570862
-147.400269
-147.444260
-147.780609
-147.568710
-147.496841
-147.369156
-148.029526
-147.790802
-147.240417
-146.970047
-147.056946
-147.617538
-148.077805
-147.523651
-147.387405
-147.399200
-147.648117
-148.014496
-147.828354
-147.210907
-147.134735
-147.502197
-147.680298
-147.419586
-147.325180
-147.430313
-147.650787
-147.581589
-147.208237
-146.951279
-146.754929
-147.130981
-147.530624
-147.201248
-146.732407
-146.994186
-147.397598
-147.720535
-147.068756
-146.791412
-146.530167
-146.779068
-147.509171
-147.568176
-146.968445
-146.738846
-146.973801
-147.260803
-147.235580
-146.673401
-146.943222
-146.969513
-147.354141
-147.253296
-146.731339
-146.864914
-147.118637
-147.638458
-147.165314
-146.488327
-146.449707
-146.757080
-147.362717
-147.007599
-146.684662
-146.870804
-147.156723
-147.445343
-147.375595
-146.589172
-146.225464
-146.683060
-147.040863
-147.124008
-146.988831
-146.741531
-146.747421
-146.903000
-146.816620
-146.694321
-146.567184
-146.825745
-147.283875
-147.346634
-146.999557
-146.801071
-146.980774
-147.092896
-146.724365
-146.696457
-146.891724
-146.795700
-147.029053
-147.034958
-146.522125
-146.669098
-146.805359
-147.345566
-147.282257
-146.725433
-146.728119
-147.114883
-147.419052
-147.266159
-146.675003
-146.831650
-147.068756
-147.159943
-147.045685
-146.889587
-146.641739
-146.764587
-147.236130
-147.174973
-146.789810
-146.556458
-146.736160
-147.236664
-147.015640
-146.664276
-146.764053
-146.562347
-147.192673
-147.299957
-146.441116
-146.473846
-146.982391
-147.279572
-147.112213
-146.478668
-146.731339
-146.891190
-147.163712
-146.959854
-146.766739
-146.758148
-146.728653
-146.812332
-146.866516
-147.399200
-147.856781
-148.019867
-149.345413
-150.407028
-150.535248
-151.068466
-151.617249
-152.174606
-152.410645
-152.676178
-152.863403
-153.126251
-153.385895
-153.132156
-152.712662
-152.624146
-152.849457
-153.026474
-152.768982
-151.863464
-152.063034
-152.233612
-152.700317
-152.533493
-152.111313
-151.459534
-151.561996
-151.916580
-151.801773
-151.385498
-151.211700
-151.734192
-152.278671
-151.659622
-150.978882
-150.913437
-151.219742
-151.690201
-151.685379
-151.129623
-151.049683
-151.435394
-151.466507
-151.042175
-150.736404
-150.523438
-150.981018
-151.415009
-151.368332
-151.027695
-150.652191
-151.040039
-151.293777
-151.379593
-151.073822
-150.744461
-150.886078
-151.324341
-151.056122
-151.117279
-151.307175
-151.389252
-151.614029
-151.379059
-150.983704
-150.612488
-150.873734
-151.388184
-151.403198
-151.076508
-150.970825
-151.143570
-151.443436
-150.932739
-150.806686
-150.835648
-150.923630
-151.316833
-151.181656
-150.667206
-150.897339
-150.892517
-151.191849
-151.198288
-150.747131
-150.647354
-150.596390
-150.952057
-151.004089
-150.779327
-150.746597
-150.741776
-150.968155
-150.968155
-150.828140
-150.791656
-150.909683
-151.365646
-151.336151
-150.978882
-150.692947
-150.856033
-151.203644
-151.247635
-150.770203
-150.611420
-150.860855
-151.196671
-151.217056
-150.822769
-150.680618
-150.944550
-151.251923
-150.979416
-150.618927
-150.133453
-150.358749
-150.967606
-150.925232
-150.434921
-150.392548
-150.452087
-150.879639
-150.758408
-150.491791
-150.425812
-150.663452
-150.985321
-150.751968
-150.535782
-150.581375
-150.608200
-150.874802
-150.602295
-150.021332
-150.000946
-150.551865
-151.156982
-151.210617
-150.697784
-150.260040
-149.800308
-150.261124
-150.661835
-150.306183
-150.035812
-150.196213
-150.658081
-150.504135
-150.139877
-150.169388
-150.448868
-151.051834
-150.956879
-150.392548
-150.377533
-150.357681
-150.720856
-150.800247
-150.556168
-150.460678
-150.237518
-150.374313
-150.772354
-150.235367
-149.993439
-150.049225
-150.708511
-150.719238
-149.873276
-149.608276
-150.070145
-150.564743
-150.648972
-150.221954
-150.201035
-150.081406
-150.518082
-150.775574
-150.145782
-149.901703
-149.934433
-150.426880
-150.660767
-149.942474
-149.696243
-150.040100
-150.500916
-150.423660
-149.852356
-149.646362
-149.878632
-150.113068
-150.251999
-149.826065
-149.843765
-149.682297
-149.858246
-150.282578
-149.823380
-149.593781
-149.686050
-150.096970
-150.146317
-149.751495
-149.691956
-149.719315
-150.121643
-150.055664
-149.843765
-149.457535
-149.713943
-150.228928
-150.182266
-149.787445
-149.688736
-149.651184
-149.984848
-150.153824
-149.715027
-149.678009
-149.678543
-149.873276
-149.952133
-149.797104
-149.626511
-149.605057
-149.951050
-150.404343
-149.790665
-149.325027
-149.505814
-149.806213
-150.042252
-149.683914
-149.914581
-150.054047
-150.323883
-150.207474
-149.634552
-149.567505
-149.437683
-149.782074
-149.956421
-150.015961
-149.669968
-149.732193
-149.987000
-149.916183
-149.507416
-149.536926
-149.764374
-150.118958
-150.510025
-149.884003
-149.462891
-149.397980
-150.089996
-150.394699
-150.132904
-149.643677
-149.363647
-149.804611
-150.152222
-149.674789
-149.681763
-149.858246
-150.327103
-149.937637
-149.384567
-149.478989
-149.713943
-150.026688
-150.545975
-149.551407
-149.070221
-149.217209
-149.690887
-149.726822
-149.047150
-149.123322
-149.410324
-149.615784
-150.054047
-149.659775
-149.254761
-149.327179
-150.032593
-149.821777
-149.054123
-149.187698
-149.399597
-149.959106
-150.052979
-149.164627
-149.228470
-149.583588
-149.807831
-149.912430
-149.455917
-149.194672
-149.415146
-149.798172
-149.845383
-149.334152
-149.330399
-149.193069
-149.792801
-150.086243
-149.590561
-149.742920
-149.426422
-149.643143
-149.828751
-148.932892
-149.208618
-149.287476
-149.814270
-149.951050
-149.332001
-149.413544
-149.573395
-149.890976
-149.901703
-149.241348
-149.249924
-149.219345
-149.693558
-150.218201
-149.339508
-149.369019
-149.700531
-149.840012
-149.590561
-149.334152
-149.573944
-149.540680
-150.008987
-149.852356
-149.429092
-149.201111
-149.249390
-149.851822
-149.987534
-149.590027
-149.611496
-149.338440
-149.471481
-149.791733
-149.522980
-149.468262
-149.269775
-149.474701
-149.782074
-149.279968
-149.037491
-149.065933
-149.617386
-149.774567
-149.450562
-149.166779
-148.929138
-149.331467
-149.447342
-149.052521
-149.149612
-149.211838
-149.311615
-149.527267
-149.119568
-149.106155
-149.308929
-149.627045
-149.588959
-148.820236
-148.880325
-148.928604
-149.342728
-149.453232
-149.185547
-148.990829
-148.996185
-149.201111
-149.331467
-149.031052
-149.054657
-148.822922
-149.137268
-149.514923
-149.239197
-148.623367
-148.731720
-149.465576
-149.339508
-148.690948
-148.768204
-148.817017
-148.977417
-149.287476
-149.048218
-148.793411
-148.520905
-149.029984
-149.485428
-148.910355
-148.767136
-148.679688
-149.079330
-149.359894
-148.789124
-148.416840
-148.364258
-149.128693
-149.177505
-148.730118
-148.789658
-148.823456
-149.036423
-148.851883
-148.635162
-148.864761
-148.690948
-148.977951
-149.080948
-148.615311
-148.342804
-148.613708
-149.025162
-149.150681
-148.653946
-148.602982
-148.629807
-148.985992
-149.185547
-148.299347
-147.842834
-147.812256
-148.376602
-148.638382
-148.407181
-148.620682
-148.390015
-148.734940
-148.611023
-148.329926
-148.201187
-148.274673
-148.633560
-148.957565
-148.436142
-147.923843
-147.978027
-148.394836
-148.722610
-148.345490
-148.240875
-148.269318
-148.455460
-148.825607
-148.701675
-147.841232
-147.689423
-148.069748
-148.609955
-147.949051
-148.296677
-148.777328
-148.502670
-148.519287
-148.004303
-147.809036
-147.791336
-148.398056
-148.858322
-148.342270
-148.107300
-147.873413
-148.284332
-148.651260
-148.032745
-147.669571
-147.691025
-148.256973
-148.619064
-148.482819
-148.130371
-148.040253
-148.376602
-148.408783
-147.920624
-147.798309
-147.953354
-148.317596
-148.434006
-148.184021
-147.736618
-147.782227
-148.162552
-148.396454
-148.313843
-148.189377
-148.224243
-148.290237
-148.411469
-148.007523
-147.711411
-147.562286
-148.109985
-148.756393
-148.101410
-147.826218
-147.765060
-148.001633
-148.580444
-148.257507
-148.191528
-148.214050
-148.174362
-148.299881
-148.144318
-147.924911
-147.828888
-148.201721
-148.440979
-148.071365
-148.088531
-148.177048
-148.312759
-148.460281
-147.901855
-147.313904
-147.390625
-147.908279
-148.274139
-147.976410
-147.691559
-147.789200
-148.285934
-148.349777
-148.216202
-147.809586
-147.539215
-147.945831
-148.290237
-147.834793
-147.649719
-147.566574
-148.077271
-148.447952
-147.951202
-147.603043
-147.472153
-147.595001
-148.026306
-147.878784
-147.614853
-147.675476
-148.071899
-148.006454
-147.731262
-147.296738
-147.439438
-148.002701
-148.227463
-147.882538
-147.971054
-147.791885
-147.777390
-148.018799
-147.605194
-147.269379
-147.401352
-147.610565
-147.790268
-147.357361
-147.382568
-147.569260
-147.646500
-147.739304
-147.604126
-147.224854
-146.931961
-147.418518
-148.015579
-147.722137
-147.470016
-147.172287
-147.456070
-148.042389
-147.553162
-147.253830
-147.453918
-147.781693
-148.289154
-147.940475
-147.590714
-147.575699
-147.725891
-148.071899
-147.814407
-148.000549
-147.966751
-147.897552
-148.496231
-148.014496
-147.438370
-147.593399
-147.694778
-148.283798
-147.943161
-147.465714
-147.567642
-147.732330
-148.289688
-147.805283
-147.661530
-147.514542
-147.884689
-148.131439
-147.505417
-147.466797
-147.471085
-147.733948
-148.007523
-147.757004
-147.414230
-147.394913
-147.632553
-147.934036
-147.866974
-147.692642
-147.331604
-147.544571
-148.175430
-147.801529
-147.436218
-147.413147
-147.737167
-148.024155
-147.870193
-148.118027
-147.699066
-147.514542
-147.953888
-147.658844
-147.509705
-147.474304
-147.807968
-148.112137
-147.878784
-147.418518
-147.241486
-147.623978
-147.696930
-147.359512
-147.306396
-147.755936
-148.137878
-148.446869
-148.284332
-147.936188
-147.901855
-147.902390
-148.181870
-147.921158
-147.542435
-147.272598
-147.728577
-148.359436
-147.886826
-147.287628
-147.118103
-147.260269
-147.721069
-147.173904
-147.153519
-147.242020
-147.286011
-147.502197
-147.150833
-146.997940
-146.993652
-147.204468
-147.569260
-147.242569
-147.173355
-147.104156
-147.444794
-147.610565
-146.975418
-146.794098
-146.852036
-147.126694
-147.781693
-147.540817
-147.274750
-147.303177
-147.355743
-147.990891
-147.589096
-147.722137
-148.035416
-147.995728
-148.416840
-148.659302
-148.053131
-147.780075
-147.927063
-148.539139
-148.477982
-147.851959
-147.491470
-148.241959
-149.068604
-148.823456
-148.265549
-148.521973
-148.964005
-149.366333
-148.641602
-149.126007
-148.821854
-148.836868
-149.845917
-149.699463
-149.257431
-149.299286
-149.399597
-150.217667
-150.290619
-149.652252
-149.230072
-149.648499
-150.516464
-150.099121
-149.941406
-150.211227
-150.401672
-150.580307
-150.382889
-150.224640
-150.396301
-150.308868
-150.789520
-150.849060
-150.192993
-150.063171
-150.237518
-150.404343
-149.978958
-149.822311
-150.150620
-150.413467
-150.614639
-150.520218
-150.233765
-150.184952
-150.577087
-151.008926
-150.437073
-150.739624
-150.835114
-150.893051
-151.309860
-151.015350
-150.696167
-150.577087
-151.440750
-151.742767
-151.049149
-150.631271
-151.013214
-151.569504
-151.994904
-151.698776
-151.450409
-151.634415
-152.137054
-152.309784
-152.160126
-151.862396
-151.739014
-152.110764
-152.420303
-152.192307
-152.281357
-151.822708
-151.646210
-152.229858
-152.573181
-152.286194
-152.161194
-151.712738
-151.710052
-152.056595
-151.866684
-152.154221
-152.514175
-152.940643
-152.772202
-152.304428
-152.179428
-152.067856
-152.512024
-152.319443
-152.064636
-151.983627
-151.996506
-152.252396
-152.374161
-152.389191
-151.990601
-151.733658
-152.565140
-152.841400
-152.975510
-152.847305
-153.064560
-153.067780
-152.872513
-152.622543
-153.222809
-153.234085
-153.124115
-153.079590
-152.906845
-153.408966
-153.543610
-153.693817
-153.216385
-153.082260
-153.118210
-153.339218
-154.259216
-153.941116
-153.300064
-153.068863
-153.040955
-153.459381
-153.551651
-153.401443
-153.175613
-153.469040
-153.647141
-153.300064
-152.918121
-153.430420
-153.557556
-153.430954
-153.354248
-152.857498
-153.090317
-153.566681
-154.121887
-153.341370
-152.775421
-153.001801
-153.267334
-153.353165
-153.795731
-153.170776
-153.023788
-153.248566
-153.630508
-153.238373
-153.013062
-152.905243
-153.455093
-153.405746
-153.173996
-153.301666
-153.598862
-153.367111
-153.329559
-153.340836
-153.139130
-153.230331
-153.262512
-153.437927
-153.323669
-153.023254
-153.090317
-153.243729
-153.572037
-153.331711
-152.838730
-152.643997
-153.058670
-153.761932
-153.467438
-152.992676
-153.026474
-152.827988
-153.135910
-152.910599
-152.442825
-152.404205
-152.939041
-153.098358
-153.031311
-152.561920
-152.622543
-152.703003
-153.135910
-153.208862
-152.630585
-152.483597
-152.395615
-152.783463
-153.295776
-152.837646
-152.755035
-152.743240
-152.661163
-152.741089
-152.500763
-152.404205
-152.304962
-152.787216
-152.703003
-152.242203
-152.581772
-152.434250
-152.603760
-152.452484
-152.299591
-152.616104
-152.441223
-153.035599
-153.086563
-152.690659
-152.316757
-152.081802
-152.380066
-152.553329
-152.045319
-152.161728
-152.219131
-152.854813
-152.368805
-151.970764
-152.576935
-152.422440
-152.279221
-152.370407
-152.095215
-152.068924
-151.954666
-152.357529
-152.402588
-151.968613
-152.048004
-152.016357
-152.436920
-152.405273
-152.160660
-151.805542
-151.923553
-152.169235
-152.156906
-151.847916
-151.915512
-151.812515
-151.646744
-151.712189
-151.680542
-152.008850
-151.636551
-151.884399
-152.353241
-151.816803
-151.367264
-151.352783
-152.111313
-152.036743
-151.408035
-151.593643
-151.723999
-151.736328
-151.711655
-151.669281
-151.206329
-151.031982
-151.499222
-151.797485
-151.356003
-151.295380
-151.200958
-151.688583
-151.669815
-151.340973
-151.409637
-151.300751
-151.404282
-151.425201
-151.123184
-151.440216
-151.097427
-151.530884
-151.582382
-151.033066
-150.736938
-151.183792
-151.656937
-151.574860
-150.882858
-150.771805
-150.670959
-151.183792
-151.626358
-151.022873
-151.075439
-151.067932
-150.936493
-150.852280
-150.562057
-150.725143
-150.770737
-150.945084
-151.226715
-150.448868
-150.182800
-150.511642
-150.671494
-151.025009
-150.418289
-150.403809
-150.585663
-150.996582
-151.061493
-150.356613
-150.446732
-150.508957
-150.474091
-150.844238
-150.688660
-150.196213
-150.058884
-150.593719
-150.797028
-150.174210
-150.077652
-150.464432
-150.931671
-150.810440
-150.109848
-150.113602
-149.886688
-150.472473
-150.963318
-150.847992
-150.483749
-149.712341
-150.109299
-150.170990
-149.831970
-149.815872
-150.137207
-150.610886
-150.810974
-150.144714
-149.922623
-149.773499
-150.319595
-150.258438
-149.958023
-150.040100
-149.793884
-150.061569
-149.947296
-149.653336
-149.636169
-149.674789
-150.142563
-150.322815
-149.696777
-149.335220
-149.277283
-149.705902
-149.929596
-149.708054
-149.481140
-149.665131
-150.016495
-149.456451
-149.266022
-149.561600
-149.270844
-149.351852
-149.381348
-149.077728
-149.047684
-149.417297
-149.751495
-149.351318
-149.317520
-148.836334
-148.807892
-149.524582
-149.625977
-149.222565
-149.182327
-149.094894
-149.363647
-149.388321
-148.922165
-148.607269
-148.514999
-149.194672
-149.573395
-149.038025
-149.116882
-148.994583
-148.862610
-149.237595
-148.990295
-148.283798
-148.280045
-149.109909
-148.611023
-148.284332
-148.752106
-148.242493
-148.894806
-149.452164
-149.185547
-148.893188
-148.587952
-149.116882
-148.968826
-148.587418
-148.318130
-148.447403
-148.955414
-149.051987
-148.917328
-148.468872
-148.475311
-148.810043
-148.903381
-149.117432
-148.609421
-148.776245
-148.865295
-148.903381
-148.423813
-148.331543
-148.368011
-148.690414
-149.008530
-148.643753
-148.364792
-147.995728
-148.361572
-148.792877
-148.492477
-148.076721
-148.010742
-148.624435
-148.807358
-148.222641
-147.962997
-148.179718
-148.505341
-148.748886
-148.028992
-147.738770
-147.809586
-148.090134
-148.158264
-148.050980
-148.086380
-148.001083
-148.422195
-148.354065
-147.873413
-147.763443
-147.928665
-147.894333
-147.917938
-147.908829
-147.870728
-147.681900
-147.912582
-148.622284
-148.006454
-147.604126
-147.833725
-147.986603
-148.190460
-147.984467
-147.995728
-147.755402
-148.234436
-148.156662
-148.037567
-147.688889
-147.303711
-147.706039
-147.886826
-147.779541
-147.415298
-147.423874
-147.844452
-148.074585
-147.834793
-147.489868
-147.456604
-147.883072
-148.208694
-147.579987
-147.661530
-147.800995
-147.333755
-147.590714
-147.560669
-146.986679
-146.692169
-147.372910
-147.613785
-147.391159
-147.382568
-147.229691
-147.552628
-147.683517
-147.286011
-146.883682
-147.203934
-147.302643
-147.253830
-146.775864
-146.816086
-146.941086
-147.184631
-147.596069
-147.312302
-147.140640
-146.599899
-146.749039
-146.571472
-146.221176
-146.347244
-146.356903
-146.398743
-146.750641
-146.655151
-146.395523
-146.239410
-146.567719
-146.880997
-146.525879
-146.147141
-146.056488
-146.236191
-146.720596
-146.401413
-146.024307
-145.830109
-146.084381
-146.326859
-146.102081
-146.053802
-146.180939
-146.239944
-146.249603
-146.028061
-145.751251
-145.679367
-145.958862
-146.184158
-146.207764
-145.842453
-146.124619
-146.157883
-146.473297
-146.087067
-145.540970
-145.483032
-145.596756
-146.310226
-146.082245
-145.631088
-145.436356
-145.772171
-145.957245
-145.740524
-145.436356
-145.346771
-145.531311
-145.970657
-145.616608
-145.134338
-144.976639
-145.424561
-145.659515
-145.248611
-145.008820
-145.242706
-144.957321
-145.308151
-145.215347
-144.904205
-144.821060
-145.204620
-145.344635
-145.108597
-144.809799
-144.794235
-144.916550
-145.189606
-144.853256
-144.543182
-144.840912
-144.990585
-145.396133
-144.993256
-144.845734
-144.652618
-145.124146
-145.522186
-145.038315
-144.206299
-144.131729
-145.197113
-145.736237
-145.480881
-144.770645
-144.120468
-144.580200
-144.892410
-144.822678
-144.718063
-144.487396
-144.615067
-144.897781
-144.899384
-144.662277
-144.507782
-144.527634
-145.100555
-144.465942
-144.331299
-144.333435
-144.388153
-145.054413
-144.808182
-144.307144
-143.968658
-144.531921
-145.089813
-144.380112
-143.971344
-143.967041
-144.038391
-144.380112
-144.594681
-144.526550
-144.326462
-144.402100
-144.593079
-144.241699
-144.121536
-144.153198
-144.548553
-144.696609
-144.323242
-143.520187
-143.986893
-144.339340
-144.317337
-144.055557
-143.676300
-143.903214
-143.915543
-144.132813
-144.209518
-143.864044
-143.787338
-144.118866
-144.207367
-143.953644
-143.571152
-143.402176
-143.793777
-144.373672
-144.161774
-143.443481
-143.450455
-144.037323
-144.374741
-143.968124
-143.967590
-143.630692
-143.550232
-144.179474
-144.074341
-143.702042
-143.593155
-143.637680
-144.445557
-144.029816
-143.352829
-143.464401
-143.685410
-144.112961
-143.878540
-143.675766
-143.483719
-143.410751
-143.826492
-143.937546
-143.813095
-143.558823
-143.442947
-143.736374
-143.987427
-143.446167
-143.532532
-143.828644
-143.937546
-143.638214
-143.078171
-143.155945
-143.523941
-143.928421
-143.847427
-143.435440
-143.144684
-143.309906
-143.823822
-143.710632
-143.414505
-143.224075
-143.229446
-143.989578
-143.637131
-142.991257
-142.931717
-143.491760
-143.902145
-143.816315
-143.345306
-143.133423
-143.206909
-143.496582
-143.329758
-143.086746
-143.568466
-143.684341
-144.156952
-143.621048
-143.061539
-143.049728
-142.865738
-143.435974
-143.268600
-143.203156
-143.216034
-142.974625
-143.514297
-143.541656
-143.269669
-143.067429
-142.708023
-143.095337
-143.226761
-142.645248
-142.841599
-142.876999
-143.154343
-142.947815
-142.837845
-143.237488
-143.194031
-142.699966
-143.088364
-142.859299
-142.506317
-142.670471
-143.193497
-143.200470
-142.727325
-142.438187
-142.556198
-143.151123
-143.106064
-142.716599
-142.478958
-142.423172
-142.592148
-142.973022
-142.219315
-142.013321
-142.485931
-142.794922
-142.821747
-142.318558
-141.878677
-142.178543
-142.668854
-142.758438
-142.040146
-141.672150
-141.661423
-142.038010
-142.263306
-141.979538
-141.676437
-141.768173
-142.304611
-142.670471
-142.420486
-142.131882
-141.665710
-142.232727
-142.839981
-142.273499
-141.628159
-141.554138
-141.873322
-141.958069
-141.464554
-141.437729
-141.560028
-142.404388
-142.305695
-141.607773
-141.920517
-142.020844
-141.674835
-142.239166
-142.038010
-141.771927
-142.153336
-142.351288
-142.217712
-141.461868
-141.427536
-141.895844
-142.485931
-141.468307
-141.112106
-141.071869
-141.996704
-142.444626
-142.566391
-141.886734
-141.514435
-141.264984
-141.571304
-142.282623
-141.629227
-141.326141
-141.269821
-142.167816
-142.207520
-141.495667
-141.732773
-141.656586
-141.615280
-141.899063
-141.578812
-141.495667
-141.685562
-142.026199
-142.163528
-141.649612
-141.407684
-141.514435
-142.088959
-142.295502
-141.538040
-141.805725
-142.107742
-142.413513
-141.954315
-141.401779
-141.390518
-141.528915
-141.754761
-141.760132
-141.543411
-141.827713
-141.589539
-141.814850
-141.863663
-141.423782
-141.299866
-141.401245
-142.117935
-142.583557
-141.972549
-140.915237
-140.762878
-141.312729
-141.756912
-141.576126
-141.332047
-141.049881
-141.345459
-142.224152
-141.259628
-141.023056
-141.307373
-141.499420
-141.482788
-140.990875
-141.297714
-141.716141
-141.842743
-141.897995
-141.008041
-140.935074
-141.563248
-141.713989
-141.857224
-141.871170
-141.705948
-141.013931
-141.206512
-141.561646
-141.494049
-141.248367
-141.054169
-141.770325
-142.005280
-141.853470
-141.553589
-141.039154
-141.433975
-141.385696
-141.365311
-141.296646
-141.317032
-141.358337
-141.892090
-141.367447
-141.392670
-141.645325
-141.800888
-141.806259
-141.505310
-141.228516
-141.281616
-141.404999
-141.764954
-141.275726
-141.350815
-141.144287
-141.139999
-141.752075
-141.156097
-140.751617
-141.199539
-141.760666
-141.653381
-140.626083
-140.628235
-140.695831
-141.197937
-141.629776
-141.092255
-140.662567
-140.405075
-141.113708
-141.223145
-141.200623
-141.557358
-141.142685
-141.205978
-141.054169
-140.878220
-141.033783
-141.326141
-141.077240
-140.869095
-141.170578
-141.192032
-140.755371
-141.742966
-141.723648
-140.994095
-139.913696
-139.907257
-141.141068
-142.097549
-141.220459
-141.075623
-140.667923
-140.607849
-140.910400
-140.961899
-140.496262
-140.488220
-141.187210
-140.652908
-140.680267
-140.584244
-140.467834
-140.493591
-140.851929
-140.744110
-140.502167
-140.723190
-140.821350
-140.946884
-140.534363
-140.360016
-140.403458
-140.635208
-141.023590
-140.829941
-140.886261
-140.551529
-140.990875
-141.073486
-140.876602
-141.041824
-141.174866
-141.130875
-141.193649
-140.943130
-140.932938
-141.111572
-140.950638
-141.155014
-141.080994
-140.496811
-140.393814
-141.038605
-141.346527
-140.846573
-140.972092
-141.258011
-141.361008
-141.594894
-141.073486
-140.751617
-140.072479
-140.414200
-140.631454
-140.159378
-140.520416
-140.598724
-140.348755
-140.869629
-140.694748
-140.409897
-140.114853
-140.524170
-141.100845
-141.448456
-141.000519
-140.311203
-140.293488
-141.015549
-140.815445
-140.681335
-140.645401
-140.605164
-140.895920
-140.522552
-140.030106
-140.368057
-140.559036
-141.141068
-140.883575
-140.474808
-140.655594
-140.703339
-141.084747
-140.623947
-139.849854
-140.655594
-141.130341
-140.693146
-140.115402
-140.017761
-140.009720
-140.558502
-140.817596
-140.599258
-140.041901
-140.192108
-140.606247
-140.463547
-140.673828
-140.534363
-140.291351
-140.480713
-141.067581
-140.523621
-140.387909
-140.438339
-140.851929
-141.227432
-140.562256
-140.390594
-140.552597
-140.710312
-140.651306
-140.438339
-140.408295
-140.217316
-140.853546
-141.345993
-140.748932
-140.332657
-140.433502
-140.650223
-141.458115
-141.535889
-141.100845
-141.089035
-141.473663
-141.563782
-140.842804
-140.154556
-139.956070
-140.556885
-141.123901
-140.847107
-141.093872
-140.730164
-140.209808
-140.742493
-140.619644
-140.251648
-140.066574
-140.089111
-140.585861
-140.508072
-140.377716
-140.417419
-140.731232
-140.778442
-140.022598
-140.039764
-140.360016
-140.402390
-140.814377
-140.363235
-139.894913
-139.459869
-140.127731
-140.383087
-140.108429
-140.435120
-140.421173
-140.269348
-140.620728
-139.991470
-139.855225
-140.054779
-140.600876
-140.766632
-140.278473
-139.775284
-139.863266
-140.343384
-141.192032
-140.549911
-140.088577
-140.053711
-140.091797
-140.532745
-140.088577
-140.222687
-140.366989
-139.886871
-139.964127
-139.659424
-139.802643
-139.859512
-139.695358
-140.079453
-140.070877
-139.715744
-139.861664
-140.198547
-139.854691
-139.602554
-139.521561
-139.606842
-139.906189
-139.922806
-139.905640
-139.473816
-139.256012
-139.388519
-139.770996
-139.403534
-139.222763
-139.604706
-139.216858
-139.366516
-139.478638
-139.164291
-139.630981
-139.956070
-139.828934
-139.899750
-139.169113
-138.606384
-138.455109
-139.194855
-139.223831
-138.790390
-138.955078
-139.286591
-139.146042
-139.195404
-138.776978
-139.060745
-139.735596
-139.640106
-139.069870
-138.652512
-138.820419
-138.972244
-139.177155
-139.504929
-139.252792
-138.463150
-138.794678
-139.357941
-139.841278
-139.017838
-138.813446
-139.160522
-139.084885
-138.559174
-139.169647
-139.122437
-138.781265
-138.870316
-138.731369
-138.843491
-138.965805
-139.148727
-139.713608
-139.816055
-139.006027
-138.499100
-139.089188
-139.221146
-139.099915
-138.945953
-139.033936
-138.582245
-138.870850
-138.545227
-138.721725
-139.212570
-139.129410
-139.372421
-139.014084
-138.748535
-139.167496
-138.847778
-139.242065
-138.843491
-138.324753
-138.589752
-138.893387
-138.918594
-139.040359
-138.974380
-138.934692
-139.369202
-139.708771
-139.513504
-139.174484
-139.424454
-139.217926
-139.399246
-139.560181
-139.574661
-139.495270
-139.481857
-139.527985
-139.086502
-139.005493
-138.900894
-138.655731
-138.790390
-138.202438
-138.102127
-138.487839
-138.948639
-139.083817
-138.555420
-137.954071
-138.196548
-138.835983
-138.785019
-138.459396
-138.301147
-138.167038
-137.789383
-138.110184
-138.590286
-137.938522
-137.822113
-138.120911
-138.096222
-138.510361
-138.313492
-138.228729
-137.751831
-138.134857
-138.384293
-137.913300
-137.531891
-137.489517
-138.168106
-137.958359
-137.792603
-137.600555
-137.727158
-138.111786
-138.450821
-138.537720
-138.430435
-137.420853
-137.244354
-137.855896
-137.765778
-137.760956
-137.779190
-138.515732
-138.066193
-137.439621
-137.882187
-137.860199
-137.819427
-138.118225
-137.841415
-137.473419
-137.777588
-138.453506
-138.415955
-137.802261
-136.940735
-137.047485
-137.615570
-137.729309
-137.416550
-137.673508
-137.797974
-137.822113
-137.574814
-137.386520
-137.137070
-137.721252
-138.177231
-137.740570
-137.455719
-137.700867
-137.953003
-138.393951
-138.289886
-137.399384
-136.916595
-137.072159
-137.679947
-138.086578
-137.552277
-137.344681
-137.532959
-137.858047
-137.841415
-137.705704
-137.194473
-137.127945
-137.494873
-137.416016
-137.371490
-137.959976
-137.532425
-137.274399
-136.947708
-136.792145
-136.924637
-136.828613
-136.855438
-136.915527
-136.805557
-137.154236
-137.250793
-137.573730
-137.625229
-137.118301
-136.942337
-136.773895
-137.641327
-137.590363
-137.096832
-137.350037
-136.862411
-136.814133
-137.226120
-137.040512
-137.281906
-137.144577
-137.488983
-137.424072
-136.611893
-136.445602
-136.777115
-137.705170
-137.917587
-137.045883
-136.593658
-136.853836
-137.373108
-137.016907
-136.656952
-136.513184
-136.445053
-136.694504
-137.379013
-137.163361
-136.470276
-136.140900
-136.578629
-136.817886
-136.110321
-135.731598
-136.248718
-137.452499
-137.793671
-137.178909
-137.037827
-136.713821
-136.865097
-137.126877
-136.756195
-136.873138
-136.616180
-137.036224
-137.316238
-137.256165
-136.607605
-136.514801
-137.505600
-137.154236
-136.415024
-136.020737
-136.524994
-137.089859
-137.099518
-136.508896
-136.259995
-136.209564
-136.682175
-137.458939
-137.032471
-136.064728
-135.677948
-137.030853
-137.476105
-136.944489
-136.575958
-136.309341
-136.978287
-136.790527
-136.420914
-136.616180
-136.959503
-137.230942
-137.379547
-137.036224
-136.793213
-136.583466
-137.001358
-137.051239
-136.662323
-136.776047
-137.146194
-137.417633
-137.594650
-136.971848
-136.471344
-136.764786
-137.383835
-138.033997
-137.556564
-136.581848
-135.955292
-136.405899
-137.351105
-136.595261
-136.078140
-136.155380
-137.412796
-138.375717
-137.359161
-136.605453
-136.136612
-136.391418
-137.113998
-137.082352
-136.140900
-136.209564
-136.712204
-137.635956
-137.540482
-136.459549
-136.072235
-136.457397
-137.435867
-137.572662
-137.050171
-136.533569
-136.628525
-137.443375
-136.788376
-136.864563
-136.667145
-136.671982
-137.167648
-137.096298
-137.115616
-137.317856
-137.777588
-137.314636
-136.481003
-136.047028
-136.731522
-137.591431
-138.246964
-137.911163
-137.536179
-137.424072
-137.590363
-137.538864
-137.221298
-137.197159
-137.349503
-137.608597
-138.260910
-137.856445
-137.405289
-137.385986
-138.139145
-137.927780
-137.601089
-137.300156
-137.327515
-137.987869
-138.349426
-137.993774
-137.403152
-137.269577
-137.519547
-137.673508
-137.729309
-137.384903
-137.232025
-137.507751
-137.892914
-137.848923
-138.128952
-137.525986
-137.478790
-137.833374
-137.391876
-137.375793
-137.917587
-137.893448
-138.428284
-138.204056
-137.902573
-137.566223
-138.157379
-138.052246
-137.963196
-137.527603
-137.621475
-137.753448
-138.356934
-138.168106
-137.821030
-137.752365
-138.125198
-138.842422
-138.562393
-137.950851
-138.323685
-138.189026
-138.128952
-138.199219
-138.079605
-137.869308
-138.647690
-138.722260
-138.779648
-138.256088
-137.958359
-138.155777
-138.494263
-138.357483
-138.429901
-138.443314
-138.755508
-139.375107
-139.106888
-138.544693
-137.874680
-138.142365
-139.132629
-138.845642
-138.578491
-138.493729
-138.944336
-139.292496
-138.719574
-138.474960
-138.737274
-139.031250
-139.223831
-138.664856
-138.160599
-138.398239
-139.046265
-139.479706
-139.392807
-139.268890
-138.742645
-138.480850
-139.049484
-138.910004
-138.539322
-138.838669
-139.111176
-139.463623
-139.383682
-138.779114
-138.857971
-139.083817
-139.430359
-139.210953
-139.123520
-139.523163
-139.670151
-139.614365
-139.215240
-139.094543
-139.581635
-139.701263
-140.276321
-140.097687
-139.165359
-138.858505
-139.103668
-139.821426
-139.696976
-139.397629
-139.606308
-139.995773
-140.265060
-140.269348
-139.509750
-139.199692
-139.789246
-140.061752
-140.071411
-139.961441
-139.644394
-139.917450
-140.741425
-140.203903
-139.498489
-139.569839
-139.589142
-140.555283
-140.467300
-140.291351
-140.038681
-140.018295
-140.263992
-140.283844
-140.088577
-139.749542
-139.746323
-140.364838
-140.520416
-140.577271
-140.172791
-139.582169
-140.456573
-140.464081
-139.887405
-139.833771
-140.146515
-141.180771
-140.802582
-139.996307
-140.342850
-140.122375
-140.561722
-140.394348
-139.948029
-139.905106
-140.388977
-140.809555
-140.987656
-140.371811
-140.353577
-140.576736
-140.499481
-140.504852
-140.158310
-140.424927
-140.718887
-140.701187
-140.826187
-140.547226
-140.133102
-140.454422
-141.207062
-141.093323
-140.283295
-140.058533
-140.380402
-140.807404
-140.590683
-140.438873
-140.438873
-140.887878
-141.259094
-140.660416
-140.684021
-140.564926
-140.289734
-140.819748
-141.065430
-140.485535
-140.661499
-140.751083
-140.849243
-140.710312
-140.019913
-139.544617
-140.075165
-140.511826
-140.642715
-140.415802
-140.446381
-140.758057
-140.840668
-140.622864
-140.243073
-140.115402
-140.354645
-140.733917
-140.518799
-139.985046
-140.073547
-140.425461
-140.745712
-140.913086
-140.382004
-140.185135
-140.375031
-140.804184
-141.337418
-140.434036
-140.230728
-139.968948
-140.483398
-140.613220
-140.323532
-140.151337
-140.532745
-140.721573
-140.523621
-140.220001
-140.325684
-140.168503
-140.666855
-140.745712
-140.138458
-139.924423
-140.052094
-140.804184
-140.678116
-140.008102
-139.907257
-140.305832
-140.649155
-140.312271
-140.239853
-139.809616
-140.058533
-140.235016
-140.311203
-140.070877
-139.821960
-139.929245
-140.725327
-140.106277
-139.309662
-139.136383
-139.523697
-140.404541
-140.288132
-139.858978
-139.879364
-140.230194
-140.213028
-140.387909
-140.112717
-139.977524
-139.560181
-139.648697
-140.014542
-139.839661
-139.383148
-139.899750
-140.454422
-140.475342
-140.100372
-139.576279
-139.719498
-139.927643
-140.151337
-139.914230
-139.324677
-139.419098
-139.682480
-140.046738
-139.656738
-139.934082
-140.078918
-139.818207
-139.803192
-139.659424
-139.870239
-139.604706
-139.426071
-139.977524
-139.563934
-139.502777
-139.312881
-140.144897
-140.463013
-139.252792
-138.965805
-139.218460
-139.309128
-139.650299
-139.317169
-139.088104
-139.510818
-139.577881
-139.992020
-139.274261
-138.840271
-138.945419
-139.106888
-139.401398
-138.907867
-138.631592
-139.058609
-139.557495
-139.699112
-139.018906
-138.566681
-138.940582
-139.738815
-139.779587
-139.144974
-138.860123
-138.698654
-139.069870
-139.175552
-138.885330
-139.352570
-139.122971
-139.282837
-139.207733
-138.959900
-138.811844
-138.805939
-139.252792
-139.567154
-138.802719
-138.891769
-139.480789
-139.250656
-138.601013
-138.653061
-138.630524
-138.554352
-138.814529
-138.979218
-138.752838
-138.842422
-138.833832
-139.004959
-138.802185
-138.703476
-138.714752
-138.532898
-139.052170
-139.134781
-138.341919
-138.136459
-138.189575
-138.924500
-139.220078
-139.010864
-138.913223
-138.273788
-138.589752
-138.443848
-138.437943
-138.413803
-138.450821
-139.219543
-139.457184
-138.947021
-138.262527
-138.346207
-138.722794
-138.987259
-138.746933
-138.611755
-138.565079
-138.698654
-139.103134
-138.029709
-138.295242
-138.605850
-138.709915
-138.514648
-138.487289
-138.697586
-138.559174
-138.586533
-138.558105
-138.305984
-137.984650
-138.071014
-138.190643
-138.606918
-138.473877
-138.311340
-138.118225
-138.542007
-138.741028
-138.218536
-138.229263
-138.043655
-138.300613
-138.645538
-138.228195
-138.101059
-137.907944
-138.236771
-138.585999
-138.229263
-137.634888
-137.632736
-138.167038
-138.551132
-138.063507
-137.853226
-137.848923
-138.109634
-138.427216
-137.921890
-137.451965
-137.125809
-137.367737
-138.130554
-137.679947
-137.626312
-137.432114
-137.716431
-138.494263
-137.772217
-137.230942
-136.812531
-137.576416
-138.177765
-137.238998
-137.055527
-137.166031
-137.286743
-137.614502
-137.304977
-136.710068
-136.854904
-137.842499
-137.868774
-137.168716
-136.768005
-136.649445
-136.994919
-137.525986
-137.233093
-136.859192
-136.713287
-136.729370
-137.205200
-137.359695
-136.964874
-136.373184
-136.744400
-137.304977
-137.095230
-136.655350
-136.552887
-136.982574
-136.747620
-136.509964
-136.270187
-136.584534
-137.553879
-137.248108
-136.358154
-135.756271
-135.917740
-136.559860
-137.172470
-137.031921
-136.491196
-136.159668
-136.222443
-136.633896
-136.587219
-136.284134
-136.237991
-136.144653
-136.095306
-135.971924
-135.868393
-135.868393
-136.247650
-136.519623
-136.338852
-135.847458
-135.493942
-135.837265
-135.951004
-135.845322
-135.817429
-135.940811
-136.227264
-135.946701
-135.626450
-135.193008
-135.399002
-135.882874
-135.886627
-135.395782
-134.934433
-134.975204
-135.293854
-135.696182
-135.199982
-134.816422
-134.919952
-135.283127
-135.590515
-135.374863
-135.183884
-135.205338
-135.256836
-135.294937
-134.746155
-134.735962
-134.915131
-135.344818
-135.399002
-134.845932
-134.117981
-134.032150
-134.650131
-135.317993
-135.076065
-134.120651
-133.943100
-134.429108
-134.754730
-134.570190
-134.293930
-133.990845
-134.002640
-134.833588
-134.319672
-133.632492
-133.555786
-134.144791
-134.608292
-134.289642
-133.650192
-133.697937
-133.865845
-133.683456
-133.335312
-133.233383
-133.439377
-133.655563
-134.097595
-133.883011
-133.515549
-133.376083
-133.481216
-133.791824
-133.608353
-133.179733
-133.069763
-133.666824
-134.413025
-133.799866
-133.010223
-132.899185
-133.050461
-133.484970
-133.159348
-132.828369
-132.685684
-132.787064
-133.148621
-133.046158
-132.664749
-132.846603
-133.621231
-133.416306
-132.421204
-131.790894
-131.951828
-132.492020
-133.203339
-133.108398
-132.678162
-132.714111
-133.079956
-132.636856
-132.495239
-132.287094
-131.928757
-132.071457
-132.283875
-132.437302
-132.263504
-132.435699
-132.816574
-132.938873
-132.347183
-131.772110
-131.525894
-131.887985
-132.416382
-132.184647
-131.894424
-132.135818
-132.020493
-132.854660
-132.597702
-132.238281
-131.903015
-131.895493
-132.025314
-131.627808
-131.508194
-131.533401
-131.906769
-132.405121
-132.270477
-131.413773
-131.180954
-131.141800
-131.799469
-131.839706
-131.470642
-131.213150
-131.061874
-131.938950
-132.180344
-131.386414
-130.800613
-131.210999
-131.617081
-131.361740
-130.815643
-130.922928
-131.385880
-132.107925
-131.508728
-130.573700
-130.407410
-130.543671
-131.062943
-131.476532
-131.231384
-130.941162
-130.842468
-130.801697
-131.054886
-130.492706
-130.525955
-131.127319
-131.878326
-131.332764
-130.834946
-130.236816
-130.355911
-131.054886
-130.764679
-130.589798
-130.790970
-130.826904
-131.243729
-131.243729
-130.537231
-130.373611
-130.709961
-130.833878
-130.584427
-130.579071
-130.423508
-130.669724
-131.146088
-130.969070
-130.127914
-130.178345
-130.339279
-130.809204
-131.002853
-130.526505
-130.357513
-130.381653
-130.569412
-130.625748
-130.130600
-130.182098
-130.748581
-130.464813
-130.159576
-130.011520
-129.938019
-129.756165
-130.377365
-130.436905
-130.039413
-129.883835
-130.443893
-130.771652
-130.376297
-129.965378
-129.404800
-129.347931
-129.882767
-130.342499
-130.655777
-130.782913
-130.693329
-130.775940
-130.418137
-130.058716
-129.838242
-129.954117
-130.514160
-130.321579
-129.811951
-129.958939
-129.954117
-130.634857
-130.668121
-129.818390
-129.685364
-130.052826
-130.244873
-130.088760
-130.390778
-130.120407
-129.835556
-130.366104
-130.184784
-129.684280
-129.596313
-130.131134
-130.478226
-130.463730
-129.924072
-129.728806
-129.815720
-130.211609
-130.214828
-129.944458
-129.755096
-129.698227
-129.725052
-129.913345
-129.402649
-129.325409
-129.566269
-129.902084
-129.567337
-129.310928
-129.524963
-129.685898
-129.867752
-129.922470
-129.760452
-129.357056
-129.031433
-129.703064
-129.814102
-129.374222
-129.331848
-129.256210
-129.811417
-129.813034
-129.111908
-129.095276
-129.623672
-129.922470
-129.747055
-129.300186
-129.028748
-129.012131
-129.695557
-129.769043
-128.996567
-128.963303
-129.051285
-129.556610
-129.816788
-129.620453
-129.419815
-129.193436
-129.575928
-129.641373
-128.879623
-129.125305
-129.481506
-129.806595
-129.724518
-128.926834
-129.184860
-129.346863
-129.448257
-129.618835
-129.225632
-129.087219
-129.363495
-129.621521
-129.291077
-129.156967
-129.330765
-128.776093
-129.208466
-129.620453
-129.117264
-129.063614
-129.027145
-129.526031
-129.211136
-128.663971
-128.634476
-128.772339
-129.368851
-129.536224
-128.843140
-129.004074
-128.874802
-129.277130
-129.136047
-128.625351
-128.676315
-128.611404
-129.181641
-129.587723
-128.842606
-128.659683
-128.704208
-128.743896
-129.141937
-129.063614
-128.577606
-128.518066
-129.226700
-129.453613
-128.603348
-128.199417
-128.529327
-128.902145
-128.916641
-128.347473
-128.346939
-127.970886
-128.513229
-128.626419
-128.446716
-128.689178
-128.177963
-128.479965
-128.672562
-128.133438
-128.329773
-128.154358
-128.371078
-128.812561
-128.258423
-128.129669
-128.270767
-128.534149
-128.781982
-128.448318
-127.861992
-128.007904
-128.586731
-128.610321
-128.301331
-128.158112
-127.506866
-127.802444
-128.128601
-128.060471
-127.967674
-128.159714
-128.434372
-128.257889
-127.331985
-127.448929
-127.668335
-128.017563
-128.363022
-128.176880
-127.653854
-127.696770
-128.074417
-127.900620
-127.535301
-127.385094
-127.625961
-128.187607
-128.038483
-127.622742
-127.605576
-127.761681
-128.025070
-128.026672
-127.721977
-127.496140
-127.553535
-127.837318
-127.848579
-127.493996
-127.283707
-127.322868
-127.978401
-127.731102
-127.242935
-127.156570
-127.107216
-127.256882
-127.512772
-127.300873
-126.971497
-127.116875
-127.786354
-128.219803
-127.735390
-126.849724
-126.554680
-126.891571
-126.913559
-126.791252
-126.720444
-126.746727
-127.075035
-126.833099
-126.730637
-126.386238
-126.215118
-126.317039
-126.835243
-126.501572
-126.190979
-126.366394
-126.753700
-127.012268
-126.380875
-125.850334
-125.639511
-126.126602
-126.690941
-126.208679
-125.746262
-125.946358
-126.274658
-126.536980
-126.075638
-126.065987
-125.869110
-125.903976
-126.319183
-126.079399
-125.821907
-125.631470
-125.721054
-126.416283
-125.579430
-125.600357
-125.211967
-125.478584
-125.913101
-125.444252
-125.387383
-125.290825
-125.481262
-125.888962
-125.373978
-124.911026
-124.897079
-125.237717
-125.468925
-125.447464
-124.820366
-124.768333
-124.909416
-125.338570
-125.130966
-124.876694
-124.718445
-124.604179
-124.973251
-124.759216
-124.485092
-124.581650
-124.928726
-125.118095
-124.860603
-124.535515
-124.370827
-124.845581
-125.220016
-124.916389
-124.600426
-124.552147
-124.546783
-124.938385
-124.451294
-124.223846
-124.245834
-124.464172
-124.865425
-124.453438
-123.907883
-123.702957
-124.400871
-124.999542
-124.133186
-123.925583
-123.831169
-124.426079
-124.471146
-123.817757
-123.448151
-123.606400
-123.996925
-124.288216
-124.295189
-124.097244
-123.663795
-123.623566
-123.875694
-123.649315
-123.419182
-123.357491
-123.874084
-124.151962
-123.613373
-123.202461
-123.124672
-123.440102
-124.031799
-123.666481
-123.031868
-122.781349
-122.831238
-123.131111
-123.131645
-123.146667
-123.358025
-123.232498
-123.319939
-122.872543
-122.852699
-122.735214
-123.167053
-123.877304
-123.064056
-122.530830
-122.425156
-122.577507
-123.077469
-122.804420
-122.627396
-122.926727
-122.938530
-123.183144
-122.918678
-122.229355
-122.257248
-122.652603
-122.959984
-122.706253
-122.514740
-122.694450
-122.701958
-122.823730
-122.623100
-122.219162
-122.149963
-122.365608
-122.752922
-122.722878
-122.273338
-122.167664
-122.247055
-122.547997
-122.223450
-121.895683
-121.998146
-122.361855
-122.579651
-122.164444
-121.834534
-121.921974
-122.049644
-122.498650
-122.233109
-121.745483
-121.513206
-121.792152
-122.420860
-122.099533
-121.613518
-121.418793
-121.763718
-122.379021
-122.010483
-121.655357
-121.644096
-121.945038
-122.219162
-121.949867
-121.579185
-121.268585
-121.644096
-122.180534
-121.483162
-121.226204
-121.146812
-121.200455
-121.643021
-121.752991
-121.676285
-121.141449
-121.022362
-121.566849
-121.446152
-121.278244
-121.181679
-121.249275
-121.817368
-121.433807
-121.062592
-121.175247
-121.586693
-122.093094
-121.615128
-121.319550
-121.260002
-121.507301
-121.854919
-121.618881
-121.075470
-120.878593
-121.353882
-121.835602
-122.126892
-121.486916
-121.300232
-121.033089
-121.394653
-121.448296
-121.029869
-121.411278
-121.556122
-121.846870
-121.624245
-121.200455
-121.091560
-121.081367
-121.723488
-121.566315
-121.222992
-121.095314
-121.463852
-121.879059
-121.736900
-121.195633
-120.746094
-121.096924
-121.567917
-121.460632
-121.079758
-121.072250
-121.648384
-121.844185
-121.255714
-121.025040
-120.939209
-121.278244
-121.456879
-121.073860
-120.710152
-120.625389
-121.062592
-121.785179
-121.442932
-121.145203
-120.614662
-120.712296
-121.259468
-121.109261
-120.820656
-121.182755
-121.641953
-121.570602
-121.246056
-120.882347
-120.748238
-121.263222
-121.809319
-121.918755
-121.474579
-120.784714
-120.666695
-121.458488
-121.503014
-121.044891
-121.140373
-121.264832
-121.592056
-121.653748
-121.310425
-121.112480
-121.003044
-121.402161
-121.454727
-120.928482
-120.616806
-120.684402
-121.005196
-121.199921
-121.031479
-120.868935
-120.923119
-121.046501
-120.886101
-120.515419
-120.429588
-120.606079
-121.347977
-121.433807
-120.924728
-120.665627
-120.706932
-121.345833
-121.520714
-120.702103
-120.634514
-120.916145
-121.193481
-121.121597
-120.881271
-120.638268
-120.739120
-120.850159
-121.138763
-120.810463
-120.772911
-120.849625
-120.900589
-121.202606
-121.078148
-120.739120
-120.733749
-121.232643
-121.212257
-120.554047
-120.576576
-120.786324
-121.474045
-121.768013
-121.238548
-120.514885
-120.451050
-121.023430
-120.935989
-120.771843
-120.642555
-120.866257
-121.560410
-121.259468
-120.817436
-120.757355
-121.169342
-121.364609
-121.147346
-120.588913
-120.445686
-120.681717
-121.232643
-121.253563
-121.035233
-120.690842
-120.831924
-121.140915
-120.970863
-120.692444
-120.585159
-120.700493
-121.515350
-121.633369
-121.052933
-120.909706
-120.981590
-121.285217
-121.338326
-120.821190
-120.859283
-120.977295
-121.137695
-121.332962
-120.732147
-120.978905
-120.784180
-120.984268
-121.456337
-120.994461
-120.595352
-120.804565
-121.136086
-121.566849
-121.160225
-120.890396
-120.890930
-121.368362
-121.420395
-120.748772
-120.647919
-120.919365
-121.431129
-121.570068
-120.916145
-120.528831
-120.758430
-121.384460
-121.575966
-121.138763
-120.608223
-120.724098
-121.678429
-121.302383
-121.201530
-121.235329
-121.325447
-121.586693
-121.400551
-120.973007
-120.799736
-121.121063
-121.779816
-121.568993
-121.364075
-120.856064
-120.869476
-121.582405
-122.003510
-121.502472
-121.290047
-121.477798
-121.819511
-121.786789
-121.567917
-120.991783
-120.894684
-121.938599
-121.835602
-121.547539
-121.376411
-121.436493
-121.836678
-121.974007
-121.669846
-121.511597
-121.449905
-121.758354
-122.033012
-121.647850
-121.479408
-121.807175
-122.245979
-122.477188
-122.290504
-122.035698
-121.734215
-122.269051
-122.366142
-121.805031
-122.090950
-122.357559
-122.595207
-122.822121
-122.375267
-122.323227
-122.362930
-122.780281
-122.681038
-122.491676
-122.197701
-122.109726
-122.229355
-122.698204
-122.307671
-122.217552
-122.393501
-122.869865
-123.062447
-122.566238
-122.463776
-122.174103
-122.588234
-122.958916
-122.545319
-122.670311
-122.385994
-122.512596
-122.900978
-122.475044
-122.267441
-122.399406
-122.692299
-122.769547
-122.553360
-122.465927
-122.340393
-122.751846
-123.229820
-122.602180
-122.643486
-122.672989
-123.221771
-123.346222
-122.786179
-122.415497
-122.757210
-123.249664
-123.441177
-123.091415
-123.231964
-123.193878
-123.480873
-123.562408
-123.005585
-122.765793
-122.901512
-123.489456
-123.841362
-123.271126
-122.944969
-123.458878
-123.731926
-123.811859
-123.630539
-123.279167
-123.311890
-123.479263
-123.569923
-123.339249
-123.186905
-122.931557
-123.361244
-123.820442
-123.543098
-123.723343
-123.449219
-123.474968
-123.955086
-123.403625
-123.397186
-123.665947
-123.899834
-124.103683
-123.555435
-123.716904
-123.689545
-123.870331
-124.280708
-123.822586
-123.594063
-123.716370
-124.191124
-124.646561
-123.845116
-122.964813
-123.003441
-124.192734
-124.802124
-124.468994
-124.395508
-124.436813
-124.603111
-124.558044
-124.199165
-124.404625
-124.613838
-124.900299
-125.065521
-124.358490
-124.100464
-124.017853
-124.584335
-124.951256
-124.768333
-124.310745
-124.023216
-124.329521
-124.919609
-124.543030
-123.993713
-123.930946
-124.485092
-124.787109
-124.383705
-124.170738
-124.105293
-124.667480
-125.073570
-124.248520
-124.050575
-124.139084
-124.426079
-125.095024
-124.980225
-123.796837
-123.739433
-124.366539
-124.872398
-124.560730
-124.330597
-124.302704
-124.525322
-124.795692
-124.571991
-124.181999
-124.224380
-124.360100
-124.885811
-124.756531
-124.147133
-124.419106
-124.842896
-125.041916
-124.739365
-124.583794
-124.516205
-124.650848
-124.751701
-124.439491
-124.256569
-124.375122
-124.817146
-125.422256
-124.863815
-123.927193
-124.222237
-124.615982
-124.829483
-124.518890
-124.450226
-124.687866
-124.812317
-125.254349
-124.899757
-124.661583
-124.534447
-124.593452
-124.705032
-124.703957
-124.740974
-124.751701
-125.051041
-125.230209
-124.665337
-124.556976
-124.526398
-124.832169
-125.410988
-125.009193
-124.521034
-124.021606
-124.684647
-125.221092
-124.754387
-124.460953
-124.584869
-124.898689
-124.852020
-124.739365
-124.416428
-124.288216
-125.046211
-125.279564
-124.844505
-124.345619
-124.594528
-124.580574
-124.892784
-124.603111
-124.138016
-124.345078
-124.715759
-124.971642
-124.402481
-124.202385
-124.181999
-124.469536
-124.749023
-124.586479
-124.628319
-124.345078
-124.839676
-124.893860
-124.431984
-124.061836
-124.100464
-124.577362
-125.009727
-124.772621
-124.266762
-124.200241
-124.434128
-124.749557
-124.516205
-124.077393
-124.318794
-124.599350
-124.701279
-124.433594
-124.424469
-124.021606
-123.989952
-124.708252
-124.409454
-123.773766
-123.771088
-124.449150
-124.817688
-124.475433
-124.088127
-123.869255
-124.264076
-124.591843
-124.183075
-124.047890
-123.891785
-124.132111
-124.416962
-124.320938
-123.942749
-123.806488
-124.239937
-124.925507
-124.438957
-124.251740
-124.251205
-124.193802
-124.428230
-124.275879
-124.132645
-123.887497
-124.040916
-124.377800
-124.073639
-123.655212
-123.690620
-124.139626
-124.516739
-124.487770
-123.978691
-123.819901
-123.992104
-124.445396
-124.146057
-123.619812
-123.845116
-124.158936
-124.476509
-124.317184
-123.916466
-123.917534
-123.783424
-124.190582
-124.268906
-123.932022
-123.766258
-124.041992
-124.263542
-124.015701
-123.901978
-123.862816
-123.832245
-124.522102
-124.448616
-123.796837
-123.640198
-123.918610
-124.397652
-124.392288
-123.749626
-123.414886
-123.798981
-123.891785
-123.562950
-123.282928
-123.537735
-124.106903
-124.059158
-123.631615
-123.286140
-123.021141
-123.178322
-123.715836
-123.648239
-123.356956
-123.483017
-123.595673
-123.720657
-123.817223
-123.382706
-123.410065
-123.170273
-123.795761
-123.667015
-122.851624
-122.970177
-123.174561
-123.783424
-123.767868
-123.340858
-123.050110
-123.355881
-123.797913
-123.626785
-123.134331
-123.161156
-123.342468
-123.515739
-123.358025
-123.036697
-123.160080
-123.222839
-123.325836
-123.233032
-122.877373
-122.845184
-122.797447
-123.233574
-123.500717
-123.083366
-122.975006
-122.833923
-123.198700
-123.175636
-122.815681
-123.084976
-123.542023
-123.424011
-122.897224
-122.337181
-122.247589
-122.436958
-122.840363
-122.930481
-122.823196
-122.738976
-122.816757
-122.916534
-122.725563
-122.294266
-122.218086
-122.585548
-122.897758
-122.902588
-122.679428
-122.357559
-122.674065
-122.973396
-122.422470
-122.182144
-122.088806
-122.243835
-122.411743
-122.412819
-121.982590
-121.652679
-121.782494
-122.237396
-122.005119
-121.587769
-121.447754
-121.673599
-122.223450
-122.044281
-121.784645
-121.536270
-121.393578
-121.705788
-121.544853
-121.457947
-121.357635
-121.601715
-122.081299
-121.838821
-121.507301
-121.362999
-121.262688
-121.423615
-121.575966
-121.452583
-121.630150
-121.620491
-121.774452
-121.501938
-121.057762
-121.395721
-121.637657
-121.829170
-121.864037
-121.196167
-121.307747
-121.231567
-121.472969
-121.438103
-120.678497
-120.471970
-120.924187
-121.461166
-121.544853
-121.285217
-121.106041
-120.876984
-121.023430
-120.622177
-120.264366
-120.496109
-120.893616
-121.322227
-121.400017
-121.040596
-120.704247
-120.776131
-121.060982
-121.139839
-120.599106
-120.630219
-120.892006
-121.323837
-121.432198
-121.030403
-120.646851
-120.696205
-121.219772
-121.205284
-120.896294
-120.569069
-120.410278
-121.255714
-121.301308
-120.723022
-120.581406
-120.881271
-121.263222
-121.101753
-120.665085
-120.415108
-120.535271
-120.964424
-120.945114
-120.433884
-120.314255
-120.736435
-120.975151
-120.900047
-120.515419
-120.247734
-120.415642
-121.054008
-120.795982
-120.579796
-120.137764
-120.221985
-120.723564
-120.783104
-120.199455
-120.158150
-120.099144
-120.600716
-120.621101
-120.021896
-120.181755
-120.419395
-120.682793
-120.649529
-120.059448
-120.151176
-120.382385
-120.800270
-120.657578
-120.401161
-119.778885
-119.887245
-120.512199
-120.738045
-120.338928
-119.900124
-119.664627
-120.364685
-120.555656
-120.146347
-120.135086
-120.102364
-120.320694
-120.332497
-119.981659
-119.899590
-120.056763
-120.110405
-120.073395
-119.817513
-119.653893
-119.540169
-120.274559
-120.345367
-119.995071
-119.829849
-119.615807
-119.848091
-120.052475
-119.860962
-119.191483
-119.507980
-120.311577
-119.987564
-119.977371
-119.674820
-119.264442
-119.678040
-120.072319
-119.859352
-119.229568
-119.234932
-120.087875
-120.452660
-119.771912
-119.489212
-119.364220
-119.941429
-120.499329
-119.912460
-119.376556
-119.468826
-119.721489
-119.718269
-119.650139
-119.366898
-119.225281
-119.336319
-120.014923
-119.545532
-119.204895
-119.350807
-119.825554
-120.098602
-119.469360
-119.238152
-119.127647
-119.507980
-120.270805
-120.029404
-119.406593
-119.055763
-119.482773
-119.547142
-119.187729
-119.330956
-119.451660
-119.833069
-120.277779
-119.655502
-118.990318
-119.281609
-119.778885
-119.850769
-119.201141
-119.294479
-119.292870
-119.612587
-120.040131
-119.798737
-119.478477
-119.353485
-119.480087
-119.949478
-119.825020
-119.312721
-119.212402
-119.672134
-119.886711
-119.693596
-119.528908
-119.383530
-119.168419
-119.076683
-119.480621
-120.142593
-120.026726
-120.414574
-120.866791
-119.997215
-119.637802
-119.631905
-119.627609
-120.042816
-119.914604
-119.786400
-119.789612
-120.255783
-120.512199
-119.894760
-119.232788
-119.071320
-119.878662
-120.232719
-119.476334
-119.318619
-119.643166
-119.763329
-120.223595
-119.740265
-119.139450
-119.439316
-119.634048
-119.802490
-119.683937
-119.755821
-119.565384
-119.840042
-120.175316
-119.498863
-119.403381
-119.230644
-119.796593
-120.236473
-120.052475
-119.450050
-119.278923
-119.728996
-119.967712
-119.845406
-119.702179
-119.835213
-120.082512
-120.130257
-119.671600
-119.647995
-119.357780
-119.557877
-119.864716
-119.824486
-119.605614
-119.524078
-119.915680
-120.260612
-120.011169
-119.483841
-119.296089
