-64.855820
-64.630516
-64.607452
-64.801102
-65.115456
-64.583847
-64.468513
-64.618179
-65.013535
-65.343445
-65.072548
-64.373024
-64.385902
-64.778572
-65.144966
-64.848846
-64.539322
-64.359077
-64.607452
-65.042503
-64.714203
-64.324745
-64.424522
-64.837044
-65.150864
-64.809685
-64.533417
-64.471191
-64.829002
-65.157303
-64.547905
-64.346741
-64.583305
-64.853142
-65.237228
-64.963646
-64.539856
-64.599403
-64.730293
-64.597794
-64.309723
-64.293633
-64.108025
-64.576332
-64.839195
-64.411110
-64.039894
-64.131088
-64.423988
-64.821487
-64.613350
-64.044182
-63.958355
-64.417015
-64.648216
-64.190094
-63.860722
-63.809223
-64.347809
-64.650368
-64.190094
-63.965328
-63.992149
-64.306503
-64.487823
-64.037209
-63.806541
-63.893444
-64.278610
-64.477631
-64.334404
-63.700863
-63.631126
-64.105339
-64.222816
-64.065643
-63.574261
-63.737339
-64.321526
-64.577408
-64.159523
-63.810833
-63.892372
-64.313477
-64.302750
-64.073151
-63.682087
-63.649364
-64.073692
-64.371414
-64.067787
-63.691742
-64.018974
-64.153618
-64.250717
-63.968548
-63.493259
-63.633270
-64.133774
-64.226036
-63.924561
-63.618252
-63.699253
-64.362297
-64.362831
-63.723930
-63.399918
-63.322670
-63.802250
-64.093536
-63.859112
-63.551731
-63.617176
-63.881645
-64.140205
-63.905785
-63.352177
-63.416012
-63.633270
-63.767918
-63.456245
-63.282436
-63.351639
-63.700325
-64.078514
-63.696571
-63.412792
-63.080734
-63.444981
-63.728756
-63.442299
-63.232014
-63.138134
-63.633270
-63.878960
-63.507206
-63.062496
-62.999195
-63.589283
-63.827461
-63.591427
-63.490578
-63.466972
-63.466972
-63.526520
-63.560852
-63.190704
-62.999195
-63.521690
-63.831753
-63.339302
-62.805542
-62.732586
-63.230404
-63.601086
-63.307652
-62.843628
-62.941795
-63.238449
-63.337154
-63.125259
-62.973984
-62.568970
-63.091465
-63.430496
-63.068398
-62.537857
-62.452026
-62.931068
-63.478241
-63.190704
-62.826462
-62.688599
-63.338226
-63.400993
-63.043720
-62.827534
-62.519081
-62.920341
-63.440151
-62.997589
-62.737949
-62.552341
-62.920341
-63.421913
-63.009926
-62.420914
-62.636024
-63.062496
-63.047478
-62.718636
-62.414474
-62.384972
-62.827000
-63.196606
-62.725613
-62.125332
-62.335083
-62.939114
-63.209480
-62.781937
-62.289482
-62.581844
-62.987396
-63.036209
-62.656948
-62.288410
-62.300213
-62.651047
-62.996513
-62.637100
-62.332935
-62.387115
-62.862942
-62.923023
-62.552341
-62.128014
-62.086708
-62.315231
-62.680550
-62.717564
-62.156982
-62.019119
-62.476704
-62.831825
-62.464901
-62.003025
-62.025555
-62.435932
-62.818417
-62.512642
-62.168247
-62.198288
-62.695572
-62.902637
-62.504597
-61.946159
-62.065788
-62.454708
-62.818417
-62.530884
-62.068470
-62.074905
-62.489040
-62.686989
-62.301823
-62.011070
-62.104950
-62.352249
-62.900490
-62.671432
-62.228867
-61.989075
-62.399990
-62.627979
-62.382290
-62.028236
-62.125332
-62.611351
-62.763161
-62.585064
-62.210629
-62.211700
-62.614567
-63.009926
-62.457390
-62.018581
-61.876423
-62.394089
-62.693424
-62.418228
-61.987469
-61.905392
-62.114605
-62.421448
-62.142498
-61.907539
-62.126942
-62.904247
-63.230938
-62.784618
-62.392479
-62.272316
-62.465973
-63.000805
-62.854359
-62.457928
-62.325962
-62.659630
-62.931068
-62.643536
-62.346348
-62.292168
-62.651581
-62.874207
-62.528736
-62.278217
-62.460072
-63.028702
-63.150475
-62.623688
-62.206337
-62.300751
-62.567360
-62.848991
-62.595791
-62.100121
-62.366730
-62.747070
-63.068935
-62.653191
-62.465439
-62.361904
-62.882252
-63.008854
-62.645145
-62.335617
-62.331326
-62.729904
-62.933212
-62.892982
-62.425205
-62.365658
-62.794277
-62.759945
-62.126404
-62.045940
-62.643536
-63.207870
-63.437469
-63.101120
-62.703079
-62.567898
-62.882252
-63.324818
-63.148327
-62.690742
-62.485821
-62.942333
-63.175686
-62.934288
-62.508354
-62.346348
-62.794811
-63.051231
-62.810905
-62.610275
-62.439152
-62.933212
-63.223965
-62.904247
-62.716492
-62.659092
-62.904781
-63.171394
-63.032455
-62.714348
-62.561996
-62.973446
-63.225574
-63.259907
-62.734730
-62.602768
-62.805542
-63.242203
-62.882790
-62.390873
-62.318989
-62.654266
-63.043720
-63.046402
-62.628517
-62.349564
-62.818417
-63.074299
-62.898880
-62.570580
-62.375851
-62.753506
-63.146717
-62.787838
-62.658554
-62.754044
-63.206799
-63.316769
-63.343056
-63.040504
-62.802322
-63.208408
-63.514179
-63.246498
-62.602230
-62.730438
-62.895664
-63.210556
-63.056595
-62.662312
-62.494942
-62.874741
-63.310867
-62.923557
-62.671967
-62.603840
-62.917656
-63.078053
-62.753506
-62.425739
-62.369949
-62.633343
-62.983639
-62.779793
-62.405357
-61.979958
-62.537857
-63.075909
-62.837193
-62.477238
-62.549660
-62.799103
-63.205727
-62.987930
-62.429497
-62.251396
-62.822708
-62.858650
-62.788910
-62.591499
-62.530884
-62.740631
-62.826462
-62.717564
-62.421448
-62.268028
-62.668213
-62.916046
-62.702545
-62.298603
-62.090466
-62.656410
-62.708447
-62.354393
-62.127480
-62.211700
-62.774429
-63.029774
-62.763161
-62.526054
-62.118896
-62.425205
-63.147255
-62.641388
-62.331326
-62.183270
-62.487968
-62.757263
-62.598473
-62.234768
-62.146255
-62.244961
-62.693424
-62.556633
-62.251934
-62.163956
-62.567898
-62.982029
-62.667675
-62.214382
-62.374241
-62.577553
-62.958961
-62.717564
-62.479385
-62.276073
-62.576481
-62.792130
-62.459538
-62.153229
-62.157520
-62.447197
-62.595257
-62.370487
-61.975128
-62.012142
-62.549660
-62.662312
-62.483139
-62.232086
-62.099583
-62.381752
-62.719173
-62.779255
-62.243885
-62.119431
-62.447197
-62.568970
-62.401600
-61.801857
-61.599083
-62.119431
-62.530346
-62.297531
-61.893055
-61.785229
-62.078125
-62.504597
-62.251934
-61.650047
-61.359295
-61.880180
-62.390335
-62.155910
-61.691887
-61.620541
-61.969765
-62.230476
-61.962791
-61.856041
-61.780399
-62.080273
-62.403210
-62.336693
-61.866768
-61.726757
-62.067932
-62.252468
-62.319527
-61.802933
-61.622150
-62.011070
-62.531418
-62.418228
-62.045940
-61.771816
-61.976204
-62.589890
-62.189171
-61.846382
-61.724609
-61.957962
-62.145180
-62.087246
-61.829754
-61.698326
-62.092609
-62.316841
-61.854965
-61.593719
-61.540073
-61.773426
-62.184879
-61.960110
-61.493404
-61.554024
-61.648438
-62.010536
-61.851212
-61.613029
-61.533638
-61.837799
-62.245495
-62.005169
-61.534710
-61.517544
-61.743385
-61.926311
-61.821709
-61.300285
-61.275608
-61.715492
-62.016434
-61.982639
-61.458000
-61.326572
-61.562607
-62.039501
-62.028774
-61.452637
-61.392555
-61.529346
-61.885006
-61.922558
-61.325497
-61.205334
-61.533100
-61.833508
-61.608204
-61.382362
-61.017044
-61.396309
-61.861404
-61.601765
-61.168858
-61.105556
-61.367878
-61.462292
-61.353394
-61.173683
-61.046013
-61.213917
-61.541683
-61.613567
-61.194069
-60.994514
-61.348030
-61.492867
-61.279900
-61.123260
-61.051914
-61.300285
-61.490723
-61.316914
-60.938725
-60.919949
-61.137745
-61.361977
-61.258980
-60.894199
-60.662994
-60.788521
-61.079807
-60.905464
-60.381897
-60.235447
-60.547657
-61.048157
-60.868450
-60.513863
-60.426956
-60.641533
-60.951599
-60.847527
-60.275146
-60.294456
-60.607201
-61.006851
-60.982174
-60.473629
-60.201653
-60.565361
-60.887226
-60.784763
-60.326645
-60.077736
-60.243496
-60.684448
-60.600765
-60.260662
-60.188778
-60.322887
-60.610420
-60.680161
-60.457535
-60.108849
-60.438759
-61.086246
-60.892052
-60.365803
-59.926994
-60.146400
-60.717709
-60.693569
-59.938797
-59.821854
-60.189316
-60.621685
-60.653873
-60.218819
-59.777863
-60.024090
-60.418373
-60.505814
-59.918411
-59.778400
-60.107777
-60.353466
-60.332008
-59.748894
-59.536465
-59.893734
-60.275681
-60.187168
-59.789665
-59.588501
-59.890518
-60.058422
-60.071297
-59.718857
-59.383579
-59.583672
-60.191998
-60.017654
-59.583672
-59.316525
-59.647507
-59.910366
-59.866913
-59.615860
-59.371239
-59.604057
-60.024628
-59.821316
-59.482819
-59.342808
-59.528419
-59.840626
-59.795567
-59.356758
-59.237667
-59.604591
-60.041794
-59.879787
-59.364803
-59.068687
-59.486576
-59.777863
-59.696323
-59.159348
-59.039185
-59.336906
-59.745678
-59.653408
-59.206554
-59.120724
-59.408791
-59.583672
-59.402889
-58.891125
-58.691570
-59.071369
-59.563286
-59.441513
-58.979103
-58.836407
-59.265560
-59.377678
-59.321888
-59.107311
-58.909363
-59.250542
-59.618542
-59.413620
-59.023628
-58.791885
-58.909901
-59.143253
-59.157200
-58.848747
-58.438370
-58.907219
-59.295601
-59.155590
-58.526882
-58.490402
-58.769352
-58.994659
-58.908829
-58.576771
-58.518299
-58.715710
-59.079414
-58.958717
-58.568726
-58.394917
-58.768280
-59.009678
-58.906147
-58.381504
-58.122406
-58.443733
-58.840164
-58.787590
-58.456070
-58.161026
-58.380432
-58.822460
-58.773109
-58.076271
-58.049984
-58.323032
-58.478065
-58.533855
-58.137424
-57.797321
-58.149227
-58.670113
-58.726437
-58.223793
-57.807514
-57.977028
-58.628807
-58.442661
-58.078953
-58.047302
-58.004925
-58.030136
-58.112747
-57.973808
-58.092899
-58.179802
-58.610565
-58.369705
-57.805367
-57.802147
-58.029064
-58.463581
-58.280655
-57.863838
-57.610638
-57.996342
-58.191071
-57.898708
-57.758160
-57.644436
-57.843452
-58.352539
-58.189995
-57.762451
-57.492622
-57.740993
-58.080025
-57.945915
-57.523197
-57.507107
-57.504425
-57.902462
-57.855793
-57.486183
-57.244785
-57.331688
-57.664284
-57.788200
-57.383724
-57.333298
-57.446487
-57.986149
-57.857403
-57.390697
-57.088680
-57.209381
-57.602592
-57.688423
-57.504959
-57.381042
-57.413765
-57.868668
-57.641754
-57.042011
-56.919167
-57.188995
-57.670719
-57.697006
-57.352074
-57.222790
-57.379433
-57.908363
-57.775326
-57.138569
-56.974419
-57.162708
-57.700760
-57.571480
-57.069370
-56.859619
-57.180412
-57.562897
-57.767281
-57.302185
-56.960472
-57.193287
-57.394989
-57.311302
-57.165390
-57.120331
-57.198650
-57.503349
-57.346710
-57.029137
-56.869278
-57.019478
-57.326324
-57.456142
-57.068832
-56.663818
-56.906292
-57.344028
-57.395527
-56.820461
-56.562969
-56.764133
-57.017872
-57.089218
-56.730873
-56.525955
-56.680984
-57.247467
-57.272682
-56.867668
-56.388626
-56.461044
-57.020554
-57.094582
-56.597836
-56.317276
-56.733021
-57.015190
-56.996414
-56.576378
-56.349464
-56.549557
-56.965836
-56.860157
-56.441196
-56.080708
-56.332298
-56.624657
-56.849964
-56.323177
-55.889732
-56.465336
-56.913265
-56.657917
-56.339809
-56.242176
-56.356438
-56.807587
-56.746967
-56.253441
-55.865593
-56.073734
-56.459972
-56.510395
-56.159027
-55.915482
-56.053349
-56.478745
-56.343025
-55.931038
-55.774399
-56.020088
-56.361801
-56.323177
-55.849499
-55.753479
-56.039402
-56.339809
-56.465336
-55.885979
-55.721291
-56.242714
-56.626266
-56.728191
-56.328007
-55.926212
-56.246468
-56.501278
-56.501278
-56.310303
-55.837700
-55.908508
-56.440659
-56.548485
-56.088753
-55.588253
-55.981464
-56.496449
-56.631634
-56.208916
-55.919239
-56.041546
-56.353218
-56.409008
-55.938011
-55.699833
-55.894562
-56.419739
-56.365021
-55.895634
-55.737385
-55.961079
-56.353756
-56.405254
-55.833408
-55.803902
-55.866665
-56.224472
-56.471771
-56.019016
-55.646725
-55.879005
-56.319962
-56.328545
-55.865593
-55.649944
-55.903679
-56.313522
-56.372532
-55.684814
-55.601128
-55.788345
-56.162247
-56.192822
-55.797466
-55.597908
-55.557674
-56.065151
-56.159565
-55.777618
-55.531925
-55.607567
-56.067295
-56.184776
-55.468090
-55.205769
-55.539436
-55.916557
-56.034573
-55.669792
-55.183239
-55.402107
-56.121475
-56.060860
-55.527634
-55.353828
-55.355972
-55.818924
-55.928356
-55.393524
-55.073269
-55.405861
-55.941769
-55.946594
-55.263706
-55.003532
-55.218109
-55.771717
-55.866131
-55.406399
-55.185921
-55.352757
-55.664963
-55.879005
-55.641899
-55.275509
-55.150517
-55.501350
-55.521198
-55.136032
-54.892487
-55.172512
-55.534607
-55.494911
-55.282482
-54.994949
-54.967052
-55.487938
-55.463799
-54.921993
-54.748722
-54.809341
-55.296967
-55.151588
-54.729946
-54.645187
-54.727798
-55.139252
-55.221863
-54.979393
-54.520733
-54.621048
-54.963299
-54.930038
-54.608173
-54.442951
-54.438660
-54.926819
-55.023380
-54.603348
-54.210670
-54.407009
-54.989586
-54.890877
-54.449924
-54.332977
-54.500351
-54.794319
-54.728336
-54.432220
-54.357655
-54.353901
-54.631779
-54.874249
-54.539509
-54.254658
-54.444023
-54.898926
-54.749794
-54.199944
-54.072269
-54.296501
-54.673084
-54.734238
-54.368385
-54.149517
-54.448315
-54.633385
-54.618904
-54.232128
-54.130741
-54.208527
-54.487473
-54.383942
-54.288990
-54.063686
-54.140934
-54.544872
-54.660744
-54.253048
-53.952641
-54.121086
-54.475674
-54.590469
-54.020771
-53.721436
-53.814240
-54.017551
-54.247147
-53.875931
-53.712315
-53.748257
-54.036865
-54.248756
-53.708023
-53.387234
-53.534752
-53.769180
-53.845352
-53.679058
-53.345390
-53.062683
-53.315350
-53.354507
-52.906044
-52.758522
-53.077705
-53.428539
-53.618439
-53.266533
-53.064831
-53.002602
-53.518661
-53.819069
-53.125450
-52.985435
-53.165146
-53.423710
-53.384552
-52.974171
-52.774078
-52.908726
-53.256340
-53.548164
-53.140469
-52.910336
-53.002602
-53.499348
-53.579277
-53.249367
-52.896389
-52.866882
-53.213963
-53.336269
-53.199478
-52.786419
-52.734921
-53.113110
-53.395817
-53.062683
-52.667328
-52.759594
-53.161392
-53.279945
-52.924820
-52.711853
-52.664108
-52.834698
-53.180702
-52.801975
-52.867420
-52.870102
-53.220936
-53.279945
-52.769787
-52.517124
-52.562183
-52.898533
-53.130276
-52.695759
-52.400181
-52.389988
-52.704880
-53.164608
-52.743504
-52.435047
-52.348145
-52.826653
-52.943596
-52.519806
-52.296108
-52.399105
-52.907116
-52.942520
-52.558968
-52.235493
-52.379257
-52.792320
-52.906044
-52.402863
-52.031109
-52.176483
-52.530533
-52.748867
-52.339024
-52.146980
-52.097092
-52.514442
-52.837917
-52.373894
-52.148052
-52.171120
-52.450069
-52.505322
-52.035400
-51.972633
-52.233345
-52.460796
-52.349216
-51.962978
-51.832088
-51.745720
-52.252121
-52.290745
-52.018234
-51.684029
-51.962978
-52.285919
-52.296108
-51.858372
-51.479645
-51.590691
-51.975319
-52.227444
-51.877148
-51.450676
-51.541336
-52.102455
-52.129276
-51.807949
-51.657745
-51.574596
-52.056858
-52.320786
-51.793999
-51.447994
-51.590153
-52.031643
-52.074024
-51.587471
-51.365383
-51.306374
-51.811165
-52.093334
-51.588005
-51.298328
-51.519341
-51.756985
-51.987656
-51.551529
-51.153488
-51.218933
-51.781662
-51.758057
-51.463017
-51.338562
-51.427612
-51.815994
-51.950642
-51.558502
-51.128811
-51.253265
-51.665253
-51.815994
-51.399178
-51.063366
-51.230736
-51.522026
-51.726944
-51.401863
-51.170654
-51.336952
-51.764496
-51.612682
-51.456577
-51.231274
-51.179237
-51.453362
-51.711926
-51.333733
-51.075169
-51.174408
-51.638432
-51.789707
-51.173336
-50.849327
-50.909409
-51.418491
-51.652916
-51.397034
-51.014015
-51.060684
-51.623413
-51.645943
-51.244682
-51.066586
-51.244148
-51.660427
-51.741966
-51.374504
-50.989338
-51.097698
-51.532215
-51.622875
-51.242001
-50.882584
-50.979145
-51.531143
-51.638969
-51.085896
-50.722725
-50.845570
-51.254341
-51.397568
-51.036007
-50.668545
-50.786026
-51.203915
-51.184067
-50.686783
-50.439484
-50.453968
-50.935692
-51.032791
-50.729698
-50.406227
-50.571449
-51.163681
-51.308521
-50.855228
-50.387451
-50.429291
-50.766716
-50.914772
-50.619728
-50.430367
-50.340778
-50.599342
-50.925499
-50.464161
-50.254414
-50.295719
-50.768322
-51.030643
-50.635284
-50.299473
-50.324684
-50.809631
-51.021523
-50.637432
-50.306446
-50.321468
-50.849327
-51.118084
-50.608463
-50.299473
-50.323078
-50.858444
-51.158852
-50.705025
-50.259777
-50.381012
-50.767250
-50.841816
-50.671764
-50.354191
-50.442703
-50.687321
-50.871857
-50.426075
-50.080605
-50.177166
-50.725407
-50.816067
-50.392277
-50.156242
-50.029106
-50.386375
-50.507076
-50.128349
-49.790390
-49.918598
-50.315029
-50.555355
-50.257629
-49.947567
-49.969025
-50.261387
-50.515659
-50.315029
-50.102062
-50.020523
-50.360092
-50.695904
-50.265141
-50.007648
-49.943275
-50.285526
-50.458260
-50.281769
-49.809166
-49.742645
-50.233490
-50.442165
-50.038761
-49.830624
-49.898750
-50.403542
-50.414810
-49.859055
-49.908943
-49.924500
-50.303230
-50.378330
-50.035007
-49.655743
-49.694904
-49.995846
-50.236710
-49.885876
-49.558109
-49.589760
-49.906261
-50.286598
-49.826866
-49.399323
-49.517342
-50.019989
-50.272652
-49.916992
-49.685783
-49.629993
-50.052711
-50.289280
-49.766251
-49.588150
-49.539871
-50.038761
-50.224373
-49.633751
-49.256096
-49.510368
-49.849934
-49.905724
-49.664326
-49.266285
-49.369282
-49.849934
-49.864956
-49.412735
-49.186356
-49.368748
-49.680420
-49.853153
-49.383232
-49.226051
-49.084435
-49.463696
-49.830086
-49.477646
-49.028641
-49.198696
-49.632675
-49.900898
-49.392349
-49.121449
-49.047955
-49.398251
-49.812920
-49.529678
-48.906872
-48.819965
-49.418636
-49.800045
-49.566692
-49.096771
-49.189037
-49.605316
-49.954540
-49.670227
-49.046345
-49.172409
-49.518951
-49.622482
-49.399323
-49.237320
-49.071022
-49.625702
-49.747475
-49.351044
-49.035080
-49.069412
-49.370892
-49.816677
-49.436874
-49.161144
-49.021667
-49.485153
-49.731918
-49.239464
-48.922428
-48.962662
-49.469063
-49.806484
-49.383766
-48.889706
-48.970169
-49.336559
-49.665936
-49.295792
-48.981972
-49.028641
-49.419174
-49.696514
-49.204597
-48.830158
-48.973927
-49.407906
-49.695438
-49.184746
-48.984119
-49.082825
-49.304909
-49.307594
-49.086040
-48.979290
-49.050102
-49.450821
-49.817749
-49.560791
-48.981438
-48.500248
-48.861275
-49.176163
-48.985725
-48.855373
-48.817822
-49.151489
-49.393959
-48.978218
-48.389206
-48.414417
-48.833378
-48.981972
-48.764713
-48.524925
-48.508293
-48.740036
-49.069412
-48.912235
-48.461086
-48.401543
-48.869858
-49.126274
-48.881657
-48.513657
-48.613438
-48.948711
-49.304909
-48.895607
-48.574814
-48.587151
-48.952469
-49.182064
-48.905796
-48.612900
-48.576424
-49.151489
-49.478180
-49.091408
-48.689613
-48.445530
-48.827477
-49.180992
-48.790462
-48.583397
-48.499176
-48.919209
-49.117691
-48.772758
-48.484692
-48.309811
-48.852692
-49.369820
-48.964806
-48.569984
-48.779732
-49.129494
-49.419708
-48.995918
-48.479324
-48.484692
-48.951393
-49.110718
-48.811920
-48.533508
-48.511513
-49.026497
-49.252876
-49.093552
-48.704632
-48.620411
-48.972317
-49.156853
-49.018986
-48.690685
-48.623631
-48.970169
-49.201912
-48.898289
-48.594662
-48.321075
-48.832840
-49.348900
-48.976070
-48.295864
-48.418709
-48.796898
-49.025959
-48.708923
-48.484154
-48.515266
-48.872540
-49.275944
-48.992702
-48.613438
-48.511513
-48.802265
-49.163288
-48.936913
-48.506149
-48.487373
-48.935303
-49.339779
-48.944420
-48.502930
-48.564621
-48.985725
-49.150951
-48.936913
-48.532433
-48.592514
-48.930473
-49.067268
-48.924572
-48.539406
-48.417637
-48.696049
-48.889168
-48.784561
-48.594662
-48.374722
-48.751301
-49.069412
-48.666546
-48.304447
-48.006184
-48.587688
-48.800117
-48.418709
-48.246510
-48.336632
-48.704094
-48.959976
-48.549065
-48.396179
-48.273331
-48.698730
-49.045807
-48.744328
-48.203060
-48.254559
-48.599487
-48.811920
-48.653671
-48.387596
-48.336098
-48.672981
-48.862881
-48.640259
-48.398323
-48.381695
-48.662788
-49.015232
-48.747009
-48.333412
-48.304447
-48.641869
-49.062439
-48.726089
-48.332340
-48.165508
-48.786709
-49.027569
-48.686928
-48.285671
-48.470741
-48.905262
-48.954613
-48.446068
-48.220226
-48.404762
-48.899895
-49.066193
-48.576958
-48.228809
-48.327515
-48.855907
-49.124664
-48.878441
-48.334488
-48.240608
-48.631676
-49.025959
-48.806019
-48.638649
-48.481472
-48.876293
-49.130032
-48.793144
-48.414955
-48.402615
-48.741646
-48.867710
-48.611828
-48.334488
-48.304447
-48.606464
-48.877365
-48.736816
-48.427292
-48.642403
-48.762032
-48.932083
-48.657425
-48.365063
-48.277626
-48.660107
-48.958904
-48.487373
-48.269577
-48.347363
-48.633286
-48.766323
-48.535652
-48.161751
-48.295326
-48.708923
-48.895607
-48.511513
-48.213787
-48.205742
-48.733601
-49.035618
-48.663326
-48.155853
-48.216469
-48.664398
-48.991627
-48.708923
-48.347363
-48.361309
-48.654743
-48.987873
-48.659035
-48.455723
-48.382767
-48.748619
-49.064049
-49.110718
-48.722870
-48.652061
-48.898823
-49.223907
-48.832840
-48.542091
-48.433727
-48.915989
-49.142906
-48.889706
-48.353798
-48.370964
-48.549599
-48.611828
-48.656887
-48.220760
-48.205742
-48.518486
-48.992702
-48.651524
-48.425682
-48.382767
-48.718044
-49.032398
-48.684246
-48.341995
-48.444458
-48.814602
-49.143978
-48.728233
-48.338242
-48.369354
-48.716434
-48.959976
-48.721798
-48.406372
-48.306057
-48.675129
-48.939056
-48.671909
-48.411736
-48.215935
-48.332340
-48.683174
-48.550674
-48.633286
-48.773834
-48.890778
-48.938522
-48.647232
-48.386520
-48.175701
-48.618801
-48.734673
-48.471817
-48.254021
-48.173019
-48.547455
-48.867172
-48.569450
-48.059292
-48.089333
-48.468597
-48.654743
-48.538334
-48.043198
-48.098454
-48.545845
-48.835526
-48.576424
-48.047489
-48.066265
-48.466988
-48.661716
-48.619873
-48.122593
-47.948780
-48.310349
-48.725552
-48.569984
-48.248119
-48.021206
-48.444458
-48.862881
-48.574814
-48.072166
-47.866169
-48.426754
-48.708385
-48.477718
-48.103817
-48.219688
-48.604317
-48.979290
-48.762032
-48.488445
-48.245438
-48.573204
-48.852692
-48.641869
-48.177311
-48.280308
-48.587688
-48.792610
-48.680492
-48.411736
-48.150486
-48.713215
-49.010403
-48.549599
-48.120983
-47.862415
-48.240074
-48.689075
-48.374722
-47.970238
-47.851151
-48.170872
-48.660645
-48.368820
-48.022278
-48.134396
-48.357555
-48.562473
-48.309811
-47.943417
-47.730988
-48.229343
-48.649380
-48.307129
-47.849003
-47.864559
-48.102207
-48.442848
-48.214859
-47.507828
-47.291103
-47.876900
-48.303909
-47.917133
-47.528210
-47.394100
-47.816818
-48.125275
-47.955753
-47.548595
-47.383373
-47.677341
-48.071095
-47.766392
-47.263210
-47.199909
-47.601704
-48.045883
-47.732059
-47.601166
-47.447208
-47.750835
-47.901573
-47.760490
-47.513191
-47.228340
-47.762100
-48.075920
-47.901039
-47.429504
-47.170940
-47.769611
-48.066265
-47.900501
-47.548061
-47.338848
-47.611359
-48.015305
-47.733669
-47.441845
-47.303978
-47.614040
-47.936981
-47.747616
-47.359768
-46.971386
-47.269108
-47.618332
-47.530895
-47.323292
-47.036293
-47.262135
-47.758343
-47.460621
-46.955292
-47.010544
-47.349575
-47.617260
-47.305588
-46.919350
-46.899502
-47.056679
-47.458473
-47.281448
-46.743397
-46.676876
-46.971386
-47.266964
-47.221367
-46.836201
-46.530430
-46.806698
-47.238533
-47.059361
-46.828156
-46.649521
-46.985332
-47.190254
-47.065800
-46.648445
-46.423141
-46.940807
-47.298615
-47.132317
-46.602848
-46.367886
-46.747688
-47.173088
-46.787922
-46.196224
-46.140972
-46.614651
-46.884480
-46.669369
-46.571735
-46.415630
-46.746078
-47.253551
-46.848003
-46.414021
-46.442989
-46.786312
-47.229950
-47.103348
-46.787384
-46.600166
-46.770218
-46.868923
-46.631279
-46.354477
-46.250942
-46.688679
-47.010544
-47.132854
-46.665077
-46.432262
-46.802406
-47.104424
-46.977821
-46.557251
-46.377007
-46.633427
-47.116760
-47.075993
-46.499317
-46.377544
-46.731594
-47.108715
-46.970310
-46.501461
-46.489658
-46.850147
-47.170940
-47.012691
-46.543304
-46.518627
-46.786312
-47.018593
-46.857121
-46.499851
-46.363598
-46.587830
-46.933834
-46.615189
-46.410801
-46.352329
-46.599094
-46.838348
-46.857658
-46.566372
-46.259525
-46.569592
-46.781483
-46.578175
-46.359840
-46.172623
-46.652203
-46.995525
-46.901646
-46.367352
-46.136143
-46.596947
-47.082966
-46.917202
-46.559933
-46.354477
-46.760025
-47.075993
-46.710136
-46.464447
-46.333553
-46.537403
-47.056141
-46.859268
-46.391491
-46.278301
-46.637718
-46.853367
-46.820107
-46.292786
-46.084644
-46.597485
-46.868389
-46.617332
-46.306732
-46.162430
-46.479465
-46.716038
-46.535259
-46.315853
-45.985405
-46.405975
-46.890919
-46.751442
-46.242897
-46.160286
-46.322826
-46.703701
-46.513264
-46.317463
-46.296005
-46.501999
-46.631279
-46.607140
-46.092155
-46.106640
-46.422070
-46.764317
-46.684925
-45.995598
-45.785313
-46.221439
-46.541157
-46.389347
-45.978966
-45.799259
-46.159748
-46.563152
-46.318535
-46.011692
-45.890991
-46.223583
-46.583000
-46.489124
-46.043877
-45.915668
-46.202126
-46.360912
-46.004715
-45.634571
-45.702702
-46.379688
-46.752518
-46.550816
-46.018665
-45.977894
-46.328190
-46.511654
-46.220367
-45.901718
-45.848076
-46.039047
-46.280983
-46.178524
-45.798721
-45.683388
-45.999352
-46.298687
-46.270256
-45.786922
-45.644226
-46.108250
-46.362522
-46.220901
-45.940342
-45.748833
-46.047096
-46.357697
-46.308880
-45.992916
-45.852367
-46.059971
-46.446209
-46.500389
-46.112541
-45.887772
-46.220367
-46.635036
-46.402756
-45.992378
-45.769218
-46.182278
-46.742859
-46.414021
-46.041729
-45.996132
-46.330872
-46.556179
-46.362522
-46.045486
-45.941418
-46.181744
-46.512726
-46.431725
-46.191936
-45.937660
-46.132389
-46.550278
-46.445671
-45.879726
-45.819107
-45.969849
-46.346432
-46.227341
-45.932297
-46.067478
-46.152237
-46.418850
-46.396854
-46.150627
-45.982723
-46.331947
-46.514874
-46.366814
-45.973064
-45.800331
-46.173695
-46.779873
-46.491268
-45.944099
-45.694653
-46.094837
-46.576027
-46.164577
-45.924786
-45.762245
-46.074455
-46.464447
-46.432262
-45.830372
-45.772438
-46.033146
-46.348038
-46.069088
-45.776192
-45.673195
-45.999352
-46.464447
-46.113613
-45.864704
-45.665684
-45.948925
-46.494488
-46.297077
-45.892063
-45.572880
-45.744007
-46.265427
-46.025101
-45.770290
-45.611504
-45.886162
-46.196762
-46.072845
-45.923176
-45.617405
-46.025101
-46.311562
-46.087330
-45.631351
-45.501534
-45.937660
-46.432262
-46.154385
-45.851295
-45.791214
-46.077137
-46.415096
-46.204273
-45.672123
-45.550350
-46.032074
-46.365204
-46.056751
-45.763855
-45.672123
-46.037441
-46.392029
-46.232166
-45.717182
-45.572346
-45.615795
-45.949463
-46.149555
-45.704308
-45.544449
-45.647984
-45.783703
-46.115223
-46.208565
-46.010082
-46.299221
-46.613579
-46.203201
-45.864170
-45.600239
-46.249332
-46.448353
-46.236996
-45.962337
-46.054607
-46.364670
-46.263283
-46.475178
-46.368423
-46.013298
-46.394711
-46.646839
-46.553497
-46.255772
-46.041195
-46.114151
-46.754662
-46.622162
-46.331947
-45.914593
-46.134537
-46.809380
-46.721939
-46.108250
-46.143120
-46.343746
-46.628597
-46.567982
-46.180134
-46.228413
-46.280449
-46.616261
-46.372181
-45.913521
-45.687679
-46.132389
-46.410267
-46.263283
-45.979504
-45.881870
-46.345894
-46.548130
-46.311562
-45.875969
-45.797115
-46.121662
-46.432262
-46.256844
-45.831448
-45.906548
-46.063725
-46.381836
-46.394711
-45.903866
-45.666222
-45.799797
-46.313171
-46.415096
-45.893673
-45.739178
-45.997742
-46.170475
-46.238605
-45.624916
-45.611504
-46.027782
-46.329266
-46.338921
-45.709675
-45.487049
-45.866314
-46.294933
-46.246651
-45.799259
-45.450573
-45.883480
-46.396320
-46.276691
-45.642620
-45.426434
-45.983257
-46.031540
-45.866314
-45.521919
-45.424286
-45.578781
-46.095913
-45.921566
-45.477932
-45.252625
-45.622768
-45.807842
-45.797115
-45.334164
-45.157673
-45.482224
-45.937126
-45.740788
-45.265499
-45.209709
-45.547668
-45.858269
-45.825008
-45.139973
-45.028927
-45.339527
-45.567516
-45.539085
-45.437160
-45.249943
-45.434479
-45.772972
-45.526211
-45.280521
-45.179668
-45.323437
-45.645302
-45.609360
-44.828835
-44.839027
-45.320751
-45.646908
-45.505825
-45.326118
-45.049313
-45.062187
-45.561077
-45.421066
-44.754269
-44.567051
-45.215611
-45.581463
-45.356693
-45.068626
-44.836346
-45.241898
-45.589512
-45.403366
-44.967773
-44.785385
-45.064335
-45.176987
-45.079353
-44.582073
-44.640007
-44.850830
-45.235458
-45.137291
-44.444744
-44.248943
-44.814350
-45.274082
-45.233849
-44.940414
-44.696873
-44.829910
-45.101349
-44.974213
-44.613724
-44.396999
-44.597630
-44.973141
-44.907158
-44.457619
-44.241970
-44.577782
-44.973675
-44.862633
-44.557934
-44.113758
-44.482830
-44.945244
-44.999962
-44.506435
-44.159893
-44.527355
-45.085793
-45.235996
-44.797722
-44.781628
-45.067017
