-127.276733
-125.956017
-128.852264
-131.267868
-128.492844
-126.812714
-126.276268
-128.912338
-131.364426
-129.508331
-127.713394
-126.734924
-129.026077
-131.716324
-129.752945
-127.856628
-127.943527
-129.802841
-131.210464
-129.823761
-128.228912
-127.116875
-129.084549
-132.067154
-128.853867
-127.114731
-126.899078
-129.373154
-131.855270
-129.462738
-127.314819
-127.844292
-129.948212
-132.185715
-129.234741
-126.976326
-126.674843
-129.585587
-132.591797
-129.772797
-127.158714
-127.439812
-129.788361
-131.800018
-129.882767
-127.787964
-127.544952
-129.469711
-131.052216
-128.006302
-127.577141
-127.581436
-128.208527
-130.399368
-128.979935
-127.582504
-126.280022
-129.376907
-132.297287
-129.756165
-127.349152
-127.360420
-128.945602
-131.642303
-130.315674
-127.404945
-126.466705
-129.622589
-131.013046
-128.974579
-127.240791
-127.379196
-129.108139
-131.408401
-128.198334
-125.240936
-126.995636
-130.933655
-132.502747
-129.522278
-126.748878
-126.366394
-129.299652
-130.956726
-128.869965
-126.710785
-126.737076
-128.322800
-130.377365
-129.764755
-127.802444
-127.433372
-128.750870
-130.387024
-128.041168
-127.770264
-127.568024
-128.697769
-131.121948
-128.643585
-126.399651
-126.964523
-130.332306
-131.753876
-129.806061
-127.366318
-126.697914
-127.576065
-130.836563
-129.706818
-127.537445
-126.595993
-128.364105
-130.604813
-129.847366
-128.014343
-127.329842
-128.641983
-131.285568
-129.710037
-126.795547
-126.944138
-128.840469
-131.161652
-129.251373
-126.712936
-126.018776
-129.065765
-132.315536
-130.022247
-127.209679
-126.959160
-128.947754
-130.888062
-129.088837
-126.852943
-126.990273
-129.081863
-132.164261
-129.799622
-127.604500
-127.389923
-129.227768
-131.980789
-130.179962
-127.460197
-126.842751
-129.627960
-131.407867
-129.147308
-126.668945
-126.489235
-129.579681
-131.928757
-129.291611
-127.538521
-126.764969
-128.853867
-131.617081
-129.686966
-127.117950
-126.491386
-129.111359
-131.509262
-129.388168
-126.536446
-126.256424
-128.702591
-131.714188
-129.785141
-126.556831
-127.028900
-129.262100
-131.594025
-130.095200
-127.335205
-126.919464
-128.416138
-131.266251
-129.698776
-127.459663
-127.333595
-129.420349
-131.649277
-129.993271
-126.984909
-126.556290
-128.851196
-131.867599
-131.438446
-127.340034
-125.866966
-128.192978
-130.967987
-129.369400
-127.162476
-127.062691
-129.251907
-132.151917
-129.979324
-127.707497
-126.915710
-128.380188
-130.268463
-129.696625
-127.785820
-127.279953
-129.764221
-131.793045
-130.378983
-127.323944
-126.259644
-127.187683
-131.100494
-130.191223
-128.263794
-127.542809
-129.221878
-131.857941
-129.953583
-126.756386
-126.630859
-128.615158
-132.104706
-131.016800
-127.579285
-126.134109
-128.750336
-131.830582
-129.867752
-126.336891
-125.663651
-127.875404
-131.163254
-129.623672
-127.061081
-127.418892
-129.082397
-131.333847
-129.780838
-127.000999
-126.302017
-128.737473
-131.147156
-129.764221
-127.293365
-126.736534
-128.601212
-130.976578
-130.120407
-127.630783
-126.724731
-128.250916
-132.080032
-129.949829
-126.785889
-127.180710
-128.720840
-131.290390
-130.036728
-127.978935
-127.178032
-128.618378
-130.776474
-129.806061
-127.897934
-126.440422
-128.287933
-131.065079
-130.277588
-127.130821
-126.865822
-129.211136
-131.007690
-129.593094
-127.398506
-125.997322
-128.736389
-131.878860
-130.126846
-127.485947
-126.858307
-128.871582
-131.694336
-130.291534
-127.302483
-126.461876
-129.245468
-131.552719
-129.558762
-127.545494
-127.144234
-128.915558
-131.407333
-129.852188
-127.642586
-126.741898
-128.526642
-131.857941
-130.417068
-127.503113
-127.466095
-128.680603
-131.742615
-130.487335
-127.220947
-127.063766
-128.883377
-130.547958
-129.499207
-127.789032
-126.710251
-128.136642
-131.139114
-129.451462
-127.283707
-127.807808
-128.543274
-130.213760
-130.365036
-127.542809
-126.580971
-128.925751
-131.754944
-129.901001
-127.304626
-127.070206
-128.541656
-131.503891
-130.051743
-128.430618
-126.964523
-128.076035
-130.915955
-129.893494
-127.694626
-126.835243
-128.858704
-131.244797
-129.843079
-126.952721
-126.207603
-127.720909
-130.320511
-130.345184
-127.454300
-126.499428
-129.202560
-131.807526
-129.251373
-126.314896
-126.406624
-128.592621
-131.112289
-129.963242
-127.884521
-126.397507
-127.989128
-131.806992
-130.393997
-127.375977
-125.979080
-127.865746
-131.149841
-130.140259
-127.829803
-127.409775
-129.404800
-132.125626
-130.409561
-127.848045
-126.642120
-128.978867
-131.894424
-130.077499
-127.604500
-126.845436
-128.603348
-131.276443
-129.952499
-127.597527
-127.066452
-128.768585
-132.965698
-130.914886
-127.564804
-126.908195
-129.055038
-131.963089
-130.589798
-127.067520
-127.004761
-128.688110
-131.871353
-131.200806
-128.140945
-127.434982
-129.071136
-132.237747
-131.543060
-128.169907
-127.177490
-128.398438
-131.210464
-130.547958
-128.381805
-127.069130
-129.029831
-131.845612
-129.953583
-127.364708
-127.063766
-128.604965
-131.398209
-130.205704
-127.385635
-127.552467
-129.449860
-131.339203
-129.990051
-127.680138
-126.225311
-128.272369
-131.505508
-130.892349
-128.709564
-127.983765
-129.632248
-131.751190
-130.638611
-127.136185
-125.643265
-128.456909
-131.579529
-130.663834
-127.982689
-126.670555
-129.237427
-132.147095
-131.341354
-128.391464
-126.641586
-127.925293
-130.969070
-130.378983
-127.269226
-126.280563
-128.686508
-131.865997
-130.772186
-128.135574
-126.675385
-128.706894
-132.461441
-131.077423
-127.937096
-126.852943
-128.498215
-132.115982
-130.686356
-126.703278
-126.586334
-128.583511
-131.126770
-130.344101
-128.104462
-127.399040
-128.884979
-131.651413
-131.016266
-128.183853
-127.349693
-128.752487
-130.948685
-130.627884
-128.001465
-126.620132
-128.268082
-131.569336
-130.641830
-127.378654
-126.690941
-129.505646
-132.599838
-131.389099
-127.628105
-127.039627
-129.310379
-131.752274
-131.049530
-127.823364
-126.641586
-129.000320
-131.778015
-131.099411
-128.945068
-128.201553
-129.543732
-133.552567
-131.893356
-128.143082
-127.122772
-128.696152
-131.922852
-131.530182
-128.116272
-126.793938
-128.743896
-132.241501
-131.603668
-129.398361
-127.669945
-128.990128
-132.267258
-130.781311
-128.015945
-128.154358
-129.655319
-132.280670
-131.207779
-128.407013
-127.371147
-129.383347
-132.924393
-132.104706
-129.342575
-128.363022
-129.638687
-132.835876
-132.666901
-129.568420
-127.776161
-129.132828
-132.862167
-132.240433
-129.295364
-129.088837
-130.547958
-133.793427
-132.252228
-128.999252
-128.203705
-129.939102
-131.958801
-131.338135
-129.078644
-128.161865
-129.943390
-133.113754
-133.357300
-130.141876
-127.797623
-129.725052
-132.945847
-132.203949
-128.595306
-127.387779
-130.025467
-133.222122
-132.164795
-129.533005
-129.336136
-129.985764
-132.669586
-132.829437
-130.041016
-129.206848
-130.455688
-132.917953
-131.921249
-128.422577
-127.739685
-128.599594
-131.946457
-132.443207
-129.504044
-128.353378
-130.514160
-133.156143
-131.900864
-129.618835
-128.746048
-130.106461
-133.011292
-133.129852
-130.386490
-129.806595
-130.324799
-133.234451
-133.421677
-129.993805
-128.612473
-129.714859
-132.736633
-132.597168
-130.463730
-129.442886
-130.002396
-132.689972
-132.763992
-130.376831
-129.178955
-130.591415
-133.526276
-133.331009
-129.850052
-129.436447
-130.376297
-133.381439
-133.247864
-130.683136
-128.993347
-130.372543
-133.996201
-132.686752
-129.306625
-128.184387
-130.348938
-134.446274
-133.223724
-130.216965
-129.757248
-130.787216
-133.644302
-133.431335
-130.616089
-129.094193
-130.411697
-132.784912
-133.114822
-131.293610
-129.787811
-130.849442
-133.538620
-132.946381
-129.844147
-128.835098
-131.547882
-133.648590
-132.963547
-130.778091
-129.361877
-131.347260
-133.867462
-133.181885
-130.316208
-129.772797
-129.535690
-132.956573
-132.833191
-130.161713
-129.675705
-131.753342
-134.014450
-133.266113
-130.091980
-129.485260
-130.811890
-132.671188
-132.853577
-130.921860
-129.462738
-131.725449
-133.229630
-132.432480
-130.360733
-129.601135
-131.442200
-133.456009
-133.877655
-131.178268
-130.211075
-131.959869
-133.911987
-133.513947
-130.616089
-130.023849
-131.691650
-134.293930
-134.012833
-129.160187
-128.788422
-131.329544
-133.689896
-133.946320
-131.650879
-130.110764
-131.075272
-134.060577
-134.316452
-131.072601
-129.962158
-130.533478
-133.958649
-134.695724
-130.961548
-128.620514
-130.170837
-134.108856
-134.022491
-131.478149
-131.478683
-131.799469
-134.102951
-134.844849
-131.249084
-130.023315
-131.533401
-133.347641
-133.153458
-130.826370
-130.258270
-131.193298
-133.620163
-133.629807
-131.255524
-130.058716
-131.950745
-133.965088
-134.775116
-131.611725
-129.896179
-130.994812
-134.744003
-134.293396
-130.824219
-129.453079
-130.944916
-134.145874
-134.297684
-132.580002
-131.140732
-132.500061
-136.002502
-135.690826
-132.396530
-130.080185
-131.807526
-134.820709
-134.047699
-131.029678
-130.187469
-130.125244
-134.570740
-134.582001
-131.045242
-130.927216
-132.690506
-134.886703
-134.982727
-131.349930
-129.663361
-130.699768
-133.719406
-134.268173
-131.499603
-130.454620
-131.391785
-134.479004
-135.034225
-132.010834
-130.917023
-132.264572
-134.266571
-134.268723
-131.868683
-130.947067
-131.881546
-134.555710
-134.214539
-131.935196
-130.062469
-131.773727
-134.151230
-134.378143
-131.731888
-131.074738
-132.625061
-135.471954
-134.404968
-131.998489
-130.971741
-132.725372
-135.673126
-135.027252
-131.934662
-130.760925
-132.662613
-134.639938
-134.270325
-131.664825
-129.454681
-131.088150
-135.289566
-136.441299
-133.468887
-130.270615
-131.875107
-135.500931
-135.417236
-131.967911
-131.505508
-132.720551
-134.615265
-134.706451
-132.753265
-131.015732
-131.462585
-133.806839
-135.047623
-132.753799
-132.286560
-133.087479
-135.503601
-136.347961
-132.861099
-130.484116
-131.704529
-134.166260
-134.757950
-132.030151
-131.155746
-131.845612
-134.026245
-135.025101
-132.953903
-131.097275
-132.751129
-134.411407
-135.504684
-133.699554
-130.830658
-131.437378
-133.998352
-135.562607
-133.714569
-131.811813
-131.631561
-135.236450
-135.928467
-132.878799
-131.744751
-132.555862
-135.374863
-135.788452
-132.430862
-130.210541
-132.031219
-135.662399
-136.557175
-134.106705
-132.097198
-132.144943
-135.787918
-135.819031
-132.771500
-131.408951
-132.996811
-135.833511
-135.860870
-133.143799
-131.702911
-132.798859
-135.989090
-136.028778
-133.602997
-131.710968
-133.394318
-135.391495
-135.767532
-133.702240
-131.810196
-132.330551
-135.086258
-136.219223
-133.761780
-132.405121
-133.027390
-135.532578
-136.413406
-133.858871
-132.060715
-133.483368
-136.216537
-136.883331
-133.462448
-131.987228
-132.932983
-135.724625
-137.138687
-133.478531
-132.289780
-133.449036
-135.403824
-136.004105
-133.652878
-132.255981
-133.830978
-135.999283
-136.209030
-132.971069
-132.059113
-133.671127
-135.624298
-135.852295
-133.419525
-132.349869
-133.532181
-136.021271
-135.887695
-133.290253
-132.452866
-133.556854
-135.542236
-135.620544
-132.854126
-132.574097
-133.094986
-135.927399
-136.344742
-133.605667
-132.719467
-133.616943
-135.757874
-136.251938
-134.044479
-132.444275
-133.778412
-136.568436
-136.321686
-133.695267
-132.228088
-133.049927
-135.956360
-136.930542
-134.022491
-132.833740
-133.864243
-136.134995
-136.358688
-133.696869
-132.656174
-134.428040
-137.037827
-137.159058
-135.299759
-133.079956
-132.938873
-136.714890
-137.615036
-133.896957
-132.662613
-133.956512
-137.091476
-137.612350
-134.644760
-133.108398
-133.727448
-136.463837
-137.704086
-134.936584
-132.022095
-133.068695
-137.081818
-137.276550
-134.957504
-133.824539
-134.450577
-136.619400
-137.152084
-133.849213
-132.539230
-133.667908
-136.420914
-137.466980
-134.148010
-132.862167
-134.467743
-136.754044
-136.482605
-133.256989
-132.509720
-133.762314
-137.032471
-136.915527
-132.675491
-132.528503
-134.597015
-137.354324
-137.197159
-133.931824
-132.966232
-133.690964
-136.200974
-137.897202
-134.941422
-133.454391
-134.228485
-137.122055
-137.733063
-133.377686
-132.372925
-133.420059
-136.343140
-137.909012
-134.703232
-133.653412
-133.754807
-136.590439
-138.464767
-135.261139
-133.081573
-134.109390
-136.733124
-138.028641
-134.676956
-132.803696
-134.513336
-136.958435
-137.631134
-134.864700
-133.011826
-134.269257
-137.007782
-137.803329
-134.311096
-132.924393
-134.609360
-137.200912
-137.841949
-135.307800
-134.710739
-135.820099
-138.130020
-139.120834
-135.516479
-132.578918
-134.173233
-136.824326
-136.764236
-134.457550
-134.116898
-134.846466
-137.440155
-138.051163
-135.264893
-133.683990
-134.722015
-136.977219
-137.611282
-135.319611
-132.768829
-134.019272
-136.718109
-137.881119
-135.668289
-133.719406
-134.249939
-137.844101
-138.562927
-136.072235
-134.161972
-134.260132
-137.307663
-138.923416
-135.815277
-135.201050
-136.037369
-137.563538
-137.811371
-135.630737
-133.020950
-134.057358
-137.316772
-137.257767
-134.961258
-134.606140
-135.390945
-138.021667
-137.932083
-135.234848
-133.986542
-135.234848
-138.360153
-138.456711
-135.129166
-133.410416
-134.394241
-136.599564
-137.963196
-135.288498
-133.303665
-134.780487
-138.632141
-138.688995
-134.580933
-133.301514
-134.937653
-137.068405
-138.303833
-135.307800
-134.001038
-135.012222
-137.285660
-138.432037
-135.788986
-133.963486
-135.803482
-138.827942
-139.201294
-136.577560
-134.659775
-134.776184
-137.756668
-138.309189
-135.802399
-134.870605
-135.458008
-138.595657
-139.123520
-135.758408
-133.679703
-134.722015
-137.501312
-138.531815
-136.606537
-134.748825
-134.145340
-135.911301
-137.366135
-135.112000
-133.671661
-134.560547
-137.299606
-138.495346
-135.305115
-133.905014
-136.150024
-138.235168
-137.699799
-135.753052
-134.995056
-135.187103
-137.958893
-139.075241
-135.680099
-135.042267
-135.298691
-138.233551
-138.802719
-135.846390
-133.230164
-133.919495
-138.476563
-139.661026
-136.390350
-134.079346
-135.487518
-138.802719
-139.324677
-136.144653
-133.722626
-135.641464
-138.857437
-139.678726
-137.110245
-134.978958
-136.325974
-138.486221
-139.279083
-136.951996
-134.814819
-135.779343
-138.189026
-139.514587
-136.766388
-134.947845
-135.507355
-138.354797
-139.286057
-135.598557
-134.132462
-135.486969
-138.399857
-139.048950
-136.008926
-134.290176
-135.610352
-139.604706
-140.757523
-136.957901
-135.635040
-136.297546
-138.804871
-139.736130
-137.627914
-135.368423
-135.830841
-138.378403
-138.582245
-136.569519
-135.436554
-136.251938
-137.568909
-139.826797
-136.839340
-134.620087
-136.472412
-139.072556
-138.896057
-135.764847
-135.491272
-136.756729
-139.020523
-140.300461
-137.096298
-135.788986
-136.931076
-138.804337
-139.974854
-136.574875
-134.726303
-135.767532
-138.106415
-139.739883
-137.083969
-136.005722
-136.542694
-138.618729
-139.345062
-136.670364
-134.192001
-134.539078
-137.895599
-140.062820
-137.252411
-134.481140
-135.497711
-138.332260
-138.713135
-136.360306
-135.792206
-136.285202
-138.336014
-139.452347
-136.585602
-135.839951
-135.926315
-138.226044
-139.231873
-135.785233
-134.180206
-135.382904
-137.665466
-138.697037
-136.238525
-134.642624
-135.033676
-138.189575
-140.165283
-137.116684
-134.097061
-134.715042
-137.186966
-139.126740
-136.326508
-134.194687
-136.470810
-139.067719
-139.803192
-136.456863
-134.843246
-134.931763
-137.729843
-139.205597
-136.154312
-133.543991
-135.257919
-138.042053
-138.695435
-136.318466
-136.115143
-135.542236
-136.976669
-138.670761
-136.240143
-133.754272
-134.502075
-137.972305
-138.753372
-136.470276
-134.840027
-134.662994
-137.684235
-138.503387
-136.241211
-134.551422
-134.606674
-136.469208
-137.500778
-136.018585
-134.238678
-135.445129
-137.582321
-138.428284
-134.892059
-133.604065
-134.207565
-135.993912
-137.434265
-135.505753
-133.132538
-134.332550
-136.668762
-138.156311
-135.673660
-133.953293
-134.700012
-136.247116
-136.954681
-134.918350
-133.247864
-134.310562
-138.249649
-139.288208
-135.751434
-132.705521
-133.972595
-136.705231
-137.941193
-136.357620
-133.761246
-134.348114
-137.340378
-137.719116
-134.207565
-132.682999
-133.457077
-136.893524
-137.720184
-135.199982
-134.055206
-134.271942
-136.403214
-137.822647
-134.999344
-133.263962
-133.321365
-135.310486
-137.409576
-134.483826
-132.205566
-133.682922
-136.770676
-137.950317
-134.966095
-132.763458
-133.596558
-135.779343
-136.757263
-135.376999
-133.941483
-133.705994
-136.233704
-136.656418
-134.360977
-133.342819
-135.250946
-137.925110
-137.365601
-134.575562
-133.926468
-133.255371
-136.551270
-137.704086
-134.766541
-133.409866
-134.364746
-136.537872
-137.719116
-134.738632
-132.959259
-133.270401
-135.527206
-136.619934
-134.522995
-133.648590
-133.056900
-135.282593
-136.774979
-134.511719
-132.754349
-133.206024
-135.434402
-136.588287
-134.387268
-133.312775
-133.900711
-136.464905
-136.019669
-133.652344
-133.085327
-133.378220
-136.138748
-136.874222
-134.094910
-131.892822
-133.620697
-136.413940
-137.049637
-133.688828
-132.763458
-132.725906
-135.573349
-135.838882
-133.141647
-132.421204
-134.085785
-135.668289
-136.197754
-134.096512
-132.268326
-132.795654
-134.893677
-135.978897
-133.384125
-132.391708
-132.716797
-135.046021
-136.518555
-133.677551
-132.558533
-132.607361
-134.962341
-136.444519
-133.976898
-132.839630
-132.536545
-134.149094
-135.815277
-133.072449
-131.151459
-131.999039
-135.506287
-136.159134
-133.201736
-132.259201
-132.886841
-133.978500
-135.746078
-132.752731
-130.796326
-132.164795
-134.844315
-135.068558
-132.121338
-131.231918
-132.460907
-134.048233
-135.426895
-133.255920
-131.464203
-131.772659
-135.584076
-136.632813
-133.039734
-131.332230
-132.693726
-134.649597
-135.979965
-133.827759
-131.334915
-132.434616
-133.959732
-135.373779
-133.748901
-132.225403
-132.863235
-133.629272
-134.416779
-132.405655
-130.125778
-131.572021
-133.753738
-134.794434
-132.404037
-131.222794
-131.392853
-133.201736
-134.710205
-132.614334
-131.493698
-131.578995
-134.285889
-134.349182
-132.105789
-131.017349
-131.636932
-134.042877
-134.852371
-132.614334
-130.747513
-131.746902
-134.242432
-134.165176
-131.529648
-129.944458
-131.484055
-134.281586
-135.379150
-132.186783
-131.399826
-131.578995
-134.190399
-134.797653
-132.504898
-130.503433
-130.917023
-133.247330
-134.562683
-132.971069
-131.345108
-131.956116
-134.192535
-134.575562
-131.628891
-130.007767
-130.627350
-133.790741
-134.149094
-131.798935
-130.385422
-130.846222
-133.756958
-135.299225
-132.294067
-131.254990
-131.582748
-133.785919
-134.292313
-131.248550
-129.818924
-131.421280
-133.432404
-134.373856
-132.353088
-130.083405
-130.219650
-132.995743
-134.345428
-131.884766
-130.609650
-131.259811
-134.085785
-134.556778
-132.669586
-130.635391
-131.146622
-133.692581
-134.533722
-132.136902
-129.822144
-130.340347
-133.932907
-134.651733
-131.205627
-129.660675
-130.556000
-132.665833
-133.917877
-132.423355
-131.779083
-131.590805
-132.985016
-134.559998
-132.306412
-130.249161
-130.795258
-132.673340
-134.132462
-131.963089
-130.817780
-130.435837
-132.926010
-134.021423
-131.539307
-130.728745
-131.536621
-133.149155
-133.600845
-131.266785
-129.602753
-130.063553
-133.191544
-133.655029
-131.296829
-129.947144
-130.336594
-132.319290
-134.104568
-131.160568
-129.910126
-130.490021
-131.918564
-132.105789
-130.801697
-130.464813
-130.289932
-131.364426
-132.773651
-130.431549
-130.471786
-130.730347
-132.256516
-133.908234
-132.495239
-129.826981
-129.278198
-133.002716
-133.409866
-131.127319
-129.397827
-130.057648
-132.246872
-133.767685
-131.601532
-129.451462
-129.441269
-132.022095
-134.138367
-131.574173
-130.178879
-130.267395
-131.784988
-132.547272
-130.993210
-129.592560
-129.410156
-131.311310
-133.430252
-131.345642
-129.457901
-129.452011
-131.635864
-132.933517
-130.861771
-129.118332
-129.287857
-131.804840
-133.081039
-130.816177
-129.833420
-129.594162
-132.439453
-132.854660
-129.524429
-129.629562
-130.074814
-131.682526
-133.124481
-130.882690
-129.372604
-129.492783
-131.289322
-132.385803
-129.813034
-128.389313
-128.045456
-130.893967
-132.987152
-129.818924
-128.788422
-128.827057
-131.387482
-133.504822
-130.640228
-129.122101
-129.566803
-131.658386
-132.945313
-130.444962
-129.150528
-128.898941
-130.958878
-132.812820
-130.862305
-128.969742
-128.604431
-131.056503
-132.379898
-129.666046
-127.896324
-128.756241
-130.221268
-132.080566
-130.818863
-128.999786
-129.529785
-131.221191
-132.780624
-129.991135
-128.105530
-129.851654
-131.532333
-132.713028
-130.827972
-129.784592
-129.846832
-131.072067
-132.592865
-130.804382
-128.647873
-128.781982
-131.108536
-133.377151
-130.657928
-128.427399
-129.015335
-131.296295
-132.577850
-129.785141
-128.058334
-127.102386
-130.215363
-132.815491
-130.213211
-128.477295
-129.140869
-131.199738
-131.831665
-130.020096
-128.044388
-128.355515
-130.613937
-132.358444
-130.400970
-129.326477
-129.712723
-130.886993
-132.111679
-129.720764
-128.343185
-129.044312
-131.465271
-132.164261
-128.752487
-127.855553
-128.431686
-129.196121
-131.017883
-128.806137
-127.561050
-128.935410
-130.831192
-131.376755
-129.860245
-128.629105
-128.688110
-131.273758
-132.953903
-129.519058
-127.386703
-128.856552
-131.449173
-131.330093
-129.125305
-128.211746
-128.731033
-130.038330
-132.567657
-129.254593
-128.454758
-128.639297
-130.215363
-130.938492
-128.474075
-128.111969
-127.816391
-130.402573
-132.340744
-128.999252
-127.403870
-127.676918
-130.112366
-131.423965
-129.106003
-127.408165
-127.137260
-129.528183
-130.971741
-129.301804
-128.001465
-128.320648
-130.032440
-130.267929
-128.266464
-127.585190
-129.666580
-130.782913
-131.967911
-129.570557
-126.829338
-127.842682
-130.237350
-130.949219
-128.379120
-127.711250
-128.595306
-129.514771
-131.786057
-129.237427
-127.702133
-128.355515
-129.933197
-130.990524
-129.010513
-127.578751
-128.578140
-130.481979
-131.682526
-128.685425
-127.233818
-127.136185
-128.894638
-131.290924
-128.996567
-127.098633
-127.096489
-128.768036
-130.627884
-128.615158
-126.710785
-127.510620
-130.074814
-130.993210
-128.479431
-127.035873
-127.303017
-128.696152
-130.724976
-128.549713
-126.705421
-127.856628
-129.791580
-130.215363
-127.440346
-126.558441
-125.921143
-128.388245
-130.698166
-128.007370
-125.754852
-126.804131
-130.260956
-131.267868
-128.003616
-125.755920
-126.632469
-129.073273
-129.949829
-128.638229
-126.805199
-125.993027
-128.355515
-130.218048
-127.027824
-125.692619
-126.241936
-128.805054
-130.028687
-126.990273
-125.278488
-125.603569
-129.298584
-130.937408
-127.967133
-125.685112
-125.587479
-128.330307
-129.107605
-127.080933
-126.060623
-126.017708
-127.510620
-127.385635
-125.233963
-124.420715
-125.443176
-127.605576
-129.442352
-127.405479
-125.554756
-126.779449
-129.390854
-130.455688
-128.028824
-126.384628
-126.173813
-128.137726
-129.199341
-127.668335
-126.384094
-126.849190
-127.656532
-129.187546
-126.376587
-124.106361
-125.044060
-127.186073
-128.569565
-126.249985
-126.221550
-126.737610
-128.466568
-129.671417
-128.620514
-125.756454
-125.697449
-127.321259
-128.203705
-126.770332
-124.299484
-124.887955
-127.468246
-129.105469
-127.062691
-124.917465
-123.671310
-127.128677
-129.313065
-126.822906
-125.130966
-125.420105
-126.886742
-128.358200
-125.621277
-123.910561
-124.937309
-126.881378
-129.226700
-126.952721
-125.922218
-126.468849
-126.446861
-127.579826
-126.474220
-125.375046
-125.077324
-127.207535
-129.260498
-126.770866
-124.648705
-124.128357
-127.188759
-129.260498
-126.259644
-124.488846
-123.868179
-127.011734
-128.404877
-126.374435
-125.412064
-124.558586
-126.406624
-129.174133
-127.308922
-125.279022
-126.021461
-127.585190
-128.722443
-125.940460
-125.317108
-125.333206
-126.468849
-128.437057
-126.411987
-123.850479
-124.742584
-126.727417
-128.494995
-126.745659
-124.858994
-124.092949
-126.844894
-128.568481
-126.729561
-125.292969
-125.396507
-127.742363
-129.044846
-125.972107
-123.551147
-123.934700
-127.593231
-129.014801
-125.897003
-123.426689
-125.171738
-127.474144
-128.513229
-125.929192
-123.522179
-123.119308
-126.760674
-129.048065
-126.661972
-123.607475
-124.458267
-127.009583
-128.207458
-125.410454
-123.250740
-123.044205
-127.839996
-129.369934
-126.002686
-123.277023
-123.552216
-126.709717
-127.878624
-125.475899
-123.729782
-123.440102
-126.241402
-127.934410
-125.616447
-123.583328
-123.933090
-126.378731
-127.499893
-125.541344
-124.970573
-125.023140
-126.937706
-128.179565
-126.364243
-124.240471
-124.385315
-126.367462
-127.439278
-125.507011
-123.788254
-124.464706
-126.116943
-126.163620
-124.838066
-123.915924
-124.509232
-126.361031
-127.447319
-124.689476
-123.106438
-124.208824
-125.971031
-126.928581
-125.257568
-123.709930
-123.459412
-125.717300
-128.407013
-125.206070
-123.524857
-123.530228
-126.080467
-127.422112
-125.463028
-123.948112
-124.234573
-126.008049
-128.405945
-125.885201
-123.062981
-124.111725
-126.021996
-127.578751
-125.342323
-123.094101
-123.260391
-125.701202
-127.358810
-125.430298
-124.288750
-124.004974
-126.077789
-127.318573
-125.023140
-124.094025
-123.797913
-125.251663
-127.951042
-125.293510
-123.743729
-123.692230
-125.008118
-126.388924
-124.753311
-123.118240
-123.546318
-125.103073
-126.943069
-124.930336
-123.485703
-124.146599
-126.233894
-127.049286
-124.289291
-122.169807
-122.067886
-124.105293
-126.117485
-124.538200
-123.193336
-122.974472
-125.568169
-127.032120
-125.017776
-123.505547
-122.690155
-124.699127
-125.915245
-124.230820
-122.895081
-123.586014
-124.865425
-126.748878
-124.854164
-122.874153
-123.130035
-124.140160
-126.245155
-124.432518
-123.395576
-123.945427
-125.847115
-127.186615
-124.317184
-123.228745
-123.258247
-125.879837
-126.380875
-124.035553
-122.918144
-123.036697
-125.447464
-127.242401
-124.883133
-122.975006
-122.735756
-124.433594
-126.631393
-124.134796
-122.399406
-121.557724
-123.761971
-127.138329
-123.938995
-121.114624
-121.316864
-124.268906
-126.216728
-124.281776
-122.662262
-122.896683
-124.128891
-126.925362
-124.855774
-122.440178
-121.844727
-123.686867
-125.338570
-123.651993
-122.576431
-122.127426
-123.539345
-124.716293
-123.308136
-121.831848
-122.395111
-124.151962
-125.466782
-123.905731
-122.995926
-123.393967
-125.151352
-126.107826
-124.040916
-121.543243
-122.344154
-124.499573
-125.378265
-123.535049
-121.809853
-122.809784
-123.923973
-125.164223
-123.266296
-122.231499
-121.692375
-123.510910
-125.100929
-124.103142
-121.861893
-122.004044
-124.338638
-125.230209
-123.696518
-122.921364
-122.526543
-124.081146
-125.936165
-123.492134
-121.424690
-122.070030
-125.159935
-126.192047
-124.054329
-121.570602
-121.595276
-124.592377
-125.739830
-123.548996
-122.295868
-121.773376
-122.710541
-124.743652
-123.403625
-122.093636
-122.442322
-123.964203
-125.436737
-123.632149
-122.114021
-122.310356
-123.909485
-125.632538
-123.654678
-121.202606
-121.037376
-123.038841
-125.187294
-123.484627
-121.961136
-121.410744
-123.018456
-125.273659
-123.076935
-121.275558
-121.813072
-123.595673
-125.014023
-123.209969
-122.012093
-121.546463
-122.456802
-124.355804
-123.289360
-122.537804
-122.387070
-123.610687
-124.802124
-123.199776
-121.113014
-120.988029
-124.004440
-125.004906
-122.764183
-120.966034
-121.442390
-123.920753
-125.202316
-123.098923
-121.751923
-121.249275
-123.829559
-124.678207
-122.676743
-120.941895
-121.788933
-122.899368
-124.453979
-122.486847
-120.864105
-121.622101
-122.177856
-123.566162
-123.571533
-122.030334
-121.816826
-123.452438
-125.272049
-123.736221
-121.805031
-121.048111
-123.389137
-124.417496
-121.933777
-120.633438
-119.809464
-122.545853
-123.638588
-122.664948
-121.700958
-120.976761
-122.175705
-123.827950
-122.432663
-121.044891
-120.555656
-121.192413
-122.813538
-122.289436
-121.216553
-122.247055
-123.128967
-123.525398
-122.204140
-121.791618
-121.173637
-122.849480
-124.114410
-123.288826
-120.771301
-120.326591
-122.057693
-124.655144
-122.655823
-120.764328
-120.337860
-122.339859
-123.572601
-122.703033
-121.499252
-120.522934
-122.260468
-123.656822
-121.682182
-120.489670
-121.513741
-122.975006
-124.956619
-122.815147
-120.842651
-121.840431
-123.891251
-125.245232
-123.438492
-121.020752
-121.228355
-123.625175
-124.396042
-122.903122
-121.315796
-121.800735
-123.262001
-124.863281
-122.476654
-121.096390
-120.595352
-122.747017
-124.900833
-123.059227
-121.448296
-121.656433
-123.849411
-125.737686
-123.491066
-121.849548
-122.402084
-123.112869
-124.687332
-123.822586
-121.994926
-121.945038
-122.908485
-124.509232
-122.615593
-121.113556
-121.340469
-122.663872
-124.375122
-123.328522
-121.793762
-121.297554
-122.717514
-124.827881
-123.265762
-121.801270
-122.183220
-123.380020
-124.252808
-123.422401
-121.697739
-121.595818
-123.157394
-124.422325
-122.859673
-122.383850
-122.125282
-122.765793
-125.024216
-123.835999
-121.841507
-122.755600
-123.469604
-125.881989
-123.902512
-121.590988
-122.671379
-124.632614
-125.586403
-123.360710
-122.396721
-122.488457
-123.259323
-125.042450
-123.941139
-123.198700
-122.250809
-122.465385
-123.933090
-122.553360
-122.129578
-122.116165
-123.393433
-124.774231
-123.719055
-122.568382
-121.719734
-122.841431
-124.937309
-123.025436
-121.198845
-121.153786
-123.010414
-124.843971
-123.415428
-121.809853
-121.131790
-122.929413
-125.918465
-123.892319
-121.900513
-121.290581
-122.615051
-124.845581
-124.821976
-122.981445
-122.281921
-123.809174
-125.061226
-124.278023
-122.474510
-121.663406
-123.554367
-125.145988
-124.243156
-121.415573
-121.596886
-123.513596
-124.596672
-123.627319
-121.948792
-122.738434
-124.783890
-125.277412
-124.102608
-121.541634
-121.962204
-124.732925
-126.332596
-124.038239
-122.095779
-121.674675
-123.468536
-124.954475
-123.583328
-122.681572
-122.148888
-123.759285
-125.657219
-124.192192
-123.469070
-122.859673
-123.977081
-125.939919
-124.178780
-123.012558
-123.838142
-125.429230
-126.842216
-124.061302
-122.107040
-123.305992
-125.577820
-127.384560
-125.212509
-123.098923
-122.782425
-124.820900
-126.709717
