-164.252594
-166.117798
-168.485123
-167.723373
-166.447708
-165.419891
-168.547882
-170.723694
-168.942169
-166.142471
-165.231598
-167.854797
-169.004395
-167.478226
-166.170914
-165.577606
-167.808136
-169.848221
-167.571030
-164.555679
-164.112045
-165.996567
-168.845612
-168.840240
-167.069992
-166.669266
-168.359055
-169.994125
-168.227631
-164.831955
-163.843826
-165.434906
-167.877869
-166.727737
-164.623276
-163.906052
-166.140869
-168.423965
-167.994278
-165.479980
-164.187149
-166.887054
-168.709885
-168.110687
-166.396759
-165.668808
-168.485657
-170.999420
-169.199127
-165.699921
-162.810638
-166.148911
-168.813416
-166.732559
-164.251526
-163.909271
-166.802307
-168.500137
-167.184784
-164.796005
-164.337357
-167.035660
-168.596695
-167.597305
-166.264252
-165.057251
-165.504654
-168.347260
-168.581680
-167.066772
-164.838394
-166.469177
-169.674408
-169.485580
-167.646667
-165.750336
-166.982010
-169.642227
-168.730270
-166.088837
-164.385101
-164.895248
-167.573166
-167.338745
-165.245544
-163.491379
-165.268082
-167.120956
-167.288849
-165.736389
-164.397430
-167.367706
-169.206100
-169.041412
-167.158493
-163.852951
-165.900543
-168.875107
-167.449783
-164.709641
-164.669403
-167.634857
-170.158279
-169.466278
-166.551254
-164.403336
-165.548645
-168.065628
-167.721756
-166.169296
-164.877548
-167.163864
-169.572495
-167.873581
-164.342178
-163.118027
-165.186005
-167.664368
-167.269547
-164.863068
-164.054642
-167.000778
-169.672272
-168.551102
-164.962845
-163.665726
-164.742371
-166.406403
-166.785675
-164.944611
-162.998932
-165.216049
-167.757172
-167.155823
-166.725052
-166.337738
-167.795258
-169.969452
-169.400833
-167.132751
-165.667725
-166.407486
-168.342422
-167.826904
-167.432617
-165.688644
-166.708969
-169.088074
-167.783447
-165.831345
-164.630783
-167.067841
-168.915878
-168.303802
-166.463806
-164.117416
-165.526642
-168.558609
-168.824158
-166.614014
-164.487015
-165.617310
-167.945999
-167.708359
-166.767441
-165.379120
-165.839920
-167.779694
-167.317291
-166.491165
-164.846436
-166.783524
-169.676559
-168.288254
-166.343109
-164.316971
-166.886520
-168.995819
-167.929367
-165.921463
-163.720444
-165.499283
-169.156738
-169.410477
-168.447571
-167.488419
-168.589722
-168.665909
-167.998032
-167.501282
-166.396759
-168.772110
-171.269257
-170.310089
-168.690048
-167.186935
-168.066696
-170.459229
-170.290253
-169.448563
-168.561829
-171.277832
-176.100449
-175.423462
-170.525742
-168.034515
-169.437836
-173.588821
-173.309341
-171.144257
-169.875580
-172.683853
-175.726547
-175.107498
-173.253021
-171.604523
-175.122513
-179.011185
-174.988403
-171.380295
-169.965698
-173.056671
-177.113785
-177.472122
-175.666473
-172.830292
-173.920349
-177.269348
-177.454422
-175.312958
-173.785706
-176.117615
-178.961823
-177.675446
-174.882721
-170.973679
-173.880646
-178.030029
-177.795074
-175.787704
-173.129105
-173.981506
-176.784943
-176.819809
-175.515182
-173.819504
-174.000275
-180.163452
-177.687241
-172.917740
-170.853516
-172.581924
-174.285660
-173.588287
-171.419464
-169.192688
-171.455933
-175.559174
-177.326752
-174.613968
-170.697403
-171.137833
-173.784622
-173.671432
-171.380829
-168.923935
-170.849762
-174.325363
-173.656418
-171.356689
-169.503830
-170.069763
-171.938202
-171.540161
-169.804764
-167.837631
-169.423889
-172.296539
-172.279373
-170.149170
-167.818329
-169.184097
-171.975204
-170.999954
-168.450256
-166.500290
-167.514160
-170.012375
-169.393311
-168.090836
-166.229919
-167.970139
-170.519852
-169.186783
-165.348007
-163.892639
-166.111908
-168.785522
-168.147705
-165.562592
-163.862595
-164.456436
-167.324265
-167.211609
-165.265396
-163.930191
-165.444565
-167.917572
-168.109070
-166.386017
-163.309525
-164.412994
-167.983551
-167.567810
-164.991806
-163.992950
-165.379120
-168.300049
-168.651947
-165.592621
-162.259171
-163.974716
-168.323120
-169.508652
-166.817856
-162.919540
-163.509079
-166.104935
-166.633316
-165.033112
-163.649628
-165.345856
-167.986771
-167.993744
-166.174667
-164.373291
-164.614151
-167.889664
-168.754944
-166.057190
-164.159790
-165.231064
-167.685822
-166.501358
-165.138260
-163.275192
-163.921066
-167.310318
-168.675018
-166.212219
-163.531082
-164.540665
-167.518448
-167.846756
-166.342575
-164.736465
-166.259964
-169.262421
-169.580536
-167.641830
-164.717697
-165.497147
-167.708359
-167.354843
-164.918854
-162.650238
-163.280029
-165.692947
-166.192902
-164.553543
-162.545105
-164.731644
-168.168625
-167.739471
-165.036865
-161.728638
-162.567093
-167.006149
-168.678238
-166.927292
-163.509628
-162.235031
-166.052353
-168.274841
-166.326477
-162.972107
-162.972107
-166.319504
-166.074890
-164.518127
-163.189362
-164.050354
-166.993805
-166.778168
-164.278885
-162.723740
-163.991348
-167.038879
-166.576996
-164.440887
-163.703278
-165.276657
-168.140182
-167.346786
-165.573853
-163.759598
-164.119553
-166.922470
-167.421890
-165.817932
-163.953262
-164.432297
-167.954041
-169.047852
-165.705811
-162.177643
-162.586945
-166.394608
-168.204559
-166.610260
-164.851807
-165.589401
-168.228165
-169.480759
-167.286179
-164.015488
-165.029892
-167.227707
-168.488876
-167.759308
-164.581436
-163.687729
-167.988907
-169.188934
-167.091980
-163.805206
-164.672089
-168.079041
-168.054901
-163.739212
-161.441635
-164.105606
-167.812424
-169.235596
-166.637619
-163.298798
-165.245544
-168.093521
-168.262497
-166.603287
-165.251984
-165.242325
-168.825760
-170.624985
-168.695938
-165.482117
-165.809891
-167.922928
-168.522675
-166.768509
-164.549240
-165.217117
-167.919174
-169.350403
-167.697617
-165.115723
-165.132355
-168.684677
-170.189392
-167.484650
-165.274521
-165.795944
-168.840775
-169.474854
-167.265259
-164.816925
-166.064697
-170.305801
-170.728516
-168.243729
-166.592560
-164.998245
-168.146622
-169.152985
-167.390778
-165.135040
-164.661896
-169.397614
-170.126633
-168.404114
-165.301346
-165.455826
-168.385880
-168.925003
-167.456223
-164.949966
-166.122101
-168.312393
-169.260284
-167.599991
-164.680145
-164.708038
-167.472855
-169.796722
-167.822617
-163.811646
-164.202713
-166.343643
-167.440125
-168.445953
-167.382736
-167.034576
-169.003860
-169.477539
-167.944931
-164.959625
-165.689728
-169.786530
-170.368027
-166.940170
-163.765503
-164.699982
-168.525360
-168.376755
-166.026611
-162.947968
-162.956558
-166.266937
-168.090836
-166.599533
-165.012726
-163.668945
-167.472855
-169.533325
-167.455154
-164.553009
-164.488632
-167.603745
-169.580536
-168.032364
-165.860840
-164.628647
-167.776474
-169.606827
-167.720688
-165.104462
-164.966599
-168.106934
-168.598846
-165.486954
-163.371216
-164.041779
-167.499680
-169.036041
-167.624130
-165.307236
-164.903305
-168.029144
-169.087540
-167.851578
-166.057190
-165.349075
-167.825302
-170.045090
-169.566055
-166.262100
-164.784210
-166.672485
-167.826904
-166.382263
-163.895859
-163.328842
-166.971283
-169.139572
-166.618301
-163.131424
-163.751022
-167.241104
-168.931976
-167.693863
-165.581360
-165.106613
-167.209457
-169.159424
-169.593948
-168.436844
-166.813034
-169.574097
-171.917282
-168.926605
-164.551392
-163.877090
-166.968597
-168.921783
-168.732422
-166.832336
-165.747665
-168.450256
-170.513947
-169.768295
-166.630646
-165.925751
-169.677628
-172.098053
-170.056900
-166.209534
-166.401047
-172.534180
-172.266495
-168.817719
-167.608032
-166.885986
-169.307480
-172.608215
-171.332016
-166.582367
-165.873718
-170.477463
-171.341141
-170.114838
-170.900711
-169.505432
-168.486191
-170.331009
-171.578781
-169.724304
-168.310242
-173.154846
-172.316391
-168.213684
-168.875107
-169.643829
-171.119583
-172.090012
-172.048172
-171.303055
-168.580063
-172.536865
-175.592438
-173.467056
-171.005859
-169.357376
-171.460770
-174.878433
-173.802338
-171.747757
-170.970459
-174.316772
-175.712067
-173.558243
-170.310089
-169.255981
-171.842712
-174.282440
-174.093613
-171.916199
-169.576782
-171.529434
-173.122665
-170.535400
-167.767365
-166.439667
-170.079956
-171.548737
-169.352554
-167.140259
-166.294296
-167.441742
-168.316681
-167.087692
-164.269760
-163.223160
-166.622589
-168.351013
-165.843140
-163.653931
-163.126068
-165.814178
-167.942245
-166.045380
-163.020920
-162.395432
-165.608719
-166.906906
-165.550781
-163.352982
-161.663193
-164.004227
-165.797546
-163.439880
-161.713608
-160.974930
-163.548248
-166.344711
-165.603348
-163.076721
-162.914703
-166.053436
-167.751801
-166.016418
-163.302017
-162.512909
-164.999863
-166.855408
-165.245010
-163.741898
-164.100784
-166.065231
-167.708893
-166.826447
-164.665115
-163.151810
-165.661285
-167.520065
-166.576462
-165.220871
-163.665726
-166.058792
-169.443741
-168.269470
-164.917786
-163.590622
-167.109146
-169.679779
-168.182037
-166.766891
-165.897324
-167.328018
-169.046768
-168.016266
-164.789032
-163.771408
-166.606506
-168.438446
-167.136505
-164.924225
-163.977402
-166.221329
-168.331161
-167.289398
-164.911346
-162.917389
-164.819611
-167.152069
-166.075424
-163.074570
-161.121384
-162.697983
-165.518600
-165.489090
-163.291290
-161.036621
-163.266617
-166.167694
-165.930588
-162.951721
-161.674988
-163.940384
-166.053436
-165.182251
-162.898087
-162.619125
-164.339493
-166.601669
-164.891495
-162.598206
-162.691010
-166.901550
-169.651886
-167.319962
-164.156570
-162.814392
-165.314743
-168.363892
-166.595779
-163.379272
-160.932022
-165.034195
-168.451859
-167.802231
-165.486404
-163.470993
-165.755173
-167.560837
-166.163940
-163.631927
-161.911026
-164.248840
-166.796402
-166.470779
-164.801376
-162.880905
-165.057251
-167.816177
-166.956268
-164.474686
-162.619659
-165.004150
-167.330704
-166.807129
-164.525650
-161.895462
-163.537521
-166.697693
-165.376984
-163.248917
-162.806885
-165.718689
-168.043625
-167.488419
-165.286850
-163.502106
-165.626953
-168.186325
-167.706741
-165.923615
-163.543961
-165.207458
-168.455078
-167.833344
-165.436523
-162.996246
-165.457977
-168.419678
-166.492233
-163.880844
-162.328384
-164.473602
-167.301193
-167.117737
-163.994034
-161.525330
-165.018097
-167.650955
-166.555008
-164.262253
-163.022537
-165.346939
-167.944931
-167.127930
-165.323868
-162.825653
-162.686188
-165.077103
-164.870575
-163.622818
-162.133118
-164.276733
-166.888672
-165.933273
-164.333054
-163.164154
-164.715012
-167.122559
-165.919861
-163.821289
-163.663040
-165.889282
-168.415390
-167.645584
-165.655396
-163.438812
-164.118484
-166.311462
-165.394150
-164.450012
-163.462418
-165.733170
-168.155746
-166.927292
-163.398041
-161.788712
-164.992889
-168.195435
-166.637085
-164.036407
-162.854630
-164.865204
-167.452469
-167.496994
-165.390930
-164.125992
-166.079178
-167.642914
-166.200958
-165.120026
-163.401260
-165.118942
-167.928833
-168.160034
-165.585648
-163.198486
-164.556213
-167.979263
-166.991669
-163.046677
-161.085983
-163.980621
-166.794250
-166.249237
-164.113113
-161.721664
-164.004227
-167.036194
-166.078110
-163.464554
-161.537659
-162.607864
-166.085617
-165.756241
-164.113663
-163.299881
-165.232681
-168.358521
-167.126312
-164.755783
-162.486099
-163.533218
-165.952042
-165.888748
-164.635620
-163.052032
-164.326630
-166.789429
-167.375763
-165.700455
-162.743576
-162.974258
-165.085159
-165.997101
-164.649567
-163.054184
-164.001541
-167.058182
-168.132675
-166.486343
-162.516663
-163.977402
-168.712036
-169.134750
-166.067383
-163.209213
-163.942535
-167.660080
-167.537766
-164.809952
-161.796768
-162.332138
-164.713928
-163.939850
-162.405624
-161.417496
-163.436127
-166.198273
-166.276596
-164.032654
-163.423798
-164.755783
-166.624207
-167.236816
-165.173126
-161.665878
-163.772476
-168.336533
-167.366638
-164.249908
-162.883057
-165.072281
-168.727051
-168.730270
-165.560974
-162.805267
-163.500504
-166.725052
-167.045853
-165.136108
-162.327835
-162.355194
-166.564651
-167.557617
-165.875336
-164.063766
-165.027756
-167.961014
-167.523819
-165.755707
-164.291748
-165.391464
-167.989441
-167.806519
-165.242325
-163.305771
-163.877090
-166.695007
-168.035583
-165.698303
-162.563339
-163.564880
-166.449326
-166.288391
-163.682358
-161.192200
-162.908813
-165.516449
-166.144623
-163.182388
-161.164841
-163.076721
-166.284103
-165.979935
-164.031052
-161.523178
-162.816544
-166.645126
-165.876938
-164.632935
-163.080475
-162.578354
-165.711716
-167.692261
-167.157959
-164.147446
-164.673706
-167.336594
-166.218658
-163.961304
-163.910339
-165.473007
-167.656860
-167.543671
-166.051285
-163.254272
-163.261780
-166.111359
-166.298050
-164.732178
-162.679214
-163.803589
-167.466415
-166.944458
-164.585190
-162.458191
-163.296661
-165.915558
-167.194443
-165.629105
-162.915237
-163.896927
-167.890747
-168.213150
-164.448395
-160.693298
-162.655609
-165.689178
-166.031967
-165.182785
-163.671631
-163.618515
-165.894104
-166.309845
-164.179108
-162.919540
-164.028900
-167.255066
-166.664978
-164.108292
-163.995102
-166.112976
-167.913269
-167.964767
-165.795395
-163.899612
-163.903366
-166.814102
-168.242111
-166.279266
-164.271378
-165.337280
-169.295685
-168.946457
-164.969818
-162.593918
-164.624344
-167.007217
-165.989594
-164.356125
-162.654541
-163.536987
-167.782379
-169.536545
-168.125702
-165.341034
-164.430695
-166.774948
-167.003998
-164.411911
-162.524719
-167.211609
-170.561157
-166.769577
-164.342178
-163.202240
-165.717621
-169.232925
-169.982864
-166.693939
-163.591705
-164.988586
-169.011902
-169.145477
-169.243118
-167.505035
-165.388245
-167.631638
-169.342361
-168.146622
-166.222946
-169.888458
-169.368637
-168.239960
-166.451462
-164.264938
-163.337967
-168.231918
-168.408951
-164.666733
-161.917999
-162.081085
-164.847504
-165.213898
-163.480118
-161.759750
-162.316574
-165.069061
-164.992889
-162.139008
-160.182617
-160.720657
-163.370682
-164.912949
-163.834167
-162.411530
-163.325089
-165.724594
-165.961166
-163.336884
-160.262543
-160.879990
-163.898544
-163.378189
-161.012482
-159.632751
-160.171875
-163.467239
-163.497284
-160.895538
-158.605469
-158.926804
-163.295044
-165.245010
-163.744583
-159.619888
-158.062057
-161.350983
-161.606857
-158.603867
-156.426987
-157.485916
-160.472824
-162.554764
-161.490997
-158.902664
-157.906494
-161.442169
-163.269836
-160.119843
-157.732681
-158.020752
-161.263000
-162.223770
-159.765259
-157.700500
-158.717056
-160.801666
-161.960373
-159.802811
-157.252563
-158.616196
-162.256500
-162.906128
-160.866043
-159.289429
-159.030334
-162.478577
-163.887283
-161.716827
-159.578583
-160.187439
-165.171524
-166.675705
-163.741898
-160.258255
-159.740051
-162.470535
-163.814865
-162.431915
-160.687943
-160.604248
-163.989731
-165.277191
-162.813324
-160.599426
-161.522644
-164.697845
-165.171524
-164.069672
-161.693771
-159.919220
-162.518280
-164.441422
-162.161545
-159.447144
-160.005051
-163.551468
-164.330383
-162.007584
-159.411209
-159.343079
-162.770401
-163.794479
-162.284393
-160.036697
-160.544174
-164.198944
-165.249298
-164.059479
-160.069962
-157.875381
-160.678818
-162.408310
-161.827347
-159.442322
-159.133865
-162.140091
-163.377655
-162.234497
-159.160690
-157.756821
-160.244308
-162.225388
-161.586472
-160.141846
-160.456192
-162.944748
-163.601349
-161.214722
-159.883270
-160.284531
-163.645340
-164.698914
-162.971573
-160.599426
-159.829636
-162.876617
-165.276123
-163.217804
-160.166519
-160.032944
-164.436050
-166.247620
-164.120636
-161.163757
-160.406311
-162.484482
-164.370605
-163.537521
-161.200241
-160.757141
-162.809570
-164.677460
-163.391602
-162.101456
-161.276413
-164.496140
-165.775009
-163.568634
-160.849945
-160.476044
-162.765579
-163.940384
-162.881989
-160.502869
-159.684250
-162.317642
-164.132965
-162.434052
-160.175095
-160.034546
-162.328384
-163.249451
-160.715836
-158.585083
-158.501404
-161.909424
-163.057404
-161.503326
-159.311966
-159.436417
-162.925980
-164.699448
-163.032730
-160.506622
-159.691223
-162.818680
-164.346466
-162.518814
-160.303848
-159.525467
-162.372360
-164.272980
-162.442642
-160.138092
-159.633301
-162.371292
-164.197342
-162.322479
-160.022751
-159.408524
-162.587479
-164.546570
-162.919540
-161.346146
-160.883743
-163.475296
-165.008972
-163.668411
-160.904129
-159.613983
-162.482330
-165.817932
-163.796616
-161.750626
-161.958237
-164.416214
-166.008911
-163.672699
-161.519958
-160.980301
-163.288605
-165.488022
-164.241867
-161.458801
-160.882126
-163.742981
-165.214432
-163.255356
-161.132111
-161.541946
-164.860382
-166.713791
-164.027832
-160.941681
-159.763657
-161.949646
-164.543884
-164.429626
-161.983444
-161.162689
-162.704422
-163.787506
-162.803131
-160.727097
-159.385452
-161.958771
-164.202164
-162.965134
-160.759827
-160.083374
-162.956009
-165.733704
-163.579361
-161.026962
-160.434738
-162.401871
-164.403870
-162.908264
-162.139008
-160.930954
-163.736542
-166.283020
-164.852875
-162.554214
-161.238861
-162.516129
-164.494522
-163.231750
-161.181473
-160.305984
-162.963531
-164.823364
-163.851868
-161.726486
-161.126755
-163.501038
-165.759995
-165.132355
-162.527939
-161.009811
-163.456512
-165.294907
-162.760757
-160.509842
-161.028580
-163.959702
-165.796478
-164.288528
-163.078857
-162.182465
-163.900146
-166.046463
-165.188690
-163.041306
-162.176025
-163.947891
-165.802917
-165.036331
-162.856232
-161.925507
-164.271378
-165.317429
-163.694153
-161.168060
-159.883270
-161.543030
-163.676453
-162.120239
-160.250198
-160.184753
-162.450150
-164.860382
-163.658218
-161.710938
-159.935852
-162.593384
-165.229996
-164.400116
-162.975861
-162.065521
-163.680206
-165.243408
-163.929123
-161.772629
-160.369293
-162.632004
-165.186005
-163.803055
-161.220627
-160.190125
-163.276276
-164.446793
-163.859390
-163.094955
-161.810181
-163.293976
-164.661896
-163.486557
-161.229752
-160.539337
-162.804199
-164.958023
-163.984375
-162.244156
-161.200241
-163.985443
-165.545425
-163.722595
-162.806885
-161.318253
-163.088516
-164.947281
-162.984451
-160.957230
-161.000687
-163.395355
-164.551926
-163.586334
-161.842361
-161.005508
-163.376053
-165.533081
-164.299271
-162.088058
-160.208893
-162.035477
-164.444107
-163.708649
-162.420639
-161.018921
-163.041840
-165.173660
-164.862534
-162.978012
-161.045746
-163.597595
-166.367783
-164.412460
-161.399261
-160.451370
-162.814392
-165.409164
-164.892563
-162.218414
-161.264618
-162.864822
-165.545425
-165.852798
-163.439880
-161.977005
-164.184464
-166.169296
-164.584656
-162.500580
-160.782883
-162.540802
-164.987518
-164.285858
-160.943817
-158.497650
-161.185760
-163.777847
-163.676987
-163.057938
-162.376663
-164.690872
-166.117798
-166.037338
-164.954254
-162.931870
-163.922684
-167.024933
-165.187607
-162.355743
-160.771088
-163.224777
-166.121552
-164.388855
-162.016708
-161.106903
-163.790176
-165.851196
-165.516983
-163.851334
-161.960922
-162.875549
-165.282562
-163.366394
-161.519424
-160.398254
-163.231750
-165.562592
-164.961777
-162.884674
-161.153030
-163.300415
-164.800842
-165.081390
-163.305771
-161.142303
-163.312744
-166.335602
-166.073807
-163.988129
-162.229675
-164.213440
-165.440811
-164.523499
-162.682434
-161.603638
-163.527863
-166.369934
-164.879166
-162.233429
-159.911179
-162.757538
-163.926971
-160.596741
-160.160614
-160.198166
-162.706039
-167.041550
-166.064163
-162.022064
-160.205139
-163.304703
-166.205780
-164.500961
-162.122925
-161.001755
-163.957550
-167.024933
-165.350693
-164.131897
-162.623962
-163.036484
-165.790573
-165.992279
-163.167908
-161.440567
-164.349152
-166.103317
-164.904373
-163.858307
-163.587936
-164.364182
-167.801697
-167.625198
-165.469238
-163.554153
-164.885056
-167.782913
-167.568344
-163.988129
-161.120316
-163.514984
-166.849503
-166.656921
-164.911880
-163.194199
-165.533615
-167.699234
-168.399292
-166.640839
-164.685501
-165.448853
-167.828522
-164.724670
-162.571381
-163.325623
-164.618454
-166.519058
-167.421890
-164.860382
-163.859390
-166.038406
-168.922318
-169.331619
-166.026611
-162.401871
-165.220871
-169.818176
-166.925690
-162.711395
-162.333740
-165.420959
-168.443817
-167.955658
-165.086761
-163.149673
-165.853333
-168.060791
-165.955261
-164.297653
-162.589630
-165.241257
-168.118729
-166.544281
-165.198349
-162.906662
-164.403336
-167.311386
-166.940170
-164.586258
-162.250595
-163.690399
-166.301804
-166.969131
-165.164551
-163.060089
-164.047668
-165.380737
-165.263794
-163.030579
-160.502335
-162.661514
-166.927826
-166.526031
-163.503723
-163.012344
-165.618912
-168.813965
-168.818253
-165.920929
-163.763367
-165.361420
-167.232529
-165.265396
-163.233353
-161.791931
-163.687180
-166.196121
-165.966522
-163.229599
-161.017853
-163.167374
-165.661285
-163.366394
-160.336029
-161.123535
-161.949112
-165.305634
-165.139862
-162.461945
-160.105362
-161.149811
-164.064301
-164.616837
-163.613693
-161.525864
-162.633072
-164.690338
-164.205383
-161.634766
-158.866714
-160.967957
-164.303558
-164.784744
-162.932419
-160.767334
-161.659973
-164.073959
-163.834167
-162.525253
-161.186295
-162.122391
-164.652237
-166.235825
-164.536911
-162.559052
-163.031113
-165.596375
-166.214355
-164.066986
-161.965744
-162.511307
-164.899536
-164.753098
-162.728027
-161.059158
-162.610016
-164.878616
-165.120026
-162.702271
-160.507690
-162.068741
-165.083542
-164.971420
-162.762894
-160.830627
-161.320938
-165.395218
-164.416214
-160.616592
-159.215408
-160.976547
-164.437134
-165.044388
-162.902908
-159.484695
-160.759827
-163.370148
-162.907196
-161.973251
-159.972855
-160.645554
-162.521500
-161.802124
-159.753998
-157.441925
-158.619949
-162.390076
-162.433517
-160.233032
-159.538345
-160.756607
-163.187759
-164.274582
-162.301025
-160.056549
-160.686325
-164.343246
-163.950577
-161.337570
-160.618195
-160.980835
-164.282104
-165.426331
-162.365387
-161.072037
-162.467316
-165.918777
-165.478363
-162.818680
-160.305984
-161.170197
-164.329300
-164.017090
-162.271515
-161.327377
-161.663193
-164.769180
-163.184540
-160.649307
-160.591385
-162.106827
-165.716537
-166.006760
-164.057861
-161.696991
-162.068207
-165.888748
-166.229919
-163.334747
-161.234039
-161.376190
-163.811096
-164.737000
-163.288071
-160.111801
-160.991028
-164.343246
-164.780991
-163.921066
-160.866577
-161.228668
-164.512772
-164.855026
-162.865356
-160.420792
-161.509766
-162.890030
-161.763504
-161.813400
-160.786636
-161.171814
-164.153351
-163.614761
-162.061768
-160.021149
-160.539337
-164.609329
-164.509018
-161.389603
-159.602188
-161.225983
-163.836853
-163.384628
-161.161087
-159.639191
-160.106430
-162.067673
-163.682892
-162.129898
-159.744873
-161.078476
-163.599213
-163.896927
-162.914169
-160.794159
-162.113800
-164.670486
-164.322861
-161.850937
-159.550674
-160.891785
-164.171051
-165.112503
-164.200562
-161.658905
-161.166977
-163.916245
-163.683426
-162.785431
-161.024826
-161.488846
-164.542267
-164.990204
-162.904510
-160.137009
-160.333344
-163.825058
-165.566879
-164.679596
-161.643875
-161.376190
-163.953796
-164.449463
-162.027969
-159.647781
-159.360245
-163.784286
-165.933273
-163.725815
-160.161148
-159.817291
-162.957092
-163.805740
-163.859390
-161.972717
-162.958694
-166.054504
-164.857697
-163.633011
-161.353668
-160.501251
-163.873871
-164.069138
-162.936707
-160.845123
-161.187897
-164.543884
-164.924759
-163.236038
-161.547318
-161.936783
-165.886063
-166.625275
-164.982697
-161.255493
-160.108582
-163.671097
-164.760605
-163.247833
-161.604721
-161.011414
-163.307922
-164.105606
-161.945892
-159.720734
-159.951401
-163.025757
-164.966064
-163.240326
-161.350449
-162.581039
-165.124313
-164.947281
-163.155563
-161.080612
-160.422394
-164.090591
-165.080322
-163.026291
-161.866501
-161.975937
-164.458054
-165.130753
-162.829422
-160.748550
-162.025284
-165.027756
-164.630249
-163.354584
-160.797913
-159.747559
-162.842819
-164.616837
-162.827805
-160.206207
-160.018463
-163.183472
-164.462875
-162.806885
-160.085510
-161.403549
-165.229462
-165.605499
-163.504791
-160.495895
-161.197556
-164.672089
-165.496063
-163.966675
-161.829483
-161.205612
-163.879227
-164.759003
-163.746735
-161.546249
-161.701279
-163.763367
-164.308380
-163.174881
-161.430908
-161.793549
-165.571701
-166.344711
-163.348160
-161.192200
-160.894470
-163.181320
-165.085693
-162.868576
-160.963135
-161.745804
-165.383957
-166.415527
-164.137253
-161.933563
-161.904587
-164.985916
-165.713333
-163.548782
-161.625107
-160.863892
-163.672699
-165.440811
-164.142624
-161.336502
-160.639664
-164.385635
-165.319580
-163.678604
-160.690079
-159.911179
-162.725342
-163.844894
-163.131424
-161.299484
-161.481339
-164.476288
-165.872650
-164.299805
-161.960922
-162.252747
-164.438202
-164.295517
-162.305313
-161.735077
-161.200241
-164.787430
-167.056580
-164.733780
-162.098785
-160.815613
-164.154419
-164.972504
-163.787506
-162.607864
-162.940994
-164.802444
-164.625961
-163.619598
-161.035019
-161.559662
-165.040085
-165.776093
-163.593842
-162.040848
-161.028046
-164.181244
-165.528793
-163.921616
-162.380417
-162.486099
-165.030441
-165.640366
-163.680740
-161.279633
-161.158401
-164.292831
-165.302948
-163.893723
-161.364929
-160.586014
-163.965591
-165.089447
-162.392212
-161.279633
-163.233887
-164.858780
-167.085007
-165.305634
-162.517212
-162.650772
-165.183319
-165.161331
-163.350830
-161.545166
-161.848267
-164.912949
-166.896713
-165.334061
-162.187836
-162.075714
-165.727814
-165.866211
-162.887344
-162.100388
-161.971115
-164.765976
-167.111832
-166.389236
-164.293900
-166.072205
-167.044769
-165.318497
-163.631393
-161.273727
-161.203995
-164.909195
-167.776474
-166.294830
-161.535522
-160.531830
-163.582581
-165.907516
-163.347076
-160.171875
-160.323700
-163.177032
-163.299332
-163.208145
-160.416504
-160.160614
-163.658752
-164.642593
-163.531082
-159.807632
-160.220169
-162.652390
-163.597595
-162.665802
-161.001755
-159.385452
-162.663116
-164.928513
-162.884674
-160.403625
-160.239471
-163.406631
-164.995560
-163.715622
-161.346146
-161.312897
-163.955948
-165.739609
-163.975250
-161.577896
-161.642273
-164.034256
-167.132217
-165.561508
-162.512375
-162.631470
-165.097488
-166.814102
-165.968674
-164.634537
-164.566406
-166.560898
-168.997955
-167.482513
-164.541199
-163.884064
-167.068909
-168.750122
-166.921387
-165.013275
-163.391602
-165.768036
-168.426651
-166.830200
-164.198944
-162.924896
-164.883453
-166.578064
-164.899002
-162.247375
-161.280701
-164.649033
-166.604889
-164.876480
-162.129898
-159.747559
-162.417969
-164.463959
-163.844894
-160.608002
-158.581329
-161.593460
-162.805267
-160.727097
-158.459030
-158.262146
-161.070953
-163.860992
-163.494598
-160.285614
-159.111877
-161.234573
-162.577820
-161.852020
-159.873627
-157.471970
-159.635971
-163.256424
-162.030655
-159.286758
-157.539032
-159.752380
-162.425476
-161.072037
-158.342072
-157.147415
-160.466919
-162.305313
-161.116013
-158.947189
-157.967102
-160.732468
-162.641129
-162.145981
-159.495422
-157.790085
-160.450302
-162.625565
-161.860062
-159.443924
-158.166656
-160.413284
-161.553757
-160.231964
-157.977295
-156.927475
-159.398865
-162.215729
-161.520493
-159.124207
-157.422623
-159.616135
-161.820374
-160.272736
-157.750381
-157.365753
-160.165985
-161.837540
-161.775848
-159.961594
-159.144592
-160.862823
-162.525253
-160.664871
-157.231110
-155.961884
-158.035767
-159.787796
-159.467529
-157.552979
-157.479477
-160.725494
-162.251129
-161.214722
-159.354340
-157.875381
-159.244904
-160.789322
-159.831238
-157.827637
-155.970474
-157.795441
-160.863892
-160.012024
-157.355026
-156.847015
-159.483627
-161.960922
-160.292038
-157.360931
-155.605148
-157.525620
-159.376343
-158.578644
-156.867401
-155.830460
-158.945572
-161.418579
-160.358566
-158.977219
-158.023438
-160.317795
-162.269363
-161.103149
-159.642944
-158.326523
-160.554901
-162.711395
-161.747406
-159.049103
-156.843796
-159.854843
-162.602493
-161.870255
-159.085052
-156.528900
-158.537888
-162.213043
-160.861206
-157.843719
-156.542313
-159.225067
-162.369690
-161.786575
-158.353348
-156.337402
-159.087738
-161.561264
-160.722809
-159.604858
-157.941360
-159.376877
-161.870789
-160.976547
-159.447144
-157.604477
-159.834991
-163.425400
-162.482880
-159.928329
-157.217163
-159.270660
-162.161545
-161.673920
-159.308212
-157.552979
-159.620422
-161.995255
-159.947647
-157.160828
-156.484375
-159.231506
-162.051575
-161.404083
-159.133865
-158.072784
-159.749161
-161.343475
-160.119843
-158.798050
-157.786331
-159.566238
-162.101456
-161.081680
-158.878525
-156.821808
-157.851776
-160.441711
-160.475510
-158.824875
-157.637192
-159.227737
-161.237259
-160.086044
-158.467072
-158.062057
-160.643417
-162.951721
-161.499039
-159.942291
-159.469681
-160.943283
-162.933487
-161.936234
-159.604858
-158.345291
-160.510376
-162.547775
-161.134796
-159.367218
-158.755142
-160.379486
-162.384171
-160.881058
-158.786255
-157.953156
-160.429367
-161.894928
-160.189590
-158.954697
-158.114090
-160.279175
-162.092346
-160.777527
-158.816833
-157.295486
-158.822189
-162.383102
-161.984512
-159.229355
-156.887253
-159.631683
-162.171204
-161.035553
-159.151566
-158.188126
-160.065659
-161.500641
-160.779663
-158.438095
-156.714508
-159.513138
-162.275803
-160.302780
-158.712753
-157.555115
-159.100601
-161.340790
-160.071030
-157.311569
-155.007019
-157.356628
-159.434814
-160.077469
-159.803879
-158.003052
-159.595200
-162.367004
-161.267288
-159.343079
-158.693985
-161.617050
-163.335815
-161.649780
-159.915466
-157.721420
-158.599564
-160.843506
-160.609085
-159.035690
-156.730072
-158.830780
-162.915237
-161.661575
-159.380096
-158.045959
-159.137619
-161.920151
-161.502258
-159.737366
-158.603867
-160.669159
-163.380875
-162.728027
-160.549530
-158.731003
-160.741577
-162.862137
-160.925583
-158.540558
-156.924805
-159.078079
-161.164841
-160.938461
-160.336029
-158.482620
-159.773300
-161.470078
-160.328522
-158.354416
-157.529373
-159.169815
-161.489914
-160.817764
-158.573822
-156.028946
-157.638260
-162.117554
-162.421188
-160.145599
-158.802887
-160.769485
-162.177109
-160.693298
-158.710083
-157.499863
-158.865112
-160.704025
-160.311356
-158.322769
-156.832535
-157.544388
-159.749695
-159.480942
-157.710693
-156.476334
-157.986954
-160.609085
-159.645630
-157.540634
-156.294479
-158.306137
