-180.175262
-177.026886
-170.044556
-167.255600
-174.340378
-179.986435
-176.823578
-169.902939
-167.205704
-174.221832
-179.786346
-177.052094
-169.916351
-167.147232
-174.606995
-180.453674
-177.099304
-169.802078
-167.124161
-174.455185
-180.191360
-177.006500
-169.757019
-166.896179
-174.102737
-180.043289
-177.150269
-170.158813
-167.206238
-174.459473
-180.286835
-177.048340
-169.795105
-166.941772
-174.140823
-179.938690
-176.875610
-169.708206
-166.871506
-173.843094
-179.655991
-176.875076
-169.779556
-166.653702
-173.681625
-179.585175
-176.793533
-169.757553
-166.717545
-173.614578
-179.527237
-176.788162
-169.909378
-166.750275
-173.446136
-179.526169
-176.953934
-169.858948
-166.523346
-173.439163
-179.492905
-176.813385
-169.787064
-166.584503
-173.603851
-179.712845
-176.877213
-169.742004
-166.414993
-173.280914
-179.460190
-176.861664
-169.665298
-166.210602
-173.173615
-179.447311
-176.818741
-169.809052
-166.586121
-173.178986
-179.335724
-176.694824
-169.644913
-166.317902
-173.012146
-179.364166
-176.802658
-169.642227
-166.133896
-173.118912
-179.279938
-176.885803
-169.851974
-166.630112
-173.268570
-179.048737
-176.630447
-169.606827
-166.238495
-173.046478
-179.203766
-176.780121
-169.665298
-166.310379
-173.100128
-179.191422
-176.718430
-169.926010
-166.565735
-172.780945
-178.720428
-176.554810
-169.807449
-166.151596
-172.471954
-178.679123
-176.462006
-169.753265
-166.247086
-172.647369
-178.877075
-176.555344
-169.693726
-166.021774
-172.500931
-179.002594
-176.717896
-169.514557
-165.683823
-172.014908
-178.417343
-176.359543
-169.438370
-165.760529
-171.877045
-178.415726
-176.521011
-169.578384
-165.830811
-172.143646
-178.372818
-176.326828
-169.470566
-165.616760
-171.895813
-178.505310
-176.630447
-169.749512
-165.814713
-171.916733
-178.529449
-176.481857
-169.626663
-165.769653
-171.998810
-178.467224
-176.581635
-169.430862
-165.444031
-171.710739
-178.266602
-176.515656
-169.693726
-165.773407
-171.915131
-178.096542
-176.183594
-169.556396
-165.687576
-171.872208
-178.282150
-176.597198
-170.062256
-165.916641
-171.895279
-178.523560
-176.872391
-170.172760
-165.813644
-172.018661
-178.576660
-176.497421
-170.025238
-165.923615
-171.835739
-178.579346
-177.077850
-170.392166
-166.274979
-172.230560
-178.671082
-176.620255
-169.447495
-164.953186
-171.012299
-177.784882
-176.169647
-169.819794
-165.687042
-171.579315
-178.180237
-176.546234
-169.883087
-165.597458
-171.485977
-177.990326
-176.302689
-169.794571
-165.628036
-171.329330
-177.873383
-176.532822
-169.808517
-165.604431
-171.339523
-177.882507
-176.173935
-169.718933
-165.516449
-171.291779
-178.024124
-176.345062
-169.958725
-165.688110
-171.345428
-178.266602
-176.752762
-169.966766
-165.593155
-171.377075
-177.881973
-176.635284
-170.297226
-165.858170
-171.461304
-178.118011
-176.662643
-170.272537
-165.783066
-171.230637
-178.190430
-177.000061
-170.325119
-165.963837
-171.426971
-178.302002
-177.056931
-170.321365
-165.873718
-171.451645
-178.318100
-177.104660
-170.521988
-165.743362
-171.218292
-178.043442
-176.737198
-170.228561
-165.847443
-171.665146
-178.254257
-176.846634
-170.463516
-166.150528
-171.704849
-178.448456
-177.112183
-170.629272
-166.141403
-171.439301
-178.417343
-177.121292
-170.524673
-166.068451
-171.512268
-178.476349
-177.230728
-170.797180
-166.583435
-171.738632
-178.267136
-177.320847
-170.932907
-165.912888
-171.223648
-178.493515
-177.301544
-170.780014
-166.230988
-171.483826
-178.292892
-177.457642
-171.216675
-166.477753
-171.907623
-178.746185
-178.276794
-172.061584
-167.373611
-172.506821
-179.402252
-178.259094
-172.107712
-167.621979
-172.787384
-179.882370
-179.153336
-172.791672
-168.134827
-173.062576
-179.907043
-179.236481
-173.157532
-168.378906
-173.561462
-180.601730
-179.454285
-173.004105
-168.237289
-173.308273
-180.305618
-179.674225
-173.439697
-168.624588
-173.772827
-180.556137
-179.673157
-173.557175
-168.900864
-173.660706
-180.535217
-180.037399
-173.909622
-168.823074
-173.648376
-180.678986
-179.934402
-173.649445
-168.925003
-173.802872
-180.701508
-180.020767
-173.960587
-169.304260
-173.979355
-180.838303
-180.375351
-174.366135
-169.218979
-173.729370
-180.637131
-180.150040
-174.116150
-169.165329
-173.822723
-180.685410
-180.117325
-173.973450
-168.994736
-173.795898
-180.691315
-180.302399
-174.144043
-169.149231
-173.739563
-180.688095
-180.040070
-173.777115
-168.819321
-173.522308
-180.670929
-179.988037
-173.821106
-169.004395
-173.674118
-180.715988
-179.949951
-173.846863
-169.203949
-173.835052
-180.747650
-180.215500
-174.269577
-169.155670
-173.456329
-180.415588
-180.201553
-174.137604
-169.192154
-173.531433
-180.470840
-180.222473
-174.193939
-169.251694
-173.953613
-181.028732
-180.448853
-174.252945
-169.129929
-173.277161
-179.953705
-179.145294
-172.952606
-168.105316
-172.821182
-179.816376
-179.411362
-173.467590
-168.469025
-172.586761
-179.736984
-179.411362
-173.354935
-168.469559
-172.731064
-179.592682
-179.198395
-173.588821
-168.519989
-172.754654
-179.735916
-179.648468
-173.796967
-168.602600
-172.909698
-180.055099
-179.982681
-174.288879
-169.052139
-173.063644
-180.049728
-179.967117
-174.065720
-168.848297
-172.772369
-179.652237
-179.534744
-173.865097
-168.815567
-172.823318
-179.850708
-179.916153
-174.164963
-169.028534
-172.925781
-180.062607
-180.282013
-174.501312
-169.206635
-173.079742
-180.042755
-180.139862
-174.209488
-169.049988
-172.872681
-179.711777
-179.804047
-174.310349
-169.138504
-172.853363
-179.728943
-179.684952
-173.983643
-168.976501
-172.682236
-179.785263
-180.151123
-174.596268
-169.008682
-172.677948
-179.791702
-180.061005
-174.331268
-168.981873
-172.520233
-179.459106
-179.532059
-174.013153
-168.859558
-172.453720
-179.470917
-179.981064
-174.385986
-168.934128
-172.234314
-179.033707
-179.331436
-173.895142
-168.489410
-172.155991
-179.128662
-179.232193
-173.589371
-168.346725
-171.852905
-178.950027
-179.256866
-173.636032
-168.386414
-171.454330
-178.516052
-178.954849
-173.555573
-168.441132
-171.593262
-178.497803
-179.021912
-173.625305
-168.096741
-171.364197
-178.523560
-178.850250
-173.379074
-168.158966
-171.218826
-178.168961
-178.739212
-173.230484
-167.926147
-171.348114
-178.420029
-178.837906
-173.421463
-168.148773
-171.610428
-178.559494
-179.002060
-173.238525
-167.531860
-170.909836
-178.237625
-178.797684
-172.826538
-167.176743
-170.545059
-177.599808
-177.901291
-172.092148
-166.607574
-169.792435
-176.859512
-177.588531
-171.975204
-166.520126
-169.557999
-176.591293
-177.474274
-171.847534
-166.402649
-169.488266
-176.995239
-177.741425
-172.142578
-166.698227
-169.588577
-176.681946
-177.548843
-172.269714
-166.839859
-169.623444
-176.744171
-177.540253
-172.186569
-166.756699
-169.721085
-176.766708
-177.544006
-172.056747
-166.563049
-169.365417
-176.542480
-177.422241
-172.049774
-166.538910
-169.363281
-176.489899
-177.364838
-171.838959
-166.279266
-169.078964
-176.376709
-177.364304
-172.272400
-166.818390
-169.474319
-176.445923
-177.476425
-172.193542
-166.708969
-169.239899
-176.087570
-177.420639
-172.198914
-166.517456
-169.245789
-176.738281
-177.798828
-172.505753
-166.955185
-169.125092
-176.002274
-176.817139
-171.547668
-165.949356
-168.503357
-175.862808
-177.152405
-171.662460
-165.711182
-168.242111
-175.464233
-176.548920
-171.349716
-165.963303
-168.228699
-175.501236
-176.839661
-171.435013
-165.783066
-168.175064
-175.396637
-176.816055
-171.338989
-165.821686
-168.114975
-175.368744
-176.846634
-171.550888
-165.782532
-168.051132
-175.235703
-176.510818
-171.230087
-165.694550
-167.951904
-175.021667
-176.455032
-171.297150
-165.462814
-167.568878
-174.680481
-175.967407
-171.010681
-165.350159
-167.579605
-174.935837
-176.099915
-171.004791
-165.364105
-167.353226
-174.752899
-176.043045
-170.740326
-165.217117
-167.134903
-174.352188
-175.735138
-170.699554
-164.894714
-166.820541
-173.996521
-175.589218
-170.392166
-164.996643
-166.807129
-173.954681
-175.599411
-170.642685
-164.807816
-166.772263
-173.975601
-175.480316
-170.558472
-165.150604
-166.957336
-174.115616
-175.892303
-170.847076
-165.412918
-167.009903
-173.979889
-175.739426
-170.872284
-165.210144
-166.836639
-174.051773
-175.870316
-171.079346
-165.611404
-167.247543
-174.433731
-176.094543
-171.121201
-165.467636
-167.157959
-174.166046
-175.722260
-170.817566
-165.306702
-167.000778
-173.771759
-175.544693
-170.530029
-165.050278
-166.460052
-173.588287
-175.489441
-170.704910
-165.056183
-166.665512
-173.475632
-175.293106
-170.660934
-165.036865
-166.537842
-173.631210
-175.298462
-170.222122
-164.597519
-165.844223
-172.988556
-175.015762
-170.189926
-164.700516
-166.053970
-173.298615
-175.107498
-170.401825
-164.655457
-165.802368
-172.958511
-174.608597
-169.928146
-164.300873
-165.820618
-173.063644
-175.136993
-170.434006
-164.494522
-165.642517
-172.820648
-174.866089
-170.186707
-164.517059
-165.697235
-172.624847
-174.678879
-169.750046
-164.041779
-165.216049
-172.252014
-174.521164
-169.965164
-164.142624
-165.275589
-172.337845
-174.374710
-169.860016
-164.189301
-165.050827
-172.070160
-174.600555
-170.144867
-164.338959
-165.299194
-172.355545
-174.505600
-169.995209
-164.403336
-165.365707
-172.456940
-174.688004
-169.782242
-163.995102
-165.059937
-172.269180
-174.403687
-169.906693
-164.075562
-165.038483
-172.147949
-174.352188
-169.768829
-164.217194
-164.936554
-171.900650
-174.380615
-170.185638
-164.450012
-165.297577
-172.323364
-174.646149
-170.344971
-164.794403
-165.439209
-172.326584
-174.568375
-169.708206
-163.817535
-164.454300
-171.506897
-174.036224
-169.392776
-163.686646
-164.439819
-171.473099
-174.083969
-169.710892
-164.108826
-164.397430
-171.360443
-174.016907
-169.626129
-163.907120
-164.629181
-171.608826
-174.176773
-169.596634
-163.859924
-164.441956
-171.549271
-174.397247
-170.205490
-164.394745
-164.674774
-171.765457
-174.418167
-169.983398
-164.333603
-164.574463
-171.599701
-174.330185
-170.064941
-164.195190
-164.458588
-171.345963
-174.048019
-169.743073
-164.026749
-164.079330
-171.020874
-173.729370
-169.578384
-163.977936
-164.283707
-171.075058
-173.816284
-169.597702
-163.952194
-164.184998
-171.193085
-173.910690
-169.480225
-163.764969
-163.939850
-170.885696
-173.600632
-169.361130
-163.829880
-164.100250
-171.217224
-174.105957
-169.893280
-164.368469
-164.905441
-171.622772
-174.260986
-169.865387
-164.136185
-164.362564
-171.316467
-174.049088
-170.017197
-164.252594
-164.495071
-171.432327
-174.316772
-169.928146
-164.152283
-164.180710
-171.188782
-174.134384
-170.082108
-164.306244
-163.998322
-171.000504
-174.016907
-169.960342
-164.082001
-163.825058
-170.876572
-173.884415
-170.015045
-164.503647
-164.086304
-170.838486
-173.757813
-169.763458
-163.901764
-163.932343
-170.997818
-174.112396
-170.132004
-164.436600
-164.150665
-170.989761
-174.022812
-169.989838
-164.270294
-164.055191
-171.070236
-174.243820
-170.245728
-164.496140
-164.157104
-170.842239
-173.968628
-170.229095
-164.774551
-164.437668
-170.987625
-174.298538
-170.406662
-164.495071
-164.220947
-171.190399
-174.527603
-170.576172
-164.808884
-164.316971
-170.825073
-173.908554
-170.184570
-164.378128
-164.034256
-170.994064
-173.973450
-170.265030
-164.616302
-163.972031
-170.606216
-173.770676
-170.012375
-164.244019
-163.670013
-170.465134
-173.898895
-170.103561
-164.352905
-163.791794
-170.359451
-173.732590
-170.195297
-164.674774
-163.900696
-170.244644
-173.623154
-169.835342
-164.387772
-163.704880
-170.292389
-173.826477
-170.085327
-164.553009
-163.844894
-170.516083
-173.835052
-170.233383
-164.509018
-163.702744
-170.617477
-174.045883
-170.212463
-164.607712
-163.778381
-170.615326
-174.177307
-170.255920
-164.631317
-163.723129
-170.385193
-173.830765
-170.045090
-164.453217
-163.671631
-170.076202
-173.468658
-170.024170
-164.738617
-163.822372
-170.618546
-174.197159
-170.493027
-164.678528
-163.521957
-169.834274
-173.236923
-169.503281
-163.864212
-162.944214
-169.753265
-173.499237
-169.874512
-164.463409
-163.588486
-170.015045
-173.485291
-170.004318
-164.369537
-163.173813
-169.522064
-173.317383
-169.907227
-164.262787
-163.063309
-169.421219
-173.003036
-169.665298
-164.100784
-162.842819
-169.178207
-173.181671
-169.931900
-164.181244
-163.062225
-169.555328
-173.444519
-169.983398
-164.420502
-163.395889
-169.757553
-173.656952
-170.130920
-164.334671
-163.182388
-169.841248
-173.695038
-170.250015
-164.736465
-163.157181
-169.302124
-173.483154
-170.208176
-164.395828
-163.195801
-169.567123
-173.366745
-170.112152
-164.625427
-163.111588
-169.452866
-173.700409
-170.685608
-165.250381
-163.808960
-170.061722
-173.782486
-170.399139
-164.857697
-163.415741
-169.656708
-173.714890
-170.554718
-165.203171
-163.661438
-169.845001
-173.737961
-170.627670
-165.160797
-163.431839
-169.855728
-173.864029
-170.752655
-165.454758
-163.720978
-169.733414
-173.850082
-170.473175
-165.001465
-163.446320
-169.680313
-173.708450
-170.722076
-165.047607
-163.429153
-169.752731
-173.881729
-170.707596
-165.270218
-163.806808
-170.008072
-174.058212
-171.031616
-165.285248
-163.460266
-169.908295
-173.751373
-170.625519
-165.169373
-163.381409
-169.524750
-173.748688
-170.899109
-165.331909
-163.642120
-169.962479
-174.145660
-171.180740
-165.559906
-163.469391
-169.757553
-174.105957
-171.219360
-165.694550
-163.682358
-169.888992
-174.297470
-171.427505
-165.439209
-163.501572
-169.633102
-173.935364
-171.028397
-165.219803
-163.119629
-169.330017
-173.610825
-170.865845
-165.167221
-163.078857
-169.543518
-173.985260
-170.999954
-165.430084
-163.329376
-169.564972
-173.997055
-171.122803
-165.773941
-163.677536
-169.753265
-174.111328
-171.487579
-166.008362
-163.859924
-169.923859
-174.073227
-171.185028
-165.832947
-163.784821
-169.729660
-174.042664
-171.328796
-165.802917
-163.533218
-169.658859
-174.216461
-171.619019
-166.012131
-163.622269
-169.709824
-174.251328
-171.660858
-166.336670
-164.123306
-169.924927
-174.355408
-171.847000
-166.449326
-164.135651
-170.039734
-174.578033
-171.982727
-166.322189
-163.914093
-170.111618
-174.978745
-172.425278
-166.958405
-164.528854
-170.438843
-175.050095
-172.507355
-166.921387
-164.725204
-170.794510
-175.581177
-173.288956
-167.779694
-165.389313
-171.018204
-175.672897
-173.065262
-167.365570
-164.392075
-170.256454
-175.316711
-173.105499
-167.505585
-164.667801
-170.530579
-175.500702
-173.357086
-167.766281
-164.868423
-170.634109
-175.692215
-173.604385
-167.934738
-164.887207
-170.497849
-175.596725
-173.577560
-168.034515
-164.825516
-170.298294
-175.247513
-173.528748
-168.118195
-164.920471
-170.279526
-175.503387
-173.802872
-168.180954
-164.909195
-170.281128
-175.760345
-173.968628
-168.301651
-165.074417
-170.430801
-175.849396
-174.030853
-168.429337
-164.899536
-170.317062
-175.614426
-173.798569
-168.172913
-164.944061
-170.304199
-175.635895
-174.041046
-168.401428
-164.932800
-170.411484
-175.611206
-173.809311
-168.374619
-164.949966
-170.176529
-175.627304
-174.102737
-168.384262
-164.991806
-170.538620
-176.132095
-174.453568
-168.963089
-165.557220
-170.676483
-175.969559
-174.394028
-168.888519
-165.456909
-170.756958
-176.219009
-174.631134
-169.018875
-165.610870
-170.631958
-176.105270
-174.496490
-168.872971
-165.257355
-170.504822
-176.104736
-174.536179
-169.156204
-165.595840
-170.692581
-176.224899
-174.734665
-169.212540
-165.625885
-170.577240
-176.122437
-174.632736
-169.077896
-165.470856
-170.423279
-175.942734
-174.548523
-169.026932
-165.192444
-170.165253
-175.993698
-174.692825
-169.343430
-165.571167
-170.339600
-176.194855
-174.846786
-169.333771
-165.445099
-170.351944
-176.050018
-174.635956
-169.268860
-165.671478
-170.474777
-176.120834
-174.984116
-169.677628
-165.819000
-170.710281
-176.272644
-175.076920
-169.465195
-165.573853
-170.239288
-175.938446
-174.871460
-169.531723
-165.666122
-170.623917
-176.257095
-174.661179
-169.501678
-165.687042
-170.255920
-176.101517
-175.057602
-169.738785
-165.868362
-170.453857
-176.125656
-175.092468
-169.831589
-165.824905
-170.447418
-176.190567
-175.331192
-170.176529
-166.178421
-170.596024
-176.511368
-175.565079
-170.173309
-166.188080
-170.804153
-176.802109
-175.733521
-170.097672
-166.123169
-170.756409
-176.533356
-175.555420
-170.317612
-166.036804
-170.295074
-176.269424
-175.343521
-170.063873
-165.977249
-170.503220
-176.419632
-175.388596
-170.081039
-166.123703
-170.679169
-176.555893
-175.623550
-170.151840
-166.175735
-170.845459
-176.667465
-175.749619
-170.434555
-166.514236
-171.096512
-176.993088
-176.116547
-171.022491
-167.163330
-171.562683
-177.636810
-176.962509
-171.793900
-167.710495
-171.899567
-177.642181
-176.499557
-171.014450
-166.634399
-170.972595
-177.160461
-176.320923
-171.487579
-167.388092
-171.533188
-177.481781
-176.826248
-171.559998
-167.407944
-171.777802
-177.626633
-176.694290
-171.605072
-167.567810
-171.847000
-177.392731
-176.460938
-171.423218
-167.189072
-171.366348
-177.360550
-176.655136
-171.366348
-167.104324
-171.019272
-177.208740
-176.664780
-171.648514
-167.435303
-171.387268
-177.406143
-177.037613
-172.018127
-167.604279
-171.593262
-177.702805
-177.222687
-172.201584
-167.809738
-172.017593
-177.796143
-177.054779
-172.033676
-167.657928
-171.608826
-177.841736
-177.317642
-172.204803
-167.731949
-171.727905
-177.704941
-177.186203
-172.256836
-167.805450
-171.627060
-177.518265
-176.969482
-172.022415
-167.480362
-171.553574
-177.680801
-177.369675
-172.208557
-167.752884
-171.650665
-177.598190
-177.004883
-172.131851
-167.560837
-171.323975
-177.508606
-177.235565
-172.156525
-167.516846
-171.379227
-177.593369
-176.994156
-172.164032
-167.818329
-171.827148
-177.921127
-177.071945
-172.265961
-167.853195
-171.594879
-177.890549
-177.535965
-172.420990
-168.077423
-171.908691
-177.872314
-177.341782
-172.463913
-168.014130
-171.614716
-177.897522
-177.448532
-172.252014
-167.886993
-171.901718
-178.096542
-177.194794
-172.204269
-168.348328
-172.050308
-177.765030
-176.989868
-171.924789
-167.652023
-171.593796
-177.464081
-176.898132
-171.800323
-167.623062
-171.661392
-177.398636
-176.819809
-172.079285
-167.833878
-171.723618
-177.532211
-176.875076
-172.092148
-167.981934
-171.588440
-177.529526
-176.995773
-172.134003
-168.011444
-171.976288
-177.890015
-177.236099
-172.165115
-167.733032
-171.548737
-177.449066
-177.198013
-172.210709
-167.802231
-171.373322
-177.245209
-176.803192
-172.080353
-167.806519
-171.488663
-177.172256
-176.724335
-172.024033
-167.510406
-171.092224
-177.078918
-176.755981
-171.834122
-167.394531
-171.068085
-177.061218
-176.542480
-171.778870
-167.655777
-171.273544
-177.231262
-176.720032
-171.860947
-167.909515
-171.469879
-177.112717
-176.828400
-172.010620
-167.923462
-171.489197
-177.413116
-176.990402
-172.276154
-167.794724
-171.129242
-177.305298
-177.096619
-172.433334
-167.858551
-171.339523
-177.365372
-176.979675
-172.346436
-168.045242
-171.235992
-177.119690
-177.078918
-172.468201
-168.508728
-172.096451
-177.984436
-177.769318
-172.984787
-168.200806
-171.274078
-177.010788
-176.766708
-172.013290
-167.496460
-170.527893
-176.848251
-176.753296
-172.075531
-167.681534
-170.716187
-176.817139
-176.753830
-172.144730
-167.770050
-171.120117
-177.121826
-176.879364
-172.252014
-167.728745
-170.747299
-176.717361
-176.461472
-171.938736
-167.627884
-170.682922
-176.891159
-176.618652
-171.946777
-167.810806
-170.747299
-176.771530
-176.752762
-172.136673
-167.590866
-170.566513
-176.576813
-176.524780
-171.936050
-167.638077
-170.483368
-176.577347
-176.642258
-172.081955
-167.397751
-170.379303
-176.431427
-176.677658
-172.088394
-167.474457
-170.472641
-176.555893
-176.430359
-171.717178
-167.308701
-170.449570
-176.809082
-176.724869
-171.777802
-167.269012
-170.337448
-176.391739
-176.663712
-172.023483
-167.304413
-170.121262
-176.207733
-176.669083
-172.210709
-167.499146
-170.200668
-176.536041
-176.848251
-172.303513
-167.704605
-170.261810
-176.214172
-176.647079
-172.151169
-167.463196
-170.310089
-176.386902
-176.760803
-172.157059
-167.507721
-170.166870
-176.312881
-176.674973
-172.120590
-167.453537
-170.039200
-176.200226
-176.493668
-171.865234
-167.329620
-169.767212
-176.048950
-176.459335
-171.906006
-167.340897
-170.147552
-176.237244
-176.721115
-172.241821
-167.520599
-169.831055
-175.955078
-176.598801
-172.000961
-167.468567
-169.926544
-176.176086
-176.522095
-172.095367
-167.613403
-170.135757
-176.346680
-176.690536
-172.329803
-167.649338
-169.658325
-176.087570
-176.653519
-171.997742
-167.412231
-169.803162
-176.170715
-176.658890
-172.149017
-167.613403
-169.731277
-175.897141
-176.308044
-171.965561
-167.134354
-169.500610
-175.957748
-176.645477
-171.965561
-167.163864
-169.308029
-175.875687
-176.831619
-172.172089
-167.317291
-169.287643
-175.760880
-176.711456
-172.159744
-167.273300
-169.400833
-175.984039
-176.737198
-172.370575
-167.558151
-169.679779
-175.885864
-176.787628
-172.497711
-167.571564
-169.578384
-175.861725
-176.797287
-172.420990
-167.574783
-169.588577
-176.123520
-177.164749
-172.779343
-167.836563
-169.356842
-175.846710
-176.883118
-172.678482
-167.680450
-169.400833
-175.953461
-177.158310
-172.575485
-167.482513
-169.468414
-175.900360
-176.922806
-172.568512
-167.571564
-169.504364
-175.818817
-176.758133
-172.355545
-167.374680
-169.382584
-176.032318
-177.254868
-173.156998
-168.247482
-169.669586
-175.997986
-176.703415
-171.770294
-167.091446
-169.171234
-175.528061
-176.795670
-172.520767
-167.699768
-169.282806
-175.738892
-176.968414
-172.632889
-167.787216
-169.393311
-175.876221
-176.850388
-172.681702
-167.870895
-169.453400
-175.805405
-176.921204
-172.555634
-167.778625
-169.540833
-175.692215
-176.647079
-172.371109
-167.502365
-169.163712
-175.561859
-176.622406
-172.389877
-167.533478
-169.048386
-175.229263
-176.456650
-172.477859
-167.708893
-169.205032
-175.912155
-176.894913
-172.682236
-167.882156
-169.355225
-175.486221
-176.876678
-172.842102
-167.874649
-169.460373
-175.812912
-177.015625
-172.655960
-167.752884
-169.299973
-175.957748
-177.237167
-172.971924
-167.996964
-169.281738
-175.900894
-177.223221
-173.058289
-168.418060
-169.932983
-176.385300
-177.547226
-173.331879
-168.501755
-169.697479
-176.136383
-177.692078
-173.490662
-168.661606
-170.156677
-176.659424
-177.910400
-173.715958
-168.763000
-169.992523
-176.296783
-177.734985
-173.670364
-168.819855
-170.332626
-176.578949
-177.849777
-173.855972
-169.246872
-170.388947
-176.868103
-178.319168
-174.211639
-169.209320
-170.475327
-176.819809
-178.470978
-174.346817
-169.442139
-170.420609
-176.791916
-178.260162
-174.234161
-169.520996
-170.450104
-176.747391
-178.237625
-174.050705
-169.171768
-170.362671
-176.740967
-178.404999
-174.367203
-169.530640
-170.393784
-176.609528
-178.666245
-174.588760
-169.336990
-170.354080
-176.844498
-178.508530
-174.550674
-169.522064
-170.325119
-176.994156
-178.754761
-174.905258
-169.768829
-170.363739
-176.902969
-178.563782
-174.623627
-169.490952
-170.048843
-176.605240
-178.529999
-174.685852
-169.327332
-169.959259
-176.471130
-178.476349
-174.729843
-169.660461
-170.086929
-176.710388
-178.554672
-174.575348
-169.681381
-170.221039
-176.626694
-178.789093
-174.998596
-169.884155
-170.421143
-176.966263
-179.301392
-175.332794
-170.084793
-170.531647
-177.074631
-179.188736
-175.404144
-170.167938
-170.666824
-177.040833
-179.371674
-175.552200
-170.232315
-170.690964
-177.097687
-179.393661
-175.671829
-170.506439
-171.049316
-177.438339
-179.568008
-176.034470
-170.785385
-171.067017
-177.170120
-179.447311
-175.846710
-170.688828
-170.994598
-177.321930
-179.451599
-175.713135
-170.671127
-171.125488
-177.382004
-179.380249
-175.667007
-170.854050
-171.257446
-177.744644
-180.006821
-176.337021
-171.503677
-171.715576
-177.930252
-179.846420
-175.665390
-170.422745
-170.761246
-177.135239
-179.335190
-175.607452
-170.690430
-171.101883
-177.464615
-179.633987
-175.827393
-170.980652
-171.244034
-177.463547
-179.798676
-176.076843
-171.095978
-171.294464
-177.405609
-179.422638
-175.955612
-170.929153
-171.024094
-177.342850
-179.651688
-176.015686
-171.297684
-171.222580
-177.447449
-180.019150
-176.421783
-171.422134
-171.439301
-177.611603
-180.070648
-176.311264
-171.313248
-171.619553
-177.928101
-180.505707
-176.919601
-171.830902
-171.951614
-177.908264
-180.225693
-176.828400
-171.907623
-171.669968
-177.774689
-180.117325
-176.516724
-171.641006
-171.570740
-177.781662
-180.114105
-176.607925
-172.012222
-171.812668
-177.924881
-180.425781
-176.754364
-171.845398
-171.872208
-177.848709
-180.291138
-176.910477
-171.959656
-171.944092
-178.120682
-180.703659
-177.097153
-172.084641
-171.978958
-178.064896
-180.525558
-176.847168
-171.714493
-171.587906
-177.872849
-180.682205
-177.091263
-171.953217
-171.454865
-177.711380
-180.557739
-177.225372
-172.150620
-171.753128
-177.915237
-180.548080
-177.046188
-172.161362
-171.967697
-177.959763
-180.550766
-177.322998
-172.544907
-172.274002
-178.486542
-181.170364
-177.843887
-173.108170
-172.675797
-178.620117
-181.347916
-177.812241
-172.973526
-172.625381
-178.837906
-181.730942
-178.362091
-173.087784
-172.702087
-178.931793
-181.738983
-178.437729
-173.427902
-172.700485
-178.707016
-181.736847
-178.317032
-173.459549
-173.066864
-178.822357
-181.603271
-178.259094
-173.421463
-172.890915
-178.748856
-181.616684
-178.063293
-173.141434
-172.530960
-178.330978
-181.449844
-178.308975
-173.061508
-172.530960
-178.351364
-181.338272
-178.096008
-173.078140
-172.115753
-178.158234
-181.213272
-177.973709
-173.033081
-172.198914
-178.386230
-181.462723
-178.351898
-173.357620
-172.687073
-178.657135
-181.648331
-178.454361
-173.315781
-172.556717
-178.496735
-181.661743
-178.493515
-173.665543
-172.717117
-178.584717
-181.629547
-178.488693
-173.542694
-172.646301
-178.461334
-181.628479
-178.500488
-173.504608
-172.590515
-178.641037
-181.888123
-178.521942
-173.444519
-172.452637
-178.385696
-181.543182
-178.342773
-173.305054
-172.439240
-178.017685
-181.056091
-177.960831
-173.103882
-172.209106
-178.211349
-181.662811
-178.705948
-173.666611
-172.351257
-178.121231
-181.214890
-177.822433
-172.345886
-171.168945
-177.119156
-180.521805
-177.577805
-172.744461
-171.924255
-177.642181
-180.910721
-177.894302
-172.868927
-171.952682
-177.816528
-181.247604
-178.304688
-173.339920
-172.077667
-178.161453
-181.416046
-178.252121
-173.332947
-172.190857
-178.114792
-181.205765
-178.161453
-173.320602
-172.101807
-178.009644
-181.330750
-178.229050
-173.280914
-172.121124
-178.113708
-181.314133
-178.231201
-173.403214
-172.185501
-178.125519
-181.463257
-178.347061
-173.372635
-171.896896
-177.642181
-181.115646
-178.514969
-173.532501
-171.984329
-177.958679
-181.501877
-178.748856
-173.590973
-172.208557
-177.938293
-181.409607
-178.539642
-173.672516
-172.281525
-177.843353
-181.374207
-178.649612
-173.624237
-172.084641
-177.798294
-181.449310
-178.792313
-173.825394
-172.237534
-178.141068
-181.669785
-178.756912
-173.605453
-172.085175
-177.755371
-181.396194
-178.576660
-173.590439
-172.226807
-177.997849
-181.352219
-178.385147
-173.323822
-171.746689
-177.490906
-181.351669
-178.624939
-173.711136
-172.446213
-177.981216
-181.473450
-178.803574
-173.733673
-171.909225
-177.780045
-181.587708
-178.986511
-174.022278
-172.608749
-178.281082
-181.841446
-179.149048
-174.397247
-172.717651
-178.425919
-182.139175
-179.291733
-174.332336
-172.836197
-178.459717
-182.206223
-179.566391
-174.657959
-172.933838
-178.608856
-182.531845
-179.454285
-174.472885
-172.820648
-178.532135
-182.051727
-179.202698
-174.390808
-172.585678
-178.061676
-181.693390
-179.380249
-174.633820
-172.885559
-178.204910
-181.840912
-179.223068
-174.306580
-172.552429
-178.166290
-181.917618
-179.170502
-174.428360
-172.504684
-177.772003
-181.894562
-179.360397
-174.418167
-172.437622
-178.047195
-181.971268
-179.395279
-174.502396
-172.799179
-178.153412
-181.821594
-179.239166
-174.575348
-172.679016
-178.115326
-182.052811
-179.484329
-174.772217
-172.771820
-178.027878
-181.965897
-179.511139
-174.691757
-172.783630
-178.337952
-182.030807
-179.559967
-174.679413
-172.852295
-178.295029
-182.157410
-179.748795
-175.208878
-173.351715
-178.324539
-182.186386
-179.750397
-174.908478
-173.039505
-178.337952
-182.245392
-179.979996
-175.146118
-173.056671
-178.037537
-182.182083
-179.895233
-175.108566
-173.039505
-178.525696
-182.715317
-180.260025
-175.540405
-173.554489
-178.803040
-182.760376
-180.020767
-174.995377
-172.484833
-177.605698
-181.721817
-179.612000
-174.834442
-172.717651
-177.784882
-181.810333
-179.629166
-174.720184
-172.596939
-177.806870
-181.847885
-179.795990
-174.918671
-172.541687
-177.823502
-181.950882
-179.661346
-174.867706
-172.685455
-177.767715
-181.860229
-179.676376
-174.890228
-172.652740
-177.780579
-181.848419
-179.671005
-174.905258
-172.588364
-177.753769
-181.755081
-179.305145
-174.501846
-172.327118
-177.451752
-181.564651
-179.659744
-174.951385
-172.593185
-177.737137
-182.130585
-179.880753
-174.915985
-172.586212
-177.670074
-181.897781
-179.758987
-175.112854
-172.795959
-177.852463
-181.936935
-179.736450
-175.155777
-172.545456
-177.372345
-181.707870
-179.635605
-174.815674
-172.248795
-177.299927
-181.738983
-179.654907
-174.894531
-172.577103
-177.819214
-182.162247
-180.153809
-175.409515
-172.763245
-177.798828
-182.262024
-180.192963
-175.144516
-172.832977
-177.805267
-182.058701
-180.237488
-175.302765
-172.580322
-177.696899
-182.115036
-180.079239
-175.315094
-172.775040
-177.649155
-182.082306
-180.143066
-175.284515
-172.702087
-177.567078
-182.032425
-180.093719
-175.168106
-172.304047
-177.445847
-182.023300
-180.076019
-175.412186
-172.669373
-177.502167
-182.056564
-179.947266
-175.095154
-172.658096
-177.431900
-181.852173
-180.078171
-175.421310
-172.714966
-177.623413
-181.919769
-180.225143
-175.686844
-172.904327
-177.726410
-182.178864
-180.190277
-175.358551
