180.521988
-24.355785
124.681046
166.148758
79.491119
234.214523
79.149254
229.983795
-186.363312
76.428421
162.371002
143.622208
128.936325
113.665215
35.328735
111.791992
-46.551731
249.072586
-232.083084
245.037338
4.293619
-178.031921
133.042953
-160.131805
-2.795778
-41.317635
168.462875
95.871971
11.789226
-203.515854
90.964699
29.668928
-76.488754
109.061218
142.427933
-219.219498
-82.963860
-223.883728
134.309113
-146.687057
-187.116180
-141.988495
159.471756
-19.241728
62.221703
23.589968
-18.736589
-87.208275
-40.927990
61.158821
-240.224915
-153.315964
48.408672
-116.098518
7.261814
-55.071945
3.378985
100.854103
-89.868050
217.723450
-118.960655
233.364746
-71.416756
134.417465
215.999237
6.273783
-241.582687
95.931297
162.591141
-106.426506
55.585510
107.410400
233.107697
72.273048
101.164513
110.832397
12.479437
-6.201111
-210.402313
182.027588
-186.545258
-4.370990
240.933563
253.815857
-219.903778
-46.868767
73.927780
59.365623
120.972092
102.502083
163.746292
177.579666
55.130070
-205.910721
-249.100189
91.723450
200.849991
79.276009
171.927307
122.833008
-13.956324
149.955536
-60.676247
234.767822
-189.535721
210.558609
-0.508072
-160.605072
110.478058
-147.863922
4.909673
-60.380634
181.313873
98.293480
7.709586
-203.432709
84.824585
27.735592
-75.810692
122.869232
137.008255
-227.592285
-73.000526
-232.673325
134.584839
-135.723801
-213.473740
-128.059250
172.440781
-37.936192
80.477890
13.442099
-46.217434
-48.365063
-59.971138
53.594456
-205.844360
-191.765427
64.699875
-87.913322
-46.036903
-22.804964
6.674884
58.794914
-26.870468
191.929169
-149.485275
-225.766296
-117.680580
137.339996
-251.599533
-66.318604
-201.940704
120.712769
101.161575
-46.626644
35.042465
52.899857
-193.710236
25.578465
87.442322
179.553802
-64.873337
23.379366
-166.568573
95.456612
-126.816750
-3.118399
175.536453
-166.025101
248.806503
-86.800423
153.500351
-12.327686
131.780319
165.731949
64.001900
238.146652
82.282074
221.135727
-163.352097
61.003571
135.970566
188.873215
106.006126
110.564583
70.353561
49.714943
-18.189514
-228.968567
215.257492
-218.346619
-5.507710
-243.516998
230.906570
-209.776291
-40.293064
43.476120
83.210999
121.813766
88.472511
179.450623
170.905792
55.327480
-185.805405
245.812592
90.635544
206.018616
77.214462
181.961456
127.404030
-18.937723
152.321777
-56.420654
236.773041
-190.209503
213.128174
0.142095
-159.632507
130.590866
-156.802109
-0.420414
-47.142319
167.469925
109.955719
27.994598
-233.485794
111.617714
37.684441
-99.319725
157.612427
120.051338
-249.991409
-16.408588
249.788635
136.652817
-94.778801
244.086609
-96.591568
197.352081
-95.757645
135.205154
8.451043
-87.301369
31.646851
-103.079071
31.472664
-139.282654
255.460342
90.613228
-34.586174
-129.970215
40.725307
20.877718
-8.947503
57.245228
155.068115
-194.832321
-122.094612
-184.100113
140.952942
-178.402573
-165.998077
-145.502182
158.024445
4.459883
47.241024
20.078957
-15.256155
-71.532379
-45.482380
59.354233
-230.614563
-168.145905
66.451355
-93.537376
-32.167202
-29.027155
9.046494
73.293861
-36.116581
190.160522
-148.057800
-214.948944
-114.368584
141.150879
-247.280640
-79.579445
-189.311783
128.361359
85.930382
-25.921062
31.545938
39.705532
-151.667664
-1.476981
77.519226
217.394958
-107.591812
48.579796
-130.619995
30.230108
-73.808784
2.593634
120.700844
-90.060631
210.468613
-123.863197
248.198425
-78.875977
139.926727
232.321548
-39.339333
-210.370361
115.908936
120.189705
-56.729454
37.488640
61.230263
-185.977417
19.066059
84.108337
187.899231
-77.381546
38.345558
-148.531250
63.531883
-99.089149
-0.123444
146.334717
-119.484474
224.263763
-109.142159
218.340088
-54.085396
139.611832
211.086502
-9.413386
-226.582703
106.830193
149.579208
-82.116562
42.542995
80.006264
-215.515518
35.030033
90.009735
166.476425
-58.402775
33.132954
-159.366837
79.031296
-108.373344
-2.217176
152.973709
-124.825829
224.582397
-107.832710
219.834076
-59.806545
140.886963
218.206696
-23.705271
-217.013107
111.192001
129.941681
-60.524780
35.965683
61.466297
-184.684586
13.602400
83.712982
198.639343
-95.186050
45.873444
-137.309967
35.187366
-75.100533
-0.998917
112.998070
-74.697479
203.370956
-130.798325
-240.853180
-104.652016
142.733383
-252.433701
-82.018112
-186.521210
128.307175
69.641861
-6.303382
23.431719
16.009823
-122.701424
-26.837271
67.629921
253.721191
-155.616760
61.377151
-103.963669
-30.850235
-28.960098
2.468643
55.583771
-12.374737
175.962524
-164.913330
-179.953079
-157.389603
141.195404
-204.679657
-149.651093
-155.169937
149.150620
3.072108
48.964081
11.619805
-33.479084
-59.513935
-66.708847
47.311646
-203.213654
-212.516083
71.040619
-72.932648
-87.844498
2.387418
7.522999
13.064852
24.659065
162.238724
-187.130600
-149.895706
-180.443192
134.385284
-189.515503
-168.748413
-153.803619
152.686844
-6.693817
47.272675
11.892854
-35.203209
-70.627396
-60.942635
46.209259
-219.179230
-197.756958
63.925251
-85.286362
-70.516357
-13.837267
4.032372
27.852409
2.784575
169.471039
-178.665024
-174.863861
-163.318359
132.013138
-211.345474
-144.111786
-169.169464
141.433914
15.255239
24.307064
13.187825
-21.550764
-94.272148
-50.423012
51.370903
-234.428665
-185.663940
59.008224
-94.875259
-56.986755
-22.818375
1.788972
36.188713
-7.566071
173.230423
-173.660019
-185.909729
-158.080017
132.369873
-216.617096
-138.096664
-171.283585
138.773163
19.666399
21.712831
12.666941
-19.505310
-96.086937
-50.323769
52.690552
-233.699097
-187.848328
61.410950
-92.585732
-63.314625
-17.025877
1.515386
27.858311
4.643882
167.488892
-179.914398
-170.127075
-173.586395
132.956207
-201.078522
-161.231796
-159.355789
146.328934
-6.848848
46.911648
7.713972
-41.759602
-63.699253
-71.292206
43.832821
-199.360397
-224.127914
72.247612
-68.056389
-108.568863
17.443731
6.356774
-15.442741
55.946503
146.704453
-208.198837
-113.617760
-220.435486
132.287796
-151.180832
-227.367569
-125.038002
171.702637
-77.580849
112.267441
-2.764347
-98.165932
21.196426
-119.284981
20.049135
-119.080788
208.714264
92.369003
-13.198772
-203.177368
84.496284
19.618689
-103.211075
154.372314
111.386192
248.312225
-6.864215
211.087570
126.799454
-61.631523
174.441956
-72.182388
218.275452
-194.961853
216.979279
-12.911145
-192.141434
151.830215
-188.968231
-22.105001
7.910562
90.118225
116.283051
76.932579
165.893661
177.838242
47.420860
-236.723938
-215.418076
68.203690
160.373306
147.940033
103.527763
108.593697
68.879417
25.930182
-10.822557
-220.895126
161.582718
-167.862595
-15.195314
195.010376
-199.668060
246.875320
-84.728691
162.955673
-41.104572
131.717026
187.251846
7.303215
-239.947617
88.811638
124.650757
-66.451393
31.847420
55.797180
-197.092499
-4.207470
76.369095
214.564697
-129.657806
42.740623
-133.044708
-9.697259
-37.986271
-5.863371
51.158127
-26.110867
173.385452
-165.272751
-173.054443
-184.283585
136.741333
-186.399841
-176.594421
-141.590988
151.269562
-55.432243
101.356750
3.094671
-77.510765
0.415206
-119.338623
24.688286
-117.534225
204.604584
91.417358
-14.449755
-213.079544
104.977638
21.282732
-129.211868
175.659393
101.259247
235.964401
40.112534
170.298141
123.643570
-11.951640
124.560921
-44.112530
242.218994
240.326492
-227.321289
-11.109773
-244.811966
224.553497
-234.211746
-52.912861
95.957298
14.653730
123.900528
133.843155
77.212318
243.525543
72.808510
183.826187
-131.659653
48.215336
108.295532
-255.651566
34.006504
93.257889
166.621277
-62.448616
29.328506
-167.343185
46.481613
-69.722710
-2.010646
112.612373
-85.818451
194.102844
-133.938110
-219.896545
-136.290817
138.938599
-233.214066
-107.402542
-160.324615
135.503006
9.863997
41.195862
18.270611
-12.990225
-60.051987
-75.818169
52.257107
-176.535843
-224.696533
80.595184
-62.535866
-128.879089
57.977818
19.045233
-33.427490
84.172462
133.177002
-217.210526
-50.506981
250.576126
136.623322
-100.106743
241.042297
-78.597160
201.165649
-153.564087
188.246368
1.491246
-135.810196
116.000191
-169.392929
-1.199327
-15.228322
139.092682
114.256912
45.262661
214.046844
169.341003
49.852554
-183.220825
243.987076
82.754143
200.524368
118.195938
135.106476
118.954529
34.553043
88.544212
-15.509451
-239.607285
206.243134
-200.099548
-3.133419
-253.620346
-245.266678
-241.749832
-58.256893
125.459457
15.843559
131.575394
144.862213
67.490379
-255.923386
85.583336
194.849548
-134.324692
47.806561
110.698250
-248.375809
41.972126
95.122025
156.061951
-43.315342
32.693069
-168.542679
67.527840
-93.704872
1.392005
148.018600
-110.146629
211.681519
-117.205421
251.941193
-86.587868
137.983734
234.112732
-54.117233
-190.623383
121.294807
83.379601
-27.581348
25.133312
32.067139
-129.670334
-29.064577
68.424393
255.282242
-143.208328
61.987087
-109.951431
-36.451759
-20.279932
9.752451
63.929195
-16.230143
173.855377
-164.498657
-169.798233
-157.808578
137.285278
-210.654007
-139.749451
-149.417145
150.463303
6.253208
36.583534
15.544415
-18.098761
-62.203651
-63.841568
51.780209
-204.120773
-193.003021
75.588570
-78.365730
-89.413589
16.176119
15.540123
19.045641
34.786549
153.589676
-191.378693
-113.918167
-203.516647
138.151108
-161.380737
-206.214600
-114.414848
175.791397
-65.890709
104.370476
4.433094
-76.954475
24.930063
-114.358833
26.800793
-118.462265
231.508209
99.227425
-17.045061
-195.825958
90.749046
30.338943
-77.076691
140.895828
118.248360
-250.498352
-14.618483
238.938568
130.696167
-87.645729
218.222595
-78.497383
212.111740
-143.886139
165.208878
1.036344
-127.972244
85.965340
-141.981293
6.810287
-74.284134
195.262451
101.967033
6.029986
-227.170792
104.934723
35.966221
-98.570847
155.517075
113.690208
250.555618
-0.983203
230.062592
126.952881
-80.132324
212.881790
-79.589577
212.544113
-150.170013
171.127441
-0.316563
-138.336304
99.809837
-149.000107
-0.012181
-61.130043
182.312729
101.683792
15.088881
-240.269638
109.247177
38.606586
-109.211708
161.627686
111.637787
244.133881
4.534638
224.975525
125.270065
-74.512024
204.145294
-76.692253
216.372162
-158.238647
175.856171
-1.351895
-145.125504
107.707336
-157.206055
-6.466650
-49.733875
164.062973
105.361099
27.437773
236.212616
132.334564
40.932060
-155.610168
212.801575
86.514595
201.622467
75.695793
161.481186
115.800255
-0.207855
98.850334
-33.378330
-248.954788
226.767929
-234.511215
-11.781934
255.337555
247.041672
-232.388916
-64.828842
89.819328
26.699533
122.826569
133.548111
65.712074
232.405640
76.838257
193.280457
-139.557693
40.673496
89.538300
252.668503
39.566185
83.427055
151.936707
-72.145340
25.471491
-160.668243
42.819324
-94.346992
-9.606126
101.818626
-79.449280
193.460190
-149.354919
-234.462021
-132.172012
130.984238
-237.958893
-130.148209
-175.319229
135.205826
5.113805
35.151237
5.156217
-45.744827
-57.865986
-83.044037
34.756226
-179.919724
252.858597
79.521759
-42.604370
-170.246262
58.727760
12.466847
-88.187477
136.086624
111.387802
245.521652
-8.005763
205.970993
120.060143
-53.552170
151.170044
-65.933914
229.759598
-237.404053
247.811279
-17.687086
-241.621750
210.085663
-227.168808
-57.465107
80.427307
10.561215
124.236877
146.899078
42.211632
250.084625
77.636482
135.211151
-76.645927
27.227045
43.192402
-178.841125
-24.319214
64.626915
253.768402
-189.325699
58.300659
-91.514458
-104.289665
27.965504
2.023397
-56.750374
91.489525
119.733765
-247.590836
-27.976959
203.357986
123.140388
-46.058613
143.675949
-56.464642
233.078033
235.487793
-223.575851
-15.151863
239.203003
-250.111282
255.732498
-78.947990
151.411972
-51.490627
126.511391
197.547791
-34.246891
-208.259995
104.153885
44.368473
-0.768911
9.820043
-19.672680
-75.243477
-94.117805
35.681049
-150.646637
223.967453
88.481415
-23.325186
-243.109558
128.740936
28.861048
-176.751877
232.045349
71.503883
178.431534
143.342728
84.046867
100.464996
97.137573
-24.852089
21.911661
-183.279266
30.946795
-69.161049
-12.154226
65.360962
-30.812778
149.508423
-190.422211
-115.319885
-240.996231
130.424194
-124.327095
208.640137
-70.137474
210.914932
-227.184845
247.099426
-18.737976
-240.421188
245.841660
251.461899
-78.733414
149.210953
-47.550995
137.333023
208.327042
-73.025734
-187.208389
117.715134
12.283352
40.412121
-6.952349
-66.388718
9.907544
-137.660797
11.380771
-82.648331
137.510712
115.189781
51.369518
153.938522
196.656097
50.370758
221.646423
-142.479141
26.047947
73.278748
-205.635880
-15.009264
74.455070
252.488449
-205.615295
75.094505
-72.147835
-156.589523
67.874634
5.391715
-120.584808
192.156601
78.740486
199.682159
99.169426
102.887253
111.350471
85.451714
-29.389851
19.981007
-182.342102
37.882988
-55.901821
-16.922657
40.681950
7.081474
144.812958
-198.349762
-79.444260
235.128220
136.229034
-68.204010
163.460999
-48.512966
232.587189
228.627777
-197.834686
-18.016998
215.260529
-196.623749
222.495636
-101.516106
235.170944
-123.994499
139.795303
-234.459686
-150.177338
-131.782150
151.007248
-92.071220
143.429337
-10.848525
-137.175980
124.178246
-202.217285
-24.323727
55.120129
34.358315
133.278595
139.380310
20.618774
-218.329544
96.017136
82.783073
-11.032653
4.948614
-16.271103
-41.859631
-115.934364
29.034000
-106.323662
174.973129
116.043266
31.549063
173.095398
194.745819
49.806957
232.540482
-147.120438
28.313877
80.620491
-187.704758
-23.945311
72.121544
-245.409622
-219.129349
91.436134
-48.438713
-190.960953
104.181023
18.559217
-152.960678
242.068756
61.434872
167.687149
175.386002
68.469673
108.435982
148.796387
-96.189209
50.497578
-134.448044
-41.583900
7.256701
-5.534533
-31.151905
113.418198
109.266708
-255.070435
27.793686
157.957825
130.996582
37.598423
37.715809
8.612195
-207.219070
93.389694
-81.583969
-16.041283
80.666718
-20.979799
158.276566
-178.274490
-95.075638
246.241684
141.729172
-71.381889
164.700180
-38.443413
239.278229
211.096313
-172.027527
-17.865185
188.846649
-147.332779
197.714722
-124.392670
-204.604736
-176.431152
146.926758
-167.231705
-234.753311
-80.575554
192.852402
-192.490463
242.466171
-15.883570
-225.495773
-252.335907
245.799210
-76.191216
193.929291
-81.631142
146.920319
252.221939
-132.272522
-131.256439
153.290344
-74.128311
139.369553
-15.439396
-143.387436
148.106766
-210.567001
-29.893066
77.579872
12.086321
146.652100
174.836975
-26.478676
-193.297028
112.314240
38.531986
52.280899
-5.064610
-65.890366
41.206245
-148.968445
12.772839
-30.361883
93.650696
137.576035
108.979080
84.272964
-254.691711
76.026627
131.380417
-32.224789
8.561013
2.473785
-67.050407
-93.585121
47.650677
-114.973251
170.731491
117.059822
37.492302
186.626602
203.724243
49.801594
215.387756
-115.013329
31.128050
73.127472
-169.685684
-44.311325
71.857620
-192.809357
-251.110931
99.542847
-25.860411
-234.726578
150.117599
30.540646
-211.874344
-210.264481
52.631325
138.845886
252.775253
9.638631
90.371834
227.309479
-165.094086
80.450340
-82.583237
-150.896805
95.010536
17.298578
-126.543068
214.144287
68.740669
186.526978
175.492218
67.405907
109.086685
151.636841
-91.189560
63.765392
-125.459427
-75.548180
35.715477
4.213152
-53.759712
151.923462
87.909348
226.954865
96.842873
119.177917
123.330826
86.235458
-34.652344
44.776958
-158.464005
0.101388
-18.833149
-10.615710
-1.876663
94.476433
109.772041
-248.094009
30.488232
161.398575
135.564377
42.005291
16.260817
21.189074
-192.171341
63.328033
-51.709526
-14.968399
42.008572
40.708866
131.659943
-214.564255
-28.125553
191.894211
140.954010
4.998313
71.773430
0.258722
-224.325134
109.206154
-85.699013
-17.567997
86.261803
-15.401340
151.029785
-183.754242
-73.481712
224.870911
141.258179
-43.781418
125.173538
-12.176538
-246.123444
152.352707
-120.779099
-17.011169
131.400711
-67.113800
162.497299
-164.243317
-107.992630
-248.508560
146.188080
-84.776306
162.843552
-25.939491
247.491684
190.473877
-158.666367
-19.921366
167.856750
-96.342377
172.771225
-151.285568
-150.844131
-220.415634
152.087326
-110.187561
186.165894
-36.012257
236.715103
227.636429
-183.952637
-27.602142
181.494186
-109.027077
184.439377
-137.860031
-173.071609
-210.925446
155.856903
-117.003586
191.884369
-42.881397
230.535294
235.603668
-176.275070
-28.786070
175.298813
-112.640015
183.743073
-136.827927
-167.052719
-225.970490
155.138062
-102.262169
186.605240
-40.528561
228.848190
211.735214
-158.269409
-26.164478
163.161285
-98.040749
175.540878
-144.162155
-140.826080
-245.704575
149.378830
-89.739998
170.204071
-24.601068
242.544083
183.797318
-142.457779
-24.942463
146.328278
-76.730057
157.799667
-162.693542
-105.072243
248.822510
147.884842
-71.612022
127.796738
-7.731580
-250.119934
140.351425
-112.243240
-24.850197
109.059517
-17.977871
132.294006
-196.501190
-51.013920
205.318680
148.781769
-10.758594
53.805847
23.047308
-209.640030
67.290192
-51.320068
-25.758928
26.772015
80.644279
103.870644
-243.166260
38.825611
132.671036
137.006866
75.012024
-44.733696
50.497578
-160.183304
-30.981663
27.014929
-15.172247
-67.442200
167.479202
73.808434
213.987991
138.609695
59.150070
117.148331
166.169586
-128.672363
74.774254
-113.008614
-139.296249
100.581497
4.234610
-154.684814
-251.959427
44.360996
150.419617
249.825897
-10.961273
90.081078
253.970642
-219.907715
107.980545
-43.370945
-253.859848
168.619476
25.899889
-252.301132
-150.827255
13.105213
70.948441
-141.083679
-73.051201
61.660393
-166.401398
190.451630
125.840836
25.576319
159.067978
221.830765
48.468536
176.444214
-65.885979
-2.950492
9.266748
-67.824493
-111.698082
42.644604
-96.279861
130.675385
131.211151
67.674667
110.255531
244.264771
59.194691
131.633087
-35.081879
4.728137
-0.395642
-75.597534
-103.619270
37.348850
-123.606743
177.303436
101.118912
15.719199
216.870132
159.424866
36.936108
-240.307907
-230.990982
64.937302
143.778473
168.275467
78.760239
86.160225
100.424889
-9.284546
-11.356853
-202.656631
86.169731
-125.161293
-6.513539
126.268570
-134.323532
204.826324
-146.182938
-250.454956
-136.235031
114.737564
-237.447662
-134.999252
-171.497086
139.046204
-54.174286
69.217438
2.358673
-94.671005
12.426140
-141.031799
-7.400059
-72.977364
153.914566
87.088806
27.576710
189.163971
161.405945
48.006123
-249.166702
-231.580002
59.820717
126.659004
190.440170
61.139194
74.367088
120.852592
-41.464085
5.551794
-177.188507
31.956379
-98.213135
-4.252437
85.660454
-84.513290
181.298508
-174.957138
-196.613907
-168.448364
113.533791
-205.291199
-193.282593
-141.765335
165.460068
-98.526230
112.141914
-5.664888
-137.453857
75.131905
-172.753204
-29.520775
-23.041059
101.927994
106.450607
79.620155
102.900909
207.718063
64.617043
182.588074
-133.939529
27.561249
51.456829
-191.948013
-21.563509
52.441643
245.809219
-202.075851
63.704239
-71.726723
-159.929413
52.311920
10.988413
-114.593826
159.326355
87.465706
197.147476
64.952477
142.196091
98.445290
30.643454
31.621292
-28.542843
-220.421448
127.002075
-166.255951
-15.192096
141.044861
-150.017670
214.908203
-143.426697
230.317749
-119.959923
116.517479
-242.424774
-135.124252
-182.147598
139.114868
-40.607670
65.978943
-2.568546
-106.147110
11.960507
-130.406494
-4.505418
-84.217422
146.568008
84.937675
34.881977
193.912033
148.546906
41.741550
-254.718887
-217.263443
58.698479
117.820053
191.115555
51.580875
76.409325
149.451920
-81.821678
13.441244
-155.934143
-6.391169
-55.106812
-7.299963
17.243734
-6.801105
155.185593
-211.000137
-112.079781
-250.176361
111.886375
-113.940506
217.432953
-98.394547
204.118225
-212.808197
218.762955
-8.830968
-225.705521
178.753159
-223.097748
-65.481155
88.135979
11.202264
109.007828
148.644669
31.591694
-254.743210
89.083084
101.277451
-66.767357
28.960825
19.509569
-139.256012
-51.461025
37.505489
-215.978821
-217.745331
57.095810
-65.741104
-161.913177
56.417309
21.856726
-96.170807
123.912079
107.993195
226.513367
31.160393
177.918823
103.158470
-11.274114
108.273476
-44.179047
-247.754761
188.183258
-208.302811
-5.363944
210.347260
-212.046448
238.905930
-112.832878
194.198593
-66.881142
117.240067
224.282974
-76.582344
-196.418045
129.901474
17.402617
13.062170
10.670839
-51.273399
-34.456734
-99.448433
12.969175
-133.573837
219.711853
82.211479
-3.865221
-250.013565
107.599762
39.645138
-161.372635
208.733734
87.026901
179.002853
102.265762
137.684616
94.294830
41.098167
43.173565
-22.998714
-211.401169
142.867340
-178.936905
-6.213132
170.658051
-174.098007
234.064011
-124.067047
204.380798
-66.677834
118.360153
228.419479
-66.795502
-214.725189
125.449013
51.807316
-11.725736
20.522594
-25.515606
-89.857231
-59.612797
28.538864
-197.178146
-239.421860
64.948784
-40.804070
-166.576996
47.524708
20.963013
-98.426544
136.127396
113.524452
225.233414
15.423872
197.045135
108.048668
-21.917656
117.764198
-59.060486
-253.755936
227.165436
-228.936508
-9.033743
219.433502
-237.639557
-249.699356
-97.338295
148.621414
-40.672199
116.970238
207.411346
-30.544369
-231.588776
109.501671
60.446712
-18.074526
22.988617
-14.925171
-105.497200
-54.412529
36.538822
-195.413788
-238.407990
61.501610
-47.938210
-155.810074
55.332623
21.212996
-97.105827
133.947830
117.222679
233.463516
10.090566
188.381592
109.460587
-11.754766
119.063461
-57.876556
254.165558
213.587021
-217.861664
-6.790343
219.325150
-239.401230
-249.506775
-91.943291
157.122940
-42.582470
112.888985
199.128143
-15.968170
-229.930634
109.128311
70.471733
-35.813583
30.305685
2.530112
-134.867920
-43.000797
38.365940
-220.173798
-195.279144
43.682079
-81.753899
-111.149681
15.332296
16.658604
-45.143379
61.283024
144.747513
-238.559830
-63.526424
246.259918
106.502106
-91.066086
218.650681
-96.803467
214.136276
-198.448181
199.196243
1.990137
-199.116241
142.798141
-193.015701
-51.052483
36.550655
76.203995
93.284172
95.016571
118.213104
198.089996
71.919090
207.200043
-176.564117
60.921494
100.978462
234.866684
41.799931
64.404831
161.928482
-69.330627
15.296261
-148.793030
2.788425
-67.657402
6.479620
54.665382
-47.266521
173.762039
-193.812546
-150.535690
-191.695602
110.183174
-169.811996
-218.280258
-132.985931
182.016266
-119.934013
128.305435
5.686222
-141.089859
78.410637
-162.450836
-32.514656
-29.700451
130.607788
92.202705
62.751205
160.359726
169.479935
62.023884
249.431961
-217.223740
61.869926
113.075760
209.654449
67.887100
68.684029
124.556183
-44.655910
0.266768
-166.716095
39.565807
-108.484390
3.466425
91.949165
-89.907211
192.455978
-178.530380
-215.389908
-141.277573
111.196510
-212.200562
-161.273102
-170.124863
159.878922
-48.622116
59.470829
8.307813
-97.856941
8.391024
-114.419456
-8.019113
-113.177780
196.731232
75.246323
9.882174
248.913956
104.655769
42.202892
-174.629715
207.975204
87.012955
168.184433
97.916832
141.718658
90.969963
43.788425
39.761261
-30.396248
-211.575516
136.868317
-176.175293
-7.045153
153.830414
-158.980545
228.357880
-137.669601
220.051331
-96.219154
113.772507
-255.535950
-108.768326
-195.861755
139.120239
-4.431641
36.407047
10.068952
-76.915321
-27.988319
-97.787079
7.388034
-124.645836
200.988434
75.978027
8.491717
-254.886597
105.203476
36.340656
-189.401718
228.806305
87.666336
165.342896
107.387711
121.820427
88.118774
66.009995
16.041410
-26.054289
-204.591583
111.437218
-145.787476
-9.133521
118.570633
-130.354401
211.758759
-152.497391
-245.869446
-140.911194
112.019409
-216.373550
-160.504379
-170.666138
151.794739
-79.146187
99.541969
3.289400
-128.332733
39.472466
-149.711426
-23.314142
-47.267311
121.661011
83.054764
57.089062
163.806900
168.234314
52.756851
221.520355
-196.800873
55.488949
96.715363
230.839081
28.312710
60.353622
183.991791
-113.439568
19.519667
-133.779099
-59.361050
-19.729544
4.920183
-25.842205
38.302925
131.619705
-251.764343
-47.530262
214.086823
99.570747
-58.939121
143.681320
-65.627602
242.031250
200.046692
-224.966843
-13.473336
198.118530
-212.902069
226.104294
-128.695999
220.000366
-106.383118
111.311310
-255.965637
-145.982361
-164.421417
151.042114
-77.631279
92.154617
-6.001237
-137.701691
74.125534
-179.126678
-40.543045
-5.509068
78.527328
101.816292
100.054840
65.677742
223.906265
76.515862
135.642456
-96.537201
19.708275
10.583713
-138.995300
-53.692623
30.291420
-212.616943
255.325150
70.117401
-30.760807
-228.648697
92.293465
25.601627
-182.064804
226.871902
65.944740
143.600906
151.188721
80.227943
82.590744
120.525360
-76.373039
12.621561
-154.797958
-17.248751
-48.523598
-8.344415
-7.538271
37.589458
132.782715
-246.501862
-59.940845
211.675522
109.943382
-41.459698
114.811089
-55.011959
254.918182
178.440948
-188.451233
-20.664339
151.561798
-157.683426
207.801422
-145.358414
-238.781982
-167.750443
116.546982
-192.233124
-217.114029
-131.444733
171.709076
-166.768066
186.895615
-14.713590
-216.158463
174.721786
-234.781982
-74.734779
115.974098
-35.070137
113.554176
193.997620
-58.937164
-202.677246
115.849922
-16.984381
47.918552
-0.708165
-93.521950
26.384357
-160.730469
-21.638834
-30.402653
95.399490
100.335709
83.581238
81.169113
231.284485
74.995049
131.114349
-91.732285
14.764964
5.360379
-117.272095
-78.663994
24.008614
-170.997620
220.546555
83.616959
-5.467572
216.299896
141.937408
39.095284
-246.489868
-208.664276
41.075291
91.325188
-252.657150
7.759475
60.899185
214.727234
-180.786072
55.997715
-80.423523
-152.569962
47.949570
8.039592
-129.510666
181.104813
75.896805
174.072952
114.792221
96.794342
91.757996
101.946770
-63.274200
14.219622
-161.021225
-14.379861
-38.421322
-10.356072
-19.129169
60.121090
120.987427
253.386429
-21.079388
179.107590
110.256126
2.063977
61.796684
-28.674271
-230.348297
107.220245
-125.689690
-20.454590
83.010429
-65.524857
163.909210
-191.842712
-129.498581
254.384338
115.314774
-96.219154
170.572601
-67.290039
229.283249
206.773132
-202.586487
-19.531910
176.938187
-174.201004
200.205948
-144.369766
-223.083008
-173.976929
122.668320
-179.464722
-244.640472
-103.007950
189.890701
-209.961304
227.086914
-18.012171
-251.541092
253.172668
239.391953
-103.840508
192.862854
-96.254555
127.671173
-250.525574
-161.928635
-138.344437
160.616531
-113.248878
150.137543
-18.805567
-187.091354
176.495270
-227.994934
-63.242046
109.204735
-28.099077
131.398911
207.930084
-84.657936
-181.848267
130.341370
-29.680887
93.972618
-12.558167
-131.701050
98.338379
-187.690430
-30.712749
36.874130
25.736084
127.345558
160.568695
-2.631152
-224.192322
99.561943
36.457031
35.042873
-1.716676
-73.649994
17.229977
-145.334595
1.099326
-28.867357
84.669586
115.432259
104.289513
77.499847
255.696884
79.963570
99.543137
-25.976852
11.351048
-19.232262
-58.805294
-114.146942
20.990053
-84.821999
149.870331
105.333206
51.016003
141.781677
216.753342
61.194008
167.455063
-97.662651
23.089468
34.048218
-121.971321
-78.677940
37.843983
-154.981613
212.724701
100.793297
11.589669
196.280426
183.501984
50.190514
227.618088
-151.454361
28.427603
64.820671
-164.680145
-41.423122
55.373299
-206.667801
254.357956
94.776024
-15.681962
243.565094
150.615417
38.154903
-238.270508
-180.945236
34.817162
87.445099
-211.267441
-15.980224
69.595444
-236.486450
-234.288116
90.949577
-29.935223
-229.391129
128.789215
26.551666
-217.618027
-199.543167
46.482086
111.483063
-243.924942
0.772319
79.101730
-255.041443
-213.904404
80.464287
-48.871620
-199.656158
120.290367
23.209631
-201.757050
-227.760529
53.758926
130.297684
241.354950
9.730899
82.240448
239.751709
-183.705399
72.252441
-72.922989
-180.992264
108.731117
21.342278
-176.513702
-252.855286
58.821327
146.044403
230.448013
17.371977
82.268883
221.608719
-166.707703
76.897484
-74.397133
-176.252792
100.598129
20.888447
-163.636414
247.392944
55.317287
145.358826
229.081161
27.707066
84.924263
205.957489
-165.310272
75.427635
