-132.310165
-132.142792
-132.485580
-132.603607
-132.602524
-132.140656
-132.252762
-132.387955
-132.491486
-132.569275
-132.397064
-132.189468
-132.337524
-132.310165
-132.393311
-132.088623
-132.186249
-132.505432
-132.599838
-132.395996
-131.926605
-131.874573
-132.220047
-132.287094
-132.503281
-132.233994
-132.110077
-132.300507
-132.213608
-132.382584
-132.267258
-132.537079
-132.617554
-132.245255
-132.249008
-131.973816
-131.882629
-132.170700
-132.445358
-132.513474
-132.095596
-132.124023
-132.469498
-132.394928
-132.515625
-132.078430
-132.361664
-132.552109
-132.423355
-132.592865
-132.179810
-132.240433
-132.477005
-132.459305
-132.732346
-132.326797
-132.233459
-132.334305
-132.191071
-132.505966
-132.376144
-132.335373
-132.479141
-132.364883
-132.445892
-132.281738
-132.280670
-132.392776
-132.461975
-132.530640
-132.348251
-132.613251
-132.679779
-132.587509
-132.834274
-132.606277
-132.633102
-132.727524
-132.566589
-132.618622
-132.331619
-132.250092
-132.340744
-132.196976
-132.368103
-132.394928
-132.633636
-132.423355
-132.424423
-132.622910
-132.510803
-132.472702
-132.525818
-132.520996
-132.573029
-132.235062
-132.296753
-132.377228
-132.251160
-132.335922
-132.150848
-132.338058
-132.514557
-132.248474
-132.228088
-132.209854
-132.326263
-132.607895
-132.221115
-132.244720
-132.022095
-132.089157
-132.260284
-132.423889
-132.671188
-132.449646
-132.483444
-132.531723
-132.434082
-132.732346
-132.496307
-132.501678
-132.606277
-132.382050
-132.519379
-132.388489
-132.348785
-132.117050
-132.085938
-132.596634
-132.407257
-132.546204
-132.550491
-132.523666
-132.744690
-132.292465
-132.275299
-132.169083
-132.324646
-132.380981
-132.141190
-132.188400
-132.221649
-132.274231
-132.311783
-131.928223
-131.966843
-132.449646
-132.383118
-132.406723
-132.283875
-132.106857
-132.330551
-132.339142
-132.647583
-132.549423
-132.557465
-132.566589
-132.535477
-132.744690
-132.442673
-132.313385
-132.520996
-132.552643
-132.512939
-132.248474
-132.390091
-132.681381
-132.569275
-132.777405
-132.745758
-132.687820
-132.759705
-132.616470
-132.620224
-132.433548
-132.425507
-132.431396
-132.161575
-132.332703
-132.352005
-132.157288
-132.197510
-132.424973
-132.531723
-132.223267
-131.885300
-132.452332
-132.498993
-132.457687
-132.470032
-132.313919
-132.256516
-132.244720
-132.305344
-132.200195
-132.067154
-132.021561
-132.183563
-132.354156
-132.315002
-132.265640
-132.530106
-132.556931
-132.650803
-132.510254
-132.784912
-132.836960
-132.315536
-132.328949
-132.426575
-132.405121
-132.716797
-132.583755
-132.722687
-132.498993
-132.561218
-132.823547
-132.635254
-132.866989
-132.525818
-132.488800
-132.843933
-132.985016
-133.072983
-132.697479
-132.824081
-132.960342
-132.915268
-133.220505
-132.809601
-132.846603
-133.089615
-133.048843
-133.346573
-133.037048
-133.177597
-132.969986
-132.678696
-133.427582
-133.721008
-133.802017
-133.913589
-134.175369
-134.381912
-134.036438
-133.815964
-133.955978
-134.020340
-134.230637
-134.098663
-133.925934
-134.154449
-134.005859
-134.232239
-134.052536
-134.260666
-134.483292
-134.590042
-134.800873
-134.634033
-134.325577
-134.493484
-134.781555
-134.776184
-134.625443
-134.755264
-135.047623
-135.069092
-134.884552
-134.921570
-134.737564
-134.992371
-134.997742
-135.299225
-135.216614
-134.955902
-135.344284
-135.274551
-135.182816
-135.387192
-135.334625
-135.173691
-135.271332
-135.718719
-135.671509
-135.549210
-135.735886
-135.583542
-135.891983
-135.935440
-136.054535
-136.378006
-136.317917
-136.876358
-137.258850
-137.290497
-137.399933
-137.674591
-137.889160
-137.842499
-137.945496
-138.038300
-137.959976
-138.231949
-138.199219
-138.282379
-138.338165
-138.495880
-138.862808
-138.606918
-138.333328
-138.502319
-138.679871
-138.715286
-138.981888
-139.246353
-139.673370
-139.426071
-139.641724
-139.740417
-139.609528
-139.691071
-139.720032
-139.855225
-139.849319
-139.632599
-140.076767
-140.042969
-140.011856
-139.955536
-139.993088
-140.272568
-140.320313
-140.618576
-140.464615
-140.546158
-140.839584
-140.626083
-140.958679
-140.701721
-140.552597
-140.971558
-141.001068
-141.093323
-141.145370
-140.986038
-141.086899
-140.879822
-141.204910
-140.998383
-141.056320
-141.342239
-141.371750
-141.655518
-141.169510
-141.271957
-141.448990
-141.430222
-141.605637
-141.313263
-141.482254
-141.610458
-141.347595
-141.613144
-141.665710
-141.604019
-141.659805
-141.731155
-142.115250
-141.953781
-141.755295
-142.074478
-141.909256
-141.808411
-141.499420
-141.262848
-141.543411
-141.764954
-142.176407
-141.877075
-141.816452
-142.397949
-142.179626
-142.541718
-142.317490
-142.139389
-142.552994
-142.357727
-142.375427
-142.335724
-142.318558
-142.520264
-142.561569
-142.445160
-142.275650
-142.639359
-142.695145
-142.417267
-142.761658
-142.592682
-142.784195
-143.008423
-142.648468
-143.056702
-142.483780
-142.512222
-142.961212
-142.690323
-142.885040
-142.573380
-142.498810
-142.702118
-142.482712
-142.495056
-142.650620
-142.689240
-142.880753
-142.608246
-142.763275
-142.416199
-142.447845
-142.733231
-142.619507
-142.808868
-142.557816
-142.638275
-143.056702
-142.624863
-142.579803
-142.507919
-142.522415
-142.755768
-142.627548
-142.359329
-142.184448
-142.199478
-142.507385
-142.945663
-143.023987
-142.849106
-142.876465
-143.091034
-143.076553
-142.992340
-143.029877
-142.820129
-142.568542
-142.832474
-143.101761
-142.997162
-143.219254
-143.122147
-142.996094
-143.192963
-142.963898
-142.865738
-143.022903
-142.697296
-142.790634
-142.687637
-142.616287
-142.892548
-142.938156
-142.683350
-142.725189
-142.678513
-142.791168
-142.920990
-142.815842
-142.747711
-142.706406
-142.864655
-143.073334
-143.273422
-143.029343
-142.751465
-143.168823
-143.409149
-143.529846
-143.078171
-142.630768
-142.712845
-142.837845
-142.654373
-142.654907
-142.490753
-142.538498
-142.785263
-142.658661
-142.384537
-142.659195
-142.568008
-142.704803
-142.434433
-142.130814
-142.290665
-142.065369
-142.119537
-142.097549
-142.173187
-142.166214
-142.045517
-142.071793
-141.895844
-141.776749
-141.802505
-141.816452
-141.743500
-141.479034
-141.406082
-141.315414
-141.100845
-141.425385
-141.234955
-141.108353
-141.128204
-141.256943
-141.190964
-140.555817
-140.591217
-140.582642
-140.298325
-140.394348
-140.358932
-140.410446
-140.040833
-139.833221
-139.996307
-139.751694
-139.650299
-139.721649
-139.845566
-140.091263
-140.004349
-139.979675
-139.765106
-139.672287
-139.893311
-139.357407
-139.421783
-139.485611
-139.313416
-139.208817
-139.108490
-138.977066
-138.891235
-138.738342
-138.715820
-138.668076
-138.619797
-138.230881
-138.215317
-138.426682
-138.213715
-137.923492
-137.667068
-137.639175
-138.069946
-137.860733
-137.592514
-137.363449
-137.042114
-137.348969
-136.817886
-136.818954
-136.855972
-136.902115
-137.059280
-136.739029
-136.806091
-136.323822
-135.582458
-135.578705
-135.190323
-135.449966
-135.570663
-135.314240
-135.242889
-135.278305
-135.099670
-134.891525
-134.627594
-134.896347
-134.712357
-134.719864
-134.641541
-134.567520
-134.377075
-134.206482
-134.103485
-133.900711
-133.804153
-134.196838
-134.014984
-133.733887
-133.604065
-133.548813
-133.691498
-133.506439
-133.428650
-133.041336
-132.861633
-133.064941
-132.837494
-132.888458
-132.962479
-132.709824
-132.952286
-132.643829
-132.556396
-132.330551
-132.186783
-132.323578
-131.766220
-131.899796
-131.953430
-131.868683
-132.037659
-131.758713
-131.624054
-131.494781
-131.203491
-131.208847
-131.084396
-131.202408
-130.985153
-130.637543
-130.827972
-130.760925
-130.866074
-130.435837
-130.130600
-130.794724
-130.637543
-130.567261
-130.310318
-130.133286
-130.346786
-130.334991
-130.060867
-130.024918
-130.227158
-130.260956
-130.237900
-130.192291
-129.989517
-129.842529
-130.075882
-129.595779
-129.308777
-128.920395
-128.919312
-128.677917
-128.495529
-128.354446
-128.410767
-128.352829
-128.426865
-128.484268
-128.366241
-128.080856
-128.156494
-128.384491
-127.900078
-127.644730
-127.486481
-127.319649
-127.431763
-127.080933
-127.402260
-127.100243
-126.837921
-126.880302
-126.563263
-126.818077
-126.813782
-126.999931
-127.079857
-127.038551
-127.085220
-126.878693
-126.779449
-126.788574
-126.938240
-126.774628
-126.484406
-126.576141
-126.374435
-126.668411
-126.769798
-126.387848
-126.650703
-126.694160
-126.500504
-126.277878
-126.475288
-126.486015
-126.265541
-126.240326
-125.739830
-125.277954
-125.215187
-125.198021
-125.140083
-124.855232
-124.677673
-124.609543
-124.539810
-124.784958
-124.633682
-124.359024
-124.440567
-124.323082
-124.183075
-124.200241
-124.067200
-123.877304
-124.141769
-124.246910
-124.202919
-123.897148
-124.144447
-124.033943
-124.050575
-124.188438
-123.879982
-124.050034
-124.062378
-123.890717
-123.969032
-123.895004
-123.905197
-124.037163
-123.925049
-123.885345
-123.909485
-124.057007
-124.063980
-123.690086
-123.442787
-123.799515
-124.088127
-124.058083
-123.864967
-123.863892
-123.783424
-123.863892
-123.874084
-124.077393
-123.601036
-123.121994
-123.001831
-122.884888
-122.810852
-122.475044
-122.545319
-122.216476
-122.163368
-122.083443
-122.407455
-122.346298
-122.169807
-122.264221
-122.205215
-122.274414
-122.319473
-122.153175
-122.342545
-122.045357
-121.983665
-121.944504
-122.060371
-122.157471
-122.075394
-122.277100
-122.253494
-122.271194
-122.523857
-122.666550
-122.303917
-122.175171
-122.444466
-122.566772
-122.749702
-122.384918
-122.270126
-122.258324
-122.282997
-122.118309
-121.934311
-122.112411
-122.120995
-122.274414
-122.535660
-122.215408
-121.876907
-121.531441
-121.501938
-121.562019
-121.365685
-121.347977
-121.301842
-121.233719
-121.392502
-121.513206
-121.310425
-121.465462
-121.561485
-121.747093
-121.770699
-121.742798
-121.953621
-122.071640
-121.980980
-121.915001
-121.903198
-121.873695
-121.816292
-122.004044
-122.215942
-122.391357
-122.286751
-122.364532
-122.715904
-122.631149
-122.550682
-122.642410
-122.397797
-122.789398
-122.715370
-122.748093
-122.798515
-122.973396
-122.995926
-123.066742
-123.012558
-123.434738
-123.358566
-123.234108
-123.099464
-123.193878
-123.649315
-123.331207
-123.486771
-123.533981
-123.273804
-123.525398
-124.002831
-124.024826
-123.924507
-123.856918
-123.563484
-123.767334
-123.656288
-123.644485
-123.669159
-123.680428
-123.881592
-123.970642
-124.205070
-124.227600
-124.289291
-124.398727
-124.348297
-124.436272
-124.705032
-125.009727
-124.850945
-125.034943
-125.075180
-125.044601
-125.308533
-125.443176
-125.709785
-125.671165
-125.632538
-126.013412
-125.978012
-126.145912
-125.850868
-125.219482
-125.268295
-125.280632
-125.442101
-125.367538
-125.321404
-125.471603
-125.540810
-126.115341
-126.025215
-125.750023
-126.180786
-126.187759
-126.471001
-126.282707
-125.916855
-126.184006
-126.294510
-126.423790
-126.327766
-126.063301
-126.469391
-126.529472
-126.414673
-126.300407
-126.315430
-126.928581
-126.926971
-126.916245
-126.638901
-126.575066
-126.735466
-126.818611
-127.169983
-127.188759
-127.012802
-127.006905
-127.066452
-127.414063
-127.147987
-127.090591
-127.355591
-127.453224
-127.740753
-127.654922
-127.407089
-127.622742
-127.765434
-127.936554
-127.783669
-127.528328
-128.020248
-127.993423
-128.146301
-128.081390
-128.062622
-128.326553
-128.050827
-128.389847
-128.567947
-128.273438
-128.489090
-128.444031
-128.467636
-128.500351
-128.310455
-128.810959
-128.888199
-128.977798
-129.040024
-129.124771
-129.529785
-129.468628
-129.772797
-129.636536
-129.610260
-129.793182
-129.583435
-129.851120
-129.881699
-129.932663
-130.026535
-129.902618
-129.992737
-130.139725
-130.431015
-130.733032
-130.708893
-131.000183
-130.847290
-130.691193
-130.610184
-130.628418
-130.653641
-130.811890
-130.989441
-131.047913
-131.221191
-131.318817
-131.558609
-131.668045
-131.859024
-131.623520
-131.866531
-131.824692
-131.428253
-131.383194
-131.620834
-132.166931
-132.229706
-131.919098
-132.238815
-132.346649
-132.391708
-132.367569
-132.383118
-132.673874
-133.017197
-133.537552
-133.604599
-133.666290
-134.310028
-134.220978
-134.620621
-134.650665
-134.688217
-135.208557
-134.703232
-135.075531
-135.299225
-134.822861
-135.382904
-135.155991
-135.782013
-135.580322
-135.304047
-135.962265
-135.576569
-136.241211
-136.010544
-135.575485
-135.905930
-135.992844
-136.619400
-136.481003
-135.999283
-136.529282
-135.970840
-136.565765
-136.666077
-136.287354
-136.719711
-136.709534
-136.987396
-137.058746
-136.882263
-137.365051
-137.076447
-137.306046
-137.589294
-137.353256
-137.695511
-137.430511
-137.753448
-137.839279
-137.634354
-138.008789
-137.953537
-138.236237
-138.095154
-137.936371
-138.518402
-138.377853
-138.871918
-139.000671
-139.194321
-139.826797
-139.506531
-139.554276
-139.758667
-139.529602
-140.018829
-139.759201
-140.306900
-140.256485
-139.850937
-140.267746
-140.355179
-140.718887
-140.480179
-140.366989
-140.847107
-140.713531
-140.955994
-141.067581
-140.854080
-141.282700
-141.163071
-141.635132
-141.408218
-140.907715
-141.469376
-141.454895
-141.612610
-141.553055
-141.350281
-141.754227
-141.513901
-141.872238
-142.158173
-141.883514
-141.896378
-141.991333
-142.592148
-142.414047
-141.940903
-142.648468
-142.535278
-142.914017
-142.795990
-142.700516
-142.804047
-142.914551
-143.169891
-143.219788
-142.838913
-142.893097
-142.776154
-143.214417
-143.343170
-143.057785
-143.614609
-143.192429
-143.554520
-143.628555
-143.209061
-143.469223
-143.295425
-143.485321
-143.786270
-143.446701
-144.015869
-143.700439
-143.759979
-143.676834
-143.328140
-143.637131
-143.501953
-143.749786
-143.773392
-143.415588
-144.021759
-143.571152
-143.828110
-143.783585
-143.469223
-144.139786
-143.772324
-144.048050
-143.837234
-143.646790
-143.825958
-143.576523
-143.752472
-143.960617
-143.435974
-143.958466
-143.932175
-144.083450
-144.101151
-143.713852
-144.040009
-143.764267
-144.045364
-144.244385
-143.686493
-144.112961
-144.049667
-144.288376
-144.216492
-143.884979
-144.309296
-144.084534
-144.339874
-144.108673
-143.604950
-144.176254
-144.006210
-144.479355
-144.383865
-143.874237
-143.957397
-143.675766
-144.003525
-144.138168
-143.796463
-144.157486
-143.905350
-144.086136
-143.688629
-142.894699
-143.705261
-143.783051
-144.082916
-144.394592
-144.181625
-144.497589
-144.309296
-144.409073
-144.560883
-144.199326
-144.404785
-144.308762
-144.267456
-144.197723
-143.636063
-144.113495
-143.814697
-143.765884
-143.788406
-143.460648
-144.050201
-143.911789
-144.126373
-143.772858
-143.314194
-143.658051
-143.397354
-143.874237
-143.749252
-143.313126
-143.514832
-143.104980
-143.531464
-143.488541
-143.086212
-143.248215
-143.039001
-143.212814
-142.900604
-142.728409
-143.002518
-142.660812
-142.891479
-142.901138
-142.278870
-142.511688
-142.305145
-142.476273
-142.233261
-141.874924
-142.085205
-141.873856
-142.185532
-141.965576
-141.591690
-141.799286
-141.443085
-141.613144
-141.462936
-141.284302
-141.690384
-141.157700
-141.333115
-141.590607
-140.906647
-140.805801
-140.702805
-141.279480
-141.289124
-140.613754
-141.050949
-140.746780
-140.851929
-140.520416
-140.070328
-140.450668
-140.287064
-140.408829
-140.108429
-139.245285
-139.130493
-138.332794
-138.074234
-138.105347
-137.782410
-138.529144
-138.370880
-138.416489
-137.931534
-137.425674
-137.539398
-137.366135
-137.662781
-137.407440
-136.972916
-137.322678
-137.115082
-137.223969
-137.263138
-136.629593
-137.049637
-136.524994
-136.676804
-136.719711
-135.831909
-135.933838
-135.846390
-136.002502
-135.767532
-135.154388
-135.653809
-135.508972
-135.722473
-135.513794
-134.814285
-135.299225
-135.003098
-135.176376
-135.144196
-134.634033
-134.923706
-134.480072
-134.429108
-134.217224
-133.769287
-134.154449
-133.634109
-133.896957
-133.889450
-133.054749
-133.232849
-132.520996
-132.449646
-132.350937
-131.841858
-132.291931
-131.922852
-132.125092
-131.985077
-131.500671
-131.861710
-131.501205
-131.443817
-131.785522
-131.032364
-131.619766
-131.268402
-131.441132
-131.477066
-130.903610
-130.959946
-130.538834
-131.151993
-131.200272
-130.444962
-130.694412
-130.558685
-130.721222
-130.801697
-130.097351
-130.146164
-129.953583
-130.142944
-130.297974
-129.375824
-129.095810
-128.687042
-128.689728
-128.482117
-127.689255
-128.224091
-127.964989
-127.955872
-127.745049
-127.252594
-127.677460
-127.395821
-127.263863
-127.311600
-127.080399
-127.000465
-126.767113
-127.025681
-127.035332
-126.597061
-127.023537
-126.692551
-126.783211
-126.712395
-126.362640
-126.707031
-126.462952
-126.426476
-126.532150
-125.807953
-125.847656
-125.554756
-125.679207
-125.726418
-125.718910
-126.146454
-125.822975
-125.426544
-125.449615
-125.409920
-125.187294
-124.546783
-124.502258
-124.306458
-123.841896
-124.444855
-123.908417
-123.540421
-123.763580
-123.411667
-123.676674
-123.405769
-123.240005
-123.434738
-123.128967
-123.486771
-123.394501
-123.501793
-123.264153
-123.040451
-123.336571
-123.294724
-123.124138
-123.296875
-122.928337
-122.934776
-123.061371
-122.973396
-122.839287
-122.466995
-122.650993
-122.701958
-122.859673
-123.099464
-122.682114
-122.769012
-122.472359
-122.394577
-122.215408
-122.407990
-122.796906
-122.614517
-122.710007
-122.267975
-121.837753
-122.038918
-122.012093
-121.941284
-121.858673
-121.736900
-121.861893
-122.285141
-122.169807
-121.975616
-121.420937
-121.345833
-121.495499
-121.551826
-121.631218
-121.298088
-121.308281
-121.571136
-121.603859
-121.539490
-121.330276
-121.350662
-121.131790
-121.169342
-121.216553
-121.343689
-121.463318
-121.410744
-121.558800
-121.725098
-121.479942
-121.271271
-120.865181
-120.917755
-121.149498
-121.006264
-120.921509
-121.195633
-121.310425
-121.484238
-121.276634
-121.281464
-121.383919
-121.347977
-121.352272
-121.040062
-120.888245
-121.004120
-121.260536
-121.060982
-121.143059
-121.067421
-121.107651
-121.335106
-121.332962
-121.315254
-121.172028
-121.242836
-121.487991
-121.268585
-121.289505
-121.188118
-121.421471
-121.775520
-121.726173
-121.455803
-121.481552
-121.536804
-121.621567
-121.509987
-121.403229
-121.559875
-121.921432
-121.867256
-121.828094
-121.736900
-121.469749
-121.464386
-121.493889
-121.338326
-121.506226
-121.698273
-121.766403
-121.509445
-121.375336
-121.452049
-121.545929
-121.899445
-121.955231
-121.848480
-121.767479
-121.251419
-121.081367
-121.354950
-121.476723
-121.372658
-121.147346
-121.302383
-121.652145
-121.633904
-121.497650
-121.471359
-121.561485
-121.664482
-121.743340
-121.719734
-121.515350
-121.643021
-121.762650
-121.538414
-121.540024
-121.566849
-121.985809
-122.026039
-121.960594
-121.901588
-121.921974
-121.884422
-121.955231
-121.987419
-121.949867
-122.116165
-122.287292
-122.501328
-122.406380
-122.605934
-122.620422
-122.548538
-122.306602
-122.438026
-122.814613
-122.730392
-122.650459
-122.774918
-123.060303
-122.983589
-122.940140
-122.868256
-122.709465
-122.881126
-122.878448
-122.725563
-123.023285
-123.196022
-123.384850
-123.159004
-122.770622
-123.223381
-123.446541
-123.659508
-123.579575
-123.368759
-123.635902
-123.826340
-123.895004
-123.879982
-123.960449
-124.010338
-124.294121
-124.468460
-124.379951
-124.484016
-124.647095
-124.335960
-124.195412
-124.224915
-124.397652
-124.591843
-124.759750
-124.944824
-125.379341
-125.178711
-125.030655
-125.284927
-125.264542
-125.158859
-125.213043
-125.567627
-125.797760
-125.907196
-125.868034
-125.740364
-125.523102
-125.938309
-126.138405
-126.681282
-127.286392
-127.695160
-127.715546
-127.168907
-127.115265
-127.094879
-127.660828
-127.725739
-127.734856
-127.997177
-127.994492
-128.024002
-128.140411
-127.938164
-128.148987
-128.164001
-128.319046
-128.579208
-128.593704
-128.977798
-128.712250
-128.752487
-128.768585
-129.006760
-129.156433
-129.321655
-129.581818
-129.593094
-129.705750
-129.671417
-129.504578
-129.771729
-130.156357
-129.825363
-130.162796
-130.279739
-130.245941
-130.533478
-130.734100
-131.074738
-130.992126
-131.305405
-131.391235
-131.230316
-131.230316
-131.395538
-131.540375
-131.717392
-131.965240
-132.295151
-132.227020
-132.499527
-132.575699
-132.520447
-132.842850
-132.952820
-133.122879
-133.019882
-132.909912
-133.221588
-133.293472
-133.310089
-133.426498
-133.525208
-133.654495
-133.836884
-134.146942
-134.271942
-134.458084
-134.639404
-134.639404
-134.616867
-134.847534
-135.066940
-134.859344
-135.132919
-135.333023
-135.290100
-135.497711
-135.690826
-135.394714
-135.719788
-136.132309
-136.171478
-136.375854
-136.735809
-136.969696
-137.240067
-137.396713
-137.631134
-137.856979
-137.690140
-137.808701
-137.979279
-137.870392
-137.932083
-138.175079
-138.308121
-138.677734
-138.739960
-138.444916
-138.798965
-139.112244
-139.255478
-139.237244
-139.385834
-139.438400
-139.480789
-139.607391
-139.532288
-139.606842
-139.592361
-139.785477
-139.649765
-139.697510
-140.066040
-140.527390
-140.267212
-140.206589
-140.483932
-140.792389
-141.072937
-141.342239
-141.232803
-141.431290
-141.417877
-141.531601
-141.585251
-141.657669
-141.734375
-141.984894
-142.264923
-142.490219
-142.405472
-142.654373
-142.883972
-142.904892
-143.180618
-143.253586
-143.140930
-142.992340
-143.327606
-143.420944
-143.310440
-143.395203
-143.619965
-143.812012
-143.979919
-143.865662
-144.059311
-143.824890
-143.676300
-143.691315
-143.698822
-143.618362
-143.635529
-143.817917
-143.882828
-143.975632
-143.935928
-144.002991
-144.162842
-144.251892
-144.207367
-143.975098
-144.026062
-143.962753
-144.110809
-144.389221
-144.066284
-144.107056
-144.127975
-144.174118
-144.371521
-144.479355
-144.500809
-144.549088
-144.453598
-144.199860
-144.352219
-144.272278
-144.294281
-144.708405
-144.884903
-144.936401
-144.838760
-144.994873
-145.068359
-145.057098
-144.826965
-144.838226
-144.949814
-145.113419
-144.909042
-144.901535
-144.759903
-144.808731
-144.982529
-144.924591
-144.756149
-144.529236
-144.727188
-144.764206
-144.564651
-144.609161
-144.838760
-144.964828
-144.841446
-144.538361
-144.696609
-144.653687
-144.818924
-144.867203
-144.786194
-144.664963
-144.915482
-144.870956
-144.848419
-145.069443
-144.685349
-144.700363
-145.048508
-145.032959
-144.988434
-144.789948
-144.953033
-144.949814
-145.014175
-145.156876
-145.024918
-144.998093
-145.103226
-144.977173
-144.581802
-144.541046
-144.775467
-144.952484
-145.127365
-145.193359
-144.921921
-144.743820
-144.843063
-144.968582
-145.020081
-144.888657
-145.006668
-145.157410
-145.108597
-144.892410
-144.838760
-144.861832
-144.657990
-144.696609
-144.539963
-144.651550
-144.561966
-144.699295
-144.954102
-144.630630
-144.639206
-144.609711
-144.697678
-144.837158
-144.625259
-144.675156
-144.657455
-144.619904
-144.559814
-144.485794
-144.614532
-145.069443
-144.934250
-144.557129
-144.532455
-144.362946
-144.192352
-144.270142
-144.259415
-144.206833
-144.165527
-144.133347
-144.398880
-144.344162
-144.089355
-144.014786
-143.919846
-144.024445
-144.045898
-144.169815
-143.876923
-144.140320
-144.347916
-144.438049
-144.377960
-143.790024
-143.632309
-143.512680
-143.724045
-143.541656
-143.579742
-143.297562
-143.495514
-143.286835
-143.191895
-143.220856
-142.895767
-142.983215
-143.184921
-143.004135
-143.112503
-143.044373
-143.060455
-142.861435
-142.887726
-142.733765
-142.706406
-142.963898
-142.641495
-142.419952
-142.166214
-142.408691
-142.296570
-142.142075
-142.228973
-142.040680
-142.053024
-142.080917
-141.745102
-141.449524
-141.512283
-141.510147
-142.072342
-142.222000
-141.910324
-141.019302
-140.288666
-139.806412
-139.473282
-139.218994
-138.981354
-138.816132
-138.670227
-138.826859
-138.848312
-138.178299
-138.274857
-138.529144
-138.347290
-138.240524
-138.221222
-137.921890
-137.338242
-137.019058
-136.371567
-136.172012
-135.767532
-135.296005
-134.987015
-134.573959
-134.842178
-135.018661
-135.006866
-135.083572
-134.954819
-134.598099
-134.290176
-134.283737
-134.070236
-134.054672
-134.012299
-133.719940
-133.594940
-133.643768
-133.299362
-133.165787
-133.107849
-132.857346
-132.985550
-132.798325
-132.620773
-132.378830
-132.553177
-132.681381
-132.323578
-132.108459
-131.819321
-131.705063
-131.741531
-131.574173
-131.238358
-131.321503
-131.644440
-131.245331
-130.742142
-130.705139
-130.424576
-130.361267
-130.192291
-129.931580
-129.999710
-129.515305
-129.351685
-128.839386
-128.299728
-127.899010
-127.655998
-127.471466
-127.728958
-127.478439
-127.481117
-127.443565
-127.527786
-127.365784
-126.895325
-126.908195
-126.976860
-126.826660
-126.814323
-126.615303
-126.750488
-126.645882
-126.647491
-126.645882
-126.435593
-126.271980
-126.107292
-126.179710
-126.284317
-125.990349
-126.110512
-125.341789
-125.497894
-125.760750
-125.444786
-125.620735
-125.280632
-125.113800
-125.459808
-125.285461
-125.207680
-124.917465
-124.896004
-124.805344
-124.320938
-124.965210
-124.653000
-124.081146
-124.126747
-123.666481
-123.463165
-123.327446
-123.227669
-123.024361
-122.765259
-123.044205
-122.909027
-122.920830
-123.066742
-122.709465
-122.851089
-122.611298
-122.528152
-122.576431
-122.096313
-122.835533
-122.705711
-122.523857
-122.584480
-122.456802
-122.618813
-122.358101
-122.427299
-122.725021
-122.278702
-122.376335
-122.404236
-122.265831
-122.314644
-122.101143
-122.338791
-122.260468
-122.124748
-122.660652
-122.449829
-122.312500
-122.129578
-122.221840
-122.292114
-122.047501
-122.298553
-122.286751
-122.101677
-122.215942
-122.103287
-122.345764
-121.737976
-121.840431
-122.372047
-121.898903
-122.155327
-122.330742
-122.290504
-122.054474
-121.632828
-121.601181
-121.361389
-121.492821
-121.446152
-121.019142
-121.153786
-121.298088
-121.412354
-121.568993
-121.372116
-121.357101
-121.210114
-121.548607
-121.551826
-121.356026
-121.505157
-121.735825
-121.774452
-122.035698
-121.869400
-121.658043
-121.723488
-121.441322
-121.535194
-121.601181
-121.588844
-121.827019
-122.014778
-121.888710
-121.593132
-121.477798
-121.596352
-121.602249
-121.746017
-121.904808
-121.840431
-121.983665
-122.021210
-121.911240
-121.858139
-121.817368
-121.813614
-121.936989
-121.970787
-121.829170
-121.998146
-122.025505
-121.965958
-122.152641
-121.663406
-121.811462
-121.698273
-121.877449
-121.994392
-121.881737
-121.719734
-121.905876
-121.967033
-121.978836
-121.889786
-121.940208
-122.168198
-122.090416
-122.128502
-122.293190
-122.263687
-121.976692
-122.121529
-122.589844
-122.501862
-122.541565
-122.211647
-122.220772
-122.639191
-122.763115
-122.689087
-122.652069
-122.859138
-122.959450
-123.051720
-123.135406
-123.123604
-123.245911
-123.155251
-123.125748
-123.478729
-123.540421
-123.615517
-123.826340
-123.550606
-123.692764
-123.660583
-123.810249
-124.050034
-124.140694
-124.185219
-124.163223
-124.205605
-124.342934
-124.312355
-124.345619
-124.583794
-124.973251
-124.774231
-124.966812
-125.111656
-125.069275
-125.161011
-125.225380
-125.247375
-125.265076
-125.646484
-125.833702
-125.955475
-125.942604
-125.873940
-125.890572
-125.969421
-126.190437
-126.386238
-126.476364
-126.255348
-126.280563
-126.460266
-126.501572
-126.819687
-126.939316
-127.142624
-127.233284
-127.430153
-127.484871
-127.361488
-127.719833
-127.866821
-127.687111
-127.851265
-128.043839
-128.059937
-128.139328
-128.640900
-129.440201
-130.020096
-130.066772
-129.813034
-130.391312
-130.722305
-130.585510
-130.716400
-130.967987
-131.079041
-131.068298
-131.309174
-131.153595
-131.099411
-131.356903
-131.402512
-131.776413
-131.764603
-131.799469
-131.990982
-131.975433
-132.113297
-132.069839
-132.027466
-131.989380
-132.336456
-132.327866
-132.774719
-132.930832
-133.107315
-132.968384
-133.188858
-133.707596
-133.601913
-133.676483
-133.843323
-134.033752
-134.251007
-134.638855
-134.746689
-134.697327
-134.485977
-134.769760
-135.206955
-135.149017
-134.988617
-135.286346
-135.496628
-135.858200
-135.847458
-135.746078
-135.795425
-135.921494
-136.168259
-136.272858
-136.133926
-136.156448
-136.544846
-136.541077
-136.313095
-136.641937
-137.226654
-137.330185
-136.368347
-135.549210
-135.316391
-135.419922
-135.668823
-135.269180
-135.162964
-135.285812
-135.445663
-135.336243
-135.375931
-135.626450
-135.734268
-135.723541
-135.865707
-136.146805
-136.010010
-135.948853
-135.845856
-135.849609
-135.829224
-136.205276
-136.021271
-136.463837
-136.611359
-136.153778
-136.088333
-135.991226
-135.863556
-136.211716
-136.372101
-136.703094
-136.416626
-136.468658
-136.610825
-136.423599
-136.922501
-137.178909
-137.105423
-135.961731
-135.597488
-135.453186
-134.938736
-134.859879
-134.845932
-134.887772
-134.841629
-135.035294
-134.947845
-135.118439
-134.992371
-135.085175
-135.041199
-135.240753
-135.518631
-135.174759
-135.231628
-134.998276
-135.313171
-135.176376
-135.038513
-135.239136
-135.088943
-135.117905
-135.271332
-135.175842
-135.169403
-134.830368
-134.987549
-134.867386
-134.909225
-135.454788
-135.428497
-135.149017
-135.289566
-135.241821
-134.516556
-133.819183
-133.948990
-134.078812
-134.114761
-134.067551
-134.043411
-133.911987
-134.251007
-134.406586
-134.334167
-134.328262
-134.040192
-133.957047
-134.051987
-134.063263
-134.080429
-134.202194
-133.960800
-133.880875
-134.002640
-134.210785
-134.123871
-134.218826
-134.494553
-134.280518
-134.242966
-134.010681
-133.974213
-134.100281
-134.197372
-134.052536
-134.021423
-133.896957
-134.235992
-134.198975
-134.296082
-134.223114
-133.896423
-133.988693
-134.100815
-133.911987
-133.786987
-133.730667
-133.997284
-134.021423
-134.057892
-134.163574
-133.996735
-134.039124
-134.059509
-133.887314
-133.644302
-133.880875
-134.206482
-134.296082
-134.168945
-134.124420
-134.126022
-134.406586
-134.244583
-134.290176
-134.193085
-134.283203
-134.426437
-134.429642
-134.335236
-134.187180
-134.196304
-134.225266
-134.088470
-134.118515
-134.021423
-133.889450
-134.202728
-134.033752
-134.248337
-134.013367
-133.767685
-133.996201
-134.143723
-134.261200
-134.000488
-134.061646
-134.212921
-134.016586
-134.089005
-134.038589
-133.976898
-134.133530
-133.992447
-133.891068
-134.167862
-134.276230
-134.188782
-133.904465
-134.101349
-134.241364
-133.996735
-134.412476
