-168.285568
-170.959183
-172.254700
-170.837952
-169.177124
-170.027390
-171.391022
-172.555634
-171.285339
-168.489944
-168.100494
-170.833664
-171.505295
-170.012375
-167.289398
-166.602203
-169.322510
-170.821854
-169.757553
-168.783920
-168.354767
-170.358368
-170.708130
-168.526962
-165.854950
-166.724518
-170.328339
-173.105499
-172.263275
-169.531723
-169.447495
-171.166260
-172.775040
-171.450027
-168.455612
-167.698700
-171.246185
-174.402069
-173.655884
-169.824615
-168.655716
-171.491333
-172.236465
-170.708664
-168.438980
-167.231995
-169.301041
-171.914597
-170.582611
-167.264709
-166.593094
-169.739319
-172.231628
-170.336914
-168.231384
-168.611191
-170.898041
-172.050308
-169.596634
-167.665970
-167.543121
-170.423828
-172.526672
-171.416245
-169.726990
-169.583755
-171.741318
-172.646835
-169.903473
-167.569412
-166.885452
-169.056427
-171.057358
-170.834198
-170.033829
-169.872894
-170.763382
-172.027252
-170.371780
-167.709427
-167.750732
-170.184570
-170.378754
-168.258209
-167.265793
-167.384338
-170.120728
-171.196304
-169.835342
-169.539230
-170.314392
-172.434402
-172.691360
-170.633026
-168.598312
-167.987305
-171.279984
-173.004639
-170.560608
-167.633255
-166.788895
-169.410477
-172.069626
-171.432327
-168.559143
-168.101028
-171.811066
-172.785233
-170.001648
-167.893967
-168.144485
-171.595947
-172.886627
-170.087479
-166.256210
-166.691788
-169.675491
-171.050385
-170.091232
-169.157288
-169.218430
-170.927002
-171.973068
-170.110535
-167.681534
-167.124161
-169.932434
-170.785385
-169.420670
-168.392853
-168.808060
-171.746155
-172.230560
-169.647583
-168.026459
-168.318283
-170.781631
-172.420990
-169.966766
-168.611191
-168.582748
-169.736633
-171.032150
-170.304199
-168.725449
-168.188461
-171.436081
-173.268036
-170.795578
-169.029068
-169.182495
-171.384583
-173.837204
-171.597549
-170.110535
-169.220047
-170.828293
-171.869537
-169.909378
-168.443283
-169.119736
-172.588364
-173.523911
-169.869141
-168.421814
-169.673340
-170.857269
-171.930145
-170.639999
-167.863922
-167.606430
-169.578384
-171.274078
-169.941559
-169.023712
-168.724915
-170.216217
-171.593262
-170.847076
-168.128922
-165.874252
-169.048386
-171.549820
-170.253769
-166.778168
-165.174194
-168.876190
-170.061188
-168.036118
-165.075500
-165.067993
-168.943771
-172.277222
-169.709274
-167.672943
-167.200882
-169.339142
-169.702301
-166.943924
-165.283096
-165.458511
-169.304810
-171.776184
-170.965088
-168.633713
-167.365570
-169.802078
-171.440918
-169.510803
-167.289932
-166.879547
-170.687744
-172.675797
-170.376083
-165.502502
-164.915100
-168.554855
-170.305267
-169.956573
-167.650955
-166.889740
-168.676636
-168.390167
-166.800690
-166.622589
-167.971207
-168.493164
-169.842316
-169.845535
-168.379440
-167.630569
-170.490875
-171.954285
-170.378220
-167.816177
-167.365036
-169.387421
-169.578918
-168.145020
-167.983017
-167.802765
-169.442673
-169.068771
-167.347870
-166.468643
-166.314682
-167.870361
-169.498993
-169.253845
-167.274368
-166.321655
-168.850433
-170.766602
-169.128311
-166.763138
-165.777695
-167.997498
-169.103638
-167.831192
-166.477219
-166.349014
-168.429871
-170.199051
-170.153458
-169.221649
-168.016800
-169.645981
-172.262741
-170.321365
-167.121490
-166.371536
-168.691650
-170.125015
-169.993591
-166.895645
-165.553467
-167.904160
-169.100418
-168.455612
-167.967987
-166.949295
-169.613251
-171.144806
-169.472702
-167.681000
-166.039474
-169.331085
-172.081421
-170.865311
-168.987762
-167.396149
-169.468414
-171.151230
-169.648132
-167.153137
-167.220184
-169.339142
-170.895355
-168.918564
-167.622528
-169.097733
-171.514404
-172.146332
-167.911667
-165.969208
-166.134430
-169.091843
-171.341675
-170.028458
-167.889664
-167.206772
-170.571884
-173.923569
-170.735489
-167.031357
-168.167542
-171.025711
-171.546600
-169.849289
-168.503891
-168.242111
-169.545135
-169.606277
-168.510330
-166.708420
-165.624283
-167.473389
-170.623917
-169.717865
-167.721222
-167.805450
-169.671188
-170.320831
-168.338135
-165.698303
-165.126999
-168.183640
-171.314316
-171.024094
-169.624527
-168.402512
-170.730133
-171.850220
-169.989838
-167.384338
-166.589340
-168.872437
-170.741928
-169.548889
-167.509338
-165.879089
-168.406799
-170.385193
-169.965698
-167.640228
-165.972961
-168.963623
-170.418457
-168.740463
-165.552399
-165.734787
-169.151382
-170.309555
-169.110611
-167.130600
-166.437515
-168.006607
-169.398682
-169.287094
-167.871964
-168.471176
-169.544586
-170.368027
-169.214142
-167.265259
-166.085617
-168.816635
-170.964554
-171.040726
-168.342957
-166.120483
-169.599854
-171.211319
-169.871826
-167.779694
-166.868820
-169.106323
-169.161575
-168.027542
-167.296906
-167.336594
-170.575104
-171.597549
-170.008072
-167.960480
-168.818253
-171.318604
-172.129166
-169.177673
-167.441742
-166.729340
-169.005463
-170.104095
-168.789276
-166.722366
-166.005692
-168.161652
-170.177063
-169.515091
-167.883774
-166.823761
-170.123947
-171.851288
-168.730270
-166.251907
-166.360809
-168.436844
-169.880936
-169.207703
-166.378510
-165.747665
-168.597778
-170.880875
-170.712433
-168.883163
-167.974960
-169.083786
-170.366959
-169.905075
-167.919174
-166.714859
-168.567200
-170.970459
-169.153534
-166.212219
-166.510483
-170.060654
-171.321289
-170.146484
-167.760391
-166.141403
-169.600922
-171.845932
-170.280060
-167.934189
-166.434311
-169.555862
-171.027313
-168.862244
-167.275436
-165.847443
-167.861771
-170.212463
-169.125626
-167.921326
-166.703598
-168.833267
-170.184570
-168.610107
-166.370468
-166.783524
-169.532791
-171.330948
-169.478607
-167.922928
-167.873581
-169.694260
-171.543915
-169.483444
-167.128998
-166.978790
-168.943771
-169.977509
-167.599991
-165.504120
-165.555069
-167.619843
-169.536011
-168.467422
-166.509949
-166.058792
-168.847748
-171.278366
-170.554718
-168.106934
-165.989594
-167.425110
-168.854721
-167.799545
-166.377975
-167.042099
-169.696411
-170.703842
-169.647583
-167.869827
-167.719086
-170.673264
-171.000504
-168.947540
-167.888062
-168.083862
-170.361053
-170.447418
-169.556931
-168.438446
-168.189011
-171.011765
-172.220901
-170.128235
-168.427719
-167.876266
-170.052597
-172.129700
-170.806305
-169.207169
-167.498062
-168.357452
-169.218979
-167.269547
-165.821152
-165.781998
-169.181961
-171.675339
-171.127090
-169.493637
-167.745361
-168.907837
-169.668518
-167.038879
-165.063690
-165.572784
-167.551178
-169.383667
-168.373001
-165.996567
-166.119949
-169.878265
-172.778259
-171.683929
-168.263565
-166.887604
-168.537155
-170.637863
-169.695328
-166.709503
-167.259354
-169.473785
-171.433945
-172.067474
-169.414780
-167.613403
-169.636856
-171.360443
-169.119736
-167.601608
-166.528183
-168.984009
-170.754807
-169.446960
-167.668121
-166.611862
-169.404587
-170.261276
-169.409409
-167.672409
-167.258286
-170.212997
-171.125488
-169.313919
-167.252380
-165.955261
-168.908905
-170.391098
-168.215820
-166.162323
-165.918243
-168.410553
-169.442673
-168.562912
-166.261032
-164.773483
-166.462738
-167.697083
-166.648880
-165.117874
-165.933273
-169.818176
-171.112076
-168.531250
-166.526031
-166.734711
-168.802155
-169.946930
-168.911591
-168.581680
-168.483505
-170.040802
-171.681244
-170.648056
-169.076279
-167.820999
-169.641693
-171.138367
-168.876724
-167.297440
-168.750656
-170.272003
-170.164185
-168.683060
-168.059723
-167.433151
-170.024704
-171.458618
-169.981796
-168.087616
-168.430405
-171.158203
-172.584610
-172.125412
-171.274078
-170.208176
-171.824478
-173.785172
-172.654343
-170.120728
-169.532257
-172.115753
-173.661789
-171.349716
-168.909439
-168.058655
-171.815887
-174.819962
-174.745392
-171.734344
-171.077209
-173.740097
-174.482010
-172.392563
-170.535934
-170.238754
-171.328262
-171.888840
-171.345963
-169.881485
-170.226944
-172.581924
-174.801727
-173.003036
-169.360062
-167.859085
-171.560547
-173.358154
-170.106781
-168.121414
-167.610718
-170.247864
-171.797653
-169.600922
-167.014740
-165.768036
-169.412628
-172.040115
-170.075668
-167.657928
-167.840317
-169.457153
-169.556396
-168.827377
-167.765213
-167.976044
-170.328873
-170.370178
-169.566589
-168.252838
-167.117737
-169.325729
-171.414093
-171.076141
-168.498001
-167.386490
-168.975967
-170.996735
-169.513474
-167.270081
-165.984222
-169.508118
-170.473175
-169.346115
-168.489410
-166.949295
-168.602600
-171.396927
-171.569656
-169.081650
-166.804977
-168.985626
-170.596558
-169.548355
-167.473923
-166.441284
-169.532257
-171.304123
-168.988846
-168.157349
-167.826370
-169.920639
-172.165115
-170.162567
-167.285629
-164.793335
-167.238968
-169.331085
-166.374222
-164.450546
-164.818542
-166.848969
-168.408401
-167.546341
-165.545425
-165.305099
-167.347870
-169.475922
-169.217896
-166.678391
-165.690262
-168.867065
-169.996811
-168.514618
-166.404800
-166.463806
-167.470703
-169.413162
-168.673950
-166.652100
-166.457367
-168.388031
-169.401901
-167.534546
-165.390930
-165.456909
-168.212601
-170.403442
-170.258591
-168.137512
-167.415451
-170.505356
-171.447891
-169.319290
-167.344650
-165.029358
-166.521744
-168.591339
-167.365036
-165.434372
-165.063156
-167.495926
-169.156738
-169.010834
-166.696625
-165.335129
-168.012512
-169.556931
-169.009232
-167.723907
-167.293152
-169.471100
-171.530502
-170.108398
-167.601608
-166.400513
-168.322586
-171.194153
-171.344894
-168.646057
-167.057648
-168.808594
-169.031754
-167.595703
-165.777161
-164.582504
-167.001862
-170.696335
-169.309631
-166.457367
-166.049133
-168.110687
-168.706665
-167.434769
-165.431152
-164.632401
-167.133286
-169.710892
-168.958267
-166.353302
-165.946136
-167.933655
-169.159958
-167.672409
-165.852798
-165.734787
-167.897186
-169.489334
-168.436844
-166.128525
-165.116272
-166.627960
-167.217514
-166.662292
-165.123779
-164.805664
-167.244873
-169.045166
-168.060791
-166.139267
-164.925293
-167.601059
-168.408401
-166.379593
-164.967133
-163.979004
-166.130142
-168.884232
-168.944321
-167.362885
-165.718155
-167.349472
-168.477066
-166.801224
-165.040085
-165.854950
-168.890137
-170.417389
-169.110077
-168.185791
-168.568268
-171.125488
-172.253616
-169.530640
-167.376297
-166.137115
-168.543060
-170.306335
-168.975967
-166.943924
-165.501968
-166.663895
-168.173981
-168.150925
-167.276520
-166.374222
-168.382126
-170.039734
-168.572556
-167.346786
-165.280411
-167.491089
-168.485123
-166.898865
-166.604355
-166.589874
-167.433151
-169.465729
-168.726517
-167.567276
-166.814636
-168.601532
-170.388412
-169.547272
-168.369781
-166.828583
-168.825760
-170.920563
-169.739319
-167.421890
-166.052353
-167.856415
-169.537613
-167.858551
-166.835556
-166.239578
-168.361740
-170.712967
-168.883163
-167.858551
-167.757172
-169.532791
-171.089539
-171.102951
-168.300049
-167.004547
-169.629349
-171.229019
-170.027924
-167.201416
-166.377441
-169.290314
-172.110397
-170.940948
-168.131073
-165.845825
-167.968521
-169.387955
-169.401367
-168.230316
-168.281265
-169.939957
-172.143646
-169.984482
-167.324799
-166.571091
-168.668045
-170.972595
-170.319748
-167.578537
-167.473923
-170.545059
-170.835266
-168.848297
-167.231461
-168.464737
-170.880875
-172.167801
-170.640549
-168.467957
-167.023315
-170.106247
-173.143051
-172.529358
-170.783234
-169.448029
-170.174377
-171.289108
-170.538620
-166.587723
-165.097488
-168.347260
-171.098663
-170.688828
-168.775330
-168.172913
-169.969452
-170.715103
-168.511398
-167.726059
-167.849976
-170.932907
-173.129639
-171.144257
-167.442276
-166.140869
-168.551102
-169.760239
-168.363892
-167.327484
-167.772186
-170.315460
-171.325043
-169.263504
-166.077576
-164.755783
-167.297974
-169.254913
-169.689438
-169.217896
-168.931442
-171.445206
-174.444992
-172.416168
-170.139511
-168.690048
-170.054214
-169.886841
-169.216293
-168.678238
-167.783447
-169.808517
-172.178528
-172.183884
-170.512863
-167.898788
-170.093369
-172.300827
-170.668976
-167.925079
-167.829590
-171.404434
-172.650055
-169.776337
-169.067154
-168.443283
-170.154526
-172.799728
-171.717178
-169.606277
-169.462524
-171.149094
-172.595337
-170.961334
-168.190613
-167.992126
-171.186111
-173.365662
-173.421997
-171.666214
-168.995819
-170.321365
-171.459686
-171.693573
-170.788071
-169.869141
-172.483215
-172.778793
-170.653961
-170.159897
-169.868607
-172.319077
-173.879044
-172.134003
-170.578323
-169.087006
-171.291779
-173.810379
-171.943024
-171.165726
-170.562225
-171.154984
-173.103348
-173.386581
-172.380768
-170.892670
-172.039581
-174.796356
-175.494812
-172.488052
-172.252548
-173.946640
-175.010941
-173.424133
-171.344360
-171.157669
-173.374786
-174.552811
-173.043259
-171.455399
-170.221039
-171.096512
-172.885559
-171.759018
-170.048309
-171.425888
-173.367813
-173.794281
-171.654419
-170.637329
-170.289169
-170.953827
-171.875961
-169.971603
-168.602066
-167.590332
-170.494095
-172.168335
-171.261200
-170.136292
-168.642303
-169.700699
-171.087402
-170.414703
-170.423279
-170.392700
-172.206421
-173.468124
-171.719864
-170.621231
-169.792435
-171.263885
-173.177383
-172.577103
-169.991455
-169.022095
-170.783768
-172.832977
-171.515488
-168.899246
-168.170227
-170.616409
-171.850220
-170.697937
-168.972748
-168.588654
-170.967239
-173.440765
-171.860947
-169.420135
-168.172913
-168.914276
-171.101883
-170.983871
-169.193756
-168.494781
-169.360062
-171.791214
-171.341141
-169.934052
-168.694336
-169.968384
-171.180206
-170.212463
-168.023773
-166.362427
-169.339676
-171.934982
-171.623306
-170.716721
-171.101883
-173.067947
-174.902573
-173.703094
-170.377686
-167.680450
-169.682465
-171.236526
-168.511398
-165.911804
-166.630646
-169.338058
-170.548813
-169.086472
-167.236282
-167.044769
-169.369171
-170.321899
-168.853119
-167.110764
-166.689651
-169.888992
-172.748764
-172.458008
-169.903473
-168.582748
-170.704910
-173.254623
-171.155533
-168.386948
-167.945999
-169.199127
-171.091156
-170.275757
-169.320358
-169.318222
-169.841248
-171.199509
-170.422745
-169.730743
-169.639542
-170.973145
-171.616867
-170.136292
-170.179199
-169.483978
-170.658783
-171.727905
-169.904007
-166.801773
-165.362488
-167.800079
-170.866928
-170.000565
-169.529572
-168.346176
-169.662613
-172.042801
-171.362061
-170.020416
-168.982407
-170.888382
-172.313705
-170.484436
-169.119202
-170.006470
-171.852371
-172.198914
-171.818573
-169.817642
-168.769440
-170.614792
-172.049774
-170.284348
-168.555923
-168.485123
-169.975357
-171.312698
-170.011292
-168.947540
-168.095123
-170.289169
-172.535263
-171.898499
-169.105240
-167.720688
-169.678162
-172.710129
-171.970917
-168.913208
-167.724442
-170.322433
-171.973068
-171.234390
-168.730804
-168.316681
-170.770355
-172.483215
-170.821854
-169.197510
-167.925613
-169.064484
-171.234390
-170.562225
-169.508118
-169.518845
-170.172760
-171.546600
-171.023560
-169.196976
-168.024857
-169.334305
-171.302505
-172.236465
-170.641617
-169.816574
-170.353012
-171.721481
-170.960800
-168.590256
-167.259888
-169.403503
-171.310562
-170.106247
-168.402512
-167.988907
-170.264496
-171.881866
-170.319214
-167.815109
-166.969131
-168.901932
-170.924316
-169.693192
-168.353149
-168.211533
-170.651276
-173.504074
-172.438690
-171.223648
-169.689438
-169.895432
-171.990234
-170.480148
-169.247940
-169.413162
-170.685608
-172.505753
-171.663544
-169.155670
-168.857941
-171.040192
-172.046021
-171.576630
-170.624451
-169.343964
-170.338531
-173.186493
-171.372787
-168.680923
-168.721695
-170.789139
-172.636108
-170.671661
-168.528030
-167.972275
-169.996811
-172.510040
-171.941956
-169.626129
-168.086548
-170.844391
-172.481079
-171.726837
-169.242035
-168.718475
-170.066544
-173.157532
-172.099136
-170.478531
-169.795105
-171.459686
-172.882339
-171.496704
-169.589111
-167.657928
-169.689972
-172.385056
-170.048309
-167.729813
-168.330627
-172.217682
-174.514191
-172.698868
-170.977432
-169.948532
-170.755875
-172.591049
-172.540619
-170.677017
-169.793503
-170.838486
-172.321213
-172.054062
-171.256912
-169.934586
-171.324509
-173.479401
-172.599091
-171.005325
-169.996811
-172.127029
-173.935364
-172.209106
-169.836411
-168.708282
-171.200592
-172.169403
-170.015594
-167.966385
-167.495392
-169.489334
-171.892593
-171.250473
-170.624451
-168.649811
-170.446350
-173.169327
-171.296082
-168.953430
-168.848831
-171.493484
-171.595947
-169.855194
-169.257065
-169.834274
-171.547134
-172.505219
-171.284805
-170.282196
-169.571411
-172.011154
-173.910156
-171.594330
-169.508118
-169.196976
-170.668976
-172.324966
-173.242279
-171.694656
-170.021484
-171.783157
-173.471878
-173.156448
-172.498245
-171.208633
-171.878647
-172.784698
-171.691971
-170.478531
-170.197983
-171.910843
-174.323746
-173.292709
-170.793427
-169.686752
-171.077744
-172.729446
-171.702164
-170.489807
-169.449112
-170.338531
-171.288025
-170.708130
-170.721542
-170.420609
-171.533722
-173.049164
-172.015976
-172.067474
-170.181351
-170.756409
-173.372635
-172.821182
-171.117981
-170.311707
-171.961258
-173.516937
-170.447968
-168.957718
-169.625061
-171.928009
-174.719650
-173.069016
-170.613190
-169.547272
-170.728516
-172.079285
-171.454865
-170.859406
-171.144806
-172.154922
-172.058899
-170.069229
-170.371780
-170.221039
-171.410339
-174.455719
-174.416550
-171.353470
-170.180283
-171.748291
-173.784088
-171.340607
-169.353088
-169.305878
-172.293854
-174.022812
-172.390411
-169.942093
-169.147629
-170.727448
-172.326584
-171.013367
-170.946320
-169.272614
-170.281662
-172.429581
-172.091080
-170.627670
-170.236603
-173.194550
-174.588760
-173.292709
-170.735489
-169.736633
-170.644836
-171.133530
-170.771439
-170.519302
-170.666824
-172.276688
-173.964874
-172.462830
-169.746292
-169.136368
-169.460907
-172.410263
-172.911835
-171.404968
-170.305801
-172.348572
-173.609756
-170.962952
-169.485046
-167.409561
-168.752274
-171.349182
-170.175446
-167.204102
-167.861771
-170.584213
-172.586212
-171.434479
-170.145950
-169.546204
-170.932373
-173.078674
-172.363602
-169.802078
-168.143936
-169.656174
-170.986008
-169.515091
-169.260284
-169.847687
-171.215073
-172.520767
-172.208023
-170.527359
-169.383667
-170.375000
-171.792816
-171.667831
-169.556931
-169.364349
-172.434402
-173.598480
-171.910843
-170.658783
-169.536545
-171.812134
-173.459549
-171.480072
-170.034363
-170.255920
-172.800797
-175.164886
-172.992310
-170.593338
-169.615936
-171.993988
-173.520706
-172.756805
-169.932434
-169.679245
-171.446274
-172.576569
-171.686600
-169.384735
-168.672882
-169.893280
-171.568054
-171.404434
-170.021484
-168.899246
-170.375000
-173.581314
-172.678482
-170.386276
-168.686279
-170.295074
-172.811523
-171.798721
-171.138367
-170.489273
-171.650131
-173.979355
-173.442917
-171.042877
-169.699631
-170.652344
-172.990158
-172.689758
-170.618546
-168.892822
-170.817566
-173.518021
-171.678558
-169.434082
-168.286636
-169.353622
-170.992447
-171.243500
-169.857880
-168.123016
-169.757553
-172.503601
-172.738037
-171.373856
-169.330551
-169.689438
-172.402222
-172.976212
-171.326111
-169.635788
-171.423752
-173.320068
-171.631882
-169.723221
-168.690048
-170.229095
-172.806702
-172.528275
-170.769287
-168.879410
-169.632568
-171.539078
-171.778870
-170.592804
-169.415848
-170.845993
-172.371109
-171.304123
-170.298294
-170.645905
-172.696182
-175.080673
-174.383301
-171.425888
-169.522064
-170.740326
-173.169861
-173.397858
-171.257980
-169.988235
-171.565903
-174.251877
-174.094162
-172.131851
-170.929688
-172.515945
-174.348969
-174.356476
-172.826538
-170.908234
-172.146332
-173.651062
-171.738632
-169.314453
-168.217972
-170.577240
-174.089325
-174.500778
-173.086182
-171.667831
-173.202057
-174.034607
-173.178986
-171.978424
-170.224808
-170.942017
-171.988083
-171.266037
-169.714111
-168.860092
-170.383057
-172.586761
-171.218292
-169.650269
-170.246262
-172.717117
-173.845245
-172.292786
-169.424423
-167.458908
-168.390167
-170.763931
-171.232239
-169.931900
-167.834412
-169.061264
-170.844391
-169.761856
-168.953430
-168.192764
-169.841248
-171.732742
-170.553635
-168.519989
-166.903687
-168.310776
-170.376617
-168.424500
-167.294220
-166.019104
-167.902008
-169.909378
-169.245255
-167.851044
-166.710571
-168.633179
-171.996140
-170.897507
-167.971741
-167.120956
-168.309174
-170.957581
-171.073456
-169.526352
-168.466339
-170.881943
-171.999893
-170.646988
-168.861710
-168.415390
-169.989838
-172.078201
-170.634644
-168.864914
-169.268326
-170.571884
-171.860413
-172.677948
-171.442520
-168.869217
-169.400284
-172.983185
-172.105560
-168.956650
-167.509338
-169.303726
-170.870682
-170.593338
-170.689896
-169.476471
-170.516083
-172.206421
-171.720932
-168.612259
-165.310455
-166.952499
-170.321365
-171.832520
-169.469498
-167.140259
-168.922852
-172.131317
-171.156601
-168.916412
-168.654633
-170.493027
-173.405365
-173.172012
-170.797714
-169.992523
-171.716644
-173.363525
-170.947388
-168.267319
-168.906769
-171.522461
-174.102203
-173.449890
-171.682312
-169.872894
-169.081100
-171.635101
-171.647980
-168.701309
-167.361816
-169.688354
-173.067947
-172.885559
-170.733887
-169.061798
-170.322433
-172.873749
-172.389877
-170.020950
-168.422897
-169.503830
-171.100281
-170.521988
-169.046768
-168.716858
-170.570267
-171.313782
-171.267639
-170.427582
-169.390091
-171.352936
-172.637177
-170.135208
-167.896103
-167.495392
-169.755417
-172.481079
-172.521851
-171.389954
-169.568726
-170.393784
-172.185501
-171.411942
-171.008545
-170.030075
-170.557938
-172.856049
-171.922104
-170.302582
-169.799942
-171.165726
-172.151703
-171.286423
-169.964630
-170.236603
-171.141586
-172.501465
-172.039047
-170.764465
-169.651352
-171.369034
-173.281982
-172.694046
-170.218903
-169.511337
-171.757416
-174.125275
-173.237991
-170.981720
-168.574173
-170.110535
-172.418304
-171.431793
-169.460373
-169.140656
-171.830902
-173.862946
-172.557785
-170.541306
-168.535004
-168.749054
-170.678635
-170.608887
-169.525818
-168.902466
-170.297226
-172.550812
-171.565369
-168.287170
-166.869354
-169.588577
-172.604996
-171.904938
-170.290787
-169.127777
-170.091766
-171.948929
-171.188248
-167.510406
-166.639221
-169.945313
-172.820648
-172.646301
-171.735428
-171.573959
-172.333023
-173.822723
-172.628601
-171.397995
-169.869141
-172.136673
-173.493347
-171.833588
-169.983398
-167.927750
-168.514084
-170.582611
-170.921646
-169.774185
-168.138046
-168.045776
-170.801483
-170.873901
-169.851440
-169.128311
-170.277908
-172.231094
-171.317001
-169.390091
-168.119263
-169.696945
-171.582535
-171.751511
-170.545059
-170.031143
-170.300980
-171.548737
-172.592117
-171.797653
-169.286026
-169.548889
-172.061035
-171.256912
-168.094589
-166.824295
-169.193222
-171.773514
-171.297684
-169.775269
-168.031830
-169.377762
-172.077133
-171.940872
-171.350800
-170.593338
-172.712280
-174.616653
-173.205811
-170.547195
-168.509262
-169.295151
-171.226334
-169.827835
-169.120804
-168.136429
-168.639084
-170.646988
-170.184570
-168.915878
-166.274445
-167.623062
-170.895889
-170.911453
-169.929764
-168.639084
-169.073593
-170.696869
-170.407730
-168.288788
-167.598389
-169.608429
-171.519775
-171.290710
-170.858871
-168.949142
-170.023102
-173.204742
-171.013901
-168.038269
-167.479294
-168.236740
-171.641006
-172.193542
-169.405655
-167.046387
-168.400894
-172.174774
-172.490738
-169.393860
-168.310242
-169.913132
-172.272400
-172.702087
-171.186111
-167.813492
-168.313461
-171.623840
-171.741852
-169.024246
-167.237350
-168.402512
-171.259598
-171.556793
-169.742004
-168.281815
-170.364273
-172.071228
-170.973145
-169.900253
-169.081650
-168.885849
-171.106705
-171.154984
-170.063873
-168.825760
-169.975891
-172.215530
-172.231628
-171.126022
-169.612183
-169.852509
-172.121124
-171.085785
-167.937943
-166.868820
-168.748520
-170.631958
-170.421143
-168.505508
-167.120956
-169.294067
-171.956436
-171.363129
-169.908295
-167.882690
-169.378296
-171.465057
-170.599243
-167.814026
-166.496536
-169.181961
-171.210251
-171.057358
-169.623993
-167.773270
-168.958267
-170.819717
-170.295074
-169.457153
-167.057648
-169.709274
-172.513794
-171.381912
-168.922318
-166.317902
-167.265793
-169.883087
-170.828293
-169.701767
-168.104248
-169.505966
-171.444138
-170.629822
-168.975967
-167.222870
-168.338669
-171.104568
-171.226868
-170.314926
-168.897644
-170.890518
-172.594803
-172.316391
-170.629272
-169.389023
-169.692657
-171.710739
-171.763321
-169.993057
-167.970673
-169.252762
-171.320221
-170.685608
-168.381058
-167.480896
-169.601456
-171.746155
-171.927475
-168.663223
-167.041016
-169.102036
-172.066940
-171.839493
-169.957657
-167.619308
-167.675095
-169.584290
-168.839172
-168.112289
-166.771194
-168.283951
-170.094452
-170.029007
-169.305878
-167.707809
-169.063400
-171.696793
-171.018738
-168.624588
-167.648270
-169.574097
-171.820709
-171.001572
-168.901932
-167.546341
-169.053207
-172.368423
-172.166718
-170.244644
-168.910522
-169.835876
-172.012756
-171.930679
-169.508118
-167.675095
-168.252838
-170.594940
-170.629272
-170.289169
-169.718933
-170.496780
-171.259064
-170.392700
-169.294617
-167.756638
-169.225403
-171.160889
-169.883621
-168.034515
-167.803833
-169.295685
-170.995132
-170.836349
-169.114365
-168.058105
-168.777481
-171.436630
-171.367416
-169.409409
-167.964767
-168.813965
-171.636719
-171.474167
-169.892746
-168.792496
-169.357910
-171.503143
-171.012299
-169.582138
-168.809128
-170.724762
-174.032471
-174.690140
-172.811523
-170.635178
-171.868454
-174.102203
-173.713821
-171.631882
-170.152924
-171.091690
-173.652130
-173.161285
-171.782089
-171.121201
-172.256836
-174.413879
-174.360764
-172.984787
-171.423752
-171.210785
-173.074387
-174.172470
-172.895203
-171.679092
-171.912445
-174.740570
-174.577484
-173.909088
-173.322754
-173.386047
-174.688538
-174.241684
-172.363602
-171.056290
-172.121124
-174.657959
-174.535110
-172.254700
-171.192535
-172.227875
-174.453033
-174.035141
-172.300293
-171.873825
-172.446747
-175.090332
-174.317856
-172.205887
-170.601379
-170.328339
-172.549744
-172.870529
-170.555786
-168.253372
-169.001175
-171.222046
-171.313248
-169.749512
-168.200806
-169.975891
-171.304657
-169.675491
-169.134216
-168.872437
-169.766144
-171.391556
-170.358917
-168.171295
-166.149994
-167.988907
-170.405579
-170.458160
-168.809662
-167.830124
-168.149307
-169.266708
-169.923859
-169.755417
-168.470093
-168.551102
-170.351395
-170.680237
-169.321976
-168.153595
-169.273697
-171.241364
-170.892670
-168.787140
-167.827438
-168.341354
-170.565979
-170.644302
-169.912598
-168.240509
-167.881088
-169.795105
-170.570801
-169.560150
-167.900406
-168.547882
-171.516022
-171.732208
-169.838562
-168.366028
-168.816101
-171.215607
-170.782700
-168.266785
-168.385880
-169.832657
-171.965012
-170.973145
-167.921860
-166.502426
-168.268936
-171.754196
-172.076599
-169.376694
-167.520599
-168.618698
-171.094910
-171.218292
-168.984543
-166.537842
-167.928833
-170.050995
-169.628281
-168.416992
-167.550095
-169.084869
-171.409805
-171.764923
-170.228561
-168.288788
-168.925003
-171.173767
-171.619019
-169.944778
-168.346725
-170.287033
-172.871597
-172.655960
-170.435089
-169.515091
-169.853043
-171.877045
-172.061584
-170.415237
-168.474396
-168.386948
-170.702240
-171.582535
-170.412018
-168.968994
-169.706604
-171.721481
-170.986542
-169.529037
-168.036118
-168.517303
-170.539688
-170.715103
-169.426575
-168.310776
-169.194839
-170.648590
-170.950073
-169.680847
-167.874649
-168.438980
-171.299301
-171.122269
-169.181427
-167.918106
-169.615936
-171.139969
-171.242966
-170.041870
-167.403656
-168.346176
-171.164642
-170.962402
-169.644363
-168.942169
-170.133606
-172.496094
-172.402222
-170.458694
-168.360123
-168.765137
-170.932373
-171.531570
-171.049850
-169.776337
-170.636246
-172.230560
-171.911377
-171.501526
-169.981262
-170.721542
-172.809921
-172.411331
-170.750519
-169.991455
-169.720551
-170.584213
-170.666824
-168.453476
-166.549637
-168.113373
-170.682388
-170.814346
-169.798874
-168.224945
-168.793579
-170.655029
-171.872757
-170.463516
-169.278519
-170.634644
-172.951004
-173.079208
-171.476852
-168.777481
-168.621918
-172.047089
-172.188171
-170.349258
-167.639145
-168.170227
-170.131454
-170.495697
-168.750656
-167.147232
-168.642303
-171.507965
-172.068558
-170.644836
-168.498535
-169.676559
-171.051453
-170.832047
-170.243042
-169.047852
-169.988770
-171.535858
-171.343277
-169.420670
-166.548035
-167.555466
-171.366882
-172.684387
-170.953827
-169.512405
-169.990906
-170.906082
-171.209702
-170.199585
-168.605820
-169.492554
-171.294998
-170.833664
-170.397003
-169.780090
-170.167404
-172.152771
-172.245575
-169.860016
-167.315674
-167.977112
-171.369034
-171.475784
-169.655640
-167.364487
-167.457840
-169.479141
-170.759628
-169.872894
-168.167542
-168.390167
-170.761246
-171.092758
-168.768356
-167.044769
-168.469025
-172.511124
-172.768600
-170.965088
-169.107925
-170.180283
-173.040588
-173.104950
-171.018738
-169.291397
-168.820389
-170.448502
-171.400681
-169.796722
-167.811890
-168.742081
-171.601852
-172.139359
-170.156677
-168.286636
-168.607971
-171.143723
-171.989151
-170.975281
-169.409409
-168.845612
-171.161972
-172.065338
-170.704910
-168.548416
-167.940628
-170.031143
-171.415161
-170.629822
-169.242035
-169.852509
-172.028320
-171.176987
-168.185791
-167.004547
-168.624054
-171.047699
-171.254776
-169.542450
-168.202957
-168.995819
-171.514938
-172.090546
-168.643372
-165.129135
-166.664978
-169.345566
-169.324112
-167.643982
-166.293762
-167.218048
-170.012909
-170.091232
-167.773270
-167.105927
-167.686890
-169.644913
-170.593872
-170.151840
-168.252838
-169.109009
-171.580383
-171.643158
-170.144333
-168.117126
-168.337601
-170.339600
-170.605133
-169.292465
-168.003403
-169.445358
-170.741928
-170.722076
-168.936798
-168.125702
-169.313385
-171.388885
-170.730133
-168.467957
-167.020096
-168.029678
-171.030533
-171.290710
-169.805847
-168.777481
-169.743073
-172.854446
-173.262665
-171.661926
-169.354691
-169.994125
-171.727371
-172.394165
-171.395309
-169.607895
-169.908295
-171.055206
-170.586365
-168.989380
-168.400360
-169.428192
-171.690903
-170.798264
-168.317749
-167.200348
-169.350403
-171.694656
-171.491882
-170.177597
-167.448181
-168.707748
-170.508575
-170.253769
-168.699158
