-50.619255
10.526347
-254.431641
240.380524
239.128555
12.281994
241.506317
201.849167
-166.763962
-124.456215
-50.282810
-156.081070
-81.176277
77.570595
-176.228027
77.083633
60.927933
-145.830368
-249.323105
-84.877151
88.804665
-104.335106
8.252180
105.281578
119.399971
164.202072
-57.705555
90.097557
143.578918
170.538651
43.175713
180.452225
-244.445450
168.383041
222.107483
128.878830
-9.846452
-204.017807
176.127365
91.571732
83.063004
195.078064
-41.724949
162.368073
72.235367
140.242035
197.969238
126.797310
149.510040
-153.109879
252.095108
-113.373489
183.547272
-17.220163
-195.769547
207.536530
-136.301575
-174.786804
-18.860727
51.682861
242.580963
26.302851
109.171379
-64.320831
-114.518600
185.203613
248.388306
57.475834
-87.310356
131.158585
-46.322102
-165.180161
109.850677
-8.725226
26.907421
-161.647827
-45.002834
-20.776896
-79.863319
249.355057
238.167892
-10.055413
193.091873
-207.538788
181.709869
221.905777
90.373032
51.851875
-131.693634
46.266060
137.310913
214.971924
36.452202
-29.539139
-122.904831
-110.910713
72.774269
-38.731007
14.601568
-26.867754
73.893539
-250.680832
168.729050
-129.450012
117.031387
7.771623
-164.356720
119.347305
-13.271036
40.134468
-106.820251
-98.003296
-19.897669
41.451397
175.306763
191.763504
138.677917
159.289597
199.229095
-136.983368
-241.141281
-119.889107
190.051620
2.470472
-179.430054
210.951508
-110.790016
-165.960190
-13.623981
99.396149
218.151947
21.112776
209.830948
-105.257248
-161.511978
-151.431976
233.017090
-95.877335
153.214615
234.847977
130.690399
64.347214
-98.606979
19.590414
169.997925
-193.661713
-72.383270
-15.418916
54.242226
-237.358109
35.832741
199.321518
-98.970688
-156.195831
-101.692024
231.227524
-131.300735
188.064011
249.727264
95.706337
96.711830
-61.433701
-39.844124
203.276108
-111.000839
-153.866638
-8.028356
143.804413
201.184830
23.569677
-177.544006
-169.467194
-217.543869
-9.888043
218.261734
-193.304306
244.419388
-246.648941
38.486771
153.487213
-9.354316
-142.127487
246.309464
-19.930708
242.759262
8.075629
-250.289474
91.398773
3.362987
-66.248962
-240.343506
245.924835
131.690231
175.927338
209.683807
-104.166000
-230.242935
-158.517746
-217.394302
91.793404
147.424072
-182.514206
123.969284
28.913681
57.579559
-17.520380
-157.937256
-12.214748
242.104797
20.168856
117.286072
-119.109314
56.210144
20.760237
93.179161
-242.078995
148.244476
-121.705406
127.968361
1.333248
-144.997620
160.850739
-65.512428
57.479244
-32.956497
-172.383636
-27.057560
115.504517
121.011345
166.783554
254.612137
109.055038
110.370171
-72.665054
-243.229126
-187.496872
-252.944305
49.326523
202.644867
-215.778976
54.998955
108.008820
25.916613
-174.779388
-8.987201
-13.431398
-47.448818
237.253479
233.477768
148.576340
150.837418
187.630661
-74.502907
-237.730591
-200.238983
-219.563141
73.326393
135.226456
-173.639847
122.164696
4.489482
58.263519
-33.630268
-167.445145
-9.080318
241.472336
21.566286
126.593880
-70.464226
33.262234
-7.061246
149.323166
-245.376495
97.609734
-14.287750
181.521347
-160.914124
-28.508192
-184.365784
228.848343
119.327774
186.615585
99.408485
-12.665896
-46.500484
-150.302170
66.617531
150.077744
-65.298767
-122.260529
-145.318161
240.069702
-90.069283
171.185410
245.914230
122.011307
96.924255
-60.067921
-29.747753
211.183792
-95.849030
-179.187225
6.216858
205.708206
145.960281
14.188384
-128.395218
-204.465210
-237.526337
81.088737
191.632736
252.002625
-196.523056
-235.376678
-27.902740
165.514786
-4.422270
-116.114891
226.969131
-71.053085
-163.603592
-8.007435
123.323601
252.484222
38.031616
-249.552765
-103.066956
-159.916061
-122.794571
-253.121643
-67.437874
108.069817
237.764069
247.732895
16.583502
-139.673218
163.244720
126.944710
201.409058
147.351898
-25.147827
-160.253510
-0.704096
113.783646
-50.267193
70.392059
23.068546
65.548119
-206.395950
249.777908
-187.589584
111.205627
171.652466
-208.578857
73.794266
180.894089
14.242565
-227.326553
123.884621
10.402177
-126.653389
-156.525528
-207.892746
-56.950626
-253.128082
-101.499252
126.802902
246.771469
237.063065
-6.707731
-169.827133
219.850601
96.193184
113.016846
-248.706985
-30.448944
201.330399
123.669952
163.221588
240.221542
169.971222
181.653625
-166.717255
-220.211472
-11.335268
150.446671
-12.574041
-53.002510
183.166489
-167.897995
-1.706517
-22.278397
-32.335739
-91.047874
77.158073
-5.392219
62.275158
9.338855
53.116077
-202.654266
-234.186096
-231.993561
83.269882
-246.125336
246.671555
-33.953300
-179.635696
-8.887736
119.935966
-215.048035
42.672375
143.290146
-8.173072
-75.126595
226.866913
-208.296570
111.118950
-77.525124
177.304382
40.242447
-165.954254
142.868134
98.279907
24.273491
-176.992203
98.806503
3.111932
-147.185165
-118.204811
-181.120529
-98.483566
-233.778091
-49.656975
89.179543
246.594437
-191.181244
-42.694397
-198.835251
-166.595779
81.000610
64.476364
-162.256683
-19.617109
159.476654
187.295700
194.733261
199.101135
198.884918
226.877838
-172.215256
-206.166351
17.823029
126.582520
-25.192226
30.142227
165.334091
-199.586166
63.440056
-18.244354
-55.869442
-46.881546
94.570442
-8.473540
87.443398
30.624868
86.643150
-191.223221
255.325790
-173.843796
132.564590
194.602524
-211.678955
77.071922
221.595016
11.354362
-252.226044
184.620026
22.854601
-190.627289
-80.672112
-152.269623
-158.508728
-211.830643
18.045748
28.804626
231.572464
-93.824562
-92.862434
252.144562
-41.326942
62.578121
-1.560699
-59.250732
-8.931724
79.827377
-249.848709
238.075089
108.038513
251.192810
-185.901932
221.425888
-217.654251
187.951263
45.561016
-92.408386
214.260880
118.398651
189.102005
-253.816589
-18.095760
-221.706696
116.481094
162.672272
-156.755188
152.904327
128.163406
-42.628067
-195.664429
-130.611511
-242.523376
91.438812
-218.488388
-250.068344
6.627455
-194.301498
1.072380
187.726120
-250.920975
40.907478
-244.027405
-39.274899
-114.836708
-166.377243
-206.459259
26.595022
48.837513
246.965118
-112.251343
-45.792347
-187.084473
-123.959381
90.713425
99.133194
-173.660370
-11.981933
242.290939
132.851151
176.707199
-77.917549
125.329071
76.795341
39.391209
-175.766190
-187.322525
-185.678772
140.010941
222.721207
-209.731140
94.725693
234.480896
24.514355
-177.769516
151.345612
21.632587
-61.073372
-164.144608
-219.860764
56.298157
-235.736633
-142.082153
246.087189
-197.243713
155.846298
114.947090
-5.509637
70.432228
185.925415
-129.471603
5.211438
-7.612614
78.846130
-117.479980
73.819794
187.324509
23.290854
-64.050148
-215.795898
-181.838699
84.371956
35.790173
-253.101257
-87.422668
-61.656544
-191.595413
-90.826042
89.238205
118.695618
-155.020615
-9.234277
-237.141739
147.246033
172.096481
-122.999588
172.879807
130.692734
59.409615
-159.634308
-197.122253
-160.930573
168.872589
206.580734
-194.070251
134.594055
203.561996
28.354204
-144.164108
138.153442
15.085315
-56.562969
-116.595482
-196.234802
-9.484639
-207.392654
-76.018257
177.027802
-204.081741
-255.460938
38.422585
-73.071274
233.049759
128.378082
247.173981
224.646210
0.314388
-30.983368
-4.467772
110.282288
102.899841
76.394844
-8.575086
-238.390289
-169.335312
112.607574
28.681782
-248.875168
-71.401299
-48.527668
-165.555450
-124.958229
98.152267
152.576218
-184.807083
-4.581717
-150.548218
95.718109
147.081665
-26.270536
134.519928
66.793388
116.652252
-156.810471
-245.756607
-124.524406
193.228668
154.679977
-163.105743
188.833145
125.416893
51.369171
-34.975124
32.220654
5.815063
105.002594
-234.224319
242.334427
-254.818909
218.829819
217.647812
-33.650715
-162.168991
-107.582062
-202.596024
144.752014
243.488480
-172.184479
172.647095
128.779312
57.263058
-22.316172
-0.885319
9.402249
183.344025
206.690765
207.486099
-136.017426
163.879395
126.154434
88.137146
-164.403275
-236.256226
-67.523705
217.842224
35.596863
-61.586807
-183.366928
-113.580299
134.512299
251.622162
203.808655
6.225977
7.419433
-59.065216
100.394592
211.247696
6.242731
-77.992271
-99.288231
-205.560181
-27.853828
218.265701
-201.778259
168.151199
151.380081
32.373352
-14.170017
-252.666870
32.459812
-191.186890
44.909336
-124.493866
104.527122
28.606333
109.110130
-249.598206
241.372589
-178.086258
175.830780
152.707230
91.262451
-169.677032
-247.516678
-58.307632
217.945770
15.452398
-37.384693
-156.808228
-177.835297
141.324570
-248.504303
177.267120
6.348286
26.412157
-83.570953
98.574448
-235.648727
-41.219498
-118.448036
5.376410
-228.772018
-113.689896
-194.661072
-186.411331
49.138363
255.018494
107.044449
-206.394318
-180.305679
158.141159
131.057571
84.101242
59.316334
-117.566788
12.085532
-169.317230
71.704826
153.149887
112.969925
31.998915
-40.756767
-120.600525
-214.762299
-27.409119
231.775452
-205.143356
138.152847
197.863846
63.959049
-115.027527
-213.368744
94.723007
242.721710
40.151096
-141.334381
193.272842
-18.276005
51.547176
4.858839
-110.657043
-166.318771
-53.577919
-21.638517
76.747162
-47.445503
-132.577347
-229.791412
-40.574818
82.371216
173.766327
-125.277161
155.107147
36.151924
-75.537895
-155.602951
-65.915451
241.970093
16.468922
57.372459
-139.293533
43.160690
38.211887
-219.061218
-79.836464
-199.890396
-18.904150
-13.088551
-129.109726
128.482941
-85.801132
-168.509262
-122.906311
-5.983724
-206.152939
211.436951
-123.026474
-26.429039
-203.977036
-96.884369
193.318665
-92.768562
118.720932
247.031097
-195.593307
-164.594376
-50.331848
-67.063126
-44.148151
-72.553284
-16.844465
-90.467003
-69.717659
-190.700317
-88.948593
-184.508041
-89.733467
170.368607
204.721237
-133.921570
-18.659214
190.419724
-61.969860
231.240402
250.571396
210.534164
-179.087448
-193.160858
-125.496979
-187.997177
20.301453
238.506058
-217.314270
170.451111
95.443985
131.658203
29.297270
196.873581
-117.991211
229.076492
-161.301697
-87.744781
-199.192322
139.516342
178.050354
198.811829
45.042339
5.494836
-191.906952
74.589592
66.619644
-116.474876
-0.071504
-215.451752
11.283864
144.271469
228.259262
-143.053650
-70.610077
-143.883987
-111.172714
-145.454407
48.485291
-205.795105
-128.319000
-57.490192
-220.923874
-85.445091
-99.173050
-222.698639
-43.447784
194.793564
-179.992401
-128.315887
117.600838
-253.006851
-232.786957
143.025620
-224.576569
102.594574
199.024521
-49.285564
-77.673912
38.169510
254.139435
-129.523315
204.679779
46.695812
-164.013000
-19.989937
198.092377
-205.503128
-222.519150
-130.359192
-165.141006
-20.839788
-148.579849
-12.172560
93.159058
43.146648
98.860939
-114.311279
-69.917656
-43.048195
44.772034
-10.190691
-114.221313
-188.687866
22.304241
93.298599
-130.793076
-95.851677
-249.341873
-190.027649
-102.352539
80.219261
-40.901485
224.329361
-121.258362
-129.403000
41.309841
-91.278168
-104.535858
26.731089
71.731461
226.887741
-76.685402
-42.260796
40.145760
2.146052
84.658066
-155.073639
156.782257
131.908310
51.374439
50.486942
39.505535
-5.488840
13.102878
-62.239532
68.293968
-28.452309
227.120911
112.950142
58.767681
-226.766479
-50.336330
-156.127213
-65.442116
-127.619522
176.660645
128.230469
86.126122
-207.671082
167.257843
-30.450554
-253.937729
14.221231
-42.674011
-175.529922
-135.829697
56.795975
187.782043
197.911469
191.069672
27.241625
32.193676
-16.597448
-15.922382
-144.740128
-7.243323
-207.334976
-45.391529
-30.047087
-89.661903
79.295609
60.776119
-235.683975
-35.539906
-62.576984
-173.703629
235.454147
213.537064
-38.034420
194.861069
156.849258
-11.903611
-47.033169
-170.856033
-200.223236
-216.623535
-170.268188
211.356140
146.886398
96.054024
-198.252045
61.124367
-81.592079
-31.867268
35.112549
-218.628555
-167.973633
43.279404
-10.079173
-23.572674
-19.050598
129.658279
116.119850
115.703445
-99.953453
-116.959946
91.771095
232.816467
-190.641769
-76.334572
-133.287567
-189.833298
-128.858856
76.249786
213.555618
-210.519302
-42.904587
-35.161964
12.810831
242.990219
150.944046
-152.272430
133.689606
206.902985
-201.845627
-138.890640
48.020763
-29.452236
241.392410
142.236099
102.364853
-13.368825
233.512772
-18.921377
-87.781166
195.982697
246.178162
-252.058640
98.009483
217.426575
-195.942566
-45.208603
-145.151321
-6.246804
-186.720734
75.160362
48.288258
-43.281582
-79.063545
-93.389320
76.894272
-247.417282
-95.915230
-102.673805
1.999381
-163.312469
162.545578
-10.120355
-92.741142
3.718112
135.586121
128.863785
185.160446
-96.414513
-4.705606
60.612316
-236.053268
-245.681549
188.247452
30.877090
-0.580240
-11.368214
20.776678
-255.780914
179.804932
-214.610291
58.855217
80.577606
-61.721867
83.629326
65.545715
163.114700
241.270889
-254.247757
-126.053360
-128.850586
216.289261
53.718788
126.291199
-172.615570
-182.098465
183.432373
-220.469498
88.897095
-27.667494
-222.436249
36.810261
-15.370731
11.073612
193.674988
-152.152618
-63.664886
-5.109072
219.897873
202.527130
-191.983032
30.247433
59.026844
-80.062302
-164.822830
-240.304443
-229.406845
-137.450516
104.241005
-144.926208
-13.858406
-62.901123
-157.015305
-184.531235
-56.632420
-107.661140
-16.116671
208.391617
215.518021
215.465988
40.724552
-48.221645
-10.017453
105.004494
230.575623
116.087975
-189.096039
72.154678
-199.365219
-17.555534
-246.565659
168.080139
-45.975937
-35.648991
122.475616
44.454685
-66.334190
118.405251
67.925911
166.214798
229.715393
255.821655
-107.067078
-130.477081
167.587311
85.601669
-225.584198
105.447021
187.787933
54.095085
-100.842964
-116.255882
250.596176
-212.494034
36.740711
-0.462916
-155.802475
-141.471451
15.388751
-216.156189
66.781265
-167.264175
11.798535
100.585976
173.283310
216.728455
-241.428162
-67.343773
72.931168
-83.130310
142.494766
64.232918
-44.769257
-125.016167
150.817032
111.490265
158.776978
-214.154510
-218.143997
153.140778
115.166908
181.052155
37.382519
-124.680260
-159.825821
-29.091400
-184.814026
84.398552
-210.020218
15.554165
107.573669
153.834610
210.065842
-185.941818
-74.210770
-5.101277
-32.515411
212.298737
-53.451698
-54.725086
-119.896370
151.279449
119.936539
72.996170
239.550964
5.634344
51.895958
217.795837
105.047371
186.261230
189.602966
-70.255043
238.311905
-213.095703
-139.680618
-52.848297
-10.147302
-106.867172
-145.715256
15.589380
238.791138
-7.408642
23.460749
-27.941078
-211.544876
-78.154594
-116.993210
223.780334
-218.904160
-120.986862
57.008785
202.872040
134.400940
204.797989
160.858810
-79.941574
250.836212
-232.401169
-194.212631
1.856436
-5.757597
-250.218918
-113.468124
137.941574
141.653854
-113.063553
229.031174
-100.005608
-110.437195
-4.544673
-112.542542
-208.488739
220.043976
-131.572845
106.472481
-84.229576
-101.417397
-35.398819
-61.818993
-30.391483
-82.323380
159.650299
46.218159
242.161911
34.755436
-46.152206
-219.271149
239.839020
245.908646
-216.192673
1.309611
174.759338
-63.693855
-165.061020
211.844269
211.715851
-72.355972
127.339119
158.218262
65.201859
-167.391510
-73.318474
115.163376
111.123055
-108.212601
192.981598
178.961227
-42.729584
-17.646255
25.128044
164.554520
46.774761
159.375839
36.984638
-119.409218
198.879776
213.745209
-0.976704
-108.579056
27.068354
174.552185
43.354946
159.816254
9.177100
-114.547981
234.310150
189.968475
-23.501360
-73.769341
29.996254
191.054199
37.204639
157.688721
54.873367
-115.573654
200.257355
202.358154
-15.056694
-12.574198
-3.158000
-26.471355
251.953049
-241.386032
170.695541
-82.213409
177.564682
-151.537369
1.868142
249.019440
-29.131979
189.785172
253.490936
-233.304092
-37.837547
182.397888
154.712601
24.761654
85.535561
229.422501
-250.635361
79.497215
-86.034485
-150.338181
-208.428116
-84.858414
-161.868835
-11.384872
196.859253
231.304230
238.740707
76.748581
-244.961823
-78.260338
118.892715
-14.189613
-199.249817
80.383698
246.069824
-119.144753
108.502724
232.520660
5.401590
12.514116
-5.749551
-88.298958
-177.333572
-183.875168
98.741531
-86.591309
-252.619934
-183.258789
-52.020126
-177.801163
-12.377291
194.386780
242.522308
-252.040390
10.755502
221.135452
103.300560
56.381145
246.522842
76.137444
183.212097
-157.686356
-51.765507
65.037956
-96.007607
82.338715
153.501129
-31.789513
-208.169495
225.474731
225.963745
21.138334
225.591125
100.994934
44.607853
165.823730
182.610962
240.718124
142.646606
-70.706734
-200.991714
-213.018982
-123.112083
-74.233017
-6.553141
-77.411148
-165.015350
-21.328012
-177.621948
92.637230
-116.137520
-31.024010
-211.145767
-133.447800
-156.147552
222.857010
-70.793098
78.108902
5.838571
-229.795456
248.074860
65.695389
-174.946213
249.319214
83.000465
-64.759796
-58.518143
-108.431061
-56.681332
-140.796082
152.240433
33.272743
233.892670
20.141151
-32.857033
-14.181913
155.436874
117.980675
136.079056
-235.861633
-69.920273
213.491562
-184.494431
-64.901070
20.513033
-187.054596
118.226044
83.163979
-190.497726
-153.434113
56.303520
-251.208817
-165.265152
-185.134857
-7.094947
-157.835144
224.266113
236.784851
-87.018974
-80.102226
-64.744087
-7.211450
-22.266691
42.214565
254.919037
-171.225861
-184.981049
-83.042747
-73.138733
216.376984
43.143494
241.088867
123.543671
78.688858
110.274559
47.010578
-199.527420
82.850380
41.102112
-105.356903
-115.501236
-52.631733
-214.933014
-89.780266
-95.279236
-3.078607
83.165749
249.358185
-226.138306
199.514389
-176.365921
219.446228
216.049850
-254.730774
23.754528
4.365597
-166.816696
-109.597160
107.721664
-140.667007
161.040543
-229.710846
-7.340638
-186.642166
-38.855938
-64.094139
-23.367123
-145.635315
234.855072
21.979033
-154.372253
250.057556
16.438757
-15.957094
224.345078
-252.022598
-244.524506
-24.358692
241.278961
-235.954559
244.891968
-145.534286
119.688263
-211.680222
-232.107605
-24.745623
-67.483818
217.148483
19.262398
83.355110
-72.934196
-109.607132
24.080372
-91.475578
63.786755
245.832825
108.930992
87.749451
6.648281
-2.949956
149.414551
137.520874
208.290100
-1.030472
-14.203371
58.324799
1.681147
71.142670
-114.056602
89.002426
101.118698
-66.695663
-4.218042
36.695873
192.969849
52.277588
170.355728
-235.349197
-64.676590
160.233856
-83.807297
140.020691
105.116226
-45.003681
177.497437
-211.066757
-153.386581
192.980621
-131.428635
-108.154289
-30.290693
7.833661
116.539474
82.595894
202.034592
-196.816177
-183.972107
137.363480
25.783352
-194.680405
88.545662
-229.258530
-121.645103
93.527946
-165.408249
124.764198
-246.013321
76.901115
-143.178131
-163.712677
108.326958
194.340652
124.223465
84.078613
-79.038521
-141.565338
-253.162827
-8.043471
-196.421265
138.199219
69.273453
-146.271255
-186.717987
78.510979
-156.521301
-165.692886
-22.415916
-73.741066
180.062759
47.554054
139.279648
94.461319
245.802307
66.603043
-132.433456
-166.513092
-32.554131
-60.921715
187.472641
1.194214
176.492615
216.963196
8.549085
20.472799
247.683884
158.404999
133.297165
-34.659760
-116.429283
220.579819
28.798283
-155.538483
57.751186
71.502365
-126.856888
-220.890427
84.716003
208.371826
133.633194
98.959518
28.543283
-118.686096
114.220558
77.539925
-102.624931
-9.680630
46.904362
-241.296036
-70.061203
125.185181
-129.972794
-199.606201
-103.014168
24.845150
244.788773
-121.848923
248.477768
-105.447052
-255.966644
13.054882
196.884369
-158.864960
-175.776505
63.159782
-177.346008
21.555685
151.524826
-201.774506
-9.293666
31.397881
-99.472801
-137.631668
199.514038
-154.284714
145.332199
78.840355
-222.383774
221.810486
113.524010
-179.664124
95.566833
202.802963
-159.152649
-91.425087
-124.732452
-66.121727
127.548866
98.077072
18.685534
-246.310974
-137.306747
144.295105
-184.849747
181.782822
-236.852219
-187.294312
105.476563
-85.171028
209.885193
17.208172
143.386551
32.315952
-26.869205
-106.072327
-245.956299
-17.530920
230.852966
-67.852669
-60.960278
125.228630
66.353378
-125.140816
85.559288
171.925232
-236.454742
116.286682
-249.137650
120.537666
213.906235
-201.747208
-77.622978
-115.924080
-154.760162
147.053894
139.037628
-78.787560
-223.312637
-51.661118
-5.310490
-174.035629
-158.801529
93.889503
-238.237534
-200.470291
-248.934402
114.468269
-226.594559
-14.853601
-132.255829
-242.523758
-219.129059
67.116638
250.291443
154.975403
210.891739
211.794662
96.741966
-164.650818
97.956245
96.623413
-54.311081
-48.452251
156.130905
17.643036
-227.019897
-214.291428
92.202110
33.398491
-6.762448
123.981026
231.044601
-208.486145
182.998840
-194.884445
151.435776
-220.180145
-197.440063
65.388794
-84.763870
202.435623
26.234880
132.312256
13.467530
-24.534075
-104.319229
-253.781372
-46.925785
229.659912
-75.964745
-78.309341
122.536232
54.518398
-135.701736
78.270119
116.886299
-202.315048
120.607719
171.192535
166.246262
238.530518
224.900665
-52.580803
-86.114532
-246.069550
165.460815
188.444992
-175.162552
-225.617737
9.743237
-94.185493
-196.756088
-89.149376
25.909451
234.245010
-146.062729
218.471252
70.513832
-159.403595
-129.551315
203.321915
-239.334167
9.752009
-40.607136
-244.754669
-215.523636
170.573868
241.451035
-85.053932
-79.431984
-168.667419
-85.175636
-201.686310
108.615562
-219.975494
12.719099
77.188904
-33.894508
-94.022415
-160.649689
80.147980
72.994209
100.020065
-44.865505
-94.678078
-27.787750
-125.638504
111.103455
141.567703
214.561676
-203.026154
-34.948746
197.575455
-233.746658
-218.155411
21.708097
133.187408
181.505569
-46.342201
220.621185
59.186420
232.930603
41.262508
-11.524034
-104.595818
-29.275305
-158.165115
-47.474663
236.916489
-178.447006
245.590088
-223.491440
237.751190
-193.256561
-44.598766
-220.113113
-108.687164
140.942627
71.752693
74.182022
-234.640839
-83.787354
-77.934082
-13.320326
-20.943573
4.592512
-145.553848
-129.580688
63.498466
224.485931
17.347898
88.684189
112.832443
40.169777
-96.903145
227.222641
78.404228
-189.282684
-230.505249
161.814026
-94.878830
151.409302
-1.558302
-244.371613
30.842758
-126.551468
-69.756691
209.697662
25.788940
-246.486267
-238.973526
-171.077301
-85.474464
109.875038
211.479782
167.936493
-247.429672
-248.185425
-39.620617
-228.832092
-127.736084
244.110596
-73.586510
181.397430
242.618118
-74.180855
173.934113
24.916368
202.833542
107.988815
154.770599
-231.401810
-94.140686
177.796524
-36.846962
245.536865
-30.156048
-92.467171
110.175758
249.705460
103.287086
168.707687
-250.048172
139.919846
-226.624222
81.663551
176.676392
205.800812
-189.169846
1.204250
-77.251572
-66.813675
-5.789879
-59.923836
-85.737541
-127.463799
-69.771301
-9.105090
56.447979
-229.232727
-138.134384
140.110504
-35.281528
-241.187775
97.362091
17.179394
-33.983971
97.909668
-61.734772
-231.869736
176.360245
-250.273300
-90.205879
28.569569
-185.554642
-178.808411
-107.981964
154.621063
-101.813927
-226.421921
-105.276154
78.011803
-173.302307
-111.917870
-108.000740
-4.786386
-237.939270
140.452820
-104.357224
225.313477
4.319587
154.297745
-49.135361
38.583424
-159.471130
-198.105499
-25.587708
65.004799
-61.649353
-243.202011
-23.543863
-124.339432
-187.871536
39.520206
-67.597008
-119.328178
56.370445
122.744087
64.399345
80.264038
-165.327026
-46.769840
-163.146515
20.290724
92.774651
229.448563
-44.167118
-108.326332
-143.068405
3.650520
232.570618
126.293060
122.414902
-220.912292
-103.900589
-145.778168
-47.627419
195.799240
-181.198730
-72.057175
151.436935
-208.107635
21.544483
-57.324146
-158.166031
-84.068420
238.529800
-43.835407
29.813545
-77.104050
-1.687077
110.454643
-46.403767
-60.660561
-116.853195
-47.970524
-95.929939
4.284594
-69.677803
-145.632645
39.686348
97.784172
246.160553
62.745365
-46.881767
-54.789932
-119.628624
105.734680
69.012650
209.495285
151.155807
-40.019604
-222.587341
-63.822037
-184.667679
-89.627693
-54.721649
-32.961861
2.954755
12.980474
-47.726097
52.123661
-220.832794
189.449615
241.614838
78.006721
84.398582
-85.601036
-168.324432
72.592857
-198.416290
-139.844589
-20.659952
73.989281
31.010788
4.889069
-66.127441
-134.606079
-124.279984
-209.235992
-116.047150
-165.809006
-13.110607
48.269672
-237.157669
-152.801865
0.858687
202.964020
13.503946
110.061279
-79.698280
-164.616043
105.867371
-119.784691
-198.219513
-74.080635
-13.907413
194.931870
-33.873528
158.833496
107.078438
-249.527298
82.047203
177.496994
-118.392120
206.889389
212.465256
-28.966631
76.576004
-0.807849
-165.275146
-85.042503
-98.406570
-123.596458
-143.513153
144.085785
218.634430
198.663559
156.383347
52.779476
185.360703
-71.163780
-177.018021
-8.379821
138.579819
240.710495
-37.977905
-29.087833
31.395323
-43.290131
-57.839130
-253.226028
-166.727829
-67.967278
3.207134
-5.327371
15.889346
-145.568130
-224.756897
-55.074879
-24.369545
166.355484
-120.224037
71.755058
-157.072769
-85.493240
-101.482719
6.794193
101.232834
106.202652
-26.058895
-118.467667
-153.184921
-14.917343
60.707455
136.406342
-209.586166
-44.498009
-249.558182
77.761978
-222.421082
-102.688545
-200.492004
-177.524887
-45.293774
-7.059101
145.179337
60.283981
-233.114319
123.227165
-23.505524
-83.602257
1.899636
-81.857773
187.247894
76.299797
69.864235
-54.754051
-253.301849
44.150837
-93.356247
102.867058
-184.123566
141.632080
192.052032
21.005833
240.126556
-19.106449
-136.695007
202.636658
254.033051
148.642670
14.305357
113.140701
-75.677963
-180.025848
219.809906
-153.180435
20.893370
-59.142273
-134.794266
-135.937119
231.029800
-205.968414
-99.274475
-104.751511
-157.266129
37.729755
-109.951180
-198.402939
182.718719
37.378384
-81.275581
-170.570618
-229.820633
247.093460
227.391556
222.425186
225.051056
237.305542
252.123672
-248.346649
-237.942902
-230.467575
-220.326141
-211.475922
-205.143234
-196.746841
-190.186691
-179.506668
-172.089279
-174.769882
-178.785156
-184.386673
-179.826920
-172.213730
-173.353683
-171.184845
-164.482544
-152.188904
-147.997681
-160.464050
-172.992645
-172.965286
-148.883881
-114.268364
-109.797661
-156.248154
-222.942368
-245.875793
-173.738846
-16.451410
86.174744
-5.009104
236.406998
-5.624308
-7.778659
-207.625351
-230.195160
41.389801
-244.294464
66.685371
119.379616
-252.511490
-177.729431
-9.694482
219.036819
232.212997
237.571716
-53.443085
170.841644
-177.461746
243.991028
-69.688629
-90.368362
-81.671913
-168.331757
-142.527832
128.482849
40.937107
-216.622482
-49.487362
99.162392
118.196762
-203.315857
51.098045
-38.167648
7.439945
229.473145
161.560730
-154.016495
-79.157265
75.030548
-244.016739
-171.163483
-34.619213
-66.245110
163.634109
128.957748
-204.151825
107.447197
184.818802
255.938721
247.136032
-113.038208
-90.952042
-84.072052
-74.128815
224.930862
-73.756561
40.721870
79.598221
153.922592
227.661667
-203.827438
-154.707626
-16.244690
109.490311
-207.025742
238.117081
-189.067917
42.184429
85.962563
43.615974
19.567694
137.927505
215.980652
222.535049
-144.289383
54.612309
-50.099537
205.403748
43.522160
103.122940
-123.350166
61.198612
207.673859
95.319466
-42.460384
-129.361603
140.233353
-81.029388
178.859909
42.442776
106.185356
165.260818
237.216782
-183.879730
-67.878609
76.785500
-15.729074
216.947540
7.954802
-6.506471
65.806931
80.647217
62.728233
-27.955311
-100.160614
-99.002846
-93.758293
158.657761
3.292049
-3.588227
144.315735
0.282325
-27.463741
-238.496414
-151.701935
226.839905
4.177306
246.251495
63.040123
53.371613
225.243393
-53.606983
23.075203
-14.889576
-58.894848
17.209339
-103.314888
-154.404053
-96.255882
-137.056412
4.751328
-146.135788
-41.863354
-169.579468
-224.748169
-146.695007
38.540066
-57.033710
-88.489586
180.648972
-50.590286
-226.769638
-137.911636
141.270737
211.466492
-217.909225
225.784256
-201.875046
-142.065964
201.917160
143.151810
223.655960
-250.281311
-226.739059
-216.897873
-94.160187
-48.975060
224.154190
76.680321
249.698700
238.994263
-31.728865
-152.550461
216.978973
51.600155
-94.995018
142.594864
-53.116676
-33.472836
90.836517
-181.468140
-187.995255
101.030594
61.702648
-34.120827
-165.592026
-11.250952
-45.644382
187.457611
101.335037
53.260128
172.280884
94.352859
209.711258
-145.245193
-88.308998
6.003606
107.444954
-110.101318
-245.097168
16.342197
-156.015625
-135.478775
-129.912872
143.573578
-94.661537
227.947845
