13.525309
14.268818
15.839520
16.141535
14.656128
13.324680
14.103057
16.147974
16.690315
15.172722
13.922276
14.684023
16.412975
17.189207
15.814842
14.369132
15.005888
16.572836
17.292204
15.688779
14.122369
14.901819
17.078163
17.948271
16.235949
14.715137
15.415194
17.093184
17.605486
16.291739
14.960827
15.054705
16.821745
17.854931
16.375961
14.777365
15.352430
17.178478
17.871561
16.289595
14.762344
15.446307
17.242315
17.726185
16.194643
14.791311
15.271427
17.059923
18.053951
16.593220
15.015008
15.299858
17.151119
18.010500
16.717674
15.352430
15.698435
17.531456
18.299641
16.595366
15.255871
15.878143
17.530920
18.177870
16.606630
15.233339
15.645864
17.507317
18.303932
16.947271
15.636208
15.919449
17.522337
18.384399
16.975702
15.393200
15.883507
17.674686
18.544794
16.995014
15.411438
15.784266
17.697754
18.750252
17.100157
15.442016
15.782120
17.674686
18.707336
17.257334
15.945734
16.489687
18.108131
18.890265
17.050268
15.110495
15.668930
18.377424
19.607487
18.110813
16.720356
17.278791
19.060316
20.151976
18.611315
17.076017
17.247143
18.987896
20.164850
18.736841
17.204763
17.566862
19.358578
20.338120
19.125761
17.645720
17.834547
19.625189
20.559671
19.049051
17.552378
17.807724
19.653084
20.794096
19.558670
18.042149
17.933252
19.633236
20.809652
19.320490
17.803968
17.932178
19.571009
20.633699
19.329609
17.959538
18.040003
19.645575
20.857395
19.702436
18.278719
18.013718
19.833328
21.047297
19.550087
17.809870
17.847958
19.884291
21.192671
19.805433
18.140854
18.134954
20.044687
21.382036
19.982996
18.507780
18.522264
20.497980
21.545650
20.135881
18.455746
18.182697
20.104231
21.279039
20.220640
18.543186
18.613459
20.410540
21.578909
20.183624
18.425169
18.534603
20.472767
21.486105
20.171286
18.697145
18.748106
20.319345
21.641674
20.469011
18.890265
18.648865
20.348848
21.645966
20.545723
19.015255
18.647255
20.265699
21.557451
20.501734
18.936398
18.568399
20.498516
21.627190
20.401421
18.821062
18.799604
20.569326
21.737696
20.269455
18.502417
18.364550
19.938471
21.092358
20.094576
18.845201
18.690170
20.232441
21.347166
20.395519
18.732014
18.631163
20.513000
21.899166
20.706120
18.766346
18.563034
20.406784
21.836401
20.753862
18.633844
18.515827
20.343485
21.719994
20.569862
18.797995
18.385471
20.102621
21.542433
20.516756
18.760981
18.491152
20.142855
21.519901
20.302715
18.689634
18.675688
20.197573
21.406176
20.375671
19.003452
18.607023
20.157339
21.558525
20.609022
19.010427
18.765272
20.411076
21.800461
20.458282
19.034567
18.713238
20.241560
21.877708
20.739916
18.406393
18.116179
19.986214
21.229151
20.390692
18.094183
17.611923
20.154657
22.232296
21.422270
20.059170
19.974413
21.928671
23.683371
23.151758
21.959248
21.861614
23.765448
25.624756
24.887148
23.339512
23.271383
25.107090
26.667599
25.847380
24.572794
24.104481
25.665525
27.060810
26.129547
24.396305
23.829283
25.428955
26.856426
25.897268
24.150078
23.459139
24.989609
26.538317
25.555555
23.787441
23.207010
24.829212
26.528660
25.645678
23.886147
23.446800
24.979416
26.504520
25.485817
23.622753
22.945227
24.738554
26.245956
25.228325
23.444118
23.090603
24.814728
26.501301
25.680010
23.719849
23.435535
25.024477
26.499693
25.664989
23.801924
23.115816
24.726753
26.356998
25.395695
23.769201
23.058416
24.432781
26.301208
25.767448
23.973585
23.179115
24.575476
26.167099
25.642458
23.726824
22.921087
24.536852
26.118818
25.410715
23.461821
23.009600
24.929527
25.650505
24.866764
23.130301
22.494616
23.707510
25.073830
24.651114
22.782148
21.893265
23.308397
24.844233
24.265411
22.284330
21.573545
22.825064
24.187092
23.817482
22.315445
21.762373
23.293915
24.931673
24.523977
22.849203
22.189917
23.629726
24.918262
24.613564
23.052515
22.398056
24.173681
25.775496
25.000338
23.222031
22.615852
24.046543
25.563065
25.109236
23.281040
22.594931
24.192993
25.857035
25.316301
23.624363
22.900702
24.444584
26.118282
25.548580
23.865761
23.084702
24.239662
25.828604
25.521759
23.721994
22.653940
24.036352
25.806072
25.359753
23.671570
22.683981
24.200502
25.999191
25.623684
23.774567
22.828819
24.211769
25.613491
25.217596
23.421587
22.497835
24.027233
25.905315
25.426273
23.503664
22.732260
24.313692
25.941793
25.704149
23.983242
23.101332
24.360363
26.183191
25.715414
23.877028
23.029448
24.348560
26.044790
25.601152
24.025623
23.036423
24.363581
26.271168
25.880102
23.936571
22.681833
24.068001
25.825386
25.693956
23.996653
23.106159
24.484818
26.110235
25.862400
24.189774
22.981705
24.230543
26.000265
25.882248
24.121109
23.176970
24.498228
26.169245
26.038353
23.989679
22.598686
24.072292
25.768522
25.618319
23.808363
22.895874
24.241272
25.923018
25.778179
24.008993
22.824528
23.967686
25.584522
25.442366
23.621679
22.646429
24.075512
26.034061
25.892977
23.976269
22.562208
23.887218
25.894587
25.716488
23.730042
22.547724
23.792805
25.561993
25.507813
23.903313
22.609415
24.122719
25.764767
25.420372
23.539068
22.462965
23.748281
25.320057
25.229399
23.399057
22.284868
23.425879
25.631729
25.162342
22.393229
20.934107
22.042933
24.029915
23.557306
21.560135
20.207228
21.375599
23.218813
23.031057
21.125616
19.844593
20.937862
22.779467
22.967222
21.218958
19.817236
21.188379
23.260654
23.498835
21.877172
20.975412
21.945299
23.652258
23.842695
22.190990
20.964148
22.082092
23.826601
23.960711
22.298279
20.925524
22.211912
23.794950
23.764910
22.260191
21.031202
22.159876
23.939791
24.199966
22.484961
21.248999
22.209764
23.975195
24.284725
22.515537
21.147074
22.024693
23.787977
24.158123
22.520365
21.541895
22.535385
24.146858
24.426346
22.757473
21.641674
22.495689
24.498764
24.662380
23.008528
21.623972
22.523584
24.470869
24.766985
23.029448
21.406712
22.199574
24.046543
24.199966
22.748890
21.425488
22.204937
24.127010
24.532560
22.862078
21.492542
22.495689
24.255756
24.539534
22.731188
21.432997
22.449018
24.190311
24.617855
23.117426
21.952810
22.688808
24.533634
24.985317
23.311617
22.254827
22.686125
23.905994
24.061565
22.195818
20.537140
20.334364
21.636309
22.312761
20.791414
19.363405
20.220640
21.494688
21.898630
20.158949
18.541576
19.620897
21.284941
21.449627
19.801678
18.727186
19.774857
21.361115
21.964075
20.471157
19.329609
20.065071
22.017183
22.935034
21.156195
19.821527
20.620289
22.719921
23.548187
21.923306
20.330610
21.265627
23.233833
23.796560
22.349777
20.977022
21.752180
23.389400
24.004702
22.304178
21.003307
21.713020
23.620607
24.313156
22.586348
20.978094
21.609488
23.695709
24.436537
22.862078
21.314444
21.938326
23.912432
24.690811
23.135664
21.471085
21.950129
23.824455
24.467651
22.908213
21.561207
22.119106
23.870588
24.591032
23.063244
21.515074
22.028448
23.980024
24.791126
23.142101
21.514536
22.273066
24.252001
24.873737
23.153902
21.651329
22.454920
24.291161
24.819557
23.323420
21.819773
22.333147
24.153831
24.841551
23.382427
21.773638
22.413076
24.500910
24.942402
23.145857
21.650793
22.305788
24.077658
24.466578
22.834185
21.963539
23.315908
25.496546
25.995974
24.754646
23.607733
24.363045
26.211624
26.959423
25.492254
23.874880
24.443512
26.141886
26.818338
25.395695
23.895266
24.503593
26.270096
27.053837
25.387650
23.871126
24.408642
26.268486
26.972298
25.474552
23.983778
24.426882
26.217524
27.136986
25.717024
24.028305
24.217669
26.277069
27.138596
25.475088
24.015966
24.460678
26.487354
27.538780
26.084486
24.461214
24.769131
26.547436
27.308647
25.773350
24.112526
24.675255
26.628975
27.344051
25.719170
24.507885
25.107090
26.564066
27.268950
25.670891
24.375383
24.567429
26.750748
27.886395
25.232616
23.111525
23.525122
24.881784
25.306110
23.126545
21.248461
21.156731
22.862078
23.568573
21.615389
19.897165
20.066145
21.983923
22.885683
21.482351
19.764128
20.223858
21.896482
23.095430
21.751644
20.340803
20.551624
22.136808
23.157122
21.684589
20.055952
20.192207
22.179724
23.059488
21.687807
20.115496
20.209373
22.265554
23.375990
21.747353
19.976023
20.168068
22.079411
23.304644
21.705511
20.109060
20.416441
22.161486
22.992971
21.591784
20.133736
20.249607
22.182943
23.416759
21.932425
20.225468
20.488323
22.371235
23.536922
22.168997
20.483496
20.688417
22.292377
23.224176
21.949591
20.416977
20.640673
22.504272
23.504200
21.728041
20.247461
20.398737
22.061171
23.380817
21.871807
19.973875
20.047369
21.699610
22.875490
21.799925
20.012499
19.702972
21.674932
23.155512
22.006990
20.276430
20.388010
22.057417
23.304644
22.116961
20.635309
20.485106
22.084238
23.186626
22.390547
21.136881
20.513536
21.878244
23.407103
22.148075
20.432533
20.601513
22.505880
23.744526
22.764446
21.224859
20.874025
22.443655
23.664059
22.706511
21.003843
20.671787
22.413614
23.859861
22.693636
20.927134
21.026375
22.582592
23.629190
22.513927
20.809116
21.104158
23.116352
23.763300
22.254290
21.152439
21.008673
22.982241
24.203722
22.712412
21.104158
20.832182
22.503199
23.870588
22.111059
20.177725
20.275892
22.271994
23.449482
21.935106
20.335438
20.304861
22.041323
22.814335
21.422806
20.016790
19.899311
21.688881
22.975267
21.797777
19.914331
19.899311
21.586956
22.666815
21.792414
20.080091
20.014109
21.850885
23.139956
21.575691
20.033421
19.942226
21.533312
22.956491
21.609488
20.161095
19.910576
21.566572
22.985996
21.608950
20.067753
20.078482
21.860542
23.218813
22.136808
20.347776
20.164850
21.974268
23.361506
22.302034
20.399275
20.192207
21.980169
23.475231
22.102476
20.071508
19.775393
21.695318
23.231688
22.038641
20.291986
20.187916
21.934034
22.911432
21.660448
20.074190
19.797922
21.567108
23.028376
21.978559
20.375135
19.861759
21.518291
22.971514
21.789732
19.955101
20.097258
21.657230
23.014965
21.920624
20.302179
19.743742
21.206083
22.815409
21.921160
20.006599
19.322636
20.731869
22.596540
22.233906
20.183624
19.437433
21.060707
22.613707
21.577837
19.679369
19.778074
21.298351
22.558989
21.615925
19.953491
19.413832
20.818771
22.384109
21.744135
19.783976
19.037249
20.610632
22.269846
21.428705
19.785585
19.425097
20.902456
22.093357
21.363260
19.533995
19.152048
20.971121
22.650185
21.800461
20.027521
19.123079
20.735624
22.446337
21.463575
20.101013
19.568863
20.638527
21.985533
21.090212
19.396666
18.587173
20.253363
21.935106
21.075727
19.309225
18.643499
20.361187
21.947981
21.013500
19.095720
18.602732
20.154657
21.630407
21.015646
19.189598
18.440725
19.845129
21.258654
20.759764
19.092503
18.389763
20.032885
21.723749
20.832182
18.844130
18.557133
20.042540
21.336975
20.883144
19.489470
18.604340
19.896091
21.478060
21.039785
19.139709
18.432678
20.182552
21.537067
20.871880
19.175114
18.577518
20.143929
21.601976
20.866514
18.938007
18.556061
20.023766
21.304251
20.258726
18.671396
18.260481
19.554914
20.918550
20.268383
18.848421
18.055023
19.196035
20.831646
20.300570
18.368841
17.605486
19.125761
21.236124
20.911577
19.024910
18.307688
19.604803
21.340193
20.655157
18.660130
18.096867
20.125153
21.744671
20.780684
18.745424
18.118324
19.411684
21.222712
21.129372
18.949272
17.926813
19.459965
21.135273
20.977022
18.958929
18.200399
19.759298
21.386864
20.992043
19.506636
18.390299
19.710484
21.289232
20.835938
19.212666
18.296959
19.593002
21.485569
21.113815
19.056561
18.335583
19.717457
21.361650
21.212521
19.162239
18.133345
19.495907
21.689417
21.373989
19.541504
18.770638
19.842447
21.592321
21.183552
19.102694
18.699289
20.318808
21.607342
20.955564
19.285622
18.433752
19.766809
21.643820
21.619143
19.675615
18.708946
20.010891
21.908821
21.771492
19.677223
18.502953
20.007671
21.767736
21.660986
19.837084
18.974485
20.563425
22.119642
21.704973
19.592466
17.938080
19.533995
21.555843
21.395447
19.611778
18.435362
19.991041
21.523657
21.384182
19.300642
18.145145
19.742670
21.131517
21.049442
19.401493
18.475594
19.726040
21.509172
21.126154
19.277039
18.199863
19.653084
21.336439
20.935717
18.844666
18.006744
19.147757
20.934107
21.489861
19.903603
18.444481
19.710484
21.402420
21.304251
19.191744
18.244387
19.542040
21.286013
21.158876
19.141855
18.357040
19.678833
21.469477
21.048906
19.225540
18.240633
19.387545
21.316589
21.210375
19.468548
18.144609
19.391836
21.256508
21.071972
19.289913
17.979921
18.455210
20.811798
21.054806
19.275965
17.915012
19.176723
20.915869
21.132589
19.488932
18.150511
19.227686
21.301569
21.297277
19.451918
18.185379
19.371452
21.317125
21.502735
19.613924
18.317343
19.540430
21.273674
21.427097
19.893410
18.314661
19.367697
21.187307
21.475376
19.695463
18.506170
19.684198
21.753790
21.715702
19.692781
18.284084
19.278111
20.975950
21.257044
20.470621
19.633236
21.064463
22.953274
23.002090
21.564426
20.300032
21.250071
23.102404
23.287477
21.354677
20.013037
20.966829
22.883535
23.216667
21.470013
19.977631
20.869198
22.733870
22.828819
21.176579
19.877317
20.891191
22.682907
23.019257
21.073582
19.501806
21.089674
23.011209
22.890511
21.034422
19.512537
20.340265
22.387327
22.928598
20.962002
19.819918
20.869198
22.615852
22.752645
20.849886
19.450308
20.849348
22.887827
22.961857
20.971659
19.637527
20.599367
22.489788
22.843304
20.929815
19.211056
20.433607
22.403421
22.885145
21.446409
19.868196
20.391764
21.590176
21.964611
20.436289
18.933180
19.723358
21.450163
21.817627
19.960464
18.427315
19.492151
21.273138
21.618607
20.291449
18.816235
19.627871
21.473230
21.726431
20.090820
18.725576
19.582809
21.507027
21.867516
20.161631
18.667641
19.407393
21.322491
21.644892
20.103159
18.739523
19.602121
21.398664
21.868052
20.062925
18.892408
19.776464
21.467867
21.723749
20.163776
18.733086
19.460501
21.251680
21.785440
20.234587
18.671396
19.471766
21.405104
21.598759
20.074728
18.889727
19.800070
21.580519
21.920088
20.161095
18.727186
19.255045
21.121325
21.973194
20.355822
18.818380
19.709948
21.465185
21.953882
20.050051
18.593611
19.627335
21.526875
21.946909
20.162167
18.855932
19.729258
21.553160
22.034885
20.461502
18.977167
19.870342
21.482887
21.868052
20.327929
18.970730
19.697609
21.618071
22.065462
20.182016
18.666567
19.495907
21.377745
22.044004
20.245316
19.210520
19.900383
21.420660
22.027912
20.592930
19.128981
19.616070
21.174969
22.039177
20.543041
18.992723
19.480349
21.554770
22.323492
20.622435
18.883825
19.571545
21.663132
21.927597
20.002308
18.932106
19.720139
21.687807
22.133055
20.507099
19.037785
19.625189
21.525267
22.392693
20.698608
19.308151
19.617678
21.389545
22.106768
20.418051
19.089819
19.745352
21.769884
22.528412
21.054806
19.449236
19.867125
21.546724
22.383574
20.698608
19.323172
19.560280
21.323027
22.185089
20.611706
19.270601
19.648792
21.416368
22.327246
20.903530
19.310835
19.584419
21.547796
22.503199
20.896019
19.308687
19.719067
21.518291
22.315445
20.901920
19.547405
20.065071
22.042933
22.908213
21.443190
19.643965
20.240488
22.140564
23.172142
21.684053
20.065071
20.416977
22.346558
23.226858
21.809580
20.339193
20.601513
22.304716
23.353460
21.838549
20.619215
21.095039
23.058416
24.091068
22.297205
20.745815
20.972731
22.497297
23.778322
22.702219
20.887436
20.827354
22.980633
23.594858
21.939936
21.090212
21.501661
23.178043
24.020794
22.321882
20.648184
20.810188
22.366407
23.498835
22.081556
20.244242
20.795706
22.731724
23.579302
21.847132
20.399275
20.927134
22.258581
23.403885
21.952810
20.432533
20.724894
22.239805
22.894802
21.606806
20.366552
20.771029
22.619608
23.483278
21.884682
20.117643
20.114960
22.153975
23.413004
22.201719
20.233515
20.401421
22.001627
22.903385
21.261873
19.709410
19.795778
21.892191
23.382963
21.753790
20.151976
20.426634
22.104624
23.118498
21.676006
19.770565
20.061853
22.207621
22.945227
20.892263
19.601585
19.530239
21.857323
23.483278
22.027912
20.228149
19.822063
21.478060
22.427561
20.971659
19.302788
18.708410
21.033884
21.898092
20.231905
19.328001
18.924597
20.352068
21.351995
20.045759
17.332973
17.669859
21.258654
22.439363
20.698072
18.581810
18.299641
20.237806
21.251680
20.184160
18.241705
18.722895
20.706656
21.416904
19.996407
18.480421
18.556597
20.402493
21.405640
20.245316
19.017401
19.130053
20.867052
21.928671
20.702900
19.273283
19.317808
20.868662
21.913113
21.099867
19.442799
19.492687
21.205009
22.516611
21.401348
19.835474
19.617142
21.214666
22.579374
21.414223
19.826891
19.635382
21.504881
22.909822
21.969976
20.349386
19.796850
21.257582
22.184553
20.988825
19.352676
19.483032
21.346094
22.200645
20.534994
18.579126
18.509390
19.969584
21.680834
20.637455
18.324318
17.641964
19.427778
20.856323
19.985678
18.349531
17.715456
19.699755
20.966293
19.550623
17.939688
18.160166
19.745352
21.375063
20.174505
17.657520
17.382862
19.655766
21.216812
20.032885
18.385471
18.067898
19.861759
20.827890
19.383791
18.214884
18.369379
20.035030
21.147612
20.405176
19.307079
19.215347
20.211519
21.488251
20.510317
18.970730
18.901529
21.053198
22.521975
21.301569
19.174042
18.756153
20.422878
22.011818
21.048368
19.533457
19.264164
20.853104
22.475840
21.438898
19.751253
19.498589
20.986677
22.075655
21.322491
19.738914
19.268456
21.004917
22.304716
21.500053
19.680443
19.538286
21.097185
22.296133
20.992579
19.664349
19.818308
21.683516
23.125471
21.964611
20.370844
20.044687
21.773638
22.979023
21.734478
19.965292
19.760372
21.595003
22.995115
21.660986
20.509245
20.421268
21.845522
22.981705
22.044004
20.484568
19.939007
21.567108
22.856178
22.017719
20.521048
20.161095
21.645966
23.098112
22.066000
20.201864
19.848349
21.516684
23.130836
21.888973
19.978704
19.573690
21.179260
22.717775
21.941545
19.604267
18.821062
21.018328
23.063244
21.530094
19.399347
18.841448
20.867052
22.666815
22.285940
19.609632
19.100550
20.590248
21.670105
20.161631
18.718065
18.638672
20.632090
21.953346
20.775856
19.054415
18.266382
19.771637
21.486643
20.453455
18.298033
18.058779
19.798460
21.088602
20.307543
18.806578
18.054487
19.359650
21.077337
20.118715
18.535675
18.200935
19.719603
20.951273
19.433142
17.866732
17.360868
18.667105
20.214739
19.353750
17.719212
16.752007
17.715456
19.634308
19.422415
17.251434
16.451063
18.219711
19.450308
18.346312
16.878071
16.768637
18.342020
19.413294
18.610241
16.820135
16.099157
17.268600
18.832327
18.575909
16.885044
16.555132
18.255653
19.796314
18.923523
17.048122
16.792776
18.536749
20.247461
19.744280
18.183233
17.178478
18.876852
20.694853
20.016790
18.568399
18.469156
20.540895
21.872343
21.238270
20.000162
19.671324
21.311226
22.935034
22.450628
21.078409
20.436289
22.077801
23.953201
23.474159
22.120716
21.176043
22.908213
24.775032
24.169926
22.639456
22.424879
24.081413
24.969761
24.568502
24.047081
23.873272
24.941866
26.862864
26.405279
24.139349
23.489716
25.792662
27.613882
26.925627
25.027161
24.514320
25.646214
26.959423
27.172390
26.104336
25.170925
25.872055
27.520004
27.058664
26.131157
24.543289
24.656479
26.571039
26.063564
24.159197
23.738089
26.291016
27.993683
26.505056
24.211769
24.443512
25.965933
27.661089
26.768450
24.867300
24.506811
25.939648
27.854208
27.687374
25.918726
25.426809
26.735191
27.871374
27.518394
26.306038
25.478308
26.943867
28.539244
28.613810
26.086096
25.751356
27.249638
28.326813
28.233473
27.210478
26.004557
26.924555
28.855209
28.261904
26.976053
25.904242
27.619247
29.182438
28.653507
27.001266
26.227716
27.294699
28.820877
28.728071
26.577477
25.659624
27.011457
28.621857
28.412643
27.059738
26.384357
28.159981
29.855137
28.373484
26.408497
24.975124
26.123646
27.731363
26.987318
24.846378
23.204329
23.640993
25.680010
24.916653
23.273529
22.576693
23.710730
25.357071
24.999802
23.282112
22.219421
23.721458
25.743847
25.047009
22.690954
22.109987
23.886683
25.760475
25.359753
23.401203
21.942081
23.122253
25.257294
25.744919
23.862543
22.540213
23.512783
25.194530
25.099043
22.974731
22.233906
24.020794
26.050690
25.493328
23.251535
21.875025
23.452166
25.736336
25.808220
23.183943
22.406103
23.776712
25.431101
24.910215
22.960247
22.044542
23.304644
25.079731
24.769669
23.173752
22.237661
23.243488
25.083487
24.549726
22.746206
21.660448
22.444727
24.615709
24.748747
22.926989
21.732868
22.590639
24.121647
23.684444
22.246780
20.943762
22.165777
23.923161
23.544432
21.769884
20.583811
22.408249
23.250999
22.499981
21.612705
21.101477
22.657694
24.277214
23.653330
22.275211
21.655085
23.116888
24.945621
24.623219
22.992971
22.817019
24.334614
26.196066
26.532415
25.253002
23.870588
25.005165
27.117674
28.146568
26.766304
25.745991
27.287189
29.315475
29.974762
28.911535
28.260294
29.801491
31.651142
31.629148
30.355099
29.543463
31.115774
33.434811
33.605938
31.689766
30.483845
31.909172
34.681503
35.056477
32.906952
31.685474
33.124748
34.988346
34.746948
33.093636
32.359783
34.088734
35.799446
35.938385
34.355885
32.497112
33.060913
35.529079
36.053722
34.186905
32.668774
33.128506
35.529617
36.019390
33.906345
33.132793
34.512524
35.847191
36.066059
34.020069
32.945042
34.295265
35.951797
35.943752
34.234646
32.908562
34.240009
36.493603
36.245766
34.255032
33.203606
33.926731
35.665874
35.593452
34.105900
33.061447
33.878448
35.895470
35.908882
34.049576
32.562557
33.247059
35.501186
35.805885
33.972328
33.132259
33.809250
34.975471
35.296803
33.560875
32.677891
33.752384
35.493137
35.132648
33.152645
32.026653
33.080761
34.918610
35.085445
33.569996
32.527691
33.439640
34.926655
34.717445
33.055012
31.743412
33.238476
34.479263
34.787720
32.970253
31.977299
32.813614
34.375732
34.407917
32.111946
31.340008
32.575970
34.154179
34.335499
32.231037
30.600790
31.988565
33.970181
33.972862
31.825487
31.295483
32.033089
33.704643
34.201389
32.008411
30.302528
31.914000
34.134869
34.002369
31.846409
30.348663
31.702105
33.750774
34.045818
32.291653
30.958597
31.518105
32.606010
34.016315
32.634975
30.896906
31.914000
34.019535
34.972790
33.451443
32.050255
32.652142
34.473362
35.259789
33.132259
31.635050
32.888714
34.595673
34.946507
33.443932
32.338863
32.853848
34.602646
35.051113
33.703033
32.772842
33.233109
34.732464
35.583797
34.028118
32.761578
33.835533
36.025288
36.195877
34.216408
33.215408
34.125214
35.432522
35.674458
34.317795
33.548538
34.310822
35.641197
36.142235
34.180466
33.367222
34.308140
35.552685
36.262932
34.326378
33.218090
34.116631
36.398117
36.642735
34.767334
32.628540
33.391361
36.045139
36.801521
35.229748
33.678894
33.705177
35.978619
37.203854
35.280708
33.441250
34.064060
35.876160
36.511841
34.890179
33.350056
34.132725
35.649780
36.679749
34.943287
33.065739
33.771160
35.323624
36.295120
35.214725
33.449833
33.818905
35.482410
35.650852
34.399872
33.159618
34.018459
35.259251
35.678749
34.529690
33.221310
33.496502
34.963673
35.452908
34.428303
32.910172
32.921974
34.748558
36.112194
34.331741
32.491211
33.082371
35.201313
35.648170
33.962135
32.424156
32.986881
34.736221
35.648708
33.314114
32.159153
32.707935
34.750168
35.305386
34.015244
32.552902
32.777134
34.352665
35.059696
33.730927
31.934383
32.579723
34.562950
35.411064
33.767941
32.266441
33.115093
34.561878
34.747486
33.044281
32.281998
33.013168
34.770016
35.334888
33.856991
31.719271
32.648388
34.791473
35.337570
34.030800
32.722416
32.724564
34.113949
35.419109
33.887569
32.283607
33.190731
34.937923
35.506016
34.284000
32.807175
33.006195
35.248524
36.549931
34.110191
31.673674
31.670992
33.480946
34.155788
31.846409
29.889469
29.743019
31.044428
31.347517
29.815975
27.701323
27.302210
28.889542
29.096071
26.729826
24.940256
25.095825
26.425663
26.723389
24.816875
22.921087
22.498371
23.940863
24.835114
23.235441
21.750570
21.521511
23.048761
23.286940
21.251680
19.471766
20.042004
21.961393
22.560598
20.738306
18.875242
18.648865
20.060244
20.612242
19.236269
18.235804
18.417658
19.956709
20.646574
19.045296
18.014254
18.537821
20.091894
21.104696
19.625189
18.230976
19.033493
21.245779
22.031668
20.079556
18.685343
19.111277
21.156731
22.555235
21.070364
19.404711
19.669714
21.456602
22.539677
21.001699
19.953491
20.193817
21.993044
23.165705
21.573545
19.881609
20.047369
22.138418
23.286404
22.317053
20.155193
20.091356
22.203865
22.662523
22.002163
20.412149
20.601513
22.600832
23.905458
22.218885
20.694317
20.802679
22.722605
24.026159
22.162558
20.861151
21.039785
22.697927
24.328712
23.605051
21.175505
21.047297
22.784830
23.675325
22.496225
20.839693
20.641211
22.759619
24.112526
22.929670
21.191599
20.699144
23.223104
24.800245
23.109379
21.102013
21.700682
23.041786
24.052982
23.578228
22.105696
22.283258
23.528875
23.849669
24.024014
22.113207
22.061708
23.642065
24.161879
23.748281
22.180798
22.414686
24.258976
24.704222
23.079338
21.486643
21.877708
24.282042
25.452023
23.823919
22.382500
22.184553
24.187628
24.921480
23.513855
22.304178
22.476377
23.880245
24.493937
24.217669
22.686125
22.516611
24.334614
25.543217
24.060492
21.950665
21.925451
23.743452
25.406960
23.836256
21.942081
22.158804
23.940863
26.111845
25.427881
23.584129
23.195745
25.090996
26.569965
24.891439
23.951591
24.035816
25.240128
26.033524
25.814119
24.597469
23.656012
25.271240
26.608053
25.656406
23.581448
23.603441
25.283579
27.008240
25.652115
23.838940
23.724676
25.220816
26.958351
25.608662
23.725750
23.382963
25.175755
26.404205
25.257830
23.643675
23.407640
25.362436
26.605371
25.037352
23.834112
23.358288
25.296453
26.008848
24.906998
23.966076
23.753109
25.462749
26.746992
25.490646
23.802462
23.621679
25.446657
27.121965
25.579695
24.131838
23.734869
25.650505
26.898806
25.919262
23.840012
23.797096
25.875811
27.163807
26.040499
24.100189
23.997726
25.442366
27.145569
26.310329
24.192993
23.965002
25.988464
27.087633
25.843624
25.276070
24.764303
25.379602
26.847843
25.552872
23.393692
23.122789
25.210623
26.597324
25.857035
24.001484
23.320200
24.614100
26.408497
26.156370
24.734798
23.706974
25.112453
26.459995
25.283043
23.562136
23.609343
26.042107
26.995365
25.322739
23.825529
23.800852
25.356535
26.410107
25.732580
24.711731
23.533167
25.370483
26.657406
25.828068
24.032597
23.492397
25.567894
27.813438
26.480381
24.630192
24.019722
24.842087
26.376846
25.752430
24.842087
24.139349
25.104944
27.087633
26.920263
24.675255
23.840012
25.402668
26.794735
25.998655
24.479988
24.559919
26.135448
26.883785
25.673573
24.401669
24.231617
25.398376
27.075294
26.491110
23.958029
23.326101
25.659088
27.389112
26.036207
23.997190
22.882463
25.546972
27.484062
25.990072
23.215593
23.866297
25.958960
27.102654
25.973980
23.991825
23.452702
25.437538
26.822630
26.196066
24.143641
23.257973
24.836723
26.601080
25.822166
23.983778
23.851814
25.467579
26.977125
26.117210
23.883463
23.239197
25.300745
26.920799
25.881712
24.130766
23.657621
25.053446
26.538317
26.008312
24.593178
23.943008
25.544827
27.014677
25.962715
24.121109
23.865761
25.715950
26.499693
26.236300
25.171463
24.188164
25.461678
27.007702
26.279751
24.538998
23.817482
26.029232
27.418617
26.444975
24.366800
23.220423
25.365118
27.478699
26.609663
24.459068
23.846449
25.323277
26.523296
26.152079
25.130157
24.335150
25.501911
27.054909
26.294771
24.373774
23.423197
25.322203
27.548973
26.081268
23.956419
23.920479
25.563602
27.355854
26.441219
24.676327
23.744526
25.508348
27.179901
26.653652
24.560991
23.726824
25.072220
26.705151
26.514175
24.654869
23.872198
25.452023
26.954060
26.231472
24.569038
23.539604
25.158588
26.944403
26.360754
24.635557
23.573400
25.461142
26.813511
26.176218
24.361973
23.219885
24.958496
26.737873
25.808756
23.806215
23.020864
24.488035
26.073221
25.395695
24.026695
23.040178
24.635557
26.118818
25.789980
23.828211
22.847059
24.420444
26.332323
25.795345
23.750425
22.986532
24.639313
26.026550
26.020649
24.352316
22.924307
24.742846
26.662235
26.052837
24.139349
23.310007
24.473015
26.051228
25.715950
23.889902
22.917868
24.231617
26.081804
25.580769
24.310474
23.084702
23.888292
25.762621
25.615637
23.588957
22.528412
24.233763
25.796417
25.199894
23.541750
22.351385
23.833574
25.933746
25.575403
23.500444
22.749426
24.372164
26.002947
25.612417
23.425343
22.318127
24.106625
26.068394
25.616173
23.837866
22.649649
23.963394
25.818947
25.380674
23.549797
22.379818
23.773493
25.428955
25.355461
23.041786
22.347631
24.169926
26.475552
26.147787
23.635092
22.649111
24.105553
25.610271
25.427881
22.707047
22.113743
24.117355
25.734190
25.066856
23.270847
22.343876
23.917795
25.618319
25.073294
23.145319
22.817554
24.055126
25.470797
25.158051
23.614706
22.495153
23.397448
24.725679
25.475624
23.653868
22.417368
23.291231
25.555555
24.916653
22.909285
22.034885
23.011209
24.933283
25.016968
23.282112
22.013428
22.864761
24.667744
24.401133
23.171606
22.315445
23.589495
24.651649
24.713879
23.094894
21.845522
22.784294
25.099043
24.533096
22.451164
21.947981
23.613634
24.948839
24.351242
22.694708
21.579447
22.838476
24.346951
24.627510
23.282112
22.069218
23.068609
24.616781
24.643604
22.905531
21.897020
23.607197
24.724070
24.316374
22.345486
21.391691
23.303570
24.865690
24.283651
22.481205
21.132053
22.755327
24.596933
24.252001
22.621216
21.309080
22.727968
24.451557
24.790588
22.646429
21.353605
22.718849
24.231617
24.387184
23.017647
21.681906
22.829893
24.494473
24.356071
22.782148
21.333220
22.694708
24.377529
24.419371
22.597612
20.934107
22.403421
24.273458
23.874880
21.798851
20.556452
21.239878
22.611561
23.296597
21.319809
19.167067
20.445408
22.516073
22.306862
19.785048
17.520727
19.013645
21.270992
21.072508
18.733622
18.277647
20.069363
21.264555
21.171213
19.296350
18.333437
20.222784
22.403421
22.924307
20.830038
19.280256
20.519438
22.576693
22.719921
20.590248
19.665958
21.405640
23.236515
23.035349
21.554770
19.889654
21.451237
23.593786
23.853960
21.907213
20.628336
21.763445
23.504736
24.074976
22.485497
20.901384
22.119106
23.924770
24.026695
22.241953
20.936789
22.061708
24.136129
24.452631
22.849203
21.069290
22.121790
24.038498
24.381821
22.821846
21.191063
22.542360
24.471405
24.432781
22.759081
21.308542
22.445263
24.138813
24.775568
23.010138
21.744135
23.082020
25.004093
24.729971
22.687199
21.333755
22.783222
24.453167
24.791126
23.234905
21.297277
22.629263
24.514320
24.848524
23.271383
22.083702
22.786978
24.437073
25.145176
23.291231
21.638990
22.827209
24.764839
24.919872
23.246172
22.044004
22.987606
24.996582
25.099043
23.185553
21.674932
22.840620
24.580303
25.229935
23.370089
21.711946
22.968294
25.005703
25.331860
23.517075
21.787050
22.645357
24.589424
24.754110
23.222031
21.695318
22.560062
24.443512
24.645750
22.855642
21.417440
23.196281
25.409107
25.014822
22.440435
21.319809
22.693100
24.638775
24.867300
22.638918
20.600439
22.321882
24.258976
24.629656
22.869053
21.050514
21.944763
24.043861
24.849598
23.277821
21.822454
22.707582
24.683300
25.114063
22.716166
20.978632
22.378744
24.448875
24.865690
23.179115
21.546724
22.439899
24.321739
24.638775
23.300352
21.569254
22.225859
24.098579
24.755720
23.101332
21.769884
22.607805
24.250393
24.815802
23.389400
21.676006
22.411467
24.304035
25.080803
23.254217
21.996798
22.655012
24.708513
24.962250
23.412468
21.837475
22.746744
24.521296
25.304501
23.328247
21.592857
22.892118
24.978880
25.470797
23.321810
21.361650
21.959784
23.644211
24.581913
23.159267
21.524729
22.105696
24.156515
24.814192
22.906067
21.199110
22.153975
23.905458
24.595860
22.835793
21.092358
22.067608
23.900629
24.572794
22.620144
21.199646
22.487642
23.910286
24.411861
22.680225
20.980778
21.778467
23.743990
24.602835
23.305180
21.449091
21.788122
23.447874
23.587885
21.958712
20.598831
20.704510
22.319736
23.617388
22.210302
19.990505
20.551088
22.557917
23.318590
21.791878
20.135345
20.853104
22.846521
23.842695
21.990360
20.133200
20.781221
22.298279
23.453238
22.371235
20.509245
21.307470
23.095968
23.459139
21.923841
19.939007
20.482960
22.295595
24.032061
22.428097
20.520510
20.899239
22.656622
23.428560
21.663668
19.727114
20.483496
22.455992
23.207010
21.565498
20.001234
20.746351
22.241415
22.702755
21.178188
19.495907
20.175577
22.189917
22.954348
21.322491
19.726576
20.042004
21.770420
22.738697
21.268847
19.482496
20.135345
21.851959
22.282185
20.842375
19.263090
19.655230
21.412077
22.353533
20.833256
19.345703
19.744280
21.388474
22.018255
20.207228
18.587173
19.490541
21.537603
22.431852
21.054806
19.185843
19.617142
21.490396
22.434534
20.728649
19.043150
19.558134
21.604122
22.845985
21.187307
19.076944
19.525948
21.383108
22.486570
20.614923
19.143465
19.601049
21.357897
22.190454
20.561279
19.124689
19.583883
21.523657
22.398592
20.742060
18.872561
19.186380
21.046759
21.563890
20.030203
18.079700
18.399956
20.078482
20.975412
19.503416
17.588856
17.389299
19.071045
19.961538
18.469156
16.752542
16.941908
19.051195
19.852104
18.298569
16.843203
17.184378
19.144537
20.274820
18.767418
16.940298
17.481031
19.669714
20.774784
19.347849
17.584028
18.076481
20.066145
21.342875
19.974949
18.442335
18.756689
20.858469
22.167387
20.531775
18.938007
19.686342
21.681906
22.550943
21.018328
19.354286
19.882681
21.804752
23.043396
21.661522
19.788267
20.229223
22.296133
23.533167
22.132517
20.096722
20.429316
22.402348
23.477915
22.027912
20.540895
20.565571
22.584738
23.862005
22.628191
20.348312
20.835938
22.837402
23.570181
22.159340
20.195427
20.590248
22.709730
24.081413
22.751036
20.596685
20.764055
22.393764
23.853422
21.905066
19.965830
20.743134
22.622290
23.855032
21.987143
19.895555
20.520510
22.510172
23.320736
21.918478
20.326319
20.756544
22.053125
22.752108
22.112669
21.040859
21.488251
22.390009
23.146929
22.040251
20.371916
20.643892
22.213520
23.704828
22.491934
20.226004
20.222784
22.531094
23.586811
21.935106
20.284475
20.261946
22.284330
23.426952
22.126081
20.394445
20.215275
22.356750
23.637774
21.899702
20.203474
20.296814
21.901848
23.543360
22.499445
20.474913
20.285013
21.843376
23.500980
22.092821
20.078482
20.042004
22.085848
23.427488
21.599295
20.044687
20.691099
22.498907
22.760691
21.361115
19.987288
20.129980
21.948519
23.052515
21.298351
19.979240
20.285013
21.908821
23.193600
21.439436
19.440653
19.972803
22.280577
23.146929
21.569790
19.620897
19.925060
21.860006
22.913576
21.754862
19.370916
19.279720
21.818699
22.964003
21.133127
19.509853
19.633236
21.506491
22.538069
21.328928
19.499125
20.113352
21.644356
22.315445
20.625652
18.461111
19.135954
21.622898
23.153366
21.520975
19.656839
18.965364
20.304861
22.580984
22.128763
19.847277
19.436361
20.738306
21.939936
21.136345
19.240023
19.577982
21.310152
22.530022
20.870806
18.663349
19.031885
20.965757
22.653402
20.612778
18.923523
19.069971
20.735624
22.435608
21.167459
19.254507
19.179941
20.630480
21.945837
20.935179
19.113960
19.167604
20.975412
22.191526
20.765665
18.927814
18.649401
20.526411
21.812799
20.786049
19.054951
19.023302
21.060707
22.917332
21.502199
18.775465
18.836618
21.099867
22.839548
21.666349
19.486250
19.270063
21.071972
22.498371
21.105768
19.331219
19.440117
21.041931
21.895947
20.647110
19.286158
19.083920
21.317125
22.855642
21.640064
19.715311
19.088211
21.093966
22.480669
21.647038
20.079556
19.479277
21.213057
22.408785
21.613241
20.105841
19.163313
20.988825
23.106695
21.847132
19.613386
19.156876
21.006527
22.838476
22.291304
20.066145
19.538822
21.364870
22.683981
21.523657
19.596758
19.079628
20.787659
22.977949
22.383574
19.462646
19.089283
21.461430
23.142637
22.042933
19.348921
19.175650
21.255972
22.719921
21.701756
20.210983
19.218565
20.649256
22.716166
22.012354
19.764128
19.206228
21.279575
23.215057
21.950665
19.484104
19.531311
22.044004
23.028912
21.480204
19.265236
18.993797
21.459820
23.163023
21.962465
20.357431
19.533995
20.981850
22.599758
21.654549
19.966902
19.466402
21.367016
22.821846
21.509172
19.809725
19.927206
21.916332
23.255827
21.668495
19.534531
19.603195
21.823526
23.252071
21.949055
20.033421
19.447626
21.169605
23.109379
22.086920
20.182552
19.127371
20.719530
23.455383
22.932352
20.727577
20.326855
21.912577
23.681225
23.375990
21.430315
20.975412
23.108843
24.593716
22.881392
21.034422
21.099867
22.682907
24.457994
23.876490
21.573545
20.714703
22.675934
24.631802
23.484350
21.191599
20.520510
23.046078
25.192383
23.844303
20.889582
20.000698
22.041859
23.828211
23.386183
21.115961
20.841303
22.866369
23.628654
23.101332
21.645966
21.166922
22.985460
24.555092
23.345413
21.222712
21.248999
22.685053
24.175289
23.836794
21.713020
19.869806
21.892729
24.450485
23.340048
21.281721
20.843449
22.579374
24.217133
23.714485
21.282257
20.318272
22.865297
24.412397
23.527803
21.428169
20.388546
22.597612
24.289553
23.612024
21.384718
20.809116
22.953274
24.953131
23.662987
21.333220
20.410004
21.676542
23.932280
23.767056
22.277357
21.339657
22.456530
23.712339
23.445190
21.905066
21.223249
22.782148
23.853960
23.240271
21.557451
20.743134
22.170069
23.956419
23.619535
21.738234
20.724894
21.976414
23.988607
23.074511
21.303179
20.794096
22.251072
24.419371
23.653868
21.409931
20.794096
22.406103
23.838404
22.932352
20.912649
20.381571
22.247316
24.037960
23.053053
20.762445
19.790949
21.665813
23.549261
23.194674
21.228613
19.827427
21.716776
23.677469
23.008528
20.960928
20.414831
22.313835
23.977877
23.232759
21.080019
20.088139
22.025766
23.908140
23.432316
21.341803
20.301105
21.991434
23.589495
23.256899
21.682980
20.742598
22.069754
23.767056
23.056807
21.218958
20.460428
22.636774
24.307791
23.798170
21.578909
20.472767
22.086384
23.796024
23.269773
21.295668
20.489397
21.966757
23.753109
23.272457
20.975412
19.872488
21.529558
23.143711
22.865833
20.763517
19.895555
22.033812
23.495617
22.856714
21.012964
19.805969
21.392229
22.894266
22.439363
19.289913
17.455282
19.115568
20.998480
20.309153
17.374815
15.149654
15.589537
16.768637
16.232731
13.755980
12.264671
12.889626
13.580563
12.411119
10.681630
9.813667
10.466517
11.164964
10.366202
8.334161
7.857800
9.537936
11.052848
10.576488
8.315385
7.179202
7.953287
9.471417
9.040654
7.790745
7.033289
8.449496
9.616257
9.020270
7.506968
6.989301
8.264423
8.881331
7.965089
7.143260
7.509650
8.956969
9.497703
8.823396
7.392169
6.774724
8.170010
9.330333
8.107245
6.471098
5.709887
6.807984
8.109391
7.063867
5.482972
4.802764
6.044091
6.916882
7.062794
6.453932
5.576849
7.061721
8.422137
8.370639
7.166327
6.276906
7.383586
9.164037
8.945704
7.632495
7.033289
8.644224
9.813130
9.462298
8.098126
7.690967
9.044946
10.728301
10.346354
8.441449
7.598699
9.263814
10.951997
10.876895
9.447278
8.629741
9.967626
11.572124
11.177302
9.793283
8.917809
10.086717
11.707307
12.169721
10.629596
9.511114
10.691286
11.977674
11.885406
10.717572
9.783627
11.374177
12.952389
13.162674
11.640788
10.450960
12.150946
13.758661
13.518871
11.622549
10.600091
12.364985
14.236631
14.279547
12.621941
11.154235
12.580635
14.570834
14.723184
13.198080
12.202980
13.227584
15.133025
15.303078
13.557495
12.767853
14.089109
15.854540
15.556814
13.887407
13.065578
14.253798
15.973093
15.832008
13.984503
13.003887
14.856221
16.706945
16.352894
14.775219
13.657274
15.009108
16.634525
16.441942
14.865341
13.711990
15.007498
17.064753
17.150583
15.389444
13.953926
15.089037
17.240168
17.205299
15.166821
13.737740
14.994087
16.808332
16.711773
15.452744
14.814379
16.228439
17.645182
17.042221
15.115859
13.387980
14.475348
16.142073
16.260626
14.437260
13.452889
14.724257
16.528847
16.292812
14.473738
13.375642
14.832081
16.585711
16.499342
15.061142
13.974311
13.979675
15.246214
15.869560
14.304222
12.721183
13.734522
15.787484
16.155483
14.162601
12.221219
13.015690
15.715601
16.783121
14.930250
13.288202
14.210882
15.451672
15.849711
14.210345
12.768390
14.163138
16.140999
16.196789
14.274718
12.616040
13.628842
15.364231
15.652838
13.949099
12.444379
13.593973
15.471519
16.232195
14.510216
12.652518
13.700726
15.429678
15.664639
13.961436
12.373569
13.068797
14.850321
15.089573
13.483467
12.254478
14.054241
14.792921
14.823498
13.799431
12.576880
13.750078
15.401783
15.690388
14.067116
12.653055
13.595583
15.453281
15.851320
14.185133
12.689533
13.864340
15.470984
15.713991
14.201762
12.863340
13.901355
15.529455
16.105595
14.490904
13.156774
14.321925
15.871169
16.318026
14.591755
13.279619
14.421167
16.364695
16.989651
14.803650
13.180914
14.611604
16.104521
16.506853
14.869633
13.164820
14.586927
16.406002
16.883434
15.083136
13.473274
14.345529
15.980603
16.306761
14.818134
13.510825
14.659348
16.268137
16.563179
14.842274
13.197006
14.371278
16.321779
16.774538
15.186132
13.959827
14.954926
16.357721
16.379717
14.275791
13.276400
14.658811
16.377033
16.770782
14.853539
13.289274
14.659883
16.289595
16.610386
15.093328
13.747932
15.007498
16.478422
17.096939
15.519800
13.745787
14.921131
16.935469
17.035784
15.252115
13.795139
15.078308
16.937078
17.440262
15.339019
13.818743
14.804723
16.670467
17.290594
15.510680
13.882043
14.938833
16.861977
17.647863
15.937151
14.292421
15.255334
16.998770
17.304005
15.706482
14.276864
15.431287
17.165604
17.547550
16.063751
14.633061
15.542330
17.180086
17.604948
16.162457
14.405610
15.363159
17.245533
17.869415
16.143682
14.422776
15.452208
17.188133
17.796995
16.358795
14.574589
15.665175
17.279329
18.103304
16.770782
14.858367
15.995087
17.847422
18.565180
16.885044
15.039148
15.894773
17.567398
18.325926
16.773464
15.240850
15.880289
17.900528
18.190207
16.581955
15.161457
16.094328
17.840982
18.392982
16.632380
15.214027
16.022446
17.918768
18.740597
17.036322
15.293958
15.751006
17.749788
18.439116
16.486467
14.969947
15.809479
17.499269
18.273355
16.416193
14.780582
15.661957
17.630697
18.305542
16.585711
14.902355
15.642645
17.655910
18.264772
16.603949
15.053095
15.711845
17.483177
18.249216
16.645792
14.653982
15.834691
17.314198
17.634989
16.378643
14.885189
15.698435
17.455282
18.357576
16.737522
15.247824
15.921059
17.743887
18.526556
17.003597
15.025200
15.755835
17.553988
18.521729
16.823353
15.056850
16.035320
17.655910
18.199327
16.483250
14.909328
15.841665
17.596903
18.551769
16.885044
15.322926
16.079845
18.047514
18.401030
17.288448
15.682342
15.757443
17.654839
18.874170
17.389299
15.684487
16.574980
18.066826
18.533529
17.065825
15.526773
16.610386
18.423023
18.756153
17.201544
15.558424
16.043903
18.064680
18.838228
16.956390
15.161457
16.146364
17.908575
18.691780
17.374279
15.730085
16.386690
18.176260
18.888655
17.311516
15.514435
16.331972
18.100084
18.716993
17.166676
15.665175
16.441406
18.185915
19.172968
17.537893
15.794994
16.281548
18.018009
18.801214
17.376425
15.884581
16.372742
18.409075
19.272211
17.687025
16.243996
17.037930
18.572691
19.317808
17.684343
15.970947
16.722502
18.652620
19.485178
18.330755
16.433897
16.805115
18.325390
19.618216
18.337729
16.969801
17.300787
19.203547
20.287157
18.731478
16.919912
17.508926
19.390226
20.240488
18.796387
17.043831
17.583490
19.470158
20.502272
18.787804
17.052414
17.689171
19.831718
20.760836
19.104841
17.472984
17.920378
19.639135
20.553232
18.927279
17.078163
17.582954
19.754471
20.833256
19.325853
17.522873
17.884436
19.964220
20.793558
19.451918
17.711164
18.224003
19.944372
20.790340
19.306005
17.728331
18.175722
20.148220
21.015646
19.568863
17.852785
18.307688
20.142319
21.046759
19.662203
17.743351
18.202009
20.069899
20.918013
19.383253
17.652155
18.000843
19.871416
21.093430
19.823135
17.744961
17.912331
19.801678
20.773710
19.336584
17.779829
18.229904
20.058634
21.162094
19.527020
17.560961
17.982603
20.042540
21.143320
19.934179
18.009962
18.593611
20.177725
20.938934
19.556524
17.803968
18.149973
20.050051
21.334291
19.699755
17.674150
18.001917
20.252289
21.182480
20.040932
18.160166
18.435362
20.136953
20.985605
19.594612
17.989042
18.137098
19.944908
21.088066
19.889654
17.978849
18.237413
20.066145
21.242561
19.964220
17.793776
18.048586
20.022156
21.267775
19.849958
17.820599
18.081308
19.993189
21.237196
19.802752
17.862440
18.124762
20.214201
21.229151
19.836010
18.096331
18.403173
19.973875
20.876171
19.987288
17.905355
17.954172
20.079556
21.044615
19.855860
17.928961
17.925205
19.809725
20.840765
19.475521
17.582418
17.937544
19.544722
20.753862
19.574226
17.640890
17.739595
19.346239
20.399811
19.038321
17.461720
17.781975
19.858541
20.909967
19.401493
17.435434
17.484249
19.327463
20.355822
19.250753
17.372133
17.108204
19.075336
20.667496
19.197645
17.327608
17.509462
19.471766
20.552696
19.339266
17.467619
17.287374
19.450846
20.803215
19.624117
17.648401
17.485859
19.440653
20.622971
19.487860
17.624798
17.611923
19.395592
20.655693
19.490541
17.726185
17.828108
19.700827
21.012426
19.500198
17.531456
17.384472
19.404711
20.499590
19.225004
17.563643
17.878534
19.727650
20.761909
19.528093
17.596903
17.637136
19.538822
20.639063
19.346239
17.272356
17.562571
19.600512
20.648720
19.555988
17.701509
17.675222
19.426706
20.628336
19.616606
17.866732
17.777147
19.520582
20.628336
19.412758
17.476740
17.338873
19.222321
20.478668
19.385399
17.508390
17.251434
19.316198
20.472231
19.230368
17.332973
17.350140
19.353750
20.842375
19.668104
17.695070
17.602804
19.462111
20.636381
19.518972
17.751398
17.727259
19.455673
21.064463
19.779148
17.932714
17.904819
19.775393
20.822527
19.619825
17.612995
17.636599
19.809725
21.135809
19.905210
18.008352
17.569008
19.656301
21.060171
20.044687
18.177870
17.921450
19.885363
21.029057
20.182552
18.436970
18.081846
19.815626
21.180334
20.009817
18.029274
17.930033
19.795240
21.164240
19.945982
17.948809
18.106522
20.137491
21.553698
20.484568
18.627407
18.390837
20.038248
21.276894
20.226004
17.913939
17.315807
19.768955
21.984461
20.518364
18.728794
18.543186
20.263556
21.781685
20.747425
18.881144
18.549086
20.172895
21.540285
20.865978
19.058706
18.402102
20.222784
21.728577
20.470621
18.358114
18.310907
20.531775
22.066536
20.805897
18.825354
18.499197
20.411612
21.610023
20.757082
18.964293
18.434288
20.272139
21.567108
20.575764
18.480959
18.172504
20.162167
21.335365
20.393373
18.193962
17.823280
19.789877
21.163704
20.094576
17.891409
18.068972
19.896091
21.247925
20.372452
18.259945
17.585100
19.544186
20.879927
20.119787
18.406929
17.857613
19.619825
21.195354
20.478132
18.335047
17.831327
19.474449
20.924988
20.121935
18.095793
17.665567
19.493761
20.859005
19.952417
17.874779
17.657520
19.539358
21.070364
20.080091
17.881754
17.376961
19.116642
20.431997
19.300642
17.455282
17.385008
19.492151
20.808043
19.980314
17.672541
17.100695
19.179941
20.598295
19.636454
17.777147
17.420412
19.122543
20.528557
19.789339
17.771246
17.257872
19.428850
20.846666
19.889654
17.734768
17.117323
19.084455
20.602587
19.933107
17.897846
17.300787
18.951418
20.345631
19.395592
17.121078
16.768637
18.748106
20.238342
19.495371
17.460646
16.761663
18.482569
20.088675
19.391300
17.615679
16.828718
18.707872
20.401957
19.628944
17.358187
16.619505
18.316271
19.968512
19.799532
17.668249
16.838911
18.478813
19.594076
18.357576
15.794994
15.076162
17.548622
19.648792
19.309761
17.275574
16.926886
18.932106
20.345095
19.976023
18.015327
17.151655
19.419731
21.107914
20.437361
18.536749
18.049124
19.852104
21.452847
20.751717
18.687489
18.175186
20.156803
21.703363
20.949663
18.808725
18.202009
20.231367
21.814407
21.143320
19.034029
18.153728
19.986750
21.692636
21.390081
19.460501
18.700363
20.637455
22.287012
21.805288
19.580664
18.195036
19.441189
21.210375
20.841303
18.774929
17.789484
19.455137
21.105768
20.631018
18.675688
18.149437
19.723894
21.322491
20.733477
18.554987
17.604948
19.556524
21.624508
21.234514
19.015791
18.190207
19.657375
21.086992
20.983995
18.854858
18.264772
20.059706
21.684589
21.153511
19.099476
18.332365
20.002308
21.567108
20.802141
18.947662
18.427315
20.363869
21.872881
21.223785
19.370916
18.366159
19.951345
21.392229
21.294596
19.279184
18.290522
19.997480
21.630945
21.145464
19.225540
18.628481
20.309153
21.997335
21.489325
19.394518
18.482031
20.157339
21.775248
21.199646
19.155266
18.344702
20.310762
21.974804
21.585884
19.617142
18.521193
20.311298
21.809044
21.478060
19.718531
18.869879
20.567717
22.267702
21.750570
19.762518
18.905821
20.508709
22.198500
21.897556
19.849958
18.899920
20.458818
21.987679
21.872343
19.841911
18.693390
20.594540
22.293987
22.115351
19.928278
18.797459
20.511927
22.005381
21.726431
20.068289
19.105377
20.659985
22.109987
21.926523
19.902529
19.051733
20.898703
22.611561
22.097649
19.449772
18.169823
19.639673
21.116497
20.978094
19.206764
18.009962
19.589785
21.192671
20.980242
18.882217
17.620506
19.542578
21.436752
21.102549
19.171896
18.120470
19.511999
21.550478
21.478060
19.411148
18.072725
19.795240
21.638454
21.456602
19.426706
18.204691
19.685270
21.244707
21.318735
19.397738
18.307688
20.060780
21.590712
21.235586
19.062462
17.857613
19.670786
21.457138
21.404030
19.362333
18.187525
19.945982
21.698536
21.014574
19.084991
18.306078
19.899847
21.467867
21.358969
19.426706
17.946663
19.966902
21.679762
21.481277
19.542040
18.262627
19.656839
21.636847
21.567108
19.598368
18.908503
19.851568
21.349314
20.866514
18.664957
17.827036
20.020010
21.224859
21.183552
19.354822
18.441797
19.739988
21.084846
20.850958
19.262554
17.833473
19.603731
21.847132
21.440508
19.345703
18.408003
19.765738
21.244707
21.272066
19.321562
18.203081
19.846203
21.555843
21.371843
19.474449
18.387081
19.760372
21.379890
21.108450
19.761982
18.171968
19.596758
21.506491
21.546186
19.572618
18.221321
19.682589
21.483959
21.963003
19.815626
18.275501
20.018938
21.844448
21.342875
19.426168
18.141928
19.502344
21.276894
21.481277
19.805969
18.149973
19.510927
21.542969
21.531166
19.783976
18.549086
19.773783
21.595003
21.404566
19.619825
18.372061
19.783440
21.470013
21.626116
19.773247
18.387617
19.885363
21.516684
21.283867
19.444944
18.659058
19.944908
21.637918
21.822990
19.735697
18.464865
19.987823
21.422806
21.628263
20.026983
18.495979
20.102085
22.044542
22.336903
20.197573
18.567862
20.067753
21.967831
22.243561
20.261946
18.970194
20.472231
22.416832
22.156658
20.355822
19.265236
20.568790
22.267164
22.452774
20.657839
19.314589
20.775856
22.096577
22.226395
20.519438
19.497515
20.562889
21.982851
22.317053
20.677687
19.139174
20.484568
22.164167
22.513391
20.758154
19.180479
20.677687
22.361578
22.422733
20.778540
19.435289
20.774248
22.745670
22.831501
21.038176
19.559206
20.918013
22.624971
22.913576
20.919086
19.452991
20.919086
22.866907
23.218275
21.261335
19.677223
20.912649
22.667887
22.708120
20.987751
19.780220
21.262945
23.124935
23.413542
21.495226
19.882145
21.183016
22.567036
22.718849
21.499517
20.043077
21.158876
22.892656
23.086847
21.242561
19.723894
20.928743
22.694708
22.898558
