-10.853292
-9.261668
-7.790745
-8.400680
-10.373176
-11.055530
-9.604455
-8.097054
-8.109928
-9.974600
-10.928393
-9.325505
-7.974208
-8.225800
-10.205270
-11.067332
-9.432794
-7.900179
-8.400680
-10.369958
-10.917129
-9.436012
-8.454324
-8.790136
-10.478855
-10.850610
-8.802474
-7.375539
-7.881404
-9.831370
-10.778190
-9.041728
-7.604600
-8.188249
-10.094226
-10.743321
-8.819104
-7.400216
-7.812739
-9.668292
-10.412336
-8.730055
-7.304729
-7.589580
-9.615720
-10.405362
-8.784772
-7.533253
-7.749439
-9.494485
-10.439158
-8.668900
-7.228018
-7.700087
-9.486438
-10.425748
-8.598626
-7.218898
-7.492484
-9.501994
-10.512650
-8.865238
-7.592798
-7.688285
-9.309412
-10.126412
-8.842172
-7.543446
-7.619620
-9.493411
-10.433257
-8.988620
-7.283808
-7.766069
-9.543838
-10.162354
-8.549273
-7.223726
-7.506431
-9.350182
-10.412336
-8.898498
-7.491947
-7.761777
-9.664536
-10.555566
-8.676411
-7.067622
-6.969453
-8.851827
-9.989083
-8.526207
-7.157207
-7.380367
-9.425820
-10.376395
-8.319676
-6.717325
-7.047237
-9.036900
-10.036290
-8.462907
-7.090152
-7.089616
-8.807839
-9.986938
-8.386195
-6.841780
-7.008077
-8.713426
-9.706379
-8.129240
-6.773115
-6.787063
-8.641541
-9.955825
-8.293927
-6.669045
-6.973208
-8.488656
-9.658635
-8.032681
-6.619693
-6.671191
-8.502067
-9.967090
-8.662999
-6.574095
-6.408871
-8.424283
-9.279371
-7.372321
-6.019414
-6.295682
-8.206488
-9.317458
-7.820786
-6.482900
-6.446422
-8.148015
-9.209098
-7.718862
-6.118120
-6.159426
-8.059503
-9.113610
-7.518769
-6.071986
-6.290318
-8.193613
-9.343207
-7.500530
-5.993665
-6.071986
-7.938267
-9.048165
-7.593335
-5.985082
-6.125630
-7.991911
-9.014905
-7.530035
-6.038726
-6.113828
-8.052529
-8.944095
-7.385195
-5.960405
-5.948067
-7.898570
-9.013296
-7.668973
-6.150843
-6.117583
-7.941485
-9.133996
-7.616938
-6.110610
-6.232382
-8.156062
-9.180129
-7.527352
-6.115974
-6.130458
-8.142115
-9.478391
-7.858873
-6.392778
-6.348253
-8.500458
-9.702624
-8.012296
-6.596089
-6.709279
-9.055675
-10.332406
-8.509578
-6.871284
-6.933511
-8.822860
-10.034681
-8.326114
-6.674410
-6.716789
-8.573414
-9.632350
-8.050384
-6.345035
-6.215752
-7.980646
-9.145797
-7.796646
-6.209851
-6.083787
-7.818640
-9.095372
-7.563294
-5.827904
-5.646587
-7.556320
-8.967162
-7.426501
-5.937338
-5.606890
-7.387341
-8.696795
-7.245184
-5.629421
-5.529643
-7.200123
-8.244039
-6.977499
-5.337060
-5.248011
-7.151307
-8.485974
-6.853581
-5.406797
-5.359591
-6.998421
-8.334161
-7.234992
-5.350471
-5.055428
-7.086934
-8.377612
-6.897033
-5.373002
-5.437375
-7.238210
-8.656562
-7.371248
-5.742074
-5.485118
-7.055820
-8.351327
-7.089616
-5.686284
-5.443812
-7.246793
-8.521915
-6.916882
-5.363346
-5.004466
-6.892742
-8.296610
-7.136823
-5.390704
-5.106926
-6.648124
-8.500995
-6.923855
-5.309701
-5.052746
-6.724835
-8.054138
-7.135213
-5.289317
-4.113973
-5.677701
-6.988228
-5.435765
-3.610790
-3.042698
-4.493773
-5.942703
-4.569948
-2.625883
-2.308846
-3.846825
-5.209387
-3.949285
-2.543807
-2.281487
-4.045845
-5.451322
-4.125238
-2.413988
-2.033651
-4.052818
-5.378366
-4.167080
-2.597988
-2.196193
-4.004539
-5.133212
-3.927291
-2.357126
-2.183318
-3.688038
-5.115510
-4.220188
-2.511084
-2.156496
-3.982544
-5.318285
-3.948749
-2.305091
-2.012193
-3.675700
-5.316675
-4.314065
-2.194584
-1.247764
-2.614618
-4.029751
-2.706349
-0.960231
-0.462413
-2.082467
-3.566266
-2.491236
-0.791252
-0.476360
-2.468705
-3.874183
-2.858162
-1.064301
-0.243545
-1.710177
-3.553391
-2.427936
-0.754237
-0.308454
-2.067447
-3.575922
-2.474070
-0.779987
-0.328302
-1.961231
-3.533006
-2.444029
-0.943065
-0.172734
-1.972497
-3.487945
-2.465487
-0.749946
0.064909
-2.145231
-4.000783
-2.587795
-0.632465
-0.454903
-2.078176
-3.690184
-2.199948
-0.339031
-0.318646
-2.714932
-4.041553
-3.340424
-2.012730
-1.536370
-3.603280
-5.343497
-4.030824
-2.762139
-2.416671
-4.046917
-5.506039
-4.567802
-2.923072
-2.686501
-4.395605
-6.046773
-4.930437
-3.189683
-2.609790
-4.397214
-5.663217
-4.541517
-2.931118
-2.764285
-4.013122
-5.453468
-4.630030
-2.770186
-2.103389
-3.596306
-5.319357
-4.332304
-2.681136
-1.868963
-3.479362
-5.313457
-4.269541
-2.614618
-1.890958
-3.237427
-5.097807
-3.970206
-2.167762
-1.856625
-3.693939
-5.330623
-4.025996
-2.165616
-1.584113
-3.210605
-4.915953
-3.869355
-2.199412
-1.630247
-3.086150
-4.814566
-3.776014
-1.883984
-1.296580
-2.905905
-4.611791
-3.850043
-2.197802
-1.305699
-2.586186
-4.366100
-3.604353
-1.858771
-1.253665
-2.802909
-4.380584
-3.205777
-1.643121
-0.644803
-2.368927
-4.310847
-3.231526
-1.513303
-0.935555
-2.525032
-4.500211
-3.645123
-1.529932
-0.954330
-2.418816
-4.238427
-3.607035
-1.708031
-1.140475
-2.562046
-4.348934
-3.507793
-2.026677
-1.166225
-2.740681
-4.334987
-3.472925
-1.884520
-1.189828
-2.864063
-4.768432
-3.330768
-1.515985
-0.797689
-2.397359
-4.194439
-3.442348
-1.818538
-1.017094
-2.297044
-3.976644
-3.254593
-1.645267
-1.363099
-2.559901
-4.091442
-3.287852
-1.676917
-0.983298
-2.516449
-4.624129
-3.712714
-1.778305
-0.907123
-2.417743
-4.309774
-3.840387
-1.970351
-1.208604
-2.690792
-4.286707
-3.652633
-2.087832
-1.536370
-2.873719
-4.275978
-3.588260
-2.041698
-1.299262
-2.689719
-4.803300
-4.099489
-2.081931
-1.349151
-2.936483
-4.542590
-3.732026
-2.018094
-1.109898
-2.423108
-4.352689
-3.602207
-1.964987
-1.344860
-2.702058
-4.442811
-3.733099
-1.962841
-1.337350
-2.565265
-4.588187
-3.841460
-1.934946
-1.193047
-2.601743
-4.572630
-4.065156
-2.642513
-1.725197
-2.910197
-4.441739
-3.706277
-2.055109
-1.316428
-2.985299
-4.846216
-4.086614
-2.158106
-1.245618
-2.554000
-4.610181
-3.909588
-1.954258
-1.222551
-2.753020
-4.794181
-4.253984
-2.258420
-1.352370
-2.595842
-4.279197
-3.830731
-2.122164
-1.143694
-2.921462
-4.602135
-3.813565
-2.227307
-1.144230
-3.006220
-4.736782
-3.779233
-1.956403
-1.395822
-2.834022
-4.641295
-3.928900
-1.980007
-1.120091
-2.499283
-4.419208
-3.626347
-2.004147
-1.237571
-2.985299
-4.927218
-3.777624
-1.846969
-0.931800
-2.565801
-4.481435
-4.032434
-1.945138
-0.915706
-2.292753
-4.495383
-4.194439
-2.485872
-1.323938
-2.453685
-4.109681
-3.786207
-2.300799
-1.419425
-2.400041
-4.172445
-3.666580
-1.838386
-0.992954
-2.434910
-4.457295
-3.771186
-2.141476
-1.248300
-2.423108
-4.312456
-3.660143
-2.050817
-1.164615
-2.339959
-4.197658
-3.690720
-2.093196
-1.182854
-2.363563
-4.214824
-3.984154
-1.911879
-1.086831
-2.275050
-4.000247
-3.991127
-2.173662
-0.999928
-2.409160
-4.527569
-4.325331
-2.674699
-1.755238
-3.096879
-4.779160
-4.634321
-2.905905
-2.054572
-2.986908
-4.887522
-4.439593
-2.638757
-1.675844
-3.198267
-5.043090
-4.076958
-2.294898
-1.567483
-3.039480
-4.761458
-4.625202
-2.805054
-1.687646
-2.912879
-4.593552
-4.299045
-2.540589
-1.519740
-2.628565
-4.515231
-4.296363
-2.353907
-1.226843
-2.683819
-4.390777
-3.786207
-2.002001
-0.985444
-2.255202
-4.288316
-3.946603
-2.236426
-1.297116
-2.464414
-4.457295
-3.969133
-1.997710
-1.200020
-2.191901
-3.908515
-3.941775
-2.353907
-1.316428
-2.596915
-4.282952
-3.715933
-2.050817
-1.233280
-2.295435
-4.350007
-3.897250
-2.291680
-1.244009
-2.425790
-4.348398
-4.305482
-2.492845
-1.075566
-2.054036
-4.110754
-4.005075
-2.358735
-1.483798
-2.385557
-4.043162
-3.779769
-2.024532
-1.216114
-2.558828
-4.172445
-3.848434
-2.133429
-1.034260
-2.083540
-3.794790
-3.741146
-2.013266
-1.041234
-2.424181
-4.548491
-4.295290
-2.303481
-1.235962
-2.573848
-4.509330
-4.627884
-2.458513
-1.293361
-2.523422
-4.582286
-4.510940
-2.702058
-1.794935
-2.758384
-4.190147
-4.174054
-2.603889
-1.355052
-2.716542
-4.659534
-4.224480
-2.329231
-1.388312
-2.475143
-4.276515
-4.601062
-2.760530
-1.373828
-2.358198
-4.449249
-4.415453
-2.444029
-1.303554
-2.631784
-4.745901
-4.458905
-2.653241
-1.408160
-2.527178
-4.586041
-4.642368
-3.012658
-1.460195
-2.325475
-4.421354
-4.308165
-2.624810
-1.660824
-2.593696
-4.414380
-4.403651
-2.688110
-1.474679
-2.445102
-4.292608
-4.116118
-2.557218
-1.293898
-2.073884
-4.151524
-3.945530
-1.772940
-1.502574
-3.456295
-5.308629
-5.156279
-3.687501
-2.787888
-4.257739
-6.212533
-6.684602
-5.335451
-4.323185
-5.646050
-7.782162
-7.998885
-6.423892
-5.281270
-6.511868
-8.737029
-8.868993
-6.885768
-5.708278
-6.840707
-9.081961
-9.195686
-7.211388
-5.881548
-6.684066
-8.616866
-8.595944
-6.906153
-5.709887
-6.818713
-8.948386
-9.250403
-7.134140
-5.661607
-6.621839
-8.419991
-8.578778
-6.838561
-5.740464
-6.728054
-8.653344
-8.948923
-7.190467
-6.099881
-6.884695
-8.632422
-8.561076
-6.908835
-5.805374
-6.759704
-8.877040
-9.008468
-7.284344
-5.884231
-6.833733
-8.647443
-8.904935
-6.925465
-5.677701
-6.754876
-8.811594
-8.785308
-7.000566
-5.849898
-6.838025
-8.690358
-8.980573
-7.163645
-5.984545
-6.687284
-8.333088
-8.749904
-7.188858
-5.743683
-6.617011
-8.856118
-9.113610
-7.353009
-6.145478
-7.140041
-9.080352
-9.376468
-7.423819
-5.739928
-6.639541
-8.841098
-9.107173
-7.366420
-6.208242
-7.306875
-9.429038
-10.014832
-8.187176
-6.570877
-7.500530
-9.695113
-10.362447
-8.777799
-7.420064
-8.391561
-10.834516
-11.339308
-10.028781
-8.666755
-9.637714
-11.794747
-11.829616
-10.084571
-9.068013
-9.738565
-11.695505
-12.082817
-10.077597
-8.444668
-9.214461
-11.079670
-11.244357
-9.282590
-7.837952
-8.592189
-10.597945
-10.865093
-9.149552
-7.642687
-8.279981
-10.263741
-10.559321
-8.759559
-7.506431
-8.216144
-10.198833
-10.793210
-8.983792
-7.575632
-8.533717
-10.271253
-10.300220
-8.490802
-7.385195
-8.196832
-10.012151
-10.427894
-8.598090
-7.340671
-7.816494
-9.882869
-10.497630
-8.899034
-7.487656
-8.254767
-10.059358
-10.603310
-8.741321
-7.512868
-8.390487
-10.248185
-10.747076
-8.923174
-7.812739
-8.283735
-10.137678
-10.590435
-8.912982
-7.589043
-8.124949
-9.926320
-10.325969
-8.772433
-7.672192
-8.112074
-10.079206
-10.576488
-8.891524
-7.403434
-8.205415
-10.279299
-10.636033
-9.124339
-7.848681
-8.399070
-10.256232
-10.470809
-8.936585
-7.593871
-8.466125
-10.540545
-10.948241
-8.902789
-7.575632
-8.248866
-10.252477
-10.937512
-9.120584
-7.667364
-8.389415
-10.518016
-11.011005
-9.157063
-7.660926
-8.365274
-10.438086
-10.859729
-8.975209
-7.842244
-8.535327
-10.365666
-10.732593
-9.071769
-7.726372
-8.212388
-10.284663
-10.639788
-9.045483
-7.630349
-8.275689
-10.304511
-10.697186
-8.992911
-7.418991
-8.061112
-10.022880
-10.595263
-8.822860
-7.717253
-8.757950
-10.319531
-10.955752
-9.024562
-7.543982
-7.988692
-10.702552
-11.388660
-9.886623
-8.945168
-8.688212
-10.424674
-11.492194
-9.971917
-8.715571
-9.009005
-10.818423
-11.390806
-9.512723
-8.070231
-8.249403
-9.795964
-10.434867
-8.638860
-7.064939
-7.650734
-9.348573
-9.881795
-8.153380
-7.122339
-7.749976
-9.440841
-10.063113
-8.459151
-7.155062
-7.175447
-9.132922
-9.960116
-8.161963
-6.519915
-6.983400
-9.042264
-9.871603
-8.225800
-6.574632
-6.777407
-8.853436
-9.720862
-7.898570
-6.373466
-6.831587
-8.818568
-9.746612
-7.964016
-6.427647
-6.651879
-8.493484
-9.094835
-7.490338
-6.404580
-6.826759
-8.703769
-9.344817
-7.308484
-5.810738
-6.134749
-7.989229
-9.021879
-7.336915
-5.620838
-6.042481
-8.051992
-8.738638
-7.140041
-5.582750
-5.889595
-7.876576
-8.716643
-7.098735
-5.683065
-5.995274
-7.858337
-8.641541
-7.208706
-5.937875
-6.025852
-7.956506
-8.594335
-6.902934
-5.488337
-5.946994
-7.946850
-8.978427
-7.428111
-5.537689
-5.950213
-7.800401
-8.819640
-7.044018
-5.296290
-5.733490
-8.397461
-9.616794
-7.969380
-6.557466
-7.086934
-9.130240
-10.314704
-8.686067
-7.316531
-7.839561
-9.761632
-10.721864
-9.032608
-7.465125
-7.552565
-9.580316
-10.493339
-8.667828
-7.159890
-7.232309
-9.257914
-10.349036
-8.806766
-7.371248
-7.709206
-9.448887
-10.268033
-8.557857
-7.234992
-7.623912
-9.411336
-10.361911
-8.846999
-7.401289
-7.535399
-9.510041
-10.347963
-8.884550
-7.394315
-7.642687
-9.581388
-10.434867
-8.825006
-7.168473
-7.322432
-9.339453
-10.509969
-8.980573
-7.607282
-7.826150
-9.501994
-10.468663
-8.716643
-7.344426
-7.910908
-9.957434
-10.852219
-9.217144
-7.806302
-7.901789
-9.871603
-10.767461
-9.015979
-7.607819
-7.939340
-9.804547
-10.708989
-8.884550
-7.403434
-7.578314
-9.659172
-10.847390
-9.199441
-7.784308
-8.001567
-9.968163
-11.035146
-9.238602
-7.694186
-7.842780
-9.480536
-10.560931
-8.872212
-7.549883
-7.676483
-9.371102
-10.746003
-9.297074
-7.767142
-7.915736
-9.600699
-10.530890
-9.039582
-7.428647
-7.599236
-9.549201
-10.745467
-9.084643
-7.628740
-7.591189
-9.466590
-10.519088
-9.101810
-7.681311
-7.696332
-9.457470
-10.402144
-8.744002
-7.311166
-7.422746
-9.442450
-10.838271
-9.096444
-7.525743
-7.490874
-9.545983
-10.780871
-9.065867
-7.419528
-7.526816
-9.420992
-10.722936
-9.169937
-7.636786
-7.700087
-9.467662
-10.747076
-9.201587
-7.567049
-7.545055
-9.370566
-10.678948
-9.235383
-7.840634
-7.845462
-9.662391
-10.597945
-9.153844
-7.592262
-7.518233
-9.542228
-10.756196
-9.219827
-7.513405
-7.465125
-9.364129
-10.519088
-8.873284
-7.384122
-7.292391
-9.145261
-10.472955
-8.982183
-7.408799
-7.232309
-9.193004
-10.487975
-8.774043
-7.177056
-7.317604
-9.047091
-10.298611
-9.002030
-7.479073
-7.204951
-9.116293
-10.440231
-8.814813
-7.163645
-6.935121
-8.567513
-10.161819
-8.548738
-6.713570
-6.796182
-8.770288
-10.118366
-8.689822
-7.068695
-6.951214
-8.901179
-10.303439
-8.660317
-6.987692
-7.011295
-8.939267
-10.100663
-8.787991
-7.321895
-7.278980
-9.149016
-10.661782
-9.086252
-7.422746
-7.421137
-9.238602
-10.544301
-9.036900
-7.446886
-7.604600
-9.494485
-10.567369
-8.810521
-7.203341
-6.921710
-8.667291
-10.045410
-8.818031
-7.216216
-6.969453
-8.819640
-10.272325
-8.857192
-7.219971
-7.019878
-8.798719
-10.202588
-8.798719
-7.101954
-7.027925
-8.898498
-10.206880
-8.917274
-7.372857
-7.296146
-8.980037
-10.367275
-9.041191
-7.495166
-7.312776
-9.319604
-10.800720
-9.352864
-7.680775
-7.349790
-9.064258
-10.531962
-9.061576
-7.272542
-7.062257
-8.949996
-10.398925
-9.040118
-7.410408
-7.348181
-9.052457
-10.532499
-9.199978
-7.562757
-7.608891
-9.412946
-10.501386
-9.214461
-7.422746
-6.844998
-8.756877
-10.453643
-9.204806
-7.417918
-7.042945
-9.032071
-10.418774
-9.221436
-7.498921
-7.219971
-9.011687
-10.453106
-9.096981
-7.486583
-7.363738
-9.036363
-10.214389
-8.990230
-7.525207
-7.247866
-8.866311
-10.453106
-9.137214
-7.520379
-7.191540
-8.924247
-10.478318
-9.072305
-7.501603
-7.216753
-8.975745
-10.438622
-9.036900
-7.319213
-7.288099
-9.040118
-10.450423
-9.059966
-7.306338
-6.901325
-8.695186
-10.540009
-9.168328
-7.505895
-7.358373
-9.189786
-10.509433
-9.313704
-7.768751
-7.082642
-8.789063
-10.673047
-9.949924
-8.503140
-8.129240
-9.918273
-11.543693
-10.390342
-8.455397
-8.027852
-9.682239
-11.424602
-10.142507
-8.247257
-7.892133
-9.585679
-11.098445
-9.922029
-8.266569
-7.863165
-9.528817
-11.084498
-9.924710
-8.112611
-7.581533
-9.133996
-10.872603
-9.640933
-7.900179
-7.621766
-9.417773
-11.079670
-9.859265
-8.137823
-7.754804
-9.385587
-10.987402
-9.904862
-8.069695
-7.721544
-9.285809
-11.102201
-9.886623
-8.256377
-7.795037
-9.695113
-11.303903
-10.203124
-8.488656
-8.131386
-9.631277
-11.074306
-10.023416
-8.178593
-7.786990
-9.554566
-11.196614
-10.215463
-8.449496
-7.861556
-9.529353
-11.098445
-10.044873
-8.468808
-8.123340
-9.588362
-11.178375
-10.151626
-8.479537
-7.888378
-9.495021
-11.172475
-10.011615
-8.116902
-7.631422
-9.674729
-11.551739
-10.262670
-8.128167
-7.777871
-9.506286
-11.229874
-10.256232
-8.499921
-8.252622
-9.728374
-11.598946
-10.606528
-9.009005
-8.651198
-10.502995
-12.456181
-11.610747
-9.578706
-8.962871
-10.911227
-12.604774
-11.547447
-10.283590
-9.678484
-11.198760
-12.756588
-11.715354
-9.760023
-8.967698
-9.964408
-11.554421
-10.618330
-8.945704
-8.267642
-9.808303
-11.428357
-10.317386
-8.666755
-8.114220
-9.318532
-10.724010
-9.841562
-7.915736
-7.526279
-9.208024
-10.799111
-9.776652
-8.113147
-7.523597
-9.118976
-10.934831
-10.085643
-8.141042
-7.474781
-9.013296
-10.829688
-9.833516
-8.090079
-7.453323
-8.900107
-10.695578
-9.951533
-8.218825
-7.503212
-8.963943
-10.607601
-9.669364
-8.168937
-7.536472
-9.026708
-10.904254
-9.918273
-8.365274
-7.667900
-8.921565
-10.650517
-9.805621
-8.108319
-7.562757
-9.099664
-10.927857
-10.202588
-8.382441
-7.208169
-8.753658
-10.733665
-9.813130
-8.351327
-7.653416
-9.073378
-10.945560
-9.862483
-8.204342
-7.463516
-8.884550
-10.799111
-10.075988
-8.396388
-7.578851
-9.051920
-10.958970
-9.981037
-8.095445
-7.527352
-9.042264
-10.799647
-9.799184
-8.101882
-7.221044
-8.774579
-10.608138
-9.895206
-8.036972
-7.248939
-8.932830
-10.731519
-10.104419
-8.302510
-7.510723
-9.102345
-10.847927
-10.012151
-8.284272
-7.491947
-9.111465
-10.794283
-10.009469
-8.093299
-7.367493
-8.846463
-10.706843
-10.006249
-8.310557
-7.529498
-8.912445
-10.610284
-9.908618
-7.988692
-7.260204
-8.765460
-10.675729
-10.097981
-8.053065
-7.335843
-8.857192
-10.651053
-9.982110
-8.064330
-7.107318
-8.656026
-10.544837
-9.787918
-8.041800
-7.471562
-8.994521
-10.742785
-10.079206
-8.591653
-7.908762
-9.200515
-10.992230
-10.603310
-8.654416
-8.485437
-10.205270
-12.044193
-11.808694
-10.167182
-8.904399
-10.248185
-12.356402
-11.674047
-9.859265
-9.127022
-10.420919
-12.132170
-11.387052
-9.328187
-8.594335
-9.976209
-11.538327
-10.686995
-8.880259
-7.960797
-9.206952
-11.300147
-10.764242
-8.597017
-7.705451
-9.093762
-10.770679
-10.323287
-8.423747
-7.552029
-9.046020
-10.729373
-10.117293
-8.208633
-7.362665
-8.702160
-10.615111
-10.097981
-8.233846
-7.303120
-8.748294
-10.507287
-10.031463
-8.045018
-7.056893
-8.437158
-10.207952
-9.791137
-7.935048
-7.025779
-8.501531
-10.348500
-9.698333
-7.640542
-6.797791
-8.282126
-10.123195
-9.432258
-7.526816
-6.759704
-8.158744
-10.110320
-9.397388
-7.424892
-6.752194
-8.153380
-9.916664
-9.428502
-7.683457
-6.784380
-8.048774
-9.821713
-9.552421
-7.650198
-6.672264
-7.944168
-9.772361
-9.361983
-7.447959
-6.612183
-7.940949
-9.859265
-9.507895
-7.618011
-6.740929
-8.132995
-10.104419
-9.814740
-7.884623
-7.075668
-8.256913
-9.814740
-9.523989
-7.465125
-6.708742
-8.572877
-10.492267
-10.044337
-8.245648
-7.456006
-8.635104
-10.469735
-10.021270
-8.253695
-7.374466
-8.744538
-10.555030
-10.215999
-8.233846
-7.251085
-8.535327
-10.487438
-10.230483
-8.278371
-7.294537
-8.643151
-10.475636
-10.089934
-8.205415
-7.106246
-8.207025
-10.221900
-9.968163
-8.242966
-7.166863
-8.553029
-10.383368
-9.967626
-8.113683
-7.232309
-8.536936
-10.535718
-10.073305
-8.278907
-7.278443
-8.382977
-10.309876
-10.181130
-8.402825
-7.232846
-8.475245
-10.492267
-10.354401
-8.515478
-7.435621
-8.475245
-10.440231
-10.207416
-8.228482
-7.177592
-8.420527
-10.275007
-10.082961
-8.553029
-7.609964
-8.779944
-10.681630
-10.294319
-8.251549
-7.251621
-8.519770
-10.416628
-10.248185
-8.460225
-7.451714
-8.486510
-10.313631
-10.033608
-8.284808
-7.326187
-8.431793
-10.592044
-10.364057
-8.452714
-7.494629
-8.845389
-10.660172
-10.481538
-8.582534
-7.458151
-8.620621
-10.587216
-10.364057
-8.410872
-7.427038
-8.789063
-10.612966
-10.338307
-8.422137
-7.296682
-8.531571
-10.514796
-10.302902
-8.626521
-7.653416
-8.599700
-10.588826
-10.505677
-8.630813
-7.472635
-8.480609
-10.350109
-10.373713
-8.575023
-7.255376
-8.490266
-10.408045
-10.405362
-8.503676
-7.361055
-8.381904
-10.446669
-10.557176
-8.648516
-7.007004
-7.895888
-9.820642
-9.860874
-7.944168
-6.798864
-7.957579
-10.088862
-10.095300
-8.216680
-7.105709
-8.042872
-9.931148
-10.006786
-8.235456
-7.162035
-8.095445
-9.904326
-9.994449
-8.183957
-7.125557
-8.072913
-10.097445
-10.158599
-8.228482
-7.099272
-8.037509
-10.110320
-10.246575
-8.248330
-7.038117
-8.060039
-10.101737
-10.177911
-8.335771
-6.977499
-8.220971
-10.143579
-10.094763
-8.117974
-7.033826
-8.378149
-10.269643
-10.255158
-8.453788
-7.156135
-8.167327
-10.139824
-10.092080
-8.126021
-6.902398
-7.827760
-9.933830
-10.155917
-8.228482
-6.936193
-7.836343
-10.063113
-10.347426
-8.346499
-7.066549
-7.951141
-9.592653
-9.856583
-8.273543
-7.076205
-7.982791
-10.121585
-10.354401
-8.352937
-7.211925
-8.087934
-10.077597
-10.273934
-8.453251
-7.186712
-8.070231
-10.185422
-10.257841
-8.402289
-7.057966
-7.856191
-9.887160
-10.261596
-8.595944
-7.309557
-8.164109
-10.085643
-10.344209
-8.490266
-7.093371
-7.991374
-9.957971
-10.214389
-8.372249
-7.082642
-7.962407
-10.099054
-10.415019
-8.570731
-7.071377
-7.897497
-10.053993
-10.171474
-8.507432
-7.096053
-7.944168
-9.750367
-10.121049
-8.376003
-7.061721
-7.820786
-9.833516
-10.345818
-8.425893
-7.160963
-7.929147
-9.877503
-10.387124
-8.715571
-7.163108
-7.494629
-9.278298
-9.804011
-8.159281
-6.796182
-7.624985
-9.665072
-9.983183
-8.222045
-6.969989
-7.814885
-9.692431
-10.026098
-8.143188
-6.834806
-7.629813
-9.437621
-9.945096
-8.095981
-6.614865
-7.435621
-9.640397
-10.163427
-8.288027
-6.660462
-7.334770
-9.528817
-9.977283
-8.163572
-6.697477
-7.332624
-9.433867
-9.953142
-8.142115
-6.684602
-7.318676
-9.235383
-9.902717
-7.991374
-6.574632
-7.251085
-9.252013
-9.757340
-7.871748
-6.537081
-7.304193
-9.284200
-9.636642
-8.004249
-6.572486
-7.312776
-9.428502
-9.849608
-8.020343
-6.483973
-7.241429
-9.166718
-9.679021
-8.001567
-6.817103
-7.465125
-9.244502
-9.880186
-8.127631
-6.790281
-7.408799
-9.220363
-9.921493
-8.184493
-6.792427
-7.376612
-9.301902
-9.878040
-8.022489
-6.725372
-7.310630
-9.033145
-9.917201
-8.264423
-6.566585
-7.255913
-9.611428
-10.452033
-8.546592
-7.185102
-8.448422
-10.406436
-11.418701
-9.903253
-8.811057
-9.860337
-12.207808
-12.914302
-11.436940
-9.897352
-10.440231
-12.347282
-12.827398
-10.853292
-9.327115
-9.871603
-11.634351
-11.962117
-10.261596
-8.645833
-9.031535
-11.064650
-11.728765
-9.799184
-8.178593
-8.849681
-10.646762
-11.175157
-9.528280
-8.071841
-8.637250
-10.392488
-11.179984
-9.409726
-7.845999
-8.254231
-10.209025
-10.978819
-9.437621
-7.884086
-8.215071
-10.257841
-11.009933
-9.132386
-7.752121
-8.338452
-10.230483
-11.140824
-9.305657
-7.760705
-8.149625
-10.259987
-11.013151
-9.257377
-7.887841
-8.133532
-10.005713
-10.851146
-9.301902
-7.634104
-8.118511
-10.222972
-10.881186
-9.370030
-7.759095
-8.107782
-10.145188
-10.913373
-9.117366
-7.612647
-8.116902
-9.868920
-10.902644
-9.156526
-7.490874
-7.944168
-10.262133
-11.094690
-9.181739
-7.754267
-8.032681
-10.259450
-11.017443
-9.409190
-7.660926
-7.991374
-10.062039
-10.805012
-9.172083
-7.666827
-8.143188
-10.287345
-10.883868
-8.603992
-7.032753
-7.318676
-9.381295
-10.590435
-8.914054
-7.194222
-7.498921
-9.692967
-10.677339
-8.872748
-7.376076
-7.778944
-9.701015
-10.661782
-9.032071
-7.489265
-7.700623
-9.692967
-10.709525
-9.108247
-7.517696
-7.863701
-9.866775
-10.813058
-9.004713
-7.572950
-7.873357
-9.854437
-10.940195
-9.132922
-7.647515
-7.875503
-9.858191
-10.735810
-9.177983
-7.739783
-7.852973
-9.909690
-10.995985
-9.241820
-7.538081
-7.775725
-9.725154
-10.662318
-9.161891
-7.441522
-7.730127
-9.706916
-10.714353
-8.935512
-7.481218
-7.716180
-9.721399
-10.621013
-8.799256
-7.449032
-7.731737
-9.749294
-10.680020
-9.204806
-7.848681
-7.905007
-9.517015
-10.290565
-8.618475
-7.085861
-7.367493
-9.277762
-10.403753
-8.711280
-7.206560
-7.415772
-9.360373
-10.401608
-8.667828
-7.060112
-7.233919
-9.393634
-10.467053
-8.762241
-6.927610
-7.060648
-9.153308
-10.227800
-8.725226
-7.196368
-7.305802
-9.276689
-10.387660
-8.782090
-7.221581
-7.484437
-9.372176
-10.358155
-8.733809
-7.267178
-7.516087
-9.451570
-10.655881
-8.922101
-7.429183
-7.469417
-9.760023
-10.980965
-9.112538
-7.799865
-8.319140
-10.334016
-11.375786
-10.107100
-8.872212
-8.811057
-11.091472
-12.833836
-11.361838
-9.350182
-9.234847
-11.346818
-12.569370
-10.933221
-9.518624
-9.701015
-11.512042
-12.250723
-10.370494
-8.786918
-8.868993
-10.758878
-11.594117
-9.948851
-8.187176
-8.126557
-9.922565
-11.036218
-9.493411
-7.643760
-7.721544
-9.642006
-10.812522
-9.391488
-7.954896
-7.865847
-9.695650
-10.857047
-9.195686
-7.337988
-7.361592
-9.079815
-10.351718
-9.041728
-7.343353
-7.143796
-9.265424
-10.528745
-9.057284
-7.519306
-7.771433
-9.638251
-11.083425
-9.895743
-8.557321
-8.825006
-10.584535
-11.927248
-10.458470
-8.569659
-8.310557
-10.131778
-11.386515
-9.787918
-8.207025
-8.185567
-9.988547
-11.034072
-9.415627
-7.881940
-7.783772
-9.643615
-10.803403
-9.320141
-7.585824
-7.208169
-9.262742
-10.601164
-9.108247
-7.521988
-7.278980
-9.066403
-10.400535
-8.842172
-7.374466
-7.276298
-9.158671
-10.410728
-8.949996
-7.348717
-7.215680
-9.080888
-10.452033
-8.974135
-7.108391
-6.947459
-8.647443
-10.061503
-8.838416
-7.184030
-6.840170
-8.822323
-10.360838
-8.772970
-7.292391
-7.048846
-8.880795
-10.426820
-8.772433
-7.088543
-6.965698
-8.900643
-10.215999
-8.726300
-7.022561
-6.797255
-8.798182
-10.229409
-8.756877
-7.041336
-6.884159
-8.770288
-10.100663
-8.750440
-7.134140
-6.935657
-8.768142
-9.942950
-8.519770
-7.159353
-7.379831
-9.365739
-10.791600
-9.506286
-7.902325
-7.590116
-9.387733
-10.871531
-9.614111
-8.121194
-7.830978
-9.493948
-10.886551
-9.678484
-7.815422
-7.450641
-9.411336
-10.982574
-9.508968
-7.704378
-7.415772
-9.344281
-10.901034
-9.638787
-7.997275
-7.577778
-9.493411
-11.120440
-9.704770
-8.064867
-7.914127
-9.958507
-11.262597
-9.935439
-8.568049
-8.311630
-10.151090
-11.670829
-10.518016
-8.815886
-8.538545
-10.508359
-12.100519
-10.968090
-9.305120
-9.082498
-10.907472
-12.624086
-11.534573
-9.924710
-9.645225
-11.779727
-13.727011
-12.231948
-10.457934
-10.319531
-12.168648
-13.631525
-12.517335
-10.987402
-10.786237
-12.411119
-13.790848
-12.402536
-10.822715
-10.369958
-11.801185
-13.172331
-11.735738
-9.829761
-9.104491
-10.702552
-12.218000
-10.734738
-9.021879
-8.845926
-10.617793
-12.392344
-11.047483
-9.115220
-8.632422
-10.580779
-12.199761
-10.926248
-9.145261
-8.991302
-10.818959
-12.404682
-11.085570
-9.267034
-8.844853
-10.587216
-12.214782
-11.029780
-9.273471
-8.811594
-10.484220
-12.162210
-10.894597
-9.290637
-8.753658
-10.406436
-11.966409
-10.874749
-9.026708
-8.674802
-10.439158
-11.961043
-10.803403
-8.873284
-8.480609
-10.399999
-11.987329
-10.701478
-9.149552
-8.920491
-10.508359
-12.283446
-11.013688
-9.345353
-8.796574
-10.496558
-12.152555
-11.036755
-9.504140
-8.997739
-10.649980
-12.112322
-10.894061
-9.032071
-8.527280
-10.104419
-11.809231
-10.740102
-8.931757
-8.428575
-10.126412
-11.723400
-10.572732
-8.849681
-8.504212
-10.175765
-12.002351
-11.015297
-9.009005
-8.511724
-10.304511
-12.126268
-10.979892
-9.212852
-8.703233
-10.546983
-12.224974
-11.252404
-9.913445
-9.598018
-11.196078
-13.102057
-12.540401
-11.185885
-11.070014
-12.854220
-14.666857
-13.510825
-11.513115
-11.063041
-12.882115
-14.681877
-13.529600
-11.523844
-10.900498
-12.526991
-14.217319
-13.394417
-11.275472
-10.413409
-12.111785
-13.927104
-13.056995
-11.395098
-10.783554
-12.531282
-14.374496
-13.285520
-11.377395
-10.749759
-12.312414
-13.974848
-13.048412
-11.229874
-10.540545
-12.067261
-13.570907
-12.535038
-10.817886
-10.165036
-11.529208
-13.311806
-12.392344
-10.691823
-10.155381
-12.032392
-13.468447
-12.316706
-10.338843
-9.517551
-10.950387
-12.693288
-11.468054
-9.575487
-9.007396
-10.513724
-12.178841
-11.283518
-9.443522
-8.629741
-10.116757
-11.815668
-10.934831
-9.240747
-8.505822
-9.932221
-11.850000
-10.943950
-9.151162
-8.334161
-9.817959
-11.547984
-10.627986
-8.747758
-7.977963
-9.819568
-11.762561
-10.875285
-9.043337
-8.407117
-9.883405
-11.662782
-10.815741
-8.560002
-7.778407
-9.608747
-11.398852
-10.655345
-8.954288
-8.116902
-9.475709
-11.300147
-10.609747
-8.817494
-7.946850
-9.452641
-11.341454
-10.585607
-8.672656
-7.967235
-9.661855
-11.382223
-10.379077
-8.683921
-8.043409
-9.490193
-11.185885
-10.499240
-8.650125
-7.847608
-9.506823
-11.399389
-10.644616
-8.624375
-7.823468
-9.507360
-11.294784
-10.519088
-8.698405
-7.936121
-9.307803
-11.294247
-10.750831
-8.710743
-8.041800
-9.628058
-11.280835
-10.440768
-8.733274
-7.964552
-9.408117
-11.253477
-10.428966
-8.755804
-8.146943
-9.548129
-11.295856
-10.711135
-8.733809
-7.909835
-9.447814
-11.269570
-10.607064
-8.730055
-7.865311
-9.218217
-11.277081
-10.611893
-9.048165
-8.188249
-9.728909
-11.667073
-10.795892
-8.796037
-8.079887
-9.536863
-11.382223
-10.721864
-8.690894
-7.785381
-9.416700
-11.064650
-10.356546
-8.694114
-7.969917
-9.328724
-11.067868
-10.344745
-8.500458
-7.686676
-8.996667
-11.100055
-10.399462
-8.550883
-7.776261
-9.402753
-11.160136
-10.433794
-8.617402
-7.807375
-9.226264
-11.076987
-10.393024
-8.630813
-7.729591
-8.805694
-10.825933
-10.501922
-8.660317
-7.821322
-9.173692
-11.033536
-10.407508
-8.629741
-7.640542
-9.024562
-11.237920
-10.599555
-8.660317
-7.636250
-9.176911
-11.124731
-10.474564
-8.602918
-7.869602
-9.461225
-11.195004
-10.657491
-8.700551
-7.788599
-9.321214
-11.095763
-10.555566
-8.602918
-7.681311
-8.958579
-10.925175
-10.437013
-8.594335
-7.634104
-9.004176
-10.883868
-10.665000
-8.785308
-7.550956
-8.984864
-10.892988
-10.576488
-8.778335
-8.089007
-9.391488
-11.357547
-10.992766
-9.195686
-8.270324
-9.871066
-12.182058
-12.036146
-10.372640
-9.724082
-11.486829
-13.470056
-13.374033
-11.422456
-10.565759
-11.915982
-13.991477
-13.358476
-11.260451
-10.258914
-11.380077
-12.929859
-12.398245
-10.441304
-9.307803
-10.535718
-12.315096
-11.746467
-9.644152
-8.578778
-9.924710
-11.855901
-11.287809
-9.255768
-8.212388
-9.563149
-11.377395
-10.884405
-9.059430
-7.959188
-9.306729
-11.353255
-11.073233
-9.120584
-8.035899
-9.471953
-11.263669
-10.934295
-9.136678
-8.019269
-9.282590
-11.249722
-10.927857
-8.947850
-8.039118
-9.195686
-10.913373
-10.661245
-8.938194
-7.826150
-8.992911
-10.988475
-10.701478
-8.910299
-7.950605
-9.085179
-10.835052
-10.636033
-8.857728
-7.843853
-8.996667
-10.784627
-10.677875
-8.748830
-7.898570
-8.911372
-10.684849
-10.399999
-8.773507
-7.829906
-8.804084
-10.817886
-10.687531
-8.954823
-7.871748
-9.029389
-10.856510
-10.690213
-8.857728
-7.727445
-9.013296
-10.956288
-10.744930
-8.732738
-7.541300
-8.801938
-10.736347
-10.518016
-8.553565
-7.561685
-8.885623
-10.902644
-10.780335
-8.825541
-7.706524
-9.215535
-11.654736
-11.824251
-10.571123
-10.000349
-11.867703
-14.223220
-14.392735
-12.299004
-10.962726
-12.096228
-14.062824
-13.890626
-11.941195
-10.769071
-11.753978
-13.591827
-13.726475
-11.666001
-10.269643
-11.360229
-13.516190
-13.419630
-11.512578
-10.403753
-11.530818
-13.604702
-13.446452
-11.541547
-10.384978
-11.751295
-13.959291
-14.123978
-12.653591
-11.758269
-13.081135
-15.466156
-15.929642
-14.339091
-13.396027
-14.794531
-17.057241
-17.381788
-15.854003
-15.008034
-16.433359
-18.910112
-19.411684
-17.837229
-16.985895
-18.698217
-21.112206
-21.362188
-19.766273
-19.028666
-20.636381
-22.852959
-23.110987
-21.795095
-21.056416
-22.525730
-24.847452
-25.110308
-23.353460
-22.786440
-24.270777
-26.562456
-27.393940
-26.285116
-25.543753
-26.907389
-29.368046
-29.842262
-28.883102
-28.488281
-29.959742
-32.253033
-32.667164
-31.818512
-31.358782
-32.737438
-35.101536
-35.695377
-34.767334
-34.265759
-35.821442
-38.442497
-39.109829
-37.708645
-36.766651
-38.071815
-40.171986
-40.349010
-39.007370
-38.495605
-39.689186
-41.896645
-41.851585
-39.570633
-37.732246
-38.173203
-39.608723
-39.206390
-36.916321
-35.169128
-35.653000
-37.104073
-36.736076
-34.251278
-32.696133
-33.204144
-34.724419
-34.474438
-32.194557
-30.530516
-31.071249
-32.774990
-32.600109
-30.437712
-28.770987
-29.422764
-31.068567
-31.079296
-28.924410
-27.191702
-27.881567
-29.464607
-29.354635
-27.177755
-25.898878
-26.584450
-28.246883
-28.247419
-26.035671
-24.388794
-25.092070
-26.962643
-26.982491
-24.927917
-23.357752
-24.173145
-25.918190
-26.096289
-23.836794
-22.233370
-23.146393
-24.920408
-24.874273
-22.955956
-21.357897
-22.049370
-23.840548
-24.047617
-22.260191
-20.737232
-21.380426
-23.284796
-23.536386
-21.691563
-20.276430
-20.970585
-22.928598
-23.188234
-21.149220
-19.715311
-20.745279
-22.629263
-23.159267
-21.631481
-20.525339
-21.791878
-24.260048
-25.157515
-23.625971
-22.357286
-23.389936
-25.594715
-26.123646
-24.305109
-22.916260
-23.354532
-25.014286
-25.195066
-23.318590
-21.753254
-22.355141
-24.116817
-24.322275
-22.223713
-20.806433
-21.595539
-23.337366
-23.437143
-21.542969
-19.954565
-20.683052
-22.445799
-22.823454
-20.820381
-19.135954
-19.820990
-21.786512
-22.144855
-20.162167
-18.686415
-19.175114
-21.032276
-21.604658
-19.574762
-18.026592
-18.813017
-20.809652
-20.911039
-18.941763
-17.453136
-17.983677
-20.009817
-20.488859
-18.532457
-16.990723
-17.743351
-19.598904
-20.052732
-18.109741
-16.635061
-17.338337
-19.290449
-19.663813
-17.737986
-16.424240
-16.959610
-18.839302
-19.362333
-17.484785
-15.985432
-16.662958
-18.805506
-19.368769
-17.440262
-15.992405
-16.619505
-18.526020
-19.108595
-17.228367
-15.744569
-16.444090
-18.288376
-18.594149
-16.716600
-15.453281
-16.107740
-18.016935
-18.576982
-16.485931
-15.138926
-15.726330
-17.740669
-18.079165
-16.240240
-14.780582
-15.306295
-17.417730
-17.659130
-15.948417
-14.326217
-14.841738
-17.013790
-17.588320
-15.652301
-14.186742
-14.696898
-16.760590
-17.430605
-15.420021
-13.977530
-14.634670
-16.583563
-17.168285
-15.461328
-13.919594
-14.451208
-16.278864
-16.791704
-14.962437
-13.618650
-14.079453
-15.921595
-16.508999
-14.816525
-13.301077
-13.880434
-15.966656
-16.542257
-14.575663
-13.106348
-13.682487
-15.788021
-16.468765
-14.717283
-13.177158
-13.622405
-15.735449
-16.423704
-14.538648
-13.064506
-13.479176
-15.407683
-16.048195
-14.172258
-12.654664
-13.177158
-15.207590
-15.957537
-13.949635
-12.625696
-13.192715
-14.965118
-15.755835
-14.157238
-12.510361
-12.762489
-14.696362
-15.495660
-13.739349
-12.172403
-12.621941
-14.768782
-15.628160
-13.758661
-12.141826
-12.694361
-14.806869
-15.705408
-13.835909
-12.073161
-12.589754
-14.716209
-15.533747
-13.588610
-12.071015
-12.263062
-14.365913
-15.131416
-13.543549
-12.188496
-12.439550
-14.419022
-15.268209
-13.607385
-12.072624
-12.508215
-14.363232
-15.055778
-13.289811
-11.770070
-12.251797
-14.117004
-15.065969
-13.429286
-11.770070
-12.136461
-14.374496
-15.560570
-13.612749
-12.164892
-12.819888
-15.024128
-16.286911
-14.360549
-13.294103
-14.132025
-16.450525
-17.222466
-15.954854
-14.674904
-15.108349
-17.070654
-17.799677
-16.095402
-14.737131
-15.237095
-17.252506
-18.095257
-16.097548
-14.488758
-14.798285
-16.663494
-17.244459
-15.347065
-13.599874
-13.593437
-15.426458
-16.378107
-14.657738
-12.916985
-13.019981
-15.069725
-15.978457
-14.047804
-12.301149
-12.684705
-14.658811
-15.392663
-13.614359
-11.962117
-12.110176
-14.026346
-15.187742
-13.422849
-11.777581
-12.193861
-14.070333
-14.902891
-13.257625
-11.845709
-11.863412
-13.838591
-14.822426
-13.041439
-11.542619
-11.682094
-13.611139
-14.559568
-12.926104
-11.206807
-11.439086
-13.589146
-14.430286
-12.752296
-11.067868
-11.414947
-13.301613
-14.361086
-12.765171
-11.081279
-11.202516
-13.210955
-14.280083
-12.596191
-10.890306
-10.962726
-13.122441
-14.000597
-12.364449
-10.946095
-11.166574
-13.219001
-14.082136
-12.472811
-10.918737
-11.072696
-13.127806
-14.183523
-12.545767
-10.898889
-11.142970
-13.132097
-14.146509
-12.655737
-10.961116
-11.125268
-13.163748
-14.164211
-12.443306
-10.962190
-11.107565
-13.014080
-14.115395
-12.581171
-10.816813
-11.196614
-13.085963
-14.210345
-12.596728
-10.842563
-11.062504
-13.070943
-14.322998
-12.709917
-11.195004
-11.148871
-13.068797
-14.189960
-12.596728
-11.055530
-11.070550
-13.136389
-14.110567
-12.469055
-11.015297
-11.171938
-13.092937
-14.062287
-12.455645
-10.926248
-10.909617
-12.800576
-14.080526
-12.511971
-10.807694
-10.906400
-12.820961
-13.976457
-12.321533
-10.603847
-10.700406
-12.541475
-13.619722
-11.971236
-10.434867
-10.575952
-12.535574
-13.736131
-12.223365
-10.692359
-10.837735
-12.602093
-13.677122
-12.212099
-10.430575
-10.596335
-12.548449
-13.586464
-12.092473
-10.622622
-10.538937
-12.461008
-13.720037
-11.918128
-10.453643
-10.619403
-12.359085
-13.553741
-12.039902
-10.321141
-10.461152
-12.481394
-13.617041
-12.187960
-10.469735
-10.387660
-12.448133
-13.475956
-12.059750
-10.452569
-10.426820
-12.336554
-13.663712
-12.050631
-10.414482
-10.266961
-12.093546
-13.374033
-11.757195
-10.343672
-10.247649
-12.076380
-13.368132
-11.952997
-10.508359
-10.249258
-12.185814
-13.569834
-11.788846
-9.799720
-9.840489
-11.645080
-12.896599
-11.497022
-9.960116
-9.850145
-11.758269
-12.998524
-11.403681
-9.764315
-9.591580
-11.589290
-13.055386
-11.461617
-9.900035
-9.843171
-11.789382
-13.062897
-11.568368
-9.917201
-9.724082
-11.695505
-13.010861
-11.541010
-9.963871
-9.911300
-11.840344
-13.223292
-11.657418
-9.955825
-9.913981
-11.650981
-12.979748
-11.536718
-10.026635
-9.890378
-11.602700
-13.023736
-11.685849
-9.912910
-9.788991
-11.622549
-12.871923
-11.601628
-9.927930
-9.780408
-11.516334
-12.767853
-11.325360
-9.617866
-9.464980
-11.359693
-12.730839
-11.401535
-9.807230
-9.653808
-11.425675
-12.868168
-11.352719
-9.690822
-9.509505
-11.311950
-12.665930
-11.110248
-9.487511
-9.316922
-11.092008
-12.679876
-11.522771
-9.808839
-9.448887
-10.902644
-12.384834
-11.181058
-9.568513
-9.250403
-11.083961
-12.706699
-11.298001
-9.698869
-9.271861
-11.148335
-12.685242
-11.236848
-9.532035
-9.102881
-11.002422
-12.634815
-11.112929
-9.537400
-9.300292
-11.070014
-12.631598
-11.286201
-9.433867
-9.208024
-11.043192
-12.663784
-11.181058
-9.329797
-8.894742
-10.604383
-12.331190
-11.083425
-9.287954
-8.954288
-10.681630
-12.352111
-10.965944
-9.199978
-8.747221
-10.429502
-11.915446
-10.760488
-9.079815
-8.684457
-10.641933
-12.183132
-10.821105
-9.109856
-8.844317
-10.616721
-12.313487
-10.983110
-9.254159
-9.002030
-10.806085
-12.163283
-10.818423
-9.172083
-8.919419
-10.708452
-12.221219
-10.910691
-9.204806
-8.920491
-10.592044
-12.054386
-10.969699
-9.238602
-8.872748
-10.699332
-12.263062
-10.903717
-9.100200
-8.905471
-10.599555
-12.347282
-11.048556
-9.332479
-8.926393
-10.627986
-12.209953
-11.038363
-9.387197
-8.820714
-10.537328
-12.210490
-11.224509
-9.645225
-9.209098
-11.009933
-12.726011
-11.398852
-9.723545
-9.368421
-10.752976
-12.319387
-11.336625
-9.679557
-9.245576
-10.892988
-12.452425
-11.257769
-9.632886
-9.193004
-10.910154
-12.671830
-11.528672
-9.643079
-9.114684
-10.780871
-12.426140
-11.465908
-9.584607
-9.047628
-10.950924
-12.500169
-11.429430
-9.559930
-9.105564
-10.864020
-12.452962
-11.276544
-9.604455
-9.135068
-10.881186
-12.554886
-11.278153
-9.585679
-8.956969
-10.527135
-12.410047
-11.332870
-9.614648
-9.043874
-10.907472
-12.393417
-11.214853
-9.593726
-9.211244
-10.809840
-12.236776
-11.168183
-9.586753
-9.010613
-10.615111
-12.471737
-11.435867
-9.478391
-8.811594
-10.576488
-12.260916
-11.124194
-9.306193
-8.905471
-10.524453
-12.106421
-11.187495
-9.342671
-8.662999
-10.246575
-12.078526
-11.260987
-9.531499
-8.970918
-10.662854
-12.312950
-11.309267
-9.550811
-8.854509
-10.523379
-12.530746
-11.598409
-9.746612
-9.071769
-10.670365
-12.488367
-11.535645
-9.813667
-9.052457
-10.663928
-12.469591
-11.438550
-9.692967
-8.928002
-10.549665
-12.429358
-11.574805
-9.550811
-9.039045
-10.616721
-12.347819
-11.450888
-9.635032
-9.115220
-10.536791
-12.450279
-11.565686
-9.674729
-9.012759
-10.636569
-12.308123
-11.289418
-9.657026
-8.989156
-10.637642
-12.381079
-11.403681
-9.529353
-8.762241
-10.438622
-12.322607
-11.467517
-9.536326
-8.880259
-10.464372
-12.211563
-11.252404
-9.374322
-8.519233
-9.984256
-11.956216
-11.137069
-9.225190
-8.525670
-9.957434
-11.739493
-10.890306
-9.117366
-8.452178
-10.317923
-12.049558
-11.263133
-9.286881
-8.616329
-10.325969
-12.406292
-11.703015
-9.982646
-9.140433
-10.748149
-13.007643
-12.178841
-10.522843
-10.192931
-12.030783
-14.022055
-13.447525
-11.614503
-10.712744
-12.148800
-14.115932
-13.369205
-11.367203
-10.398389
-11.729300
-13.382079
-12.649836
-10.476172
-9.482146
-11.014224
-12.769463
-11.985721
-10.082961
-9.165109
-10.423065
-12.277009
-11.504532
-9.588362
-8.771897
-10.248185
-12.206199
-11.390269
-9.493948
-8.681775
-10.129095
-11.975528
-11.217536
-9.535254
-8.706451
-10.234775
-12.068333
-11.201442
-9.214461
-8.559466
-10.115684
-11.744321
-11.089326
-9.166718
-8.606673
-10.186494
-12.018444
-11.275472
-9.263278
-8.506358
-10.025561
-11.847855
-10.979892
-9.284200
-8.447351
-9.871603
-11.696042
-11.073233
-9.289027
-8.564831
-9.966554
-11.939586
-11.258306
-9.371102
-8.450032
-9.920956
-11.837663
-11.067332
-9.227873
-8.400144
-9.937585
-11.801721
-11.123658
-9.264351
-8.419991
-9.787918
-11.825324
-11.226119
-9.226264
-8.303584
-9.750367
-11.619866
-10.978819
-9.135068
-8.303584
-9.578706
-11.501849
-11.173547
-9.302975
-8.370639
-9.783090
-11.826934
-11.234165
-9.377540
-8.377076
-9.817959
-11.646689
-11.083425
-9.453178
-8.507968
-9.834588
-11.781873
-11.278153
-9.497703
-8.536399
-9.848000
-11.855901
-11.457862
-9.461225
-8.530499
-10.039510
-11.747540
-11.145116
-9.251476
-8.606137
-10.152699
-12.089254
-11.408509
-9.769679
-8.915128
-9.998740
-11.851073
-11.370421
-9.548129
-8.626521
-9.962798
-11.859120
-11.523307
-9.541692
-8.472563
-9.916127
-11.893989
-11.647225
-9.753049
-8.678020
-9.922565
-11.783482
-11.460544
-9.573878
-8.567513
-9.979964
-12.023808
-11.500240
-9.686530
-8.554102
-9.887160
-12.072088
-11.637033
-9.610892
-8.653880
-9.967090
-11.899890
-11.424602
-9.640397
-8.662463
-10.091544
-11.748076
-11.382223
-9.527207
-8.675338
-10.087789
-11.994840
-11.627913
-9.721399
-8.479537
-9.901107
-11.852146
-11.479320
-9.569587
-8.386732
-9.726764
-11.786700
-11.478246
-9.541155
-8.565368
-9.873749
-11.770607
-11.527598
-9.572268
-8.517087
-9.920956
-11.850537
-11.620403
-9.671510
-8.754195
-10.053993
-11.956216
-11.734129
-9.994985
-9.242356
-10.148944
-12.396635
-12.714209
-10.482074
-9.428502
-11.219145
-13.394417
-13.382616
-11.687459
-10.652125
-12.236239
-14.692606
-14.711382
-13.069334
-12.282909
-13.618114
-15.744569
-15.607240
-13.430359
-12.198153
-13.478639
-15.420021
-14.901819
-12.796285
-11.528135
-12.616577
-14.270964
-13.958754
-12.050095
-10.754586
-11.657418
-13.591291
-13.360621
-11.298001
-10.264278
-11.354328
-13.275328
-13.118687
-11.053921
-9.902181
-11.026026
-13.082209
-12.730303
-10.791064
-9.400607
-10.525525
-12.454571
-12.161138
-10.168792
-8.993447
-10.276616
-12.254478
-12.172403
-10.238529
-9.092153
-10.151626
-12.070478
-11.986793
-10.032536
-8.920491
-9.976209
-11.845172
-11.861266
-9.953142
-8.815886
-10.011078
-12.043657
-12.055458
-10.199368
-8.997203
-10.233165
-12.259843
-12.155237
-10.200978
-8.978427
-10.000886
-12.021663
-11.869312
-10.095300
-8.681775
-9.777189
-11.775971
-11.829080
-9.926856
-8.731128
-9.689213
-11.634887
-11.743785
-9.770752
-8.546592
-9.628594
-11.605383
-11.664392
-9.909154
-8.806766
-10.007859
-11.792065
-11.741103
-9.976209
-8.727372
-9.757340
-11.730374
-11.846246
-9.967626
-8.643151
-9.690822
-11.692822
-11.826397
-9.907544
-8.656026
-9.602845
-11.647225
-11.808158
-9.900571
-8.571805
-9.573878
-11.558713
-11.331262
-9.615184
-8.307339
-9.443522
-11.543693
-11.658490
-9.705306
-8.430720
-9.596945
-11.475564
-11.736275
-9.923638
-8.528353
-9.592116
-11.668683
-11.687995
-9.844781
-8.605600
-9.404899
-11.398852
-11.650981
-9.747685
-8.411408
-9.495021
-11.512042
-11.735738
-9.788991
-8.459151
-9.550275
-11.584998
-11.895061
-9.978891
-8.576097
-9.636642
-11.548520
-11.735738
-9.765388
-8.561076
-9.490193
-11.477710
-11.612893
-9.741248
-8.461297
-9.436012
-11.590899
-11.692286
-9.851218
-8.565368
-9.563149
-11.522235
-11.616112
-9.824396
-8.509041
-9.475709
-11.413873
-11.747004
-9.972991
-8.625449
-9.527743
-11.222899
-11.593045
-9.702087
-8.340062
-9.241820
-11.304976
-11.534573
-9.603382
-8.369566
-9.232164
-11.299075
-11.593581
-9.869457
-8.356154
-9.005250
-11.033000
-11.454642
-9.701015
-8.348108
-9.211780
-11.363984
-11.789919
-9.921493
-8.466125
-9.204269
-11.276008
-11.718572
-9.821713
-8.476854
-9.368957
-11.393489
-11.671365
-9.974600
-8.488656
-9.208561
-11.383832
-11.752904
-9.824396
-8.482219
-9.271325
-11.279763
-11.812985
-10.035754
-8.551956
-9.302975
-11.195004
-11.679412
-9.737493
-8.200587
-9.133459
-11.284591
-11.698188
-9.955825
-8.576097
-9.121121
-11.053921
-11.756660
-9.878040
-8.490266
-9.183885
-11.210025
-11.756124
-9.766460
-8.071304
-9.004713
-11.086107
-11.609138
-9.876967
-8.520307
-9.089471
-11.179448
-11.800111
-9.908618
-8.653344
-9.436012
-11.262060
-11.355937
-9.277762
-7.878722
-8.514405
-10.560394
-10.991157
-9.271325
-7.824541
-8.359910
-10.405362
-10.957898
-9.109319
-7.669509
-8.406581
-10.483147
-10.831834
-9.063722
-7.690967
-8.290173
-10.410191
-11.034609
-9.046556
-7.624985
-8.347571
-10.222972
-10.673583
-9.041728
-7.653416
-8.463980
-10.476172
-10.858119
-9.040118
-7.615865
-8.259059
-10.328651
-10.902644
-9.133996
-7.738174
-8.357764
-10.313631
-10.984719
-9.206415
-7.795037
-8.312167
-10.376931
-11.133314
-9.167791
-7.740856
-8.488120
-10.460080
-11.028708
-9.210707
-7.575096
-8.364202
-10.367812
-10.962190
-9.321214
-7.650734
-8.283735
-10.356546
-11.103273
-9.195686
-7.678092
-8.404971
-10.424674
-11.124194
-9.492875
-7.822395
-8.248330
-10.258378
-10.934831
-9.116293
-7.600845
-8.218825
-10.226727
-10.861875
-9.068013
-7.541300
-8.128167
-10.141433
-10.748149
-8.993984
-7.505358
-7.987619
-10.212243
-11.039973
-9.098590
-7.671655
-8.544982
-10.985793
-11.505069
-9.667755
-8.829297
-9.797038
-11.471808
-12.336018
-11.262060
-10.254622
-10.772288
-13.054850
-14.125051
-12.417557
-10.916055
-11.374713
-13.585390
-14.304759
-12.325825
-10.689677
-11.243285
-13.008716
-13.751151
-11.928321
-10.199905
-10.479392
-12.412729
-13.186277
-11.461080
-9.780408
-10.111929
-12.087645
-12.753369
-10.958434
-9.386660
-9.717108
-11.841417
-12.635352
-10.730983
-9.301366
-9.794892
-11.781336
-12.559177
-10.759951
-9.309412
-9.704233
-11.644007
-12.439550
-10.691823
-9.200515
-9.544374
-11.513652
-12.451889
-10.575415
-9.187640
-9.525062
-11.461617
-12.265207
-10.670365
-9.012223
-9.155990
-11.216462
-12.188496
-10.464372
-8.755267
-8.991838
-10.956288
-12.030783
-10.334016
-8.700551
-8.938731
-10.995448
-11.953534
-10.217072
-8.742393
-8.990766
-10.955752
-12.055995
-10.396779
-8.834661
-9.002567
-11.116148
-12.197079
-10.500313
-8.913518
-9.086789
-11.190713
-12.231411
-10.300220
-8.786382
-9.145261
-11.180521
-12.232485
-10.520698
-8.792819
-9.070695
-11.152089
-12.189569
-10.476709
-9.048701
-9.301366
-11.141897
-12.073161
-10.359229
-8.864165
-9.122730
-11.044801
-12.286665
-10.647834
-8.903325
-9.183349
-11.183204
-12.209417
-10.560394
-8.995593
-8.952678
-10.957361
-12.133780
-10.499776
-8.809448
-8.952678
-10.851682
-11.940660
-10.236383
-8.755267
-9.000422
-10.960044
-11.880578
-10.289491
-8.777262
-8.932830
-10.889234
-11.937977
-10.313094
-8.783699
-8.889915
-10.866702
-11.871995
-10.147870
-8.637250
-8.776725
-10.653735
-11.806012
-10.152162
-8.481683
-8.564831
-10.655345
-11.862875
-10.096372
-8.530499
-8.690894
-10.554494
-11.941731
-10.289491
-8.482755
-8.664609
-10.658563
-12.025954
-10.102809
-8.176447
-8.345426
-10.218680
-11.447133
-9.713353
-8.039655
-7.996202
-10.034681
-11.385442
-9.756269
-8.235456
-8.176984
-10.259987
-11.578561
-10.010541
-8.267642
-8.262278
-10.219217
-11.575879
-9.649516
-7.988156
-8.271934
-10.122658
-11.466981
-9.881259
-8.187176
-8.049847
-10.122121
-11.424066
-9.709062
-8.260669
-8.236528
-10.014832
-11.404218
-9.895743
-8.188785
-8.177520
-10.104419
-11.446596
-9.988011
-8.197905
-8.408190
-10.393024
-11.723400
-9.985866
-8.330942
-8.227945
-10.162354
-11.483074
-9.805621
-8.148552
-8.099199
-10.000886
-11.325360
-9.968163
-8.205951
-7.949532
-9.969771
-11.308194
-9.911300
-8.190930
-7.990302
-9.933293
-11.377932
-9.779335
-8.157135
-8.209170
-9.932757
-11.398852
-9.794892
-8.056821
-7.904471
-9.797574
-11.176229
-9.790601
-8.058967
-7.816494
-9.785235
-11.293174
-9.679021
-7.933439
-7.853509
-9.768606
-11.140288
-9.676875
-8.148015
-7.940413
-9.745540
-11.247040
-9.707452
-7.991911
-7.894815
-9.650052
-11.176229
-9.690822
-8.004786
-7.955433
-9.913981
-11.164428
-9.763778
-8.104028
-7.786990
-9.727837
-11.229337
-9.749294
-8.054138
-7.929684
-9.672047
-11.005641
-9.661855
-8.104564
-7.989765
-9.748221
-11.122585
-9.790601
-8.095445
-7.869602
-9.818496
-11.067868
-9.676875
-8.120657
-7.788063
-9.652735
-11.112929
-9.919883
-8.349181
-8.009614
-9.869457
-11.523844
-10.210634
-8.382441
-8.174838
-9.986938
-11.473418
-10.126412
-8.295001
-8.075596
-9.864629
-11.399389
-10.054530
-8.268715
-8.001567
-9.699942
-11.237920
-9.962798
-8.329333
-7.967771
-9.750367
-11.268497
-9.740174
-8.216144
-7.808984
-9.652735
-11.216999
-10.138215
-8.628131
-8.234920
-9.422065
-10.908009
-9.683312
-8.245648
-7.783235
-9.446741
-11.002959
-9.753586
-7.891060
-7.523061
-9.375931
-11.052848
-9.636106
-8.030535
-7.674337
-9.412409
-10.954143
-9.699405
-7.986010
-7.597090
-9.373248
-10.781945
-9.490729
-7.977963
-7.746757
-9.317458
-10.924102
-9.640397
-7.773043
-7.357837
-9.203197
-10.799111
-9.509505
-8.001567
-7.435621
-9.198369
-11.028708
-9.752513
-7.768215
-7.419528
-9.503604
-11.006714
-9.719790
-8.086325
-7.697404
-9.383441
-11.132241
-9.974063
-8.086325
-7.575632
-9.440841
-11.109174
-9.966554
-8.119584
-7.585288
-9.417773
-11.197687
-9.903253
-8.114757
-7.691504
-9.514333
-11.067868
-10.038973
-8.248866
-7.717789
-9.522916
-11.191787
-9.915591
-8.174838
-7.737101
-9.341599
-11.073770
-9.790601
-7.961334
-7.635714
-9.367885
-11.200370
-10.080815
-8.228482
-7.740856
-9.394706
-10.985793
-9.871066
-8.123876
-7.512868
-9.291709
-10.997594
-9.739102
-8.095981
-7.698477
-9.408117
-11.023880
-10.150553
-8.354546
-7.811666
-9.348573
-10.953607
-9.930076
-8.113147
-7.620693
-9.203197
-11.110248
-10.097981
-8.316995
-7.718862
-9.114684
-10.927857
-9.944559
-8.213462
-7.609428
-9.272397
-11.071624
-10.022880
-8.111537
-7.538081
-9.592116
-11.263669
-10.494948
-8.573414
-7.994057
-9.722472
-11.591971
-10.850073
-9.240747
-8.818031
-10.226727
-12.315633
-11.566222
-10.162354
-10.099054
-11.782409
-13.622405
-12.611212
-10.875285
-10.409654
-11.934222
-13.573052
-12.571516
-10.569514
-9.851218
-11.343599
-13.147654
-12.061359
-9.962798
-9.330870
-10.794820
-12.657883
-11.873067
-9.922029
-9.049237
-10.397316
-12.111248
-10.927320
-9.000958
-8.351327
-9.843171
-11.641324
-10.678411
-8.645833
-7.976354
-9.729445
-11.558713
-10.694505
-8.765996
-8.114220
-9.576024
-11.164964
-10.414482
-8.578778
-7.832051
-9.346963
-11.156381
-10.362447
-8.606137
-7.784308
-9.322287
-11.083425
-10.114075
-8.311093
-7.569195
-9.184958
-10.828078
-10.073842
-8.320213
-7.479073
-9.167254
-11.198760
-10.381223
-8.392632
-7.729591
-9.224654
-10.961116
-10.313631
-8.416236
-7.519306
-9.071232
-11.005641
-10.220826
-8.347035
-7.567049
-9.153308
-11.119367
-10.342599
-8.581997
-7.927001
-9.530963
-11.474491
-10.698796
-8.695186
-7.758022
-9.373785
-11.332870
-10.735274
-8.769752
-8.004786
-9.345890
-11.325360
-10.735274
-8.845389
-7.954360
-9.422065
-11.299611
-10.496021
-8.610429
-7.939876
-9.495557
-11.328042
-10.654271
-8.921028
-7.973672
-9.370566
-11.169792
-10.654271
-8.665145
-7.708133
-9.230019
-11.271180
-10.623694
-8.521915
-7.712425
-9.300292
-11.144043
-10.469199
-8.621158
-7.686676
-9.101810
-11.193396
-10.390879
-8.409263
-7.510186
-9.040118
-11.036218
-10.474564
-8.520843
-7.611574
-9.211244
-10.878505
-10.335626
-8.446814
-7.656098
-9.058894
-10.882259
-10.570586
-8.671046
-7.704378
-9.082498
-11.064650
-10.404826
-8.594335
-7.658781
-9.146334
-11.125268
-10.542691
-8.630277
-7.636250
-9.144188
-10.979356
-10.542691
-8.544446
-7.466734
-8.899034
-10.806085
-10.413409
-8.468808
-7.624985
-9.048165
-10.971845
-10.556103
-8.499385
-7.683993
-9.061576
-10.965407
-10.557712
-8.757413
-7.795573
-8.947314
-10.802866
-10.551811
-8.643687
-7.651270
-8.968772
-10.898353
-10.521770
-8.669973
-7.682384
-9.014369
-10.960580
-10.543765
-8.743466
-7.709206
-8.806766
-10.769607
-10.317386
-8.531035
-7.460834
-8.908690
-11.094153
-10.593118
-8.688212
-7.658781
-8.893133
-10.855437
-10.567904
-8.468271
-7.483901
-9.047628
-11.129560
-10.905863
-8.985938
-7.915736
-8.985938
-11.236311
-11.263669
-9.200515
-8.141042
-9.512723
-11.372031
-10.921420
-9.145261
-7.977963
-9.183349
-11.156381
-11.098445
-9.137751
-7.920028
-9.286345
-11.309267
-11.222899
-9.131313
-7.967235
-9.253085
-11.140824
-10.984183
-8.968772
-7.978500
-9.329261
-11.303367
-10.945560
-8.881867
-7.746757
-9.149016
-11.411191
-10.977746
-9.007396
-8.030535
-9.433867
-11.370957
-11.112929
-9.243966
-8.149089
-9.474636
-11.362374
