-118.349266
-118.602470
-118.252174
-118.292946
-117.704468
-117.256004
-117.323059
-117.123497
-117.047859
-116.753357
-116.169167
-115.984100
-115.600006
-115.467506
-115.417618
-114.920334
-114.371552
-114.227249
-114.153221
-113.495544
-113.113594
-112.710732
-112.573936
-112.472549
-111.999405
-112.234909
-112.183945
-111.582054
-111.600296
-111.510712
-111.321884
-111.036491
-111.141098
-111.167923
-110.715164
-110.825676
-110.614853
-110.538673
-110.580521
-110.304787
-110.401886
-110.262947
-110.395447
-110.523117
-110.408859
-110.344482
-110.134201
-110.278503
-110.223251
-109.650330
-109.817162
-109.779610
-109.868126
-109.993652
-109.823601
-109.747421
-109.841301
-109.613853
-109.713631
-109.657303
-109.701294
-109.502274
-109.575760
-109.936790
-109.789268
-109.553230
-108.883751
-109.100479
-109.535530
-109.436287
-109.164314
-109.301643
-109.363335
-109.578445
-109.383179
-109.575760
-109.221710
-109.397125
-109.585953
-109.486176
-109.559669
-109.269989
-109.414833
-109.983459
-109.461502
-109.488327
-109.083313
-109.063461
-109.572006
-109.819305
-110.093430
-110.203400
-110.231293
-110.323563
-110.163170
-109.551620
-109.454529
-109.798920
-109.850960
-109.803749
-109.878319
-109.854713
-110.144928
-109.656227
-109.431999
-109.161095
-109.078484
-109.398735
-109.539284
-109.342415
-109.732941
-109.551620
-109.767807
-110.159409
-109.080627
-108.761444
-108.542580
-108.631622
-109.065605
-109.051125
-109.009819
-109.010353
-109.416443
-109.710945
-109.090820
-108.331223
-108.184769
-106.961143
-107.301254
-107.660667
-107.766342
-108.025986
-108.275963
-108.556526
-108.407394
-108.584953
-108.533455
-108.882683
-108.441193
-107.931572
-107.744354
-108.318344
-108.576370
-109.193817
-108.928276
-109.067757
-108.658447
-109.189529
-109.018936
-108.678299
-108.821526
-108.549553
-108.613388
-108.498589
-108.545792
-108.852638
-108.619827
-108.577980
-108.781296
-108.399345
-108.553841
-109.038246
-109.795166
-108.506638
-110.367012
-107.852173
-107.473984
-110.210373
-107.486320
-109.818237
-109.521049
-107.062531
-106.578125
-104.564857
-107.814087
-107.190742
-105.324463
-104.926422
-104.582565
-104.170036
-104.347603
-104.180229
-104.258018
-104.328293
-104.236557
-104.075623
-104.048805
-103.948486
-104.053093
-103.982285
-104.100304
-103.751617
-104.054169
-104.075089
-103.798286
-103.930786
-103.870705
-103.904503
-103.721573
-103.536499
-103.667931
-103.488220
-103.543472
-103.572441
-103.645935
-103.555817
-103.358406
-103.534355
-103.679199
-103.565468
-103.759659
-103.630913
-103.675980
-103.775757
-103.539185
-104.009109
-104.111565
-103.989792
-103.890015
-103.967804
-103.928642
-103.807404
-103.945808
-104.353500
-104.199547
-104.370667
-104.398026
-104.864731
-105.135101
-104.710770
-104.673759
-104.350822
-104.421097
-104.720428
-104.843277
-105.101303
-104.771393
-104.834694
-105.027275
-105.037468
-104.644257
-104.417877
-104.601875
-104.670006
-104.426994
-104.225830
-103.940979
-104.229584
-104.479568
-103.945808
-104.035393
-104.154480
-104.094940
-104.479027
-104.027885
-103.647545
-103.864807
-103.966194
-103.968338
-104.210274
-104.421097
-104.027344
-104.098160
-104.128731
-104.112106
-104.212418
-104.043442
-104.299858
-104.490295
-104.024666
-104.014473
-104.162529
-104.060608
-104.396416
-104.612068
-104.496735
-104.504242
-104.287521
-104.225830
-104.092789
-104.218323
-104.546623
-104.860443
-104.776756
-104.821815
-104.715599
-104.509071
-104.533745
-104.509071
-104.230659
-104.269279
-103.996765
-104.269279
-104.519798
-104.650154
-104.674294
-104.856682
-104.939835
-104.858292
-104.428604
-104.739738
-104.567009
-104.581490
-105.139389
-105.089500
-104.876534
-104.588463
-104.584175
-104.341164
-103.893234
-103.990334
-103.960831
-104.305222
-104.402855
-103.968872
-103.893234
-103.948486
-104.213493
-104.349747
-104.099228
-103.795601
-103.865341
-104.007500
-104.328293
-104.215637
-103.930252
-103.781120
-104.172188
-104.129272
-103.894310
-104.120148
-104.241920
-104.341698
-104.629768
-104.564857
-104.892624
-104.723114
-104.882973
-104.916763
-104.679123
-104.845421
-104.624405
-104.545547
-104.840591
-104.543938
-104.417343
-104.352966
-104.731697
-104.844345
-104.698975
-104.722038
-104.504776
-104.753151
-104.977386
-104.684486
-105.014397
-104.673759
-104.992943
-105.415657
-105.256332
-105.318024
-105.662422
-105.900604
-106.469765
-106.490685
-106.063141
-105.813164
-105.796532
-105.709625
-105.539040
-105.442482
-105.344315
-105.566933
-106.026131
-105.841057
-105.652763
-105.554596
-105.982140
-106.130737
-106.073334
-106.321709
-106.181694
-106.123764
-106.451523
-106.547012
-106.752472
-106.643570
-106.428993
-106.026131
-106.007355
-105.558884
-105.277252
-105.440331
-105.641502
-105.650085
-105.638817
-105.514900
-105.674225
-105.715530
-104.911942
-104.777290
-104.874924
-104.833618
-105.027275
-105.022980
-105.121689
-105.393127
-105.615753
-105.915619
-105.471985
-105.263306
-105.211273
-105.333580
-105.271355
-105.092186
-105.120079
-105.009033
-105.088425
-105.317490
-105.193573
-105.165138
-104.896385
-104.820740
-104.784264
-104.541260
-104.600266
-104.631378
-104.843277
-105.070724
-104.909790
-105.215027
-104.819672
-104.387299
-104.505318
-104.370667
-104.164139
-104.165749
-104.430214
-104.435043
-104.308441
-104.608315
-104.384613
-104.117470
-104.165749
-104.129272
-104.223145
-104.263916
-104.380859
-104.387833
-104.406075
-104.663033
-104.850784
-104.757446
-104.296104
-104.384613
-104.631378
-104.315414
-104.173798
-104.389984
-104.567009
-104.548233
-104.474205
-104.666245
-104.709167
-104.373886
-104.445236
-104.671616
-104.584175
-104.402855
-104.570229
-104.829330
-104.789627
-104.890480
-105.091644
-104.981140
-104.716675
-104.527847
-104.748863
-104.775146
-104.584175
-104.627090
-104.361549
-104.520340
-104.470444
-104.384079
-104.605629
-104.652298
-104.799286
-105.240776
-104.837906
-104.557884
-104.384079
-104.529991
-104.769241
-104.808945
-104.707558
-104.611534
-104.575050
-104.885651
-105.068047
-104.801971
-104.613678
-104.329361
-104.487610
-104.560036
-104.471519
-104.486542
-104.330971
-104.604019
-104.663567
-104.433968
-104.599190
-104.572906
-104.364235
-104.062752
-104.594902
-104.379250
-104.396957
-104.550911
-104.371742
-104.187744
-104.102982
-104.014473
-104.204369
-103.859436
-103.833694
-103.887871
-104.392662
-104.354576
-104.187202
-104.502098
-104.199005
-104.216713
-104.304688
-104.231194
-104.287521
-104.265526
-104.482788
-104.589539
-104.372276
-104.208130
-103.988724
-104.127121
-104.206520
-104.229050
-104.218323
-103.987114
-104.378181
-104.376572
-104.399101
-103.945267
-103.439941
-103.714600
-104.093330
-103.747864
-103.703873
-103.833153
-104.129807
-104.171646
-103.617508
-103.656662
-103.446381
-103.326218
-103.286522
-103.456573
-103.663635
-103.572983
-103.472664
-103.825645
-103.590149
-103.463013
-103.424385
-103.856224
-103.846031
-103.579414
-103.377716
-103.226974
-103.394348
-103.519333
-103.283302
-103.388977
-102.971092
-103.338554
-103.752686
-103.552597
-103.621262
-103.647011
-103.771461
-103.883041
-103.873390
-104.021980
-103.983360
-104.173798
-104.340088
-104.184525
-103.941513
-104.140533
-104.331512
-104.340630
-104.236557
-104.315414
-104.319168
-104.148048
-104.012329
-104.015541
-104.199547
-104.227974
-104.740280
-104.869560
-104.466156
-104.606171
-104.433434
-104.660347
-104.744568
-104.553596
-104.442017
-104.509071
-104.969872
-104.787483
-104.719894
-104.743500
-104.323997
-104.655518
-104.731697
-104.687706
-104.672150
-104.904427
-105.073410
-104.974701
-104.543938
-104.269821
-104.394272
-104.379791
-104.558960
-104.380325
-104.280014
-104.314346
-104.767639
-104.503708
-104.224754
-104.041290
-103.896988
-104.203835
-104.474205
-104.683952
-105.982140
-107.004601
-107.380104
-106.247681
-105.478424
-105.169968
-104.940903
-105.326073
-105.040146
-104.618507
-104.778366
-104.855072
-104.783195
-105.008499
-104.645866
-104.809479
-104.644791
-104.752075
-104.958611
-104.767639
-104.938225
-104.827179
-104.849174
-105.053558
-104.682343
-104.693069
-104.651764
-104.933929
-105.273499
-104.899597
-104.696289
-104.612068
-104.663033
-104.769783
-104.738129
-104.566467
-104.665710
-104.810555
-104.614746
-104.653908
-104.567009
-104.625481
-104.748863
-104.841667
-104.686630
-105.313736
-106.656982
-107.613998
-106.975098
-105.809944
-105.461792
-105.159241
-105.211807
-105.323387
-105.424240
-105.300323
-104.886192
-104.603485
-104.641037
-104.417877
-104.338486
-104.448456
-104.577202
-104.693604
-104.306831
-104.715599
-104.787483
-104.876534
-104.911400
-104.940903
-105.026733
-105.072334
-105.092186
-105.102913
-104.886192
-104.797142
-104.679657
-104.862053
-105.065895
-104.966118
-105.135101
-105.088425
-105.063751
-105.902206
-107.100082
-107.704117
-107.126907
-106.470840
-106.270744
-105.927963
-105.704262
-105.404930
-105.523483
-105.591614
-105.358795
-105.402786
-105.160309
-105.390984
-105.569618
-105.057854
-105.425316
-105.219322
-104.727936
-104.822891
-104.708092
-104.848640
-105.084671
-105.351822
-105.256332
-105.040146
-104.993477
-104.695755
-104.827179
-104.899597
-104.882973
-104.992943
-104.837906
-105.193031
-105.256332
-105.035858
-105.203766
-105.578201
-106.699364
-107.369377
-107.649399
-106.759445
-105.924202
-106.011642
-105.953171
-105.609848
-105.631844
-105.525093
-105.614143
-105.474663
-105.337875
-105.336266
-105.541718
-105.658127
-105.671539
-105.561569
-105.503098
-105.345917
-105.230049
-105.158165
-105.136711
-105.230583
-105.102379
-105.302467
-105.157631
-105.133492
-105.453209
-105.036926
-105.053558
-105.333046
-105.021912
-105.040688
-104.967194
-104.823425
-104.395348
-104.711845
-106.055634
-106.270210
-106.452065
-106.992798
-107.107597
-107.449844
-107.547478
-108.132202
-108.374130
-108.243240
-108.428314
-108.334435
-108.887512
-108.842445
-108.385399
-108.340340
-108.388618
-108.577980
-108.881073
-108.735161
-108.630554
-108.519508
-108.753395
-108.642357
-108.541504
-108.579056
-108.377892
-108.728188
-108.668106
-108.332291
-108.292061
-108.460503
-108.562958
-108.534531
-108.508247
-109.374596
-110.803146
-111.148071
-109.816086
-109.398735
-109.421806
-109.099937
-109.036102
-109.071510
-108.965294
-109.019470
-109.024841
-109.169678
-109.003380
-108.741600
-108.535065
-108.537750
-108.482498
-108.417053
-108.328537
-108.470695
-108.219101
-108.314590
-108.260948
-108.172432
-108.333900
-108.440651
-108.211594
-108.100014
-108.150436
-108.257187
-108.182091
-108.220177
-108.382179
-108.282402
-108.193352
-108.353752
-108.276505
-108.280258
-108.191742
-108.368767
-108.197647
-108.555450
-108.505562
-108.027054
-107.887581
-107.729866
-108.062996
-108.045296
-107.916550
-108.102692
-107.949806
-108.027054
-108.309227
-109.473839
-110.682442
-110.726433
-109.866516
-109.522118
-109.101013
-108.908966
-108.858543
-108.724434
-108.521118
-108.569939
-109.273209
-109.627800
-109.825211
-109.833252
-109.333290
-109.166992
-109.136421
-109.047371
-108.886436
-108.463722
-108.599976
-108.651474
-108.831718
-108.845665
-108.635384
-108.581200
-108.403641
-108.589249
-108.671860
-108.492149
-108.219635
-108.125229
-108.552231
-108.523262
-108.651474
-109.971123
-111.393227
-111.381966
-110.090744
-109.461502
-109.548409
-109.066147
-109.165382
-109.148216
-109.067757
-109.075798
-109.067215
-108.937935
-108.963150
-108.706192
-108.888046
-108.500732
-108.697609
-108.716385
-108.712631
-108.713165
-108.800072
-108.812943
-108.359116
-108.386475
-108.026520
-107.505096
-107.675148
-107.946053
-107.881683
-108.146149
-108.068359
-108.179939
-108.642357
-109.977562
-111.433464
-111.792877
-110.578377
-109.884216
-109.314514
-109.200256
-108.976021
-109.207230
-109.053802
-109.085991
-108.996407
-108.871948
-108.608559
-108.743210
-108.724434
-108.767349
-108.586029
-108.886436
-108.775391
-108.474983
-108.512535
-108.495903
-108.472305
-108.270599
-108.260406
-108.234123
-108.030807
-108.200867
-108.230904
-108.497513
-108.976555
-110.386864
-110.980705
-110.475380
-109.253899
-108.815086
-108.630020
-108.826355
-108.959389
-108.783974
-108.277573
-108.007744
-108.158485
-108.639137
-108.538818
-108.666496
-108.649330
-107.979851
-108.030273
-107.998627
-107.733620
-107.938545
-108.170288
-108.073189
-108.099472
-108.188522
-108.239487
-108.293129
-107.817841
-107.706802
-107.887047
-108.304398
-109.743134
-111.092285
-110.624504
-109.458817
-109.325249
-109.097260
-108.781830
-108.822060
-108.329071
-107.854858
-107.857544
-107.783508
-108.117180
-108.174042
-107.953026
-108.047440
-108.019012
-107.857002
-107.779221
-107.726646
-108.067291
-107.980919
-107.890800
-107.940689
-108.376816
-109.581131
-109.879929
-109.331680
-108.831184
-108.544724
-108.337654
-108.230370
-108.182091
-108.265770
-108.053345
-108.124153
-108.373062
-107.877388
-107.668716
-107.457893
-107.735229
-107.778145
-108.222855
-109.981850
-111.277893
-111.383575
-109.771568
-108.944374
-108.515221
-108.375206
-108.503952
-108.237343
-108.087135
-107.648331
-107.449310
-107.828575
-107.956779
-107.912796
-107.855392
-107.919235
-108.746964
-109.154655
-109.062386
-108.674004
-108.428314
-108.284012
-108.134346
-108.102158
-107.918694
-107.858078
-107.901527
-108.001846
-107.913864
-107.907433
-107.961609
-108.153122
-108.089821
-108.536674
-109.629410
-108.884827
-108.810799
-108.567787
-107.988434
-107.986824
-107.902603
-107.815697
-107.985748
-108.009888
-107.886505
-107.815163
-107.678368
-107.896698
-108.557594
-109.280724
-108.995331
-108.293129
-108.067291
-107.779221
-107.566788
-107.514221
-107.998627
-108.218033
-108.108063
-108.005600
-107.718063
-108.098404
-107.922447
-107.386009
-107.669785
-109.126228
-110.414223
-110.356285
-109.194351
-108.805969
-108.415443
-108.423485
-108.235733
-108.012573
-108.076408
-108.091431
-108.201935
-107.984138
-107.723969
-108.344093
-109.106911
-109.427704
-108.993721
-108.497513
-108.260948
-107.990578
-108.056023
-108.003990
-107.902069
-107.896164
-107.530846
-107.699287
-107.973412
-108.084991
-107.701439
-107.286232
-107.470230
-107.382790
-108.251289
-110.038712
-110.680298
-109.775322
-108.866585
-108.398277
-107.991653
-107.797997
-108.081238
-108.079094
-107.884361
-108.040466
-108.175117
-108.964218
-109.374596
-108.752327
-108.769493
-108.163849
-108.156876
-108.355896
-108.319954
-107.778687
-107.393517
-107.829643
-107.964828
-107.941223
-107.861298
-107.783508
-108.284012
-108.251823
-108.331757
-107.967514
-107.913864
-108.246994
-108.149902
-108.117714
-108.091431
-107.586639
-107.963753
-108.128441
-107.759911
-107.761520
-107.803360
-107.792633
-108.097870
-108.001305
-108.019012
-107.813553
-108.187454
-107.871490
-107.940155
-108.062996
-107.949272
-108.138100
-108.336586
-108.005600
-107.910110
-107.943909
-108.335510
-108.149902
-107.757225
-107.760979
-107.837692
-108.010963
-107.780296
-108.027054
-108.177261
-107.734161
-107.882217
-108.161163
-108.025444
-107.770638
-107.537285
-107.876854
-107.833405
-107.635452
-107.485786
-107.309830
-107.435898
-107.295883
-106.963295
-107.009964
-107.271210
-107.705193
-107.374741
-107.029274
-107.004601
-106.998161
-107.137634
-107.204689
-107.147827
-107.035713
-106.933784
-107.254044
-107.172501
-106.967583
-107.023376
-107.057167
-107.097404
-107.316269
-107.421951
-107.130127
-106.727791
-106.943443
-107.427315
-107.657982
-107.878998
-107.501343
-108.000771
-108.171356
-108.014717
-107.785660
-107.439651
-107.804436
-108.086067
-107.687485
-107.854858
-107.749176
-108.059776
-107.881683
-107.804436
-107.644577
-107.194496
-107.343094
-107.321632
-107.269600
-107.086670
-106.861908
-107.042686
-106.740669
-106.947739
-106.547012
-106.413979
-106.364090
-106.292206
-106.388763
-106.507851
-106.408615
-106.656448
-106.647865
-106.616211
-106.261093
-105.802971
-106.205299
-106.616753
-106.261627
-106.171501
-106.594223
-106.946129
-106.664497
-106.338341
-106.510002
-106.342628
-106.474060
-106.391983
-106.550232
-106.487465
-106.066895
-106.209595
-106.496048
-106.395203
-106.025055
-105.979996
-106.193497
-106.344238
-106.774467
-107.108131
-107.067902
-108.044762
-108.419197
-108.576370
-108.742668
-108.992111
-109.413223
-109.383720
-109.443260
-109.888512
-109.826820
-109.236198
-108.952415
-109.244240
-109.658379
-108.962608
-108.788269
-108.818848
-108.987289
-109.008209
-108.675079
-108.679909
-108.761444
-108.786118
-108.784515
-108.680443
-108.680977
-108.492149
-107.865051
-108.338196
-108.508781
-108.650398
-108.372528
-108.215881
-108.614998
-108.256119
-108.834938
-108.713699
-108.805435
-109.154655
-108.869270
-108.714775
-108.811333
-108.385933
-108.463722
-108.502884
-108.839226
-108.882683
-109.070435
-108.679909
-108.424026
-109.410004
-109.134811
-108.472839
-108.550621
-108.633232
-108.580124
-108.200325
-108.080162
-108.360725
-108.630554
-108.547943
-108.220711
-108.572617
-108.808113
-108.313515
-108.950272
-108.936325
-108.494835
-108.253967
-108.310837
-108.295280
-108.029205
-108.057632
-108.566177
-109.042542
-109.202934
-108.765739
-108.471764
-108.490005
-108.480347
-108.731941
-108.687950
-108.367699
-108.225006
-108.326393
-108.793633
-109.091354
-108.818848
-108.769493
-108.319420
-108.393448
-108.377892
-108.297424
-108.340340
-107.990578
-108.149368
-108.189064
-107.885971
-107.732010
-107.659058
-107.759911
-107.547478
-107.401031
-107.594681
-107.667107
-107.459503
-107.625801
-107.452530
-107.155876
-107.196106
-107.965363
-107.595222
-106.555061
-105.969269
-105.387764
-105.107742
-105.333580
-105.036392
-104.639427
-104.087967
-104.114784
-104.021446
-103.688316
-103.584778
-103.135246
-103.471054
-103.456039
-103.348747
-103.462471
-103.287590
-103.129341
-103.105202
-103.008110
-103.196396
-103.115395
-103.403465
-103.199081
-103.149727
-103.318710
-103.647545
-103.590149
-103.350891
-103.368057
-103.453354
-103.732300
-103.673828
-103.741425
-103.825645
-103.899139
-103.813843
-103.937759
-104.064896
-103.806335
-103.666321
-103.557961
-103.759125
-103.839058
-103.630379
-103.541328
-103.653442
-103.761810
-104.075623
-104.314346
-104.364235
-104.318100
-104.075623
-103.937759
-104.096008
-104.302002
-104.360474
-104.733307
-104.910332
-105.057312
-104.720963
-104.404465
-104.553062
-104.824501
-104.970413
-105.154411
-105.092186
-104.880287
-104.717209
-104.879219
-104.775681
-104.633522
-104.956467
-105.106133
-104.915161
-105.027809
-104.883507
-105.090034
-104.998840
-104.832542
-105.083061
-104.899063
-104.675369
-104.720428
-104.440407
-104.789627
-105.697823
-106.119469
-106.725647
-106.803970
-106.569008
-106.763733
-107.245995
-107.814087
-108.359116
-107.874710
-107.824280
-108.056564
-108.411682
-107.915474
-107.937469
-107.713242
-107.730408
-107.756149
-107.336121
-107.457352
-107.902603
-107.841446
-107.581276
-107.540504
-107.310905
-107.520119
-108.127373
-108.176727
-107.564110
-107.704651
-107.825890
-107.858612
-108.394516
-108.142929
-107.439651
-107.368309
-107.529778
-107.635452
-107.739525
-107.590393
-107.448769
-107.555527
-107.298569
-107.159630
-107.299103
-107.358650
-107.373672
-107.387085
-107.771713
-107.299103
-106.899994
-107.225075
-107.377426
-107.262093
-107.315201
-107.015327
-107.043762
-107.039467
-106.947197
-107.066292
-107.066292
-107.486320
-107.398880
-107.167137
-107.200935
-107.082382
-107.319489
-107.113495
-106.851173
-107.033028
-107.216492
-107.190208
-107.267990
-106.674683
-106.674683
-106.778755
-106.913406
-106.586174
-106.629623
-106.448311
-106.682732
-106.571686
-106.728867
-106.816307
-106.802361
-106.445625
-106.538963
-107.001915
-106.696678
-106.549698
-106.514290
-106.713310
-106.525017
-106.841522
-107.206833
-107.464325
-107.462181
-107.455750
-107.461647
-107.255653
-107.619362
-107.754005
-107.085602
-107.252434
-107.233124
-107.320564
-107.487396
-107.642426
-107.127983
-107.273354
-107.404785
-107.497589
-107.450378
-106.943443
-107.205231
-107.624725
-107.056633
-106.844200
-106.906967
-106.611923
-106.566322
-107.015862
-106.763733
-106.080849
-105.945663
-105.697289
-105.412437
-105.296028
-105.056778
-104.700577
-104.179161
-103.962975
-103.692604
-103.525772
-103.513435
-102.965729
-102.906723
-103.309586
-103.703873
-103.562790
-103.341240
-102.611679
-102.666931
-102.967873
-103.068726
-103.209808
-103.182983
-103.084282
-103.142220
-102.978065
-103.298325
-103.351433
-103.935616
-104.009109
-103.501633
-103.847641
-103.865875
-104.262848
-104.731697
-103.832085
-103.697433
-104.251045
-104.460793
-105.105057
-105.578735
-105.702652
-104.778900
-103.882507
-103.326218
-103.062820
-102.939980
-102.863266
-102.716820
-102.810158
-102.306442
-102.052170
-102.255478
-102.207199
-102.164818
-102.355255
-102.503853
-102.513504
-102.606308
-102.271034
-102.099373
-101.915375
-101.857437
-102.350967
-102.013008
-101.971703
-101.804329
-101.585464
-101.784485
-102.021057
-101.514656
-101.868706
-102.132637
-101.856369
-101.510895
-101.691681
-101.742104
-101.640717
-101.633743
-101.692749
-101.554352
-101.850464
-101.719574
-101.771606
-101.514114
-101.360161
-101.125198
-101.068871
-101.435799
-101.747467
-101.589752
-101.698112
-102.202911
-101.624626
-101.416481
-101.910011
-101.907326
-102.084892
-101.928253
-102.137459
-102.274788
-101.906258
-102.152481
-102.396561
-102.265137
-102.332191
-102.365982
-102.820351
-102.464157
-102.400314
-102.406219
-102.558571
-102.531212
-102.512436
-102.675514
-103.387909
-103.172256
-102.980751
-102.735596
-103.019371
-103.642181
-103.032249
-103.894844
-104.916763
-104.687172
-104.382469
-104.885651
-105.467690
-106.196182
-107.046974
-107.310371
-107.636528
-107.747032
-108.497513
-108.847275
-108.213203
-109.111206
-109.142319
-108.877319
-109.074188
-109.494225
-108.705116
-108.356964
-108.646645
-108.959930
-108.579056
-108.531311
-108.031883
-107.604874
-106.960609
-106.863510
-107.058243
-107.390839
-106.750328
-106.511070
-106.314194
-106.532532
-106.719749
-106.462791
-106.256264
-106.350677
-105.930641
-105.898453
-105.746643
-105.934395
-105.965508
-106.291664
-106.064751
-106.389297
-105.614677
-105.371132
-105.871635
-106.123764
-105.637207
-105.774002
-105.962830
-105.808334
-105.733231
-105.862511
-105.918839
-106.030960
-105.918304
-105.614677
-106.350677
-105.670471
-105.805649
-106.507317
-105.843735
-105.510071
-105.652229
-105.235947
-105.292274
-105.482712
-105.299248
-104.849709
-105.037468
-105.691925
-105.227905
-104.869560
-104.705948
-104.517654
-104.629234
-104.823959
-104.556274
-104.657669
-104.836838
-104.253189
-104.779976
-104.554131
-104.444695
-104.233337
-104.101372
-104.258018
-104.159309
-104.000526
-104.479568
-104.593826
-104.089035
-103.790237
-103.766632
-103.797752
-103.720505
-104.237091
-104.090645
-104.061676
-104.001060
-103.814377
-104.258018
-104.544479
-104.042366
-103.657204
-103.494659
-103.770393
-104.019836
-104.094940
-103.777901
-104.174332
-103.811699
-103.500023
-104.584175
-104.151260
-103.575127
-103.435654
-103.669006
-104.121223
-104.546623
-104.286446
-104.502098
-104.371208
-104.179695
-104.141609
-103.925957
-103.894310
-104.239243
-104.305756
-103.802574
-103.955460
-104.171112
-104.480637
-104.404465
-104.054169
-104.223686
-104.287521
-104.184525
-104.246750
-104.363159
-103.987648
-104.198471
-104.333656
-104.245140
-104.149117
-104.077232
-103.925957
-104.022522
-103.959755
-103.679733
-103.687241
-103.908791
-104.239243
-104.106743
-103.598190
-103.741959
-104.124977
-103.832085
-103.917915
-104.018761
-103.824036
-103.925423
-104.663567
-103.839058
-103.637352
-103.413116
-103.691536
-103.767174
-103.790237
-103.664177
-103.180305
-103.213562
-103.025810
-103.543472
-103.506996
-103.973167
-104.076164
-102.298927
-101.520020
-101.830620
-101.854759
-101.547913
-101.214783
-100.860191
-100.771683
-100.578560
-100.799576
-99.927322
-99.741173
-100.134926
-100.339310
-100.715355
-100.558174
-100.298004
-100.434799
-100.428894
-100.992691
-101.393417
-100.819427
-100.880043
-100.991623
-100.471275
-100.629524
-100.858582
-101.041512
-100.826401
-100.795822
-100.492729
-100.523308
-100.661713
-100.919205
-100.908470
-101.322067
-100.795822
-100.479317
-100.669754
-101.231415
-100.888626
-100.650978
-101.251793
-101.243752
-101.305977
-101.529137
-101.365524
-101.174011
-101.593506
-101.802719
-101.953461
-101.857437
-102.521019
-103.913620
-105.242386
-104.742424
-105.434433
-104.877068
-104.710236
-104.348679
-104.172188
-104.545547
-103.734985
-103.576736
-104.071869
-103.681877
-103.224289
-103.781654
-103.455498
-102.952316
-103.260773
-103.306366
-102.850929
-102.650299
-103.019905
-102.709305
-102.650299
-102.572517
-103.601410
-104.432358
-104.762810
-104.175407
-104.219391
-103.105202
-103.568687
-104.143219
-103.167427
-103.002739
-102.796211
-102.565002
-102.652985
-102.344528
-102.236168
-102.545692
-102.435188
-102.373497
-102.401924
-101.944878
-101.663246
-102.104202
-102.441086
-102.054848
-101.599945
-101.711525
-102.043045
-102.106888
-101.656807
-101.651985
-101.517334
-101.525383
-101.762489
-101.679337
-101.463158
-101.421844
-101.763565
-101.837593
-101.802719
-101.876213
-101.638031
-101.737816
-101.363914
-101.542549
-101.662170
-101.672363
-101.572052
-101.631599
-101.493195
-101.623550
-101.674515
-101.590828
-101.317780
-101.438477
-101.372498
-101.310272
-101.706696
-101.869774
-101.362839
-101.319389
-101.106956
-101.386444
-101.254478
-101.347816
-101.642860
-101.413803
-101.392342
-101.356400
-101.504463
-101.706161
-101.190109
-101.693825
-101.944878
-101.784485
-101.710457
-101.424530
-101.613358
-101.774292
-101.300079
-101.207275
-100.910622
-101.479782
-101.397705
-101.413803
-101.063507
-100.673515
-97.805161
-104.573982
-103.054779
-101.687927
-101.590294
-101.687927
-101.448669
-101.543083
-101.609070
-101.469055
-101.364449
-101.507141
-102.257622
-102.694290
-103.174400
-103.744644
-103.811699
-103.761269
-103.802040
-104.256409
-104.217247
-103.671150
-102.903503
-103.555275
-103.277397
-102.869171
-102.590218
-102.222221
-102.529068
-102.441628
-102.604706
-102.828400
-102.509750
-102.612747
-102.992554
-103.356796
-102.835373
-102.689461
-102.641182
-102.617043
-102.870239
-102.752228
-102.254944
-102.216858
-102.131027
-102.433044
-102.413193
-102.112785
-102.315559
-102.482933
-102.412659
-102.533890
-102.529602
-102.198616
-102.088646
-102.287666
-102.375641
-101.962044
-101.837593
-101.889091
-102.012474
-101.918060
-101.636963
-101.581711
-101.583855
-101.819885
-101.368744
-100.991623
-101.028633
-101.051704
-101.521629
-101.226044
-100.843567
-101.415413
-100.470734
-100.941734
-101.078522
-101.109642
-101.138611
-101.303833
-101.320999
-101.984039
-102.976990
-103.438873
-103.169037
-103.553131
-104.295570
-105.204834
-106.418800
-108.492149
-108.851570
-108.110207
-108.981926
-110.626114
-110.559601
-109.151436
-110.168533
-110.674393
-111.130905
-110.485031
-109.374062
-110.004913
-110.099869
-108.600510
-109.096718
-110.163170
-109.061852
-108.528625
-109.089211
-108.101082
-108.114494
-109.064537
-108.025444
-106.899994
-106.302399
-106.166679
-106.052414
-105.521873
-105.477348
-106.397346
-106.965439
-106.386620
-107.221855
-106.558815
-106.372131
-107.289986
-106.345314
-105.891479
-105.358795
-105.398491
-105.590004
-106.735306
-106.571152
-105.913475
-106.778221
-106.947197
-106.282013
-106.387154
-107.663345
-108.195496
-106.816841
-106.446701
-107.552307
-108.398277
-107.994331
-106.950951
-107.673004
-108.801682
-108.358040
-107.514755
-108.645035
-108.903603
-107.933182
-107.895630
-109.022156
-108.992653
-107.491684
-108.334976
-107.289452
-106.810410
-107.510460
-106.839912
-107.286766
-106.910187
-107.087746
-106.344772
-106.022911
-105.930107
-105.883972
-105.430145
-105.419411
-105.380791
-105.951561
-105.575516
-105.937614
-106.707947
-106.248215
-106.900528
-105.910797
-106.385544
-107.204155
-106.074944
-106.354965
-107.093109
-106.162384
-105.326607
-105.461258
-105.380791
-105.112030
-105.108276
-105.129730
-105.754692
-106.995476
-106.162384
-105.858757
-107.734161
-108.225006
-108.921303
-107.865051
-106.279327
-106.309906
-105.831398
-105.464478
-105.512756
-105.395271
-105.421021
-105.373276
-105.498268
-105.122223
-104.925888
-105.121689
-105.031563
-104.656593
-104.825569
-105.009567
-104.951637
-104.952171
-105.807259
-106.248215
-104.542328
-103.475349
-103.517723
-103.110031
-102.654053
-102.125656
-102.195396
-102.069336
-101.540939
-101.656807
-101.517334
-101.627304
-101.510895
-101.638031
-101.429893
-101.710457
-102.084351
-102.073624
-101.818817
-102.806404
-102.763489
-102.839661
-103.704407
-104.295570
-104.663567
-105.423706
-106.161850
-106.099625
-105.565865
-104.093330
-104.835228
-105.042831
-104.467766
-105.920982
-106.271286
-105.057854
-105.886116
-106.937546
-106.113029
-106.295425
-107.042686
-107.653152
-107.700897
-108.034569
-108.063538
-108.414902
-108.785583
-107.920303
-107.433754
-107.286766
-107.173576
-107.322708
-107.125832
-106.256798
-106.963829
-107.392448
-107.061996
-107.957321
-107.705193
-105.800285
-106.567398
-106.861366
-106.746033
-107.122612
-105.763275
-105.771317
-105.858223
-105.639351
-106.296494
-105.409760
-106.039536
-105.423706
-105.403320
-105.565323
-105.680122
-106.725647
-105.566933
-105.327148
-106.548622
-105.313194
-105.324997
-105.897919
-104.918373
-105.013329
-105.863586
-105.291206
-104.929108
-105.703194
-105.129196
-104.589005
-105.534210
-105.150116
-104.508537
-104.413582
-104.715599
-104.471519
-104.346527
-104.127121
-103.779510
-103.415802
-103.962975
-104.119080
-103.786484
-103.930786
-103.785950
-103.675438
-104.011787
-103.918983
-103.934540
-104.158241
-104.671074
-104.967194
-104.938225
-105.195717
-105.014938
-105.035324
-105.970337
-107.732552
-108.676147
-109.334900
-109.843445
-110.856247
-111.313835
-111.409325
-111.339584
-111.850281
-112.056274
-111.909286
-112.614708
-113.080338
-112.971977
-113.260582
-113.608734
-114.050758
-113.882858
-114.198280
-114.367264
-114.566284
-114.903702
-115.117210
-114.563065
-114.872055
-115.185875
-115.407425
-115.341438
-115.564598
-115.734116
-115.870911
-115.800095
-115.648819
-115.661697
-115.820480
-116.243736
-116.631042
-116.492645
-116.443825
-116.705612
-116.751747
-116.957199
-116.866005
-117.144958
-117.804779
-117.516708
-117.158905
-117.139595
-117.325737
-117.576790
-117.332710
-117.492569
-117.514030
-117.404594
-116.415398
-114.491180
-114.153221
-115.358604
-114.649429
-113.679543
-114.526047
-114.329178
-112.963394
-112.990753
-113.701004
-112.638313
-112.774567
-112.929062
-111.871201
-112.373306
-112.166779
-111.408783
-111.870659
-111.466187
-111.899628
-112.158730
-111.453850
-111.477989
-111.345482
-110.825134
-111.081558
-110.921158
-110.956566
-111.084778
-110.544044
-110.576225
-110.690491
-110.494156
-110.574615
-110.372383
-110.615387
-110.702293
-109.943230
-110.236664
-110.323029
-109.887970
-109.914795
-109.516754
-109.755470
-111.277893
-111.218346
-111.042397
-111.866371
-111.956490
-112.041252
-112.350777
-111.894264
-112.589493
-112.578766
-111.926987
-112.452164
-112.571259
-111.859932
-112.303574
-112.115814
-111.483353
-112.011208
-111.297745
-111.280579
-112.040710
-111.587959
-110.922234
-111.399132
-110.704437
-111.240341
-111.473160
-110.881462
-111.608345
-112.499908
-111.826134
-112.142639
-112.741844
-112.202179
-112.691422
-113.852280
-112.763840
-112.556236
-113.050301
-112.216667
-112.337364
-113.456917
-113.172607
-112.045006
-112.736481
-114.056664
-113.104477
-112.686592
-114.019112
-114.259438
-113.056198
-112.978951
-115.170853
-115.893440
-115.178902
-113.832428
-113.192993
-114.984169
-116.226570
-116.847229
-117.431953
-116.602615
-114.867760
-114.064713
-115.776497
-116.734581
-117.799416
-117.985023
-118.319763
-118.556870
-118.937210
-118.601395
-118.666840
-118.890541
-119.356171
-120.028336
-120.222527
-120.072861
-119.904953
-120.241302
-120.526154
-120.423691
-120.129723
-120.057838
-120.205360
-120.957451
-120.860893
-120.514351
-120.508446
-120.941353
-121.106583
-121.072784
-121.134476
-121.170952
-121.372116
-121.695595
-121.396797
-121.499252
-121.618881
-121.411278
-121.553436
-121.754601
-121.735291
-121.543777
-121.710617
-122.044281
-121.773376
-121.793762
-121.793228
-121.970253
-122.066811
-121.980980
-121.787865
-121.803955
-121.911240
-122.097923
-122.031944
-122.287827
-122.683716
-122.672989
-122.751846
-122.521179
-122.566772
-122.543709
-122.446075
-123.028114
-123.118240
-122.926193
-122.743797
-122.921898
-123.084976
-123.107506
-123.264687
-123.191727
-123.017387
-123.262001
-123.529686
-123.552216
-123.383774
-123.093025
-123.270584
-123.572601
-123.818291
-123.814537
-123.954552
-124.241547
-123.209435
-123.235184
-123.235184
-122.814072
-122.305527
-122.110802
-121.941818
-122.234184
-122.247589
-121.939674
-121.845795
-121.665550
-121.506226
-121.306137
-121.415031
-121.425766
-121.094238
-120.995537
-120.717125
-120.567993
-120.459091
-120.380775
-120.433350
-120.667236
-120.894684
-121.014313
-120.982666
-121.166664
-121.593132
-122.238472
-122.381165
-122.592522
-122.804420
-123.003441
-123.027039
-122.766869
-122.851089
-122.782425
-122.495964
-122.568924
-122.323227
-122.211647
-122.102219
-121.744949
-121.659119
-121.300774
-120.940285
-120.735359
-120.784714
-121.091560
-121.054543
-121.295944
-121.074394
-121.228889
-121.671989
-121.596886
-121.580795
-121.516960
-121.431129
-121.902122
-121.400551
-121.007339
-121.124283
-121.107117
-121.207428
-121.070099
-120.805634
-120.784714
-120.943504
-120.814217
-120.306206
-119.961273
-119.639412
-119.804634
-120.172638
-120.384529
-121.034698
-121.321159
-121.604935
-121.719734
-121.310425
-121.418793
-121.359779
-121.200455
-121.552902
-121.614594
-121.378555
-121.280388
-120.897369
-120.793297
-120.894684
-120.523468
-120.498795
-120.410812
-120.893616
-120.945648
-120.934921
-121.217087
-121.142525
-121.411278
-121.175247
-120.329811
-120.409203
-120.591599
-120.706398
-120.443535
-120.755211
-120.831383
-120.652214
-120.842117
-120.713905
-120.460167
-120.974075
-120.907021
-120.578186
-119.838432
-119.517105
-120.225204
-120.944572
-121.315796
-120.780960
-120.391502
-120.552437
-120.530975
-120.830315
-120.814758
-120.969788
-120.535271
-120.414574
-120.370583
-120.100212
-120.397408
-120.662407
-120.446754
-120.672066
-120.594276
-120.434418
-120.480553
-120.530975
-120.744484
-120.452660
-120.209648
-120.677963
-120.631828
-120.318008
-120.499329
-120.577110
-120.463921
-120.422615
-120.337860
-120.358246
-119.682327
-119.278389
-119.394257
-119.789612
-120.139374
-120.073395
-120.000977
-120.291191
-120.569069
-120.292259
-120.334106
-120.373260
-120.334641
-120.354492
-120.519180
-120.312111
-120.257927
-120.084122
-120.300308
-120.062668
-120.073929
-119.859352
-119.937675
-120.394722
-120.546532
-120.652748
-120.975151
-120.714981
-121.161301
-121.139305
-121.022362
-120.617348
-120.587303
-120.467140
-120.140984
-120.138840
-120.000977
-120.043892
-120.101822
-120.070709
-120.196236
-120.109871
-119.831459
-119.894760
-120.077682
-119.919434
-120.040131
-120.011169
-120.324448
-120.249344
-120.094849
-119.723099
-119.455414
-119.505302
-119.501549
-119.461853
-119.282143
-119.325592
-119.523003
-119.645851
-119.666771
-119.755821
-119.712906
-120.107193
-120.470360
-120.276169
-120.180145
-120.080368
-119.875443
-119.864716
-119.994537
-120.066956
-119.779961
-119.884033
-120.387749
-120.609833
-120.508446
-120.337326
-120.488060
-120.347519
-120.341080
-120.091629
-119.830925
-119.786934
-120.021362
-120.067490
-120.249886
-120.852310
-120.838898
-120.804565
-120.888245
-120.949402
-120.805099
-120.925797
-121.173096
-121.035233
-120.983200
-120.659187
-120.901657
-120.916145
-120.483238
-120.323914
-119.723633
-119.576645
-119.509056
-119.579330
-119.467216
-119.650681
-120.081978
-120.197845
-119.718803
-119.957520
-119.890465
-120.093781
-120.466072
-120.334106
-120.375946
-120.460167
-120.454269
-120.440323
-120.232178
-120.306206
-120.216087
-120.430664
-120.264900
-120.053543
-120.437103
-120.907021
-120.461243
-120.427444
-120.335716
-120.099144
-120.048180
-120.670990
-120.697815
-120.374870
-120.603401
-120.463921
-120.838356
-121.358170
-121.647850
-121.380699
-121.157539
-121.167732
-121.586693
-121.115700
-120.854988
-120.932236
-121.029869
-121.471359
-121.733147
-121.121597
-121.066345
-120.953156
-120.749847
-120.583549
-120.850159
-121.033623
-121.286285
-120.833534
-120.639877
-120.705322
-120.898979
-121.059372
-120.862503
-120.971397
-121.025040
-121.086197
-121.186508
-121.305061
-121.465996
-121.443466
-121.565239
-121.410744
-121.125359
-121.360321
-121.396255
-121.886032
-122.052330
-121.957916
-121.715439
-121.897835
-121.836143
-121.692909
-121.766403
-121.594208
-121.636047
-122.049110
-122.123672
-121.982590
-121.334030
-121.489059
-121.562553
-122.086662
-122.448761
-122.539413
-122.635437
-122.576431
-122.318939
-122.020142
-122.075928
-122.240082
-122.032478
-121.747627
-121.803955
-121.728851
-121.472435
-121.493355
-121.665550
-121.456879
-121.256783
-121.501404
-121.479942
-121.632828
-121.773376
-121.674133
-121.675209
-121.570602
-121.903198
-121.744408
-121.632294
-121.493889
-121.433807
-121.441856
-121.535194
-121.594742
-121.413963
-121.225670
-121.214401
-121.459023
-121.569527
-121.261078
-116.672890
-94.037720
-125.761826
-141.731689
-124.261398
-123.174561
-122.800667
-121.961136
-104.524094
-90.309448
-135.116287
-139.730774
-130.881622
-125.425476
-122.416031
-122.748093
-122.849480
-122.618813
-122.789932
-122.672455
-122.416573
-122.075394
-121.788933
-122.022820
-121.999756
-122.007805
-122.303917
-122.300163
-122.520103
-122.382240
-120.687080
-120.088417
-123.316185
-122.157471
-120.172096
-104.173798
-127.941925
-132.024246
-122.805489
-118.986023
-125.534370
-124.331665
-122.721268
-122.734680
-123.024895
-122.787254
-120.807243
-113.282043
-110.367554
-120.360924
-130.630035
-116.378380
-80.104179
-91.571159
-168.103180
-151.104401
-127.369003
-124.772087
-126.124992
-121.707932
-122.522789
-125.197487
-118.970467
-107.529236
-89.367455
-141.712387
-144.255112
-126.328308
-125.610008
-122.286751
-117.421227
-123.270584
-124.562874
-121.862961
-123.810249
-124.920685
-123.781815
-122.254562
-122.118843
-122.648849
-122.277634
-122.320015
-119.519783
-122.788322
-120.129181
-87.529068
-95.434616
-124.751701
-131.034515
-84.346359
-178.225296
-136.839340
-124.265686
-126.509087
-111.837936
-97.594872
-130.439056
-147.988754
-117.109016
-59.930748
-52.349216
-106.990112
-87.957687
-80.021568
-86.588692
-93.573700
-100.999672
-105.113640
-107.015862
-108.963150
-111.082626
-112.503662
-114.045395
-114.674644
-115.100044
-115.802780
-117.080048
-117.556946
-117.397087
-117.303207
-118.145424
-118.727997
-118.905022
-119.190407
-119.502083
-119.929092
-120.314255
-120.605011
-124.789253
-147.436218
249.951965
-246.652756
-159.088272
-134.770828
-109.955566
-148.157730
-143.906433
-134.760101
-139.664780
-130.353226
-128.258957
-115.358604
-130.104858
-132.470566
-128.481583
-128.343719
-128.131287
-129.174133
-129.649414
-127.249374
-124.658363
-115.941719
-133.904465
-122.302307
-117.112236
-130.593552
-134.022491
-123.728706
-100.783485
-135.014908
-136.425217
-124.486702
-104.840057
-135.961731
-134.785843
-126.226379
-125.958160
-125.093948
-124.458267
-124.184685
-123.877304
-124.194336
-124.258179
-124.010338
-123.664871
-123.964203
-124.147133
-123.748558
-123.229820
-123.485703
-123.592453
-123.360710
-123.398796
-123.469604
-123.499649
-123.450829
-123.530228
-123.633759
-123.308136
-123.376801
-123.410599
-123.286140
-123.361778
-123.530762
-123.657898
-123.306526
-123.323158
-123.500717
-123.537735
-123.147743
-123.399872
-123.539345
-123.314041
-123.420258
-123.000221
-123.011482
-123.155251
-122.947647
-122.730927
-122.691765
-122.863960
-122.981445
-123.295799
-123.223915
-122.919754
-123.281853
-123.594597
-123.461021
-123.623566
-123.610687
-123.535591
-124.084908
-123.867645
-123.679893
-123.509842
-123.653603
-124.023216
-124.238327
-123.934166
-123.651993
-123.631615
-123.818832
-123.622490
-123.536659
-123.374123
-123.296875
-123.480331
-123.602104
-123.384850
-123.556511
-123.799515
-123.626251
-123.564560
-123.566162
-123.067276
-123.169739
-123.145058
-123.443321
-123.595673
-123.421326
-122.974472
-123.009338
-122.966957
-123.001289
-123.127892
-122.792084
-122.789932
-123.329597
-123.265221
-122.873619
-123.154716
-122.829094
-122.625244
-122.550148
-123.142380
-123.251274
-123.256638
-122.983055
-122.873085
-122.688545
-122.880592
-122.872543
-123.295799
-123.737289
-123.966888
-124.063980
-124.095100
-123.541489
-123.098389
-123.187973
-123.236252
-123.168663
-123.292580
-123.187973
-122.920830
-123.062981
-123.086052
-122.993782
-122.826950
-123.078003
-122.843040
-123.096779
-123.393433
-123.123604
-123.220161
-123.273804
-123.557587
-123.317795
-123.089806
-123.131645
-123.028648
-122.968033
-123.101074
-123.172951
-123.098389
-123.081757
-123.342468
-122.999146
-123.166519
-123.116631
-123.303307
-123.466927
-123.950256
-123.844040
-123.273804
-122.995392
-122.906876
-123.142380
-123.147202
-123.402550
-123.642876
-123.809708
-123.488380
-123.579575
-123.512520
-122.951401
-122.518494
-122.909561
-123.444397
-123.300629
-123.347298
-123.288292
-122.539413
-123.193336
-123.599960
-123.135406
-122.653679
-122.549072
-122.823196
-122.993248
-122.848404
-123.570992
-123.586014
-123.604790
-123.112869
-123.400940
-123.570457
-123.554367
-124.202919
-123.818291
-123.425621
-123.442245
-122.904732
-122.519028
-122.419250
-122.682648
-122.978760
-123.249664
-123.669701
-123.494286
-123.601036
-123.818291
-123.657364
-123.384315
-123.282387
-123.351051
-123.400406
-123.517883
-123.400940
-123.137009
-122.704643
-122.710007
-123.216408
-123.341400
-123.279167
-123.673454
-123.912170
-123.698128
-123.489456
-123.393433
-123.287216
-123.271126
-123.434738
-123.815613
-123.883202
-124.144447
-124.243156
-123.805954
-123.915924
-123.879982
-123.978149
-123.961525
-124.018921
-123.908417
-123.669159
-123.473358
-123.693306
-123.232498
-122.717514
-123.075859
-123.457802
-123.669701
-123.616592
-123.646629
-123.544708
-123.249664
-123.107506
-122.861282
-122.990028
-122.905273
-123.106972
-123.251274
-123.392357
-123.917534
-124.103142
-123.842430
-124.210434
-124.340790
-124.903519
-124.305916
-124.316650
-124.577362
-124.367073
-123.862816
-123.803276
-122.887566
-124.679817
-125.142235
-123.895004
-123.734612
-123.677750
-123.719055
-124.310211
-124.885277
-124.659431
-124.133186
-124.465782
-124.640121
-124.401405
-124.446465
-124.531761
-124.361176
-124.131577
-124.220627
-124.041992
-124.070419
-124.365463
-123.905197
-123.688477
-123.908951
-124.306992
-124.791939
-125.343399
-125.289215
-124.941063
-124.519424
-125.136871
-125.784355
-125.505936
-124.750626
-124.480797
-124.201309
-124.831635
-125.128822
-125.159935
-125.208748
-124.877769
-124.369217
-123.905731
-123.337105
-122.746483
-122.453583
-121.795372
-121.884422
-122.141914
-121.994392
-121.725098
-121.037918
-120.365219
-119.989708
-120.202675
-120.506836
-120.523468
-120.343224
-120.378090
-121.135010
-121.739578
-121.582939
-120.688690
-120.786324
-120.532585
-120.337860
-120.260612
-120.537949
-120.634514
-120.311035
-120.209114
-120.648994
-121.290047
-121.163445
-118.918968
-120.366287
-121.011627
-119.120674
-118.778961
-119.305206
-119.697884
-119.187195
-118.959740
-119.429665
-120.668304
-121.352272
-120.421005
-119.751526
-119.573967
-120.336784
-121.023430
-120.502014
-119.084198
-118.927551
-118.696350
-119.730606
-120.674744
-120.984810
-120.156540
-119.663017
-119.310036
-119.864182
-120.787399
-120.993393
-121.143059
-120.924187
-119.789612
-119.462921
-119.787468
-120.118454
-120.386673
-120.313721
-120.099144
-119.627075
-119.816971
-119.777817
-120.109871
-120.812073
-121.464920
-122.073784
-122.254562
-121.913391
-121.284142
-121.042206
-121.522858
-122.376335
-122.212189
-121.101219
-120.315331
-119.709686
-119.727928
-120.249344
-120.328743
-120.380241
-120.342148
-120.046036
-119.682327
-120.073395
-120.272415
-120.057838
-120.020287
-120.050323
-121.333496
-122.132797
-122.097923
-121.885490
-121.141983
-121.297020
-121.939674
-122.553902
-122.609688
-121.859741
-121.120529
-121.384460
-121.958450
-121.880669
-121.262688
-120.758430
-121.633904
-122.443932
-122.556580
-122.215942
-122.116699
-122.210579
-122.065201
-121.920898
-121.813072
-122.166054
-122.023361
-121.883347
-121.368362
-121.687012
-122.551216
-122.671921
-122.281921
-122.027649
-121.367294
-121.469749
-121.767479
-121.749771
-122.090950
-122.638657
-122.812462
-122.673523
-122.447151
-122.079147
-122.148888
-121.549149
-121.004654
-121.064735
-121.426834
-121.068497
-121.151108
-121.096390
-121.600647
-121.924118
-122.174103
-122.055542
-121.982056
-121.689156
-121.556122
-122.249199
-122.723419
-122.638657
-122.546387
-122.497040
-122.041595
-121.132866
-120.932236
-121.828629
-122.764725
-122.882736
-122.721809
-122.181076
-121.590988
-121.108192
-121.186508
-121.788933
-122.066811
-122.258324
-122.310356
-122.199310
-121.909637
-121.757286
-122.346832
-122.727173
-122.818367
-122.815681
-122.294266
-122.311966
-122.525467
-122.708931
-123.097313
-122.923508
-122.671379
-122.588768
-122.013168
-122.265831
-122.645096
-122.861816
-122.783501
-122.283531
-122.623634
-123.113945
-123.222305
-123.411667
-123.050644
-122.766869
-122.228813
-121.533051
-121.899979
-122.368294
-122.294800
-122.422470
-122.415497
-122.043747
-121.520180
-121.786789
-122.299088
-122.655289
-122.985733
-122.690689
-122.491676
-122.629005
-122.160690
-122.374725
-122.729317
-122.566772
-121.983665
-122.101677
-121.798050
-121.746017
-122.046425
-122.671379
-123.333351
-123.655754
-123.053864
-122.588234
-122.220772
-121.946648
-121.927338
-122.460022
-122.435883
-122.575356
-122.534050
-122.069496
-121.688622
-121.450974
-122.384384
-122.797981
-123.110191
-123.276489
-122.725563
-122.342545
-121.933777
-121.872086
-122.473434
-122.595207
-122.337715
-122.342003
-122.135475
-121.999756
-121.781425
-122.403694
-122.258858
-122.387070
-122.586090
-122.434273
-121.818977
-121.740654
-122.101143
-122.031944
-122.448219
-122.453049
-122.348442
-122.561951
-122.884888
-122.814613
-122.630615
-122.494354
-122.331810
-122.326988
-122.138695
-121.610298
-121.552902
-121.882278
-121.785179
-121.647850
-121.737976
-122.343613
-122.184296
-121.582939
-121.334564
-121.767479
-122.109192
-122.379555
-122.302849
-122.538879
-122.652603
-122.576431
-122.129578
-121.851158
-122.111870
-122.183754
-122.340393
-122.546928
-122.524399
-122.481483
-122.326988
-122.281921
-122.596283
-122.688011
-122.602180
-122.315186
-122.252960
-122.360779
-122.234184
-121.926804
-121.320618
-121.099609
-121.482628
-121.897835
-121.896225
-121.959526
-122.178391
-122.252419
-122.211647
-122.452515
-122.402084
-122.019608
-121.716515
-121.941818
-121.674133
-121.663406
-121.938065
-121.827560
-121.972931
-122.093636
-121.947182
-121.920364
-122.576965
-122.666550
-122.179466
-122.043747
-121.972397
-122.233643
-122.193947
-122.263145
-121.907486
-121.585083
-121.063667
-121.262146
-121.586693
-121.765327
-122.211113
-122.474510
-122.244911
-121.970787
-121.882813
-121.966499
-122.375801
-122.418182
-122.125816
-122.445541
-122.317329
-122.529221
-122.248131
-122.148888
-122.218628
-122.446609
-122.564095
-122.254562
-121.453659
-120.777740
-121.051865
-121.895149
-122.658508
-122.749702
-122.737900
-122.748093
-122.745407
-122.376877
-122.014236
-122.191803
-122.014236
-121.827019
-122.288895
-122.465385
-122.668159
-122.381165
-122.477188
-122.362930
-122.310890
-122.029259
-121.306137
-121.217621
-121.955231
-122.713226
-122.848404
-122.867180
-123.212654
-123.111801
-122.717514
-122.808708
-122.765793
-122.789398
-122.574821
-122.092560
-122.325378
-122.882202
-123.024895
-122.888107
-122.635979
-122.825874
-122.705711
-122.468605
-122.091484
-121.917679
-121.816292
-122.060371
-122.084511
-121.544853
-121.763718
-121.514275
-121.418793
-121.550751
-121.663940
-121.288971
-120.881271
-121.077072
-121.647316
-121.422546
-121.675743
-121.360321
-121.214943
-121.921432
-122.033012
-122.343079
-122.720734
-122.869331
-122.936386
-122.997002
-123.127892
-123.012024
-123.205139
-123.421326
-123.116089
-123.310280
-122.834457
-123.089806
-123.225525
-123.253418
-123.322624
-123.240005
-123.467995
-123.382164
-123.090881
-122.634369
-122.183220
-121.976692
-122.089874
-122.067886
-121.578651
-121.840431
-121.971863
-122.051788
-121.966499
-122.445000
-121.947723
-122.903664
-123.004509
-122.427299
-122.242226
-122.124748
-121.883347
-122.007805
-122.337181
-122.465927
-122.460022
-122.736824
-122.688011
-122.533516
-122.768478
-123.153641
-123.603714
-124.110657
-124.164299
-124.229744
-124.044670
-123.964203
-123.981911
-123.569923
-123.430443
-123.485703
-123.430984
-123.373047
-123.449219
-123.318863
-122.706787
-122.860207
-123.114479
-122.993248
-122.880058
-123.260391
-124.263000
-124.754387
-112.656013
-62.869377
-145.655228
-154.097748
-99.921959
-61.820633
-119.203819
-76.791115
-134.757416
-155.628220
-161.693771
-141.651764
-141.555740
-122.080757
-134.775650
-131.426117
-126.513374
-103.857292
-110.798851
-160.366074
-110.284943
-75.292831
-137.842499
-138.515732
-138.657883
-109.719528
-126.590088
-129.025528
-128.905365
-119.932312
-136.232635
-144.376358
-57.563969
-113.311546
-183.004990
-131.441132
-124.010338
-132.949600
-135.732666
-136.718643
-129.432159
-126.911957
-125.978012
-126.733322
-126.674843
-123.437424
-116.608513
-91.104988
-113.617851
-155.056915
-117.438393
-145.479813
-138.668076
-128.772339
-126.998322
-126.213509
-125.464096
-121.270195
-126.729561
-126.559509
-123.914856
-126.358345
-123.970642
-124.992561
-127.266541
-126.231743
-126.540733
-126.568634
-126.239258
-123.949188
-113.685982
-120.610374
-138.746399
-130.328018
-111.648575
-136.089401
-129.596848
-126.241936
-125.566559
-125.640587
-125.302094
-125.238258
-125.034943
-124.831635
-124.738289
-124.857384
-124.750626
-124.612228
-124.937851
-125.289757
-125.593918
-125.637367
-125.574066
-126.013412
-126.133041
-126.209747
-126.436127
-126.378197
-126.477432
-126.479042
-126.426476
-126.315430
-126.216728
-126.152351
-126.151276
-125.737144
-125.441032
-125.365929
-125.391144
-125.502182
-125.325157
-125.254883
-125.327843
-125.329987
-125.240936
-125.232887
-125.122917
-124.906197
-125.262932
-125.862137
-126.083153
-126.250519
-126.293434
-126.558441
-126.826660
-126.944679
-126.932335
-126.833099
-126.847580
-126.768188
-126.412529
-126.189369
-126.447929
-126.480118
-126.464027
-126.251595
-126.016098
-125.899689
-125.859993
-125.564415
-125.386848
-124.111191
-123.658974
-126.792862
-124.896004
-125.910416
-125.409920
-125.172272
-125.429230
-125.673843
-125.498962
-124.851479
-124.489922
-126.954872
-125.791328
-125.388458
-125.461418
-125.774696
-125.856773
-125.864822
-125.683502
-125.812248
-125.637901
-125.796692
-125.848190
-125.592842
-125.473755
-124.870789
-125.222702
-126.126068
-126.266617
-126.436668
-126.754776
-127.076103
-127.119553
-127.058403
-127.043915
-126.902832
-126.867432
-126.988663
-127.161934
-127.309456
-126.977402
-127.124382
-127.672630
-127.495605
-127.499359
-127.288002
-127.421036
-127.460732
-126.945213
-126.746193
-126.535370
-126.673775
-126.462952
-126.170593
-125.972641
-125.832634
-125.935631
-126.069740
-125.881447
-125.756454
-125.428696
-125.261322
-125.401337
-125.420105
-125.607330
-125.559586
-125.592308
-125.780060
-125.658829
-125.792397
-126.035408
-125.980156
-126.013947
-125.906662
-126.071884
-126.080467
-126.241936
-126.380875
-126.208145
-126.453293
-126.229599
-126.355667
-126.347618
-126.310600
-126.639977
-126.530540
-126.542343
-126.652313
-126.569168
-126.540199
-126.512306
-126.673233
-126.734924
-126.699524
-126.687187
-126.869576
-126.826660
-126.176491
-125.537590
-126.068665
-127.284782
-128.091049
-128.490707
-129.040558
-129.735779
-130.179428
-130.963165
-131.565048
-132.057510
-132.767746
-133.140579
-133.555786
-134.208099
-134.528351
-134.805161
-135.130249
-135.360916
-135.314774
-135.187103
-135.168869
-135.278305
-135.399002
-135.386124
-135.442993
-135.547058
-135.381302
-135.668289
-135.742325
-135.528824
-135.610901
-135.481613
-135.722473
-135.957428
-135.868393
-135.939194
-135.613571
-135.835663
-136.073303
-135.989624
-135.841034
-136.107635
-136.239609
-136.513718
-136.486374
-136.653732
-136.802872
-136.754044
-136.415024
-136.038437
-136.064194
-136.159134
-136.271790
-136.259995
-136.147339
-136.204727
-136.136063
-136.244965
-136.569519
-136.369965
-136.170395
-136.001953
-135.926865
-135.937592
-135.725693
-136.016449
-135.794357
-135.872147
-135.718719
-135.471420
-135.581390
-135.243973
-135.270782
-135.357162
-135.028320
-135.092697
-134.981644
-134.974670
-135.190857
-134.941422
-134.866318
-134.423218
-134.536407
-134.599167
-134.513870
-134.679626
-134.594330
-134.915131
-134.939804
-134.795502
-135.053528
-135.364136
-135.280441
-135.379684
-135.276688
-135.311020
-135.152237
-135.211243
-135.444061
-135.476242
-136.034149
-135.637711
-135.481079
-135.486435
-135.361984
-135.402756
-135.461227
-135.758957
-135.455322
-135.526138
-135.474106
-135.245575
-135.492874
-135.608749
-135.636108
-135.750900
-135.561005
-135.418304
-135.317459
-135.331940
-135.158676
-135.567444
-135.810989
-135.346420
-135.253082
-135.235382
-135.309418
-135.270248
-135.440308
-135.258453
-135.315308
-135.255234
-135.146332
-135.341064
-135.073914
-134.701630
-134.740250
-135.067474
-135.304581
-135.058365
-134.835205
-135.109314
-135.125412
-134.819107
-134.860947
-134.735962
-134.902786
-134.910843
-134.839493
-134.858795
-135.057281
-134.594879
-134.655487
-135.031540
-134.872208
-134.600769
-134.421066
-134.664078
-134.674805
-134.717178
-134.730591
-134.815353
-134.754730
-134.670517
-134.642624
-134.855042
-134.884552
-134.748291
-134.975204
-135.013840
-134.811066
-134.788528
-134.959122
-134.617401
-134.564301
-134.352936
-134.235458
-134.512268
-134.869537
-134.776184
-134.779404
-134.334167
-134.333633
-134.516022
-134.457550
-134.481689
-134.418915
-134.444138
-134.592728
-134.642624
-134.603455
-134.327194
-134.209167
-134.369568
-134.335236
-134.338455
-134.153915
-134.205414
-134.362061
-134.359909
-134.281052
-134.200058
-134.476852
-134.445206
-134.157135
-134.323975
-134.220444
-134.449493
-134.941956
-134.293396
-134.161972
-134.122269
-134.344894
-134.285339
-134.241364
-134.282669
-134.548737
-134.794968
-134.595413
-134.274612
-134.419449
-134.623306
-135.271332
-135.787384
-135.808838
-135.836197
-135.713898
-135.552963
-135.808838
-135.841034
-135.946701
-136.328110
-136.180588
-136.126419
-136.237991
-135.944565
-135.938126
-136.308273
-136.493347
-136.282516
-136.122116
-136.186493
-136.354935
-136.395172
-136.074921
-136.185425
-136.111923
-136.345825
-136.397324
-136.424133
-136.533035
-136.743866
-136.615112
-136.635498
-136.514267
-136.715424
-136.948242
-136.878510
-136.897812
-136.565765
-136.382828
-136.503540
-136.613510
-136.306656
-135.897888
-135.755203
-135.581390
-135.642548
-135.756271
-135.635040
-135.721939
-135.626450
-135.806152
-135.800797
-135.672592
-135.650589
-135.607681
-135.670441
-136.088333
-136.339920
-136.468658
-136.536255
-136.807159
-137.136536
-136.735809
-136.785172
-137.052856
-137.236313
-137.306580
-137.378464
-137.199295
-137.050705
-137.210556
-137.248657
-137.145111
-137.326965
-137.258301
-137.151550
-137.454651
-137.221832
-136.538940
-136.213852
-136.278229
-136.262665
-136.080276
-136.121048
-135.853897
-135.822250
-135.901108
-136.224579
-135.953140
-135.739639
-135.849075
-136.041122
-136.111389
-136.211716
-136.051315
-136.116760
-136.192398
-136.003571
-136.192398
-136.300217
-136.263748
-136.321136
-136.015366
-135.991226
-136.093689
-136.534653
-136.412338
-136.463303
-136.490662
-136.171478
-136.177917
-136.333481
-136.241211
-136.239059
-136.279297
-136.423065
-136.118362
-136.307724
-136.278763
-136.074921
-136.151093
-136.220825
-136.268036
-136.438080
-136.235855
-136.306122
-136.889771
-136.897812
-136.634964
-136.648376
-136.487442
-136.417160
-136.391418
-136.628525
-136.476715
-136.645157
-136.300751
-136.314163
-136.309341
-136.454178
-136.637650
-136.837738
-136.517487
-136.484756
-136.653198
-136.735275
-136.788376
-136.633896
-136.445602
-136.460083
-136.727234
-136.774429
-136.602768
-136.403214
-136.564682
-136.576492
-136.795364
-136.541077
-136.743866
-136.717041
-136.863480
-136.880112
-136.888702
-136.963257
-136.796432
-136.898361
-136.801254
-136.824326
-136.860809
-136.750290
-136.991699
-137.010468
-136.894592
-137.087189
-136.852753
-136.928925
-137.025497
-136.734741
-136.794815
-137.007782
-137.151016
-137.225586
-136.935898
-136.954681
-136.888702
-137.091476
-137.324295
-137.159607
-137.027100
-136.930008
-137.083969
-136.990616
-136.895142
-136.880646
-137.036224
-137.293716
-137.260986
-137.028168
-136.940735
-136.908554
-137.109177
-137.005112
-137.185349
-137.312485
-137.267426
-137.347351
-137.698196
-137.847321
-137.834442
-137.763092
-137.733063
-138.016296
-138.124130
-138.204056
-138.192245
-138.582779
-138.983505
-139.028564
-139.106888
-139.142288
-139.027496
-139.225967
-139.129410
-139.180908
-139.419098
-139.396561
-139.385300
-139.643860
-139.804794
-139.483475
-139.714142
-140.085358
-139.735062
-139.811768
-139.923889
-139.797287
-139.732910
-139.681946
-139.805862
-139.942657
-140.013474
-139.907791
-140.125595
-139.967880
-139.783875
-140.002747
-140.257553
-139.914230
-139.706085
-140.024200
-140.124512
-140.238785
-140.166351
-139.987183
-140.173325
-140.267746
-140.082672
-140.151337
-140.233414
-140.212494
-140.446381
-140.560638
-140.439407
-140.556885
-140.743027
-140.724792
-140.709778
-140.800430
-140.734985
-140.680267
-141.059540
-141.008575
-140.989792
-141.098160
-141.026276
-141.366913
-141.733307
-141.531601
-140.878220
-140.159927
-140.068192
-139.809616
-139.622406
-139.282837
-139.227585
-139.218460
-139.015686
-138.724945
-138.656815
-138.650909
-138.614426
-138.740494
-138.639648
-138.645538
-138.301147
-138.516266
-138.644470
-138.665924
-138.791458
-138.508759
-138.800034
-138.881577
-138.668076
-138.766251
-138.794678
-139.147125
-139.253876
-139.098297
-138.854218
-138.201904
-138.675049
-138.677200
-138.630524
-138.771606
-138.127884
-138.551666
-138.797363
-138.433655
-138.506607
-138.502853
-138.688461
-139.130493
-138.867630
-138.900894
-138.890701
-138.904648
-138.724945
-138.775894
-138.990479
-138.774292
-138.898743
-138.975998
-138.923416
-138.763565
-138.741562
-138.900360
-138.962051
-139.108490
-138.855835
-138.339233
-138.559174
-138.935226
-138.722260
-138.668076
-138.440628
-138.806473
-138.914841
-138.827942
-138.705627
-138.751755
-138.919128
-139.157852
-139.124588
-138.859055
-138.752838
-138.920746
-139.129959
-138.761948
-138.753906
-138.683090
-138.973846
-138.941666
-138.646622
-138.707779
-138.559708
-138.686310
-138.507675
-138.732452
-138.873001
-138.864410
-138.818817
-138.964722
-139.013550
-139.056458
-138.598343
-138.741028
-139.075775
-138.794678
-138.665924
-138.508209
-138.655197
-138.616577
-138.540939
-138.766251
-138.716354
-138.968491
-139.046265
-139.131027
-138.719040
-138.641251
-138.531815
-138.789307
-138.673981
-138.719040
-138.817200
-139.158386
-139.062363
-139.051102
-138.922882
-138.663788
-138.788239
-139.383148
-139.891693
-139.009247
-138.478180
-138.971161
-139.011932
-138.892303
-139.115997
-138.993164
-138.920746
-138.991547
-139.212570
-139.833771
-139.679810
-139.997910
-140.178696
-139.959824
-140.133102
-139.549454
-139.401932
-139.687851
-139.642258
-139.467377
-139.452896
-139.698578
-139.651367
-139.408905
-139.659424
-139.559113
-139.696976
-139.634750
-139.429825
-139.207199
-138.816666
-138.936829
-139.197006
-139.430359
-139.114929
-138.621399
-138.557037
-138.673981
-138.651978
-138.459930
-138.558105
-138.959366
-138.967407
-138.755508
-138.765701
-138.634277
-138.717972
-138.626770
-138.783951
-139.119766
-138.780731
-138.845108
-138.907333
-138.797897
-138.724945
-138.835983
-139.063965
-139.065582
-138.826324
-138.550598
-138.635345
-138.716354
-138.706161
-138.745316
-138.681488
-138.718506
-138.790390
-138.416489
-138.370346
-138.141296
