8.161427
8.651734
7.856728
7.086934
8.597554
10.079742
9.681167
8.948386
8.241357
9.456397
10.912837
11.652590
10.368884
10.022344
11.228265
12.661638
13.139607
12.637498
12.565079
13.536574
15.232803
16.105595
15.042366
14.872314
16.537966
18.038931
18.204691
17.465475
17.288984
18.774393
20.489933
21.110060
19.484640
19.100550
21.001162
22.354069
21.921160
20.350458
20.611170
21.990360
23.847523
23.790123
22.511246
22.064390
23.020864
23.746134
23.858788
22.366407
21.606806
23.790123
24.368946
23.499908
21.739843
21.002771
22.288622
22.415758
22.701147
20.640137
18.756153
18.807652
20.835402
20.133200
19.046368
17.912331
18.449844
18.778685
18.670322
16.556206
14.954926
12.368740
15.389980
16.688169
17.178478
16.563179
17.464937
18.897774
18.281939
16.815306
15.595974
16.217175
17.079773
17.289522
14.658274
14.026346
14.383080
15.819134
19.240023
17.151655
11.076451
11.853755
13.328972
14.813843
15.683414
14.838518
16.256334
16.724112
15.229585
13.096155
11.730910
15.750469
16.263845
16.443552
15.451672
14.447453
16.039612
18.238487
17.945053
16.965509
15.832545
17.337801
18.313051
18.124224
15.782120
13.817670
13.918521
15.358868
15.345456
13.914766
13.470056
14.144899
15.526237
16.556742
14.793994
12.901427
14.050486
15.088501
14.456572
14.129343
13.131024
12.545767
13.858439
13.664783
13.414266
13.802113
13.778509
15.435041
14.982285
14.314415
15.081527
13.170185
15.656592
16.307297
14.311733
14.032247
14.950098
16.644718
16.780973
15.497269
15.404465
15.483858
15.135708
14.975311
13.825716
12.553276
12.649300
13.442161
12.142363
10.050239
8.510650
8.573951
9.461225
8.921565
6.790281
5.230844
5.904079
6.772579
6.328941
5.004466
3.532470
3.986300
5.452931
5.373002
3.526032
2.593160
3.335059
5.328477
5.900860
4.373610
3.059865
3.497601
5.655706
6.656171
5.006612
4.427791
5.429864
6.616474
6.176055
5.375147
4.812956
5.194903
6.025852
6.218971
5.109072
4.083932
5.134821
6.989301
7.329405
5.958260
5.182028
5.819858
7.225336
7.372857
5.596698
4.859090
6.038726
7.537008
8.018733
6.821931
6.078959
7.370175
8.993984
9.711207
8.948923
9.026708
11.765243
13.421240
13.598265
12.253406
10.420382
10.741712
11.956752
11.910082
10.300756
8.868993
9.877503
10.562540
11.029780
9.517551
8.527816
9.243430
10.747076
11.197687
9.966554
9.296537
9.523989
10.804475
11.558176
10.255695
9.123803
9.979428
11.462689
12.301149
11.022807
10.371030
12.065115
12.015225
12.407364
11.580707
10.261060
10.911227
11.684776
12.237312
10.785700
9.513260
9.954751
12.241068
12.916985
10.599555
8.860947
8.970918
10.202051
10.391416
8.489729
7.130922
7.312239
8.495093
8.816422
7.225872
5.974889
6.573559
8.203805
8.951069
7.512332
6.598772
7.197977
8.495093
9.233773
8.686603
6.570340
6.778480
8.333088
9.035291
7.795037
6.911517
7.393778
8.664073
8.962335
7.705987
6.379903
7.108391
8.799256
9.138824
7.735492
6.707669
7.723690
9.206415
10.089398
8.609892
7.785381
8.011760
9.324969
9.712816
8.732738
7.035972
7.229091
8.518161
9.008468
7.883550
6.743611
7.148624
9.055675
9.702087
8.285881
6.911517
7.443131
9.426356
10.123195
8.671046
7.419528
7.201196
8.436085
9.825469
8.536936
6.963552
7.082642
8.585216
9.728374
7.835270
6.260813
6.422819
8.099736
9.046556
7.960261
6.527425
6.814958
8.914591
9.679557
8.026780
6.935657
6.863237
8.372785
8.963407
7.786990
6.686212
7.293464
8.626521
9.504677
8.338988
7.149161
7.075132
8.694114
9.121121
7.809521
6.299973
6.469489
8.009614
8.644761
7.947386
6.855727
7.314385
8.781016
9.100736
7.802547
6.262959
6.552101
8.119584
9.162427
8.080424
6.906153
7.357837
8.555711
9.370030
8.362056
6.825150
6.953896
8.407117
9.204806
8.263886
6.833197
6.758631
8.455397
9.446741
8.163572
7.082642
7.057966
8.583606
9.528280
8.185567
6.621839
6.829978
8.229554
9.106637
7.914663
6.899179
6.898106
8.252086
9.146871
8.400144
6.838561
7.007540
8.491338
10.218680
8.418382
6.987692
6.851972
8.175374
9.034754
8.085788
6.606282
6.040872
8.095445
9.120048
8.056821
6.776870
6.799937
8.063258
8.789599
7.564903
6.600381
6.613792
7.940413
8.788527
7.926465
6.751657
6.866992
7.736565
8.439303
7.711352
6.729127
6.809057
8.192004
9.275617
8.348645
6.995739
6.975890
8.234383
9.031535
8.414627
7.002712
6.746830
8.342744
9.306193
8.239211
6.744684
6.275834
7.200123
8.433939
7.734955
6.285490
6.160499
7.974745
9.498240
8.299829
7.042945
6.461979
7.872284
8.855046
7.958652
6.715716
6.687284
8.021415
9.097518
8.096517
6.909908
6.427110
7.955969
9.101273
8.212925
6.923319
7.061721
8.151771
8.898498
7.893742
6.179274
6.374539
7.891596
8.734883
7.837416
6.444276
6.396533
7.663609
9.157063
8.359374
6.722690
6.474854
8.207025
9.957971
8.941413
7.289172
6.693722
7.830978
8.965552
8.377612
6.807447
6.670118
8.231164
8.805157
7.821859
6.940485
6.587506
7.981182
8.830369
8.477927
7.007540
6.500066
7.646442
8.904399
8.681239
7.629813
7.439376
7.340134
8.669973
8.358300
6.283880
5.996883
7.434548
8.570195
7.989765
6.363810
5.964697
7.225336
8.609892
8.116365
6.455005
5.399824
6.855191
8.386195
7.716180
6.226481
5.599916
6.666363
8.099199
7.457078
6.150843
5.368710
6.708742
8.209170
7.210315
6.160499
6.368102
7.232309
7.996202
7.792355
5.789280
5.318821
6.934048
8.188249
7.637859
5.873502
5.447031
7.043482
8.514941
8.180738
6.525279
5.925537
7.586897
8.461297
7.436157
6.139041
5.783916
6.841243
7.755877
7.402361
6.082178
5.552710
7.155062
8.293927
7.690431
6.299437
5.344570
6.205560
7.866920
8.325042
7.226408
6.082178
7.409872
8.538545
7.563294
6.408871
6.044627
7.618547
8.567513
8.111537
6.554783
6.252767
6.900252
7.749976
7.667900
6.218971
5.540371
7.149161
8.319140
7.593335
6.352008
6.069304
7.238210
8.145333
7.836343
6.345035
5.735636
6.816567
8.244575
7.616402
6.190003
5.894423
6.921710
7.911981
7.694722
6.350399
6.109537
7.459761
8.218825
7.855655
6.647588
5.871892
7.207633
8.655490
8.200587
6.594480
5.981327
7.142724
8.342208
7.865847
6.791891
6.180347
7.174374
8.328259
8.160890
7.201196
6.288708
7.238747
8.328259
8.145333
7.120729
6.346644
7.308484
8.458615
7.992447
6.674946
6.013514
7.079960
8.312167
7.984937
6.439448
5.887986
7.359446
8.569122
8.144260
6.563903
5.999566
7.053674
8.342208
7.952214
6.404580
5.753875
7.085324
8.262815
8.186103
6.842853
6.350399
7.508577
8.289100
7.736565
6.634713
5.927146
7.052065
8.385123
7.686676
6.290854
5.298436
6.540299
8.100808
7.758022
6.582142
5.822540
6.924928
8.344354
8.231700
6.770433
5.845070
7.396461
8.520843
8.159818
6.468416
5.875648
7.401289
8.598090
8.274079
6.613792
6.012977
7.313848
8.622230
8.244575
6.761313
6.075204
7.163108
8.410336
8.341671
6.725372
6.084324
6.827296
8.474709
8.404971
6.696940
6.149770
6.945849
8.231700
8.187176
6.550492
5.684138
6.640614
7.895888
8.056284
6.553174
5.368174
6.332160
7.842780
7.743002
6.255985
5.525887
6.463052
7.286490
7.307948
6.172300
5.148232
6.012977
7.550956
7.599772
6.045164
5.295754
6.346644
7.554711
7.469953
5.783380
4.882157
6.094516
7.401289
7.494629
6.139041
5.166471
6.187321
7.333697
7.399143
6.012977
5.210996
6.354154
7.695795
7.527352
6.137432
5.278051
6.280125
7.356764
7.462979
6.194831
5.213142
6.031216
7.574559
7.596017
6.514014
5.416990
6.170155
7.287563
7.695795
6.263495
5.160034
6.014586
7.570804
7.895351
6.535471
5.465806
6.066621
7.675947
7.730664
6.707133
5.598307
6.270469
7.679702
7.446350
6.363274
5.678773
6.750048
7.814349
7.658244
6.426037
5.675555
6.369711
7.737101
7.973672
6.666363
5.659461
6.715179
7.877112
7.666827
6.720007
5.900324
6.662608
7.583142
7.673265
6.271542
5.401969
6.186784
7.549883
7.850290
6.816031
6.033898
6.385804
7.328869
7.307411
5.763531
4.725516
5.640686
6.884159
7.290781
5.686820
4.714787
5.735100
6.870748
7.122875
5.960405
4.856408
5.641222
6.799401
7.022561
5.945921
5.100489
6.218434
7.367493
7.619084
6.395997
5.388022
5.704523
7.039727
7.515551
6.230772
5.362809
5.877257
7.211925
7.549883
6.374002
5.466879
5.948604
7.287026
7.718326
7.034362
5.324185
5.935193
7.247330
7.727445
6.031753
5.223334
5.937875
7.612647
7.895351
6.535471
5.642295
5.924464
7.379831
7.804693
6.709279
5.493701
6.062866
7.450641
7.754804
6.505967
5.571485
6.465734
7.664681
8.176984
6.865920
5.062938
5.771578
7.351936
7.757486
6.568731
5.192757
5.831123
7.302583
7.638932
6.417454
5.487264
6.076277
7.318140
7.747830
6.580533
5.289317
5.803228
7.482828
8.182884
6.755949
5.670727
6.115438
7.364810
7.839025
6.732882
6.019414
6.352008
7.521988
7.835806
6.586433
5.577386
6.063403
7.324041
7.660926
6.487728
5.377830
6.114365
7.116438
7.641078
6.654025
5.658925
6.560684
7.660926
7.766069
7.002176
5.860091
6.205023
7.281662
7.399143
6.911517
5.797863
5.781770
7.532717
8.257986
6.921173
5.945921
6.278516
7.471562
7.907153
7.056356
5.666972
5.981863
7.297755
7.451714
6.624521
5.532861
5.627275
6.914199
7.362665
6.345571
5.077959
5.441666
6.782771
7.268787
6.077350
4.926682
5.223334
6.598772
7.018806
5.834342
4.674554
5.041481
6.687284
7.242502
5.985618
4.871428
5.317748
6.696940
7.549883
6.411017
5.320430
5.686820
7.132531
7.564367
6.410480
5.505503
5.734563
7.129849
7.410408
6.417991
5.712033
5.901397
6.895960
7.221044
6.260813
4.899323
5.378902
6.870211
7.552029
6.377221
5.184174
5.520523
7.023633
7.494093
6.144405
4.698158
5.132676
6.651343
7.627131
6.331087
4.833878
5.135358
6.846608
7.493020
6.130458
4.935802
5.393923
6.964088
7.606209
6.704987
5.575777
5.920172
7.085324
7.487656
6.168009
5.237282
5.458296
6.866456
7.599236
6.584288
5.514086
5.618155
6.329478
6.781162
6.269933
5.634249
5.509794
6.745220
7.649125
6.792427
5.553782
5.406797
6.470026
7.024170
6.333233
5.017877
5.120874
6.834806
7.533790
6.730200
4.890740
4.841388
6.593944
7.527889
6.443740
5.133212
5.267323
7.036508
7.343353
6.430329
5.347789
5.444348
6.831051
7.592798
6.722153
5.766213
5.462587
6.470026
7.261277
6.186248
4.900933
5.126238
6.633640
7.376612
6.491483
5.256594
5.208314
6.601454
7.462443
6.556929
5.123020
5.023242
6.852509
7.429183
6.242038
5.257667
5.179883
6.597699
7.533790
6.380440
5.022705
4.956186
6.656171
7.679702
6.812275
5.305410
5.736173
6.876648
7.540227
6.886304
5.565048
5.698622
6.920100
7.891596
6.623448
5.205095
5.206705
6.610573
8.006931
6.868065
5.569876
5.421281
6.825686
7.314921
6.799401
5.611718
5.516768
6.920100
7.964552
6.799401
5.296290
5.080641
6.605745
7.556857
7.169009
5.291999
5.263031
6.834270
7.789672
6.849826
5.506576
5.411625
6.572486
7.342816
6.566585
5.084932
5.003930
6.254376
7.250548
6.816031
5.415917
5.279124
6.886841
7.761777
7.172764
5.523205
5.097270
6.593407
7.609964
6.860555
5.497456
5.309701
6.793500
7.533253
6.586970
5.367101
4.531324
5.956114
7.315458
6.782771
5.334378
4.915417
5.953968
7.503749
7.112683
5.711496
5.548954
6.086470
7.007540
6.569267
5.465806
4.912198
6.471098
7.101418
6.471635
5.121947
4.846216
6.151379
7.565976
7.236064
5.354226
4.984618
6.147088
7.450641
6.578387
5.089224
4.440666
5.728126
6.742002
5.952359
4.902542
4.698158
5.576849
6.411553
6.302656
5.025924
4.437984
5.496383
6.644369
6.377758
5.003930
4.616619
5.665362
7.060648
6.578387
4.858554
4.697085
5.990983
6.767751
6.592334
5.632103
4.903079
5.863309
6.532253
6.362737
5.741001
4.656315
5.469025
7.085324
6.839097
4.991055
4.425109
5.827904
7.136823
6.532789
5.293608
4.424572
5.827904
7.273615
6.246329
5.076886
5.016268
5.775869
6.716789
6.404043
5.113900
5.447567
6.165327
7.305265
6.434084
5.176127
5.009294
6.413163
7.259668
6.931365
5.191684
4.634321
6.093443
6.920637
6.305874
5.274833
4.712105
6.119729
7.124485
6.306411
5.070985
4.653097
6.472171
7.406653
6.613792
5.112291
4.926682
5.987227
6.930293
6.503285
4.950285
4.720152
5.877793
7.226945
6.724299
5.302191
4.774333
5.879939
6.920100
6.872357
5.252302
4.491091
5.685211
6.809057
6.581605
5.206705
4.569412
5.470098
7.044018
6.663145
5.198658
4.788280
6.122411
7.295073
6.833733
5.147160
4.387022
5.779624
7.056356
6.953896
5.366028
5.226017
6.263495
7.640542
7.044555
5.267323
4.846752
5.695940
7.225872
6.850899
5.633712
5.053819
5.583287
6.711424
7.139505
5.279661
4.649878
5.702913
7.418455
7.000030
5.662680
5.129457
6.315530
7.015050
6.622375
5.300582
4.863382
5.492628
6.051064
6.601454
6.140650
5.951286
7.172764
8.819640
8.967698
8.016051
7.890523
9.687067
11.275472
11.786700
10.813595
10.681094
12.136461
13.298931
13.548376
12.490513
11.800648
12.691142
14.182987
13.831617
12.582781
12.326899
13.469519
14.496805
14.207663
12.800039
12.123587
13.256016
14.625015
14.547231
13.070406
12.425604
13.521554
14.857294
14.577808
12.779119
12.111785
13.356330
14.610531
14.569225
13.038219
12.782337
13.847174
15.218319
14.745714
13.240995
12.774827
13.845028
15.159847
15.124442
13.883652
13.261379
14.332654
15.494051
15.274109
13.879897
13.332726
14.405610
15.580954
15.386763
14.057996
13.214172
13.980211
15.203835
15.317024
14.008106
13.010324
13.939442
15.114250
15.393200
14.211954
13.100447
13.768317
15.153410
15.371205
14.001669
13.361694
14.370205
15.797676
15.637817
13.976457
13.239922
14.148118
15.214027
14.942052
13.672831
12.953463
13.645472
14.823498
15.165212
13.756516
12.941124
13.895990
15.273037
15.394809
13.843956
12.465837
13.754370
14.678659
14.807405
13.455572
12.470128
13.471664
14.796677
14.635744
13.175013
12.378933
13.374033
14.550449
14.444234
13.256552
12.416484
13.206126
14.312805
14.532747
13.341846
12.254478
13.235094
14.537039
14.821352
13.407291
12.500706
13.260843
14.508607
14.584246
13.333799
12.356402
13.441624
14.648082
14.890553
13.426067
12.664856
13.355257
14.422776
14.811160
13.796749
12.688459
13.503851
14.953318
14.964046
13.515117
12.533964
13.100447
14.441551
14.787020
13.821424
12.795748
13.366522
14.711382
14.753761
13.501169
12.906256
13.532820
14.758589
14.928104
13.920130
12.665930
13.705017
15.057923
14.968874
13.490440
12.852075
13.236167
14.547231
14.853003
13.751151
12.905719
13.447525
14.493587
14.856221
13.541939
12.767853
13.654592
15.035393
14.851930
13.600410
12.632669
13.410511
14.993550
15.392126
14.154018
12.935760
13.359013
14.341774
14.642181
13.541939
12.567760
12.955071
14.334263
14.868559
13.619722
12.763561
13.313951
14.671148
14.895382
14.091791
13.132633
13.287128
14.440479
14.819743
13.716282
12.783947
13.629915
14.918985
14.996233
13.647081
12.257160
13.293566
14.609995
14.957609
13.821961
12.604239
13.369205
14.558496
14.783265
13.938906
13.015153
13.149799
14.802040
15.405538
14.042975
12.840273
13.338091
14.560105
15.251042
14.131489
12.860121
13.308050
14.483395
15.117468
14.057996
12.801649
13.135316
14.575663
14.955463
14.082672
12.964191
13.330044
14.579954
15.139999
13.923885
12.975456
13.313415
15.164675
15.322390
13.847174
12.562933
13.300003
14.795603
15.481712
14.200689
13.179304
13.853611
14.778974
15.327753
14.064433
13.026419
13.391199
14.770391
15.576662
14.059069
13.129416
13.710918
14.936152
15.207590
14.056387
12.949707
13.667466
14.990332
15.031101
14.026346
12.808086
13.400854
14.969947
15.594365
14.297785
13.063969
13.275864
14.661493
15.305223
14.191033
13.033928
13.355257
14.724257
15.389980
14.057459
12.795212
13.352575
14.579417
15.340628
14.424385
13.317706
13.781729
15.215101
15.657129
14.390053
13.333799
13.742568
14.901282
15.363159
14.463546
13.401391
13.367059
14.523627
16.014399
14.721575
12.843492
13.167502
14.697434
15.685024
14.338018
13.258698
13.496878
14.810087
15.526237
14.606775
13.448598
13.524237
14.729084
15.454353
14.737667
13.775291
13.788702
15.111031
15.974166
14.700653
13.395491
13.605239
14.880898
15.682342
14.661493
13.434650
13.457181
14.998379
15.852394
14.721575
13.454498
13.552668
14.795067
15.554668
14.536502
13.403000
13.452889
14.530602
15.335800
14.132025
12.962046
13.036074
14.316025
15.262308
14.236631
13.109567
13.170185
14.344456
14.910938
14.026882
12.970629
13.095619
14.133098
14.600875
13.681414
12.939514
13.128342
14.318171
15.069189
14.005424
12.877824
12.903573
14.131489
15.069189
14.493050
12.764098
12.774827
14.250578
14.745714
13.914766
12.856366
12.970092
14.327826
15.255334
14.220001
12.933077
13.015690
14.336946
14.966192
14.317097
13.087036
12.703480
14.205517
15.337410
14.111640
13.134779
12.923422
13.988258
14.788630
13.924958
12.898745
13.046803
14.441551
15.553059
14.804186
13.310196
13.025882
14.433505
15.723648
14.482858
13.067724
13.202372
14.740887
15.513363
14.589073
13.367596
13.002278
14.293493
15.134098
14.389517
13.347210
13.122978
14.185669
15.123369
14.318171
13.167502
13.316097
14.390053
15.365305
14.644327
13.193252
13.226511
14.658811
15.405538
14.363232
13.416948
13.465764
14.675440
15.273037
14.402391
13.504925
13.009253
14.501633
15.372278
14.495732
13.352038
13.258162
14.546158
15.513899
14.625015
13.223292
13.311269
14.681877
15.480639
14.858367
13.946416
13.530137
14.552595
15.492977
14.673831
13.324680
13.079526
14.463009
15.483322
14.598729
13.474347
13.255479
14.510216
15.347065
14.635744
13.667466
13.513508
14.371815
15.344383
14.647009
13.587536
13.210955
14.460863
15.424313
14.820816
13.511898
12.993158
14.528456
15.517118
14.721038
13.292494
13.203980
14.610531
15.605631
14.999451
13.618114
13.157846
14.429750
15.487614
14.840128
13.587536
13.100447
14.561714
15.557350
14.755370
13.678732
13.376715
14.570297
15.501560
14.879825
13.716819
13.578953
14.898600
15.587928
15.048267
13.620259
13.374569
14.306368
15.208664
14.924349
13.558569
13.263525
14.431896
15.643718
15.108885
13.953926
13.412120
14.548304
15.635135
15.069725
13.680341
13.808550
14.531673
15.787484
15.377643
13.795675
13.474347
14.510216
15.566470
15.487614
13.828399
13.305904
14.595510
15.610458
15.152874
13.979675
13.569298
14.516653
15.561642
15.246214
13.882043
13.411583
14.438869
15.409829
15.283766
13.943733
13.543012
14.991405
16.045513
15.547695
14.454963
13.667466
14.238777
15.337410
15.389980
14.009716
13.264062
14.690460
15.498343
15.400173
14.064970
13.646545
14.286520
15.386763
14.953854
13.841810
13.332190
14.721575
15.824499
14.999451
13.870777
13.343455
14.444234
15.833618
15.503706
13.913692
13.422312
14.556887
15.591146
15.092793
14.198544
13.364376
14.350357
15.460255
15.291275
14.039757
13.453962
14.575663
16.123297
15.391054
13.928177
13.289274
14.404001
15.333654
15.029491
13.625088
12.832226
13.865950
14.933469
14.633598
13.393881
12.932005
13.627234
14.690997
14.343383
13.385834
13.033392
14.037075
14.669003
14.209272
13.236167
12.786093
13.885798
15.026274
14.900745
13.118150
12.489977
13.895454
15.215637
14.881433
13.491513
12.931468
13.755980
15.001596
14.748396
13.287128
12.678804
13.410511
14.990332
14.993013
12.969555
12.426140
13.780119
15.017154
14.768782
13.187351
12.411119
13.398708
14.642717
14.646473
13.390662
12.834908
14.098228
15.142145
14.810623
13.532820
12.498560
13.663175
14.680805
14.971020
13.717356
12.496950
13.348284
14.689924
14.748933
13.685705
13.489367
14.078917
15.113713
14.790775
13.462009
13.082745
13.871314
14.757516
14.637890
13.602556
12.765171
13.588610
14.768782
14.752687
14.118614
13.208272
13.867559
15.032711
14.858367
13.848783
13.297857
14.282228
15.233876
14.743032
13.466837
12.966873
13.577881
14.721575
14.807941
13.751151
13.525309
13.720037
14.755907
15.065434
13.784410
13.053240
14.026346
15.050413
14.959755
13.994696
13.448061
14.562251
14.994087
15.185596
13.828399
13.080063
13.876678
15.161457
15.216173
14.001669
13.032856
13.829472
15.339019
14.969947
13.731302
12.724937
13.731839
14.805260
15.118542
13.832153
12.788239
13.868631
15.165749
15.224756
13.867023
13.128342
13.973774
15.224756
15.371205
14.325144
12.889090
13.548912
15.107813
15.347065
13.761880
13.254406
14.296176
15.062752
15.237631
14.108957
13.050022
13.855757
15.207590
15.252651
13.768317
13.021053
13.866486
15.384617
15.807869
14.019909
13.087572
13.943733
15.184524
15.281620
14.153482
12.922348
13.858439
15.121759
15.276792
14.811697
13.711990
13.066651
14.347137
14.127733
12.533964
11.272789
11.632205
12.523235
12.316170
10.647834
9.076060
9.527207
10.501386
10.394633
9.260596
7.844389
8.124412
9.459079
9.822787
8.786918
7.710815
7.983864
9.252549
9.911300
9.207488
7.855655
8.407117
9.507895
9.428502
8.363129
7.727982
8.720399
10.091008
10.221363
8.873821
7.780553
8.192004
9.210170
9.441913
8.305730
7.336379
7.919491
9.055675
9.447814
8.246720
7.084251
7.587434
8.870067
9.195149
8.233310
7.363738
7.680238
9.044946
9.797038
8.343817
7.248939
7.841707
9.078742
9.468736
8.343280
6.798864
7.538618
9.063186
9.570123
8.293927
7.137896
7.295073
8.918882
9.548665
7.922710
6.899715
7.516623
8.932294
9.366275
8.101345
7.208706
7.876576
8.771361
9.592116
8.457542
7.341207
7.979036
8.787454
9.388268
8.563758
7.513405
7.862092
8.925857
9.242356
8.063258
7.220508
7.764460
8.786382
9.378613
8.192004
7.288099
7.812203
9.085179
9.408654
8.046628
6.923855
7.160963
8.418919
9.014369
7.779480
6.648661
7.187785
8.150698
8.477927
7.552029
6.643296
7.000030
8.270861
8.387269
7.439376
6.507040
6.514014
7.957042
8.504749
7.537545
6.390632
6.724835
7.619620
8.505822
7.373930
6.387950
6.643296
8.013906
8.491338
7.436157
6.301046
6.975890
7.932902
8.264960
7.313312
6.525279
6.895960
8.007468
8.491338
7.423283
6.524206
6.966771
8.175374
8.625449
7.446350
6.759168
7.052601
8.287490
8.776725
7.498384
6.221653
6.443203
7.898570
8.408190
7.584752
6.434084
6.808520
8.082033
8.688212
7.686676
6.397606
6.811203
7.962407
8.756877
7.969380
6.722690
6.588043
7.751585
8.586288
7.535399
6.427110
6.801010
7.965089
8.636178
7.703842
6.573022
6.803692
7.922174
8.439839
7.904471
7.034899
7.218362
8.395852
8.716643
7.858337
6.783844
6.613256
7.890523
8.825006
7.899643
6.626130
6.712497
8.135140
8.712889
7.593871
6.673337
6.765605
8.096517
8.683921
7.638396
6.201805
6.635250
8.271398
8.789599
7.883550
6.892742
6.709815
8.055747
8.812667
7.796110
6.709279
6.763996
8.129240
8.960189
7.841707
6.409944
6.677092
8.084716
8.697331
7.848145
6.898106
6.680311
7.980646
8.775653
7.864238
6.665827
6.849826
8.054675
8.797111
7.991911
6.799937
6.652952
8.175374
9.008468
8.051992
6.906153
6.816567
7.918418
8.786382
7.559002
6.183029
6.367029
7.778407
8.591117
7.521988
6.211461
6.462515
7.908226
8.610429
7.833661
6.856264
6.815494
7.996202
8.750440
8.052529
6.710351
6.492020
7.687748
8.672119
7.913590
6.605745
6.589652
7.587970
8.572877
7.705451
6.495238
6.483437
7.769288
8.649053
7.852436
6.961943
6.740929
7.704915
8.570195
7.980646
6.761313
6.320895
7.656098
8.809448
8.200587
6.972672
6.661535
7.812739
8.492412
8.148015
6.994666
6.450177
7.527889
8.886696
8.143723
6.934048
6.680847
8.113683
8.858801
7.726909
6.657780
6.801547
8.244039
8.816958
8.014977
7.118047
6.934584
8.241893
9.074986
8.323432
7.009686
6.866992
7.818104
8.897425
8.264423
7.149161
6.253303
7.568122
8.882941
8.274079
6.915272
6.806911
7.861019
8.698941
8.268715
6.670118
6.656707
7.820786
8.601309
7.967235
6.675483
6.703914
8.023025
8.583606
8.084179
6.919027
6.591798
7.783235
8.764387
8.051992
6.966234
6.958724
8.072913
8.950532
8.489729
7.195831
6.423892
7.602454
8.887769
8.185030
7.030607
7.003785
8.044482
8.900107
8.213462
7.032217
6.755413
7.946313
8.944632
8.498849
7.398070
7.000566
8.013906
9.093762
8.622766
7.096053
6.305338
7.641078
9.252549
8.320750
6.851972
6.326259
7.655562
8.403361
7.898034
6.975354
6.301583
7.167400
8.026780
7.556320
6.482364
5.749047
7.123412
8.265496
7.724226
6.382586
5.955041
7.288099
8.036435
7.906617
6.509186
6.328941
7.068695
8.156598
7.523061
5.999029
6.056965
7.260204
8.062721
7.721008
6.642223
6.062866
7.356764
8.362592
8.120120
6.755413
6.527961
7.862092
8.613111
7.980646
6.876112
6.074668
7.039727
7.603527
7.614256
6.326796
5.815566
6.983937
7.907153
7.388414
6.568731
6.303729
6.695331
7.952751
7.827223
6.467880
5.957187
7.019342
8.105100
7.698477
6.707133
5.944312
6.759704
7.973135
7.797719
6.414772
5.916417
7.013441
8.060575
7.951678
6.639005
5.968988
7.120193
7.936121
7.661999
6.546200
6.236673
6.980718
8.211852
8.139432
6.443203
5.882085
6.844462
8.304656
8.213462
6.545127
5.790890
6.944240
8.203269
8.056284
6.687284
6.326259
7.267178
8.347035
8.051455
6.337524
6.141723
7.452250
8.554102
8.175374
6.663145
6.135822
7.030607
8.419991
8.202733
6.804765
6.323577
7.405044
8.306802
8.109928
6.924392
6.368102
7.162035
8.492948
8.303047
7.098735
6.048919
6.988228
8.196832
8.230091
6.731273
6.003321
6.999494
8.153916
7.666291
6.600381
6.346107
6.943167
8.044482
8.112611
7.097126
6.096126
6.905616
8.376540
8.409799
6.503821
5.293072
6.621302
8.157135
9.212316
8.323968
7.591725
8.578242
9.648443
9.729445
9.370566
9.021879
9.679021
11.140288
11.576951
10.683240
10.253550
11.140824
12.391272
12.554350
11.459471
10.976136
12.084427
13.072552
12.871387
11.749686
11.225582
11.995913
13.261379
13.274791
12.187424
11.456252
12.508752
13.492050
13.752224
12.385370
11.615575
12.858512
13.588610
13.945879
12.876215
11.703015
12.347282
13.731839
13.797821
12.794139
11.852146
12.828471
14.350357
14.146509
12.801113
12.042583
12.803795
13.972702
13.847174
12.878361
12.237312
12.996378
13.930323
14.164211
12.682022
12.174549
12.889090
13.915838
13.865950
13.065042
11.881114
12.316170
13.905646
14.326754
13.247969
12.428286
12.828471
14.141681
14.563324
13.480247
12.623014
13.656737
14.693680
14.608921
13.586464
12.833300
13.346138
14.550449
14.622869
13.302686
12.711527
13.571444
14.432432
14.787020
13.502242
12.516262
13.412657
14.530602
14.914694
13.677658
12.634279
13.509216
14.918985
14.937760
13.601484
12.656273
13.392808
14.577808
14.939369
13.870777
12.848320
13.536037
14.840128
14.944198
13.772072
12.495877
13.454498
14.901819
14.755907
13.560715
12.649836
13.503851
14.494659
14.588000
13.499023
12.476565
13.306977
14.444234
14.657738
13.358476
12.415411
13.341846
14.414193
14.448525
13.083281
12.257160
12.938978
13.800504
14.279547
12.937905
11.902036
12.861195
14.198008
14.338018
13.150336
12.170794
13.167502
14.733912
14.871778
13.416948
12.565079
12.938442
14.042439
14.376106
13.337018
12.444916
13.131024
14.590146
14.783265
13.566078
12.642862
13.222755
14.206591
14.254333
13.916375
12.884798
13.134243
14.471056
14.693680
13.161065
12.491586
12.877287
14.336946
14.794531
13.489904
12.431504
13.216855
14.371815
14.937760
13.788166
12.612286
13.095083
14.265598
14.509680
13.703944
12.163283
12.603166
14.083745
14.837446
13.902964
12.540938
13.212027
14.464619
14.637890
13.395491
12.190105
12.970629
14.619650
15.340092
13.895454
12.158455
12.731912
13.945343
14.487149
13.729693
12.782337
12.892844
14.046194
14.759662
13.568224
12.717428
13.199689
14.459791
15.086891
13.929250
12.467982
13.180377
14.287056
14.685633
13.359549
12.564542
13.068797
14.300467
14.956535
13.825716
12.810768
13.244750
14.791311
15.237631
13.726475
12.517335
12.992086
14.320852
15.033783
14.176013
13.121904
13.240995
14.225366
14.783802
13.902428
12.554886
13.314487
14.201225
14.885725
13.862194
12.681486
12.962046
14.429214
15.020908
14.063360
12.758198
13.242604
14.304759
14.989796
14.172794
12.907328
12.939514
14.053704
14.957609
13.993086
12.752832
12.925568
14.235558
15.212955
13.835909
12.670757
13.008179
14.284374
14.996233
13.931932
13.028028
13.363304
14.202835
15.129271
14.239849
12.962046
13.171257
14.465692
15.057386
13.891699
12.641253
12.682022
14.101448
14.898600
14.238240
13.144972
13.053240
14.353575
14.881970
14.063896
13.090255
13.283911
14.413120
15.060069
13.840200
12.867095
13.127806
14.119686
14.847101
13.795139
13.105812
13.254406
14.265062
15.073481
14.606239
13.455035
13.218464
14.528992
15.363695
14.609458
12.996914
13.360621
14.516117
15.217783
14.242532
13.144972
13.216855
14.684560
15.234413
14.334800
13.441088
13.279082
14.670076
15.031101
14.040293
12.932005
13.084354
14.232340
15.827717
14.391663
13.072016
13.368668
14.508070
14.668467
13.641180
12.801649
13.041975
14.073553
15.115859
14.274181
12.876215
12.849929
14.029564
14.895918
13.983967
13.023736
13.099375
14.299395
15.116396
14.356257
13.167502
13.073626
14.226439
15.038611
14.191570
13.327362
13.250114
14.501097
15.181841
14.445307
12.825253
13.043048
14.158847
14.979603
14.283301
13.207735
13.107958
14.717819
15.255871
14.185133
13.077917
13.342918
14.535429
15.124442
14.367523
13.373496
13.026955
14.197471
15.379251
14.739813
13.131561
13.025345
14.144899
14.766099
14.369669
12.896599
12.688459
13.817670
14.585855
13.988258
13.118687
12.922348
14.214100
14.705481
13.950171
12.949707
12.597801
13.459864
14.342310
13.621868
12.607457
12.453499
13.533892
14.410439
13.321461
12.535038
12.713673
13.658346
14.523627
13.587536
12.431504
12.515726
13.549986
14.281156
13.737204
12.607994
12.290421
13.522627
14.263989
13.933541
12.709381
12.512506
13.341846
14.441551
13.695361
12.430967
12.198689
13.452889
14.486612
13.959827
12.148800
12.152555
13.238850
14.272573
13.828399
12.943806
12.172403
13.428213
14.497878
13.707699
12.567760
12.338699
13.512971
14.555277
14.075162
13.051631
12.772681
13.893309
14.785411
14.124515
12.902500
12.665393
13.676049
14.633061
14.302613
13.250650
12.463154
13.868631
15.032711
14.294030
13.190033
12.756052
13.834836
14.951708
14.187279
12.960972
12.521090
13.750614
14.980676
14.139535
12.771608
12.439014
13.529600
14.307978
14.079453
13.125660
12.460472
13.317706
14.553668
13.953390
12.755515
12.539865
13.450744
14.447453
14.088573
13.037148
12.893381
13.743641
14.781656
14.284910
13.323071
12.559713
13.659956
14.866413
15.038611
13.816597
12.677195
13.353647
14.503778
13.424458
12.093010
12.024345
12.289347
13.494732
12.882115
11.592508
11.463225
12.443306
13.139071
12.808086
11.692822
10.985256
12.427750
13.443233
13.002815
11.814059
11.374713
12.253406
13.102057
13.171794
11.795819
11.215390
12.356939
13.342382
13.041975
11.851609
11.099519
12.454035
13.597729
13.473810
12.059750
11.081816
12.348892
13.068797
12.690069
11.650981
11.086107
12.131634
13.075234
12.895527
11.734129
11.266889
11.919738
12.803795
12.783410
11.570514
10.865093
11.586071
13.216855
13.077917
11.722863
10.958434
12.191178
13.256016
12.778582
11.696042
10.818959
11.889161
13.297321
13.107421
12.043657
11.426211
12.180449
13.131024
12.722256
11.541547
10.833980
11.998058
13.200762
12.818815
11.590363
11.086644
12.143435
13.108494
12.881578
11.860729
10.701478
11.578025
13.013544
13.144436
11.764707
11.272789
12.141826
13.471128
13.077380
12.025954
11.214853
12.157383
13.473274
13.010324
11.805476
11.544765
12.489977
13.345064
12.891771
11.828543
10.970773
12.406828
13.571980
13.054850
11.535110
11.186421
11.898280
12.956680
12.716354
11.457862
11.585534
12.201907
13.099375
13.251187
11.699797
10.855437
11.855365
13.200762
13.068260
11.864484
10.949315
11.858047
12.999060
13.087036
11.874141
11.466981
12.200298
13.172867
12.898209
11.880041
10.860802
11.679948
13.103129
12.911083
11.930467
11.164964
11.778117
12.847783
13.019444
11.779727
10.706843
11.798502
13.121368
12.923422
11.663856
10.825397
11.846246
13.056995
12.989941
11.844100
11.059285
12.130560
13.394417
13.392808
11.869312
10.833980
11.971236
12.889090
12.970629
11.850537
11.272252
12.017908
13.413193
13.246896
12.077453
11.411727
12.418093
13.517262
13.453426
12.269499
11.591971
12.377323
13.720037
13.654055
12.182058
11.586071
12.686314
13.729156
13.783338
12.197616
10.958434
11.905253
13.267817
13.162138
11.966409
11.274398
12.149872
13.134243
13.061823
11.742712
11.039973
11.817277
12.807014
13.073089
11.830152
10.825933
11.445523
12.830617
12.844564
11.512578
10.741176
11.475028
12.524845
12.890162
11.537791
10.504067
11.400998
12.452962
12.511971
11.307121
10.736884
11.441768
12.327971
12.593510
11.944414
11.186421
11.611820
12.953463
13.108494
11.978209
10.740639
11.316777
12.746395
12.981894
11.793674
11.015834
11.709989
12.319924
12.475492
11.571051
10.569514
11.111320
12.373569
12.671830
11.819423
10.333480
10.353864
11.794747
12.481930
11.526526
10.306657
11.108638
12.356402
12.496950
11.383832
10.425211
10.655345
11.965335
12.406828
11.313022
10.381759
11.147798
12.080135
12.141289
11.178912
10.647834
11.126340
12.142363
12.390198
11.479320
10.550738
10.968627
12.319924
13.055923
11.574269
10.534645
11.237920
12.439014
12.521090
11.189641
10.405899
11.288882
12.449207
12.584927
11.145116
10.357619
10.956288
12.208344
12.757124
11.895598
10.496021
10.869385
12.224438
12.745323
11.712134
10.594190
11.038363
12.406828
12.852612
11.653663
10.815741
11.316241
12.326899
12.573125
11.583388
10.695578
11.020661
12.538793
13.109567
11.708917
10.592044
11.226119
12.574734
12.636425
11.519552
10.980428
11.284591
12.229802
12.489440
11.915446
11.061431
11.199833
12.109639
12.808622
11.495412
10.572732
11.427284
12.677195
13.025345
11.596263
10.828615
11.001349
12.406292
12.955071
11.900962
10.765315
10.943950
12.278082
12.896599
12.074770
10.850073
11.145116
12.202444
12.807014
11.879504
10.970773
11.014760
12.180449
12.739958
11.586071
11.104882
11.553885
12.414875
12.744786
11.756124
10.815741
11.123658
12.235703
12.810768
11.830152
10.810912
10.942878
12.203516
12.629452
11.839808
10.609747
10.844172
12.498023
13.233484
12.152555
10.904790
11.258306
12.561323
13.045731
11.932612
10.911227
10.954679
12.215855
12.816133
12.235703
11.006714
11.306584
12.456181
12.899818
11.909545
10.913909
11.093081
12.113394
12.690069
11.786164
10.883868
11.060895
11.977674
12.828471
12.219610
11.046411
11.286201
12.373569
12.911619
11.983038
11.035146
11.235774
12.488903
12.970629
11.887015
10.852756
10.922492
12.109639
12.919666
11.802794
10.882259
10.838807
12.212636
13.040902
11.956216
10.725081
10.988475
12.444916
12.551667
11.698724
10.975064
11.508823
12.577416
12.887480
12.136461
11.087716
10.857047
12.232485
13.208809
12.329044
11.002959
10.997058
12.141826
13.084354
12.015225
11.015297
11.076987
12.158992
12.503923
11.706234
11.068941
11.527062
12.584391
12.900354
12.390735
11.162818
11.095227
12.319387
12.960972
12.162746
10.968090
11.280299
12.324216
12.680950
12.133780
11.206807
11.223973
12.186887
12.997987
12.355865
11.293710
11.153163
12.211563
13.023736
12.132170
10.886014
10.807158
11.797965
12.604239
11.715354
10.575952
10.656954
11.874141
12.835981
11.907936
10.745467
10.908009
12.045803
12.589218
11.954070
10.499240
10.044337
11.302293
12.307587
11.450888
10.528745
10.457397
11.277081
12.319387
11.786700
10.405362
10.159673
11.226119
12.268426
11.568905
10.673047
10.706306
11.435867
12.360694
11.658490
10.325969
10.469199
11.649371
12.822571
11.787236
10.540009
10.029317
10.979892
12.763561
12.734594
11.413337
11.379540
13.062897
14.272573
13.567152
12.849392
12.942197
14.457645
15.464546
14.779510
13.235094
13.088646
14.199080
15.063824
14.504852
13.506534
13.343455
14.596046
15.512289
14.888408
13.675512
13.519408
14.349283
15.099766
14.741959
13.583244
13.191643
14.215710
15.152337
14.673831
13.538183
13.394954
14.471592
15.354576
14.893772
13.510825
13.430895
14.598192
15.380325
14.833155
13.801577
13.151945
14.058533
15.319707
14.764490
13.390125
13.236704
14.217855
15.336336
14.635207
13.676049
13.558569
14.756979
15.456499
14.864267
13.797821
13.558032
14.537039
15.299322
14.905574
13.863804
13.418020
14.311196
15.409829
14.888408
13.608458
13.072016
14.362695
15.525701
15.217783
14.149727
13.817670
14.636816
15.619041
15.125515
13.795139
13.514580
14.550449
15.363159
15.069725
13.832690
13.435723
14.474275
15.518190
14.936152
13.815524
13.461473
14.871778
15.866341
15.174868
13.930323
13.522627
14.747324
15.941442
15.392663
14.110567
13.928713
14.755370
15.846493
15.129271
13.941587
13.595583
14.590146
15.679659
15.212419
14.020445
13.497951
14.583709
15.843811
15.211346
14.015080
13.701798
14.596046
15.640499
15.028419
14.174404
13.825180
14.433505
15.467765
15.490295
14.372351
13.701262
14.555814
15.633526
15.447380
14.490904
13.689461
14.605166
15.678050
15.331509
14.033319
13.674440
14.504852
15.757443
15.671076
14.401855
13.878288
14.834227
15.832008
15.754225
14.392199
13.958754
14.774145
15.576662
15.365305
14.327290
13.826790
14.979603
15.762808
15.454890
14.155628
13.607385
14.483395
15.563787
15.343847
14.413656
13.755443
14.747860
15.752615
15.534821
14.311196
13.563396
14.730158
15.894236
15.576126
14.480712
13.493659
14.581026
15.762272
15.416803
14.191570
13.917448
14.630379
15.748860
15.630843
14.363232
13.592364
14.408293
15.783730
15.577736
14.541866
13.775291
14.508070
15.710237
15.563251
14.639499
13.958754
15.171649
16.407610
16.261698
14.716746
14.031174
14.950098
15.939297
16.046049
14.775219
14.048876
15.086891
16.620579
16.208591
14.848711
14.092328
14.885189
15.998306
15.749933
14.532210
14.233949
14.538111
15.576662
15.652301
14.506461
13.810160
14.343920
15.917303
16.186598
14.787557
14.156164
14.796677
15.990259
16.073408
14.643790
13.783875
14.452280
15.561106
15.796067
14.638426
14.008106
14.698507
15.527846
15.793921
14.771999
14.099302
14.995159
15.976849
15.869560
14.695826
13.751151
14.459791
15.901747
15.380325
14.446917
13.533892
14.218391
15.509071
15.519263
14.179768
13.420703
14.194788
15.024128
15.041830
14.228048
13.390125
14.226439
15.184524
14.971020
14.021518
13.550522
14.281693
14.987113
14.828863
13.817133
13.369741
14.022055
14.905037
15.335264
14.056923
13.206663
13.869168
15.256943
15.297176
14.098228
13.232948
14.294030
15.350285
15.451136
14.417948
13.397636
14.203908
15.672686
15.523018
14.196398
13.522627
14.087500
15.133562
15.266600
14.332654
13.376715
13.943733
15.128197
15.218856
13.991477
13.028028
13.735058
14.703335
15.255334
14.055313
13.344528
14.149727
15.020372
15.126588
13.916912
13.312878
14.149727
15.271427
15.252651
13.991477
13.539257
13.925495
14.897528
15.150728
14.319242
13.157310
13.981821
15.340092
15.226902
14.213564
13.031782
13.801577
15.151264
15.784266
14.301004
13.293566
13.744177
15.041294
15.447380
14.281693
13.401928
13.996305
15.001060
14.849247
14.339628
13.415874
13.954999
15.200081
15.420558
14.263989
13.534966
14.040293
15.161993
15.615286
14.415802
13.191106
13.805332
15.205981
15.432896
14.415802
13.577344
13.820353
14.942589
15.384617
14.401319
13.446452
14.018299
15.063288
15.727403
14.620724
13.519945
14.120760
15.339556
15.709164
14.649691
13.934614
14.346066
15.239777
15.734377
14.603558
13.750614
14.008106
15.411975
15.848103
14.758053
13.792458
14.135780
15.299858
15.936615
14.853003
13.720037
14.151873
15.158774
15.581491
14.521482
13.812841
14.162601
15.243532
15.684487
14.787557
13.636889
14.038684
15.360476
15.924276
14.861050
13.627234
14.193179
15.052559
15.609922
14.765026
13.730766
14.303150
15.262844
15.418949
14.636816
13.455035
13.663712
15.077235
15.348139
14.609458
13.822498
14.194252
15.512289
15.937688
14.651836
13.479176
13.641717
14.846565
15.638353
14.483931
13.498487
13.730766
15.130879
15.470448
14.406683
13.576271
13.938906
15.202763
15.813233
14.936687
13.739349
13.785483
15.070798
15.458109
15.060069
13.954999
14.068725
15.393736
15.602411
14.579417
13.973774
14.184059
15.202763
15.697362
14.870169
13.734522
13.931932
14.935615
15.499414
14.888408
13.547840
13.942124
14.893236
15.676441
14.892162
14.289202
14.347674
15.386226
15.828254
14.741959
13.873997
14.106276
15.054705
15.612068
14.709772
13.350965
13.643326
14.831009
15.593292
14.691534
13.685169
13.761343
14.971556
15.344919
14.466228
13.508142
13.865950
15.219929
15.840591
14.864804
13.575198
13.713600
14.760735
15.712919
14.836909
13.571444
13.908329
14.965118
15.655519
14.726402
13.780119
13.941587
14.920057
15.843811
15.264990
13.779046
13.842882
15.074553
15.782120
14.881433
13.780119
13.453426
14.699580
15.593828
15.059532
13.761343
13.678732
14.900745
15.821816
14.741959
13.673367
14.105203
14.922740
15.558424
14.908257
13.729693
14.059605
15.293421
16.122761
15.148582
14.010789
14.110031
14.722647
15.448990
15.264454
14.317097
13.855757
15.017691
16.186060
15.046658
13.788166
13.673367
14.659883
15.453817
14.670076
13.549449
13.320925
14.434578
15.028955
14.403464
13.284983
13.383688
14.533283
15.462400
14.576199
13.399782
13.353111
14.424922
15.215101
14.202835
13.442161
13.726475
14.520409
14.946880
14.498951
13.205053
13.008716
14.224293
15.136244
14.752151
13.539793
13.606848
14.523627
15.615286
15.319707
13.564469
12.988867
14.469446
15.575053
14.727475
13.548376
13.379396
14.261307
15.317561
14.697434
13.628842
13.485613
14.451744
15.222610
14.532210
13.642790
13.578953
14.725329
15.475811
14.573517
13.597193
13.603630
14.475883
15.521409
14.885725
13.753834
13.227584
14.477493
15.388371
14.625551
13.385834
13.359549
14.597120
15.349748
14.930786
13.605776
13.318779
14.809014
15.244605
14.641644
13.524237
13.390125
14.419022
15.313270
15.042903
13.921204
13.409974
14.408829
15.251579
14.640036
13.675512
13.513508
14.481785
15.395882
14.963510
13.811769
13.601484
14.611604
15.313807
14.677050
13.796212
13.640644
14.783802
15.525164
15.005888
13.917448
13.643326
14.477493
15.400173
14.829935
13.517799
13.179304
14.201762
15.020908
14.807405
13.693215
13.338627
14.178696
15.189888
14.603558
13.527991
13.658883
14.496805
15.521409
15.038611
13.826790
13.559105
14.887335
15.715601
15.196861
13.781192
13.581635
14.430822
15.404465
15.072944
13.869168
13.587536
14.500561
15.364231
14.893772
13.654592
13.632061
14.564934
15.151800
15.045049
14.238777
13.541403
14.523090
15.857758
15.392126
14.089109
13.847174
14.592829
15.723111
15.268745
14.047804
13.614359
14.907183
15.958073
15.602948
14.193179
13.699116
14.638426
15.683950
15.209736
14.131489
13.788702
14.929714
15.688779
15.368523
14.200153
13.420166
14.428141
15.530529
15.298786
13.952316
13.485613
14.671685
15.384080
15.049340
13.720037
13.240995
14.274181
15.157701
14.891626
13.687851
13.347210
14.584782
15.338482
15.008571
13.970556
13.554813
14.283838
15.635672
15.370668
13.792458
13.466837
14.741959
15.641572
15.127661
14.151873
13.512971
14.505924
15.777292
15.432896
14.036538
13.454498
14.338018
15.544476
15.441479
14.354112
13.784410
14.518263
15.579882
15.300932
14.106276
13.644936
14.651300
15.575590
14.751616
13.077917
12.620869
13.512434
14.757516
14.795603
13.647617
12.940588
13.928713
14.959755
14.766636
13.699653
13.020517
14.117004
15.130342
14.871778
13.767244
13.055923
14.143826
15.366377
15.797676
13.989868
12.186887
12.628378
13.287128
12.438478
10.758878
9.749294
10.291101
10.937512
10.126949
8.594335
7.852436
8.180202
9.005250
8.373321
7.416845
6.976963
7.795573
8.843781
8.630277
7.436694
7.004858
7.984401
8.679629
8.914591
8.194150
7.310093
7.692040
9.061040
9.287417
8.246720
7.458151
8.452178
9.341062
9.394170
8.289636
7.857800
8.346499
9.062649
9.303512
8.511187
7.445813
8.447351
9.398461
9.207488
8.546592
7.580997
7.887841
9.039582
9.019197
7.811666
7.048310
7.640005
8.646907
8.873284
7.547201
6.945313
8.122803
8.967162
8.763314
7.922174
7.149161
7.650198
8.622230
8.864701
7.683457
7.096590
7.811130
9.128095
9.043337
7.653953
7.064403
7.586897
8.690358
8.707524
7.511259
6.811739
7.551492
8.521915
8.673192
7.705987
7.061184
7.818640
9.191395
9.249867
7.837952
6.856264
7.667364
9.013833
9.204806
7.651807
6.969989
7.701159
8.489729
8.708597
7.970453
7.039190
7.606209
8.742929
8.671046
7.704915
6.826759
7.304193
8.783162
8.912445
7.545055
6.661535
7.706524
8.584680
8.638860
7.764460
6.865920
7.301510
8.770288
9.122730
7.603527
6.767751
7.522524
8.489192
8.881331
7.695795
6.807984
7.385195
8.513869
8.746684
7.682920
6.993056
7.340671
7.570268
7.559002
6.939412
6.004394
5.869747
6.790281
6.663145
5.547345
4.321039
5.038798
5.710423
5.556465
4.671872
3.599525
4.369319
5.507112
5.781770
4.963160
4.025460
4.754484
5.907298
6.361664
5.559683
4.829586
5.614400
6.827832
6.993056
6.530643
6.018342
6.378294
7.661999
7.657171
6.927074
6.373466
6.791354
7.409872
8.024634
6.857873
6.137968
6.955505
7.909299
8.561612
7.521451
6.533862
7.023097
8.059503
8.516551
7.651807
6.704451
7.233382
8.232237
8.760633
7.658244
7.096590
7.437767
8.508504
9.094298
7.880867
6.975890
7.336379
8.535863
8.849145
7.830442
6.871284
7.359446
8.567513
8.756341
7.785381
6.936730
7.644833
8.539082
8.924247
7.908762
7.034362
7.372857
8.707524
8.865775
7.891596
7.144869
7.340134
8.439839
8.910836
8.055211
7.239820
7.721544
8.351327
8.681239
8.000494
7.291854
7.739783
8.710743
9.059430
8.040727
6.953360
7.347108
8.323432
9.209634
8.068622
7.309557
7.707060
9.026171
9.303512
8.043946
7.399679
7.876040
8.657636
9.076060
8.290709
7.409872
7.568122
8.406581
8.791745
8.214534
7.667364
7.737101
8.728446
9.306193
8.568585
7.478000
7.616938
8.543373
9.311558
8.200050
7.307948
7.768751
8.672119
9.165109
8.546056
7.466198
7.422210
8.765996
9.287954
8.288564
7.396461
7.430793
8.469880
9.146871
8.425893
7.331551
7.501603
8.758487
9.309412
8.584680
7.501603
7.667900
8.630277
9.239675
8.363666
7.238210
7.407189
8.775116
9.566904
9.093226
7.814349
7.875503
8.786382
9.409726
8.652270
7.470490
8.001031
8.728982
9.244502
8.619548
7.636250
7.643224
8.830906
9.300829
8.575560
7.613719
7.659317
8.733274
9.452106
8.522452
7.466734
7.867456
8.679093
9.433330
8.752049
7.696332
7.615865
8.867384
9.228946
8.748294
7.802011
7.810594
8.682848
9.142579
8.782090
7.899643
7.834197
9.062649
9.285272
8.564294
7.732273
8.020343
9.185494
9.990693
9.203732
8.063258
7.881940
8.813203
9.474636
8.577168
7.967235
7.817031
8.727372
9.570659
8.534790
7.623375
7.533253
8.409263
9.301366
8.998276
7.749976
7.976354
9.200515
9.355546
8.299293
7.557930
7.325650
8.101882
9.336234
8.598626
7.630349
7.457615
8.230628
8.708060
8.016051
6.940485
6.820858
7.766605
8.671046
7.884623
6.858946
6.900788
7.612110
8.669436
7.804156
6.811739
6.844998
7.852973
8.802474
7.960797
6.755413
6.729663
7.980109
8.541227
7.962943
6.946386
6.687821
7.805766
8.635104
7.917346
6.828905
7.111073
8.402289
9.032071
8.556248
7.122875
6.967844
8.233310
9.351790
9.078742
7.675947
6.993593
7.936657
8.872748
7.989229
7.064403
6.947459
7.988692
9.062112
8.299829
7.019342
7.050992
7.740856
8.591653
8.318068
7.150234
7.164718
8.528890
8.938731
8.528890
7.517696
7.067085
8.128167
8.958579
8.543373
7.670582
7.259668
8.260132
9.155990
8.262278
7.300974
7.037045
7.892133
8.694114
8.361520
7.201196
6.850363
7.710815
8.643687
8.546592
7.530571
7.017196
7.751049
8.934440
8.765996
7.394851
7.105709
8.018733
8.901716
8.791209
7.561148
6.663145
7.655562
8.858801
8.410336
7.512868
7.155062
8.004249
9.361983
8.700551
7.460297
7.141651
8.091689
8.897425
8.195222
7.353009
7.089079
8.028926
8.762778
8.477391
7.335843
6.904543
8.072913
8.716107
8.374394
7.018269
6.797791
8.085788
9.138824
8.579851
7.458688
7.190467
7.902325
8.727372
8.673728
7.614256
7.177056
8.013369
8.788527
8.660317
7.648052
7.136823
8.438767
9.351254
8.761168
7.536472
7.336379
8.428039
9.221972
9.036363
7.979036
7.351399
8.245111
9.304048
8.757950
7.523061
7.361055
7.952214
8.567513
7.811666
6.568194
6.460906
6.865383
7.866920
7.606746
6.834806
6.056965
6.619156
7.446886
7.187785
6.091834
5.698622
7.022024
8.109928
7.940949
6.417991
5.855799
6.986083
8.192004
7.549346
6.552101
6.082715
6.819786
7.992447
7.752121
6.479681
5.899787
6.845535
7.914663
7.483364
6.310166
6.001712
7.120729
8.264960
7.730664
6.241501
5.797863
6.651879
7.707597
7.418455
6.301046
5.653561
6.327868
7.564367
7.542909
6.195904
5.640150
6.464661
7.438839
7.438303
6.463588
5.647660
6.442667
7.479609
7.254840
6.333769
5.643905
6.704987
7.690431
7.498921
6.458224
5.642295
6.616474
7.599772
7.466198
6.491483
5.265177
6.238283
7.431866
7.526816
6.763459
5.684138
6.186784
7.262887
7.453323
6.309629
5.731345
6.415308
7.460297
7.688821
6.320895
5.340815
6.075204
7.599236
7.441522
6.496848
5.655706
6.295682
7.507504
7.443667
6.347180
5.725980
6.297291
7.212461
7.108391
6.181420
5.767823
6.102026
7.326723
7.177056
6.168545
5.727053
6.379367
7.269324
7.575096
6.317140
5.572558
6.274761
7.422210
7.216216
6.076814
5.867601
6.360591
7.420600
7.439912
6.362737
5.635858
6.302119
7.360519
7.435621
6.308020
5.525887
6.881476
7.941485
7.532180
6.404043
5.767286
6.488801
7.575096
7.443131
6.306947
5.383194
5.929828
7.156135
7.186175
5.964697
5.261958
5.878866
6.994666
6.887377
5.570949
5.127311
5.960405
6.879331
6.693722
5.669117
5.218506
5.764068
6.715179
6.685675
5.451322
4.705668
5.885303
6.727518
6.500603
5.736709
5.145014
5.678237
6.442131
6.219507
5.719007
5.176664
5.577386
6.714107
7.111073
6.038190
5.224407
5.715251
6.666900
6.499530
5.277515
4.965842
5.659461
7.064939
7.053138
5.599916
4.675627
5.705059
6.869138
6.938339
6.127239
5.291462
5.644441
7.281662
7.301510
