4.904151
5.231381
4.483581
4.067839
4.127384
4.441202
4.762531
4.746974
3.934801
3.712714
4.415453
5.022169
4.475534
3.701449
3.706277
4.626811
5.243183
4.746438
3.931582
3.594697
4.342497
5.066693
4.738391
3.978253
3.842533
4.443884
4.886449
4.462660
3.983617
3.828049
4.414917
5.214215
4.697085
3.724516
3.567875
4.129529
4.759849
4.687965
4.145086
3.932655
4.517377
5.160571
4.749656
3.984690
3.933728
4.592479
5.195439
4.822076
4.149914
3.769577
4.400433
4.884840
4.750729
4.044235
3.891886
4.647196
5.267859
4.655242
3.648341
3.660679
4.462660
5.060256
4.722298
3.999174
3.464342
4.281343
4.413844
3.966988
3.979862
4.068912
4.761994
5.909980
5.591870
4.775405
5.041481
5.928755
6.993056
6.793500
5.952895
5.822540
6.675483
7.302583
7.046700
6.157280
5.946458
6.959797
7.609964
7.233382
6.519915
6.375612
6.798864
7.762850
7.652880
6.798864
6.426574
6.890059
7.954896
7.472635
6.615401
6.412090
7.468880
7.973135
7.496775
6.556929
6.564976
7.206560
8.139969
7.976354
6.860019
6.451250
7.170619
7.793427
7.607282
6.708742
6.297828
6.841780
7.869066
8.029998
7.408799
6.861092
7.504822
8.583606
7.970990
6.946386
6.654025
7.434011
8.063258
7.957042
7.605136
7.322968
7.935585
8.752585
8.296610
7.270933
7.406116
8.292318
8.823932
8.497775
7.579387
7.008613
7.998885
8.567513
8.534790
7.762314
7.695795
8.225800
8.796037
8.560002
7.894279
7.559002
8.047164
8.767070
8.598090
7.880331
7.434011
8.254767
8.837343
8.570195
7.726372
7.405580
8.117974
8.968772
8.921028
8.002640
7.589043
8.058967
9.077132
8.771361
8.067013
7.635714
8.209170
8.639396
8.704306
7.857800
7.402361
7.586897
8.614720
9.061576
8.444131
8.016587
8.829297
9.690286
9.198369
8.398534
8.216144
8.695186
9.442450
9.627522
8.630277
7.898570
8.793355
9.707452
9.410263
8.620084
8.121194
8.691431
9.448887
9.400071
8.393169
7.933975
8.534253
9.532035
9.485365
8.469880
8.036435
8.741857
9.164037
9.211244
8.725763
8.085788
8.580388
9.529353
9.148479
8.329333
7.796110
8.469344
9.013833
8.962871
8.348645
8.093835
8.346499
9.167254
9.226264
8.443059
8.016587
8.440913
9.477855
9.330333
8.331479
7.987083
8.512259
9.154917
9.417237
8.574487
8.116902
8.866847
9.674192
9.520770
8.283735
7.954896
8.844317
9.314776
9.151162
8.456470
7.953287
8.634568
9.380222
9.460153
8.999349
8.483292
9.031535
9.638787
9.329261
8.754195
8.111537
8.656562
9.444595
9.321214
8.400144
8.141042
8.573951
9.172620
9.474636
8.485974
7.712961
8.248330
8.968235
9.019733
8.304120
7.783235
8.198442
8.544982
8.662463
8.109391
7.693113
8.161963
8.397998
8.687140
8.024634
7.608891
8.164109
9.042264
9.035291
8.392097
7.525743
8.074523
8.864165
8.884013
8.081496
7.554711
8.245648
8.963407
8.972527
8.112611
7.830442
8.380295
9.007396
9.284736
8.511187
7.888914
8.245648
8.884013
8.949996
8.048774
7.777871
8.006931
8.680702
8.709134
8.121194
7.839561
8.249403
8.787991
8.840026
8.288027
7.607819
7.779480
8.614183
8.791745
8.366347
7.535935
7.989229
8.915128
9.014369
8.298219
7.837416
8.602382
9.182812
9.185494
8.264423
7.555784
7.945777
8.671582
8.801938
8.394242
7.995130
7.858337
8.430184
9.113610
8.395852
7.518233
8.267642
8.926393
9.050311
8.312703
7.415772
7.929147
8.715034
8.932294
8.301974
7.933439
8.076133
8.727372
9.123267
8.512259
8.038045
8.072913
8.753658
9.186030
8.105637
7.734955
8.416773
8.938731
9.129168
8.519233
7.738174
8.044482
8.762778
8.799792
8.340062
7.708133
8.210242
8.934976
9.071769
8.290173
7.784308
8.139969
8.929611
8.903862
8.047164
7.569195
8.084716
8.699477
9.018125
8.441449
7.983864
8.089007
8.762241
9.203197
8.708597
7.836343
8.014977
8.907081
9.190858
8.627595
8.053065
8.387269
8.773507
8.966626
8.453788
7.815422
8.230091
9.076060
9.171546
8.455397
7.868529
8.053065
9.276153
9.383977
8.883477
8.396388
8.215071
9.094835
9.487511
8.653344
7.971526
8.354546
9.118976
9.117366
8.754195
8.260669
8.504749
9.142579
9.569050
8.721472
8.204879
8.262815
8.791745
8.983792
8.476854
8.099736
8.117438
8.767070
9.231091
8.633495
7.920564
8.252086
9.142579
9.763778
8.755804
7.836343
8.052529
9.065331
9.685994
8.755267
8.141042
8.418919
9.079278
9.340526
8.862556
8.229018
8.488120
9.125413
9.380222
8.797111
8.317531
8.648516
9.157599
9.680630
8.667828
8.242966
8.320750
9.107710
9.721936
8.881331
8.159818
8.238674
9.196759
9.732665
9.246648
8.394242
8.365274
9.086252
9.333552
8.960189
8.314313
8.498312
9.342671
9.736957
9.070159
8.467734
8.518161
9.212852
9.351790
9.040654
8.381368
8.590043
9.312631
9.504140
9.084106
8.445205
8.512795
9.036363
9.522916
9.452106
8.834125
8.469880
9.173156
9.670438
9.113074
8.267106
8.161427
9.276153
9.748757
9.022416
8.394778
8.281590
8.947314
9.247722
9.085179
8.553029
8.531035
9.193541
9.540082
8.930148
8.154452
8.271934
9.153844
9.799720
9.320678
8.568585
8.694114
9.527207
9.471417
9.010077
8.587361
8.659245
9.172083
9.621621
9.092153
8.198977
8.259595
8.995057
9.431184
8.881331
8.148015
7.823468
8.589507
9.314240
8.820177
8.117974
7.895351
8.470954
9.120584
8.890450
7.976354
7.685603
8.373857
8.840562
8.293927
7.670582
7.517160
8.319140
8.952142
8.446814
7.641614
7.474781
8.316995
8.923174
8.190930
7.789672
7.517696
8.152843
8.491338
8.330405
7.963480
7.626058
8.374930
8.787454
8.070231
7.484973
7.403434
8.144797
8.720399
8.479537
7.597626
7.660926
8.485437
8.948386
8.190394
7.681848
7.389487
8.065940
8.552493
8.144260
7.581533
7.354082
8.025706
8.755804
8.421064
7.480145
7.435084
8.247257
8.725763
8.435012
7.756949
7.726372
8.047164
8.516551
8.076669
7.650198
7.575096
8.341671
8.937657
8.472563
7.645370
7.337988
8.113147
8.711280
8.417310
7.754804
7.702232
8.222045
8.593263
8.348645
7.498384
7.202269
8.010686
8.713962
8.269788
7.409335
7.253231
8.008004
8.731128
8.590043
7.810057
7.591189
8.204879
8.833052
8.304656
7.557393
7.210315
7.979036
8.354546
8.127631
7.529498
7.151307
7.839561
8.364738
8.265496
7.589580
7.527889
8.036435
8.482755
8.038045
7.325650
7.282735
7.999958
8.447886
8.345426
7.981182
7.266642
7.586897
8.251549
8.044482
7.406116
7.193149
7.710279
8.342208
8.224191
7.440449
7.128776
7.746757
8.310021
8.298219
7.582606
7.125021
7.869066
8.416773
8.184493
7.565976
7.179738
7.656635
8.585752
8.347571
7.549346
7.289709
7.911981
8.568585
8.347035
7.790745
7.410408
8.091153
8.715034
8.162499
7.212461
7.393778
7.951141
8.555175
8.383513
7.534863
7.140041
7.931293
8.303584
8.114757
7.466198
7.250548
8.004249
8.456470
8.232774
7.752658
7.552565
7.970990
8.478463
8.257449
7.696868
7.283808
7.885159
8.469880
8.361520
7.764460
7.418455
8.002103
8.514405
8.523524
7.929147
7.492484
7.987083
8.633495
8.345963
7.434548
7.295073
7.923246
8.468808
8.633495
7.779480
7.481218
7.896961
8.335234
8.153380
7.471562
7.251085
7.824541
8.387269
8.301974
7.721544
7.318140
7.786990
8.359374
8.379758
7.649125
6.977499
7.786454
8.582534
8.696259
7.995666
7.403971
7.972063
8.643151
8.560539
7.989229
7.421673
7.921101
8.794428
8.755267
7.762314
7.314921
7.998885
8.500458
8.414627
7.830978
7.473172
7.778944
8.245648
8.329869
7.656635
7.265569
7.769288
8.466662
8.524598
7.760168
7.237137
7.819713
8.545519
8.330942
7.673801
7.290781
7.734955
8.543373
8.656026
7.821322
7.383586
7.876576
8.336843
8.585216
8.033217
7.394315
8.014977
8.496703
8.511724
7.901789
7.375003
7.687748
8.467198
8.442522
7.785381
7.453323
7.674337
8.436085
8.860410
7.988692
7.415236
7.833661
8.792282
8.954823
7.958115
7.027925
7.839561
9.121121
9.086789
8.344890
8.231164
8.835197
9.743394
9.793283
9.057284
8.727909
9.072841
9.489120
9.672584
9.221972
8.606673
8.790136
9.213925
9.296000
8.670510
8.240283
8.772433
9.477319
9.692431
9.052993
8.562685
8.845389
9.411872
9.718717
9.114684
8.643687
9.108247
9.621621
9.637177
8.624912
8.298219
8.888305
9.758414
10.318995
9.698869
8.910836
8.958043
9.954215
9.909690
9.258451
8.958043
9.396316
10.055602
9.784163
9.096981
8.801938
9.280444
9.957971
9.961188
9.464980
8.823396
9.143651
10.033608
10.305585
9.449424
8.660853
9.260059
10.026635
10.212780
9.543838
8.947850
9.344817
10.042727
10.268033
9.502531
8.860947
9.610892
10.190249
10.289491
9.701015
8.936585
9.297074
10.175229
10.408582
9.941876
9.227336
9.189786
10.065795
10.258378
9.607137
9.122193
9.454251
10.357619
10.419847
9.412409
9.069086
9.458007
10.080279
10.331870
9.418846
8.614183
9.218753
10.071696
10.322751
9.381831
8.739175
9.145261
9.703696
10.022880
9.605528
8.857192
9.302438
9.907544
10.052384
9.587289
9.000958
9.142579
9.806693
10.027707
9.324969
8.760633
9.204269
9.668292
10.069014
9.350182
8.575560
9.035827
9.954751
10.379077
9.661855
9.136142
9.338380
9.991229
10.518016
9.599627
9.027244
9.235383
9.898961
10.194005
9.635569
9.074450
9.224654
10.305585
10.760488
9.991229
9.261132
9.390951
10.249258
10.555566
9.790064
9.035291
9.446204
10.031463
10.289491
9.670974
9.113074
9.334088
10.404826
10.473491
9.690822
9.287417
9.434939
10.170402
10.206880
9.628594
9.204269
9.298146
10.394097
10.480464
9.726228
9.131850
9.388268
10.236920
10.392488
9.648980
8.943559
9.365739
10.254622
10.550202
9.711743
8.906545
9.392560
10.218144
10.502459
9.696187
9.040118
9.381831
10.176839
10.566832
9.932757
9.289027
9.379149
10.008932
10.418237
9.941876
9.473027
9.383977
9.952605
10.441840
9.975673
9.256841
9.614648
10.534108
10.688067
9.916127
9.209634
9.632350
10.352255
10.458470
9.980500
9.338380
9.515406
10.514796
10.671974
9.722472
9.530963
9.876431
10.300220
10.608674
10.190249
9.578706
9.870530
10.349572
10.724545
10.089934
9.323895
9.491802
10.151090
10.646762
9.970845
9.136678
9.322287
10.548057
10.755122
10.068477
9.441377
9.527743
10.362447
10.383368
9.608747
9.143115
9.500922
10.156990
10.618330
10.274470
9.496631
9.558858
10.243894
10.665000
10.041119
9.510041
9.552957
10.389806
10.803403
10.014297
9.502531
9.569050
10.513724
10.710598
10.092080
9.393097
9.607137
10.262133
10.555030
10.156453
9.423138
9.489656
10.423602
10.920883
10.200978
9.589435
9.714425
10.447742
10.725618
10.245503
9.619475
9.570659
10.420919
10.936976
10.366738
9.916127
9.977818
10.624230
11.230947
10.463298
9.544909
9.362519
10.364593
10.945560
10.504067
9.787918
9.566904
10.373713
10.860802
10.119439
9.397925
9.498240
10.228873
10.684849
10.052384
8.985938
8.966626
9.956361
10.617257
10.180593
9.291709
9.065331
9.636106
10.291636
9.791137
9.278298
9.201587
9.809376
10.135532
9.805084
9.255231
9.158135
9.788991
10.236920
9.797038
8.857192
9.164037
9.796501
10.291101
10.012151
9.214998
9.123267
9.847463
10.266961
10.025561
9.457470
9.139359
9.622694
10.159136
9.903253
9.349645
9.126485
9.770752
10.366738
10.047019
9.339453
9.022952
9.859801
10.318460
9.896279
9.450496
9.219290
9.783090
10.394097
10.030927
9.136142
9.033145
9.842635
10.339380
9.782554
9.234847
9.310485
9.904326
10.428966
10.178448
9.705306
9.257914
9.828688
10.578097
10.322751
9.431184
9.315849
10.145724
10.817886
10.243894
9.206952
9.261132
9.779872
10.174156
10.091008
9.515943
9.278298
9.920956
10.496021
10.275007
9.612502
9.245039
9.876431
10.375858
10.164500
9.448350
9.140433
9.668292
10.293782
10.229409
9.713353
9.420455
10.087789
10.663391
10.081888
9.319604
9.326578
10.005177
10.507823
10.227800
9.521843
9.358765
10.043801
10.842563
10.373713
9.759486
9.574414
10.081351
10.428966
10.235847
9.592116
9.462298
10.228873
10.810376
10.484756
9.761096
9.270251
10.025025
10.548057
10.255695
9.913981
9.566904
10.019661
10.324360
10.298074
9.924710
9.575487
9.954215
10.634423
10.571123
9.492875
9.258986
10.069014
10.544301
10.314704
9.701015
9.285272
10.024489
10.588289
10.214389
9.570659
9.372176
10.122121
10.846318
10.531426
9.574414
9.291173
10.069551
10.792137
10.529281
9.795428
9.804011
9.938122
10.439694
10.439158
9.658099
9.513797
10.159673
10.467589
10.485292
9.830297
9.413482
9.854974
10.470272
10.262670
9.602845
9.299756
9.978354
10.717035
10.396779
9.886086
9.464444
9.804547
10.336162
10.545374
9.769143
9.165109
9.866239
10.555030
10.472955
9.856046
9.485902
9.845854
10.664464
10.505141
9.850145
9.437621
9.986938
10.641933
10.390342
9.905935
9.572268
10.165036
10.579169
10.415555
9.719254
9.254159
10.056139
10.734738
10.474564
9.731591
9.064795
9.927393
11.054458
10.829152
9.597482
8.749367
9.135605
9.386660
8.731664
7.474245
6.689967
7.120729
7.124485
6.960870
6.091834
5.342424
5.725980
6.328941
6.437839
5.679310
5.399824
5.933047
6.417991
6.301046
5.925537
5.853117
5.787671
6.281734
6.679238
5.741537
5.204022
6.058038
6.595553
6.623984
6.056965
5.478144
5.855263
6.368102
6.431402
5.817175
5.576849
6.085397
6.926001
6.983937
6.294073
5.542517
5.787671
6.586433
6.492020
5.533398
4.944385
5.651415
6.499530
6.747366
5.774260
5.106926
5.812884
6.433547
6.474317
5.722225
5.132676
5.992592
6.538690
6.243647
5.624056
5.118728
5.679846
6.291390
6.495238
5.837024
5.277515
5.487264
6.327332
6.233991
5.532861
5.127311
5.447567
6.127776
6.232918
5.533934
4.660607
5.285025
5.914808
5.897642
5.124629
4.548491
4.958332
5.762458
5.764068
4.955650
4.557610
4.794717
5.588115
5.600453
4.848898
4.539907
4.890740
5.602062
5.765677
5.101562
4.462123
4.794717
5.642295
5.705595
5.128921
4.432619
4.921854
5.606354
5.758167
4.991055
4.316748
4.856408
5.529106
5.945921
5.214751
4.506648
4.891277
5.394459
5.589188
5.018950
4.178882
4.927218
5.803228
5.634785
4.598916
4.451395
4.705668
5.605281
5.665362
4.899323
4.424572
4.845143
5.308629
5.677701
5.300582
4.624665
4.859090
5.653561
5.828977
5.331696
4.384876
4.693330
5.548954
5.572558
4.839242
4.296899
4.603208
5.505503
5.725980
4.951895
4.534007
4.774869
5.451322
5.603672
5.018414
4.405261
4.978717
5.486191
5.531788
5.106390
4.374147
4.893959
5.472780
5.576849
5.299509
4.635394
4.862309
5.597234
5.564511
4.675091
4.179419
4.818857
5.739391
5.921245
4.816175
4.557074
4.893959
5.677701
5.859554
5.329550
4.628420
4.908979
5.459905
5.695940
4.956186
4.320503
4.630030
5.546272
5.859554
4.920781
4.482508
4.937947
5.410553
5.720079
4.964233
4.561365
4.933119
5.620838
5.926610
5.108536
4.521132
4.639686
5.688966
5.719007
5.087615
4.471779
4.679919
5.337596
5.719543
5.309701
4.596770
4.761458
5.441130
5.878330
5.126238
4.581750
4.683137
5.774260
6.200195
5.101026
4.451395
4.947067
5.315066
5.650342
5.217970
4.456759
4.400433
5.052746
5.290926
4.958869
4.348398
4.509867
5.332768
5.668045
5.024314
4.316748
4.658461
4.933119
5.615473
4.925073
4.100562
4.248620
5.134285
5.450786
4.924000
4.371465
4.575313
5.303264
5.686820
5.081714
3.807664
4.086078
4.984081
5.447567
4.898787
4.354835
4.645050
5.432010
5.650878
4.895568
4.398287
4.722298
5.372465
5.643368
4.988373
4.240036
4.491091
5.168081
5.583823
5.057037
4.412771
4.786671
5.501748
5.810202
5.175591
4.231990
4.249692
5.269468
5.736173
5.237282
4.480899
4.628957
5.400360
5.675555
4.997492
4.613400
4.643441
5.334914
5.921782
5.518914
4.816711
4.746438
5.418063
5.822003
5.082250
4.673481
4.805446
5.492092
5.871892
5.448103
4.678846
4.802227
5.567194
5.804837
5.252302
4.800618
4.839242
5.645514
6.130994
5.285025
4.523814
4.698694
5.365491
5.817175
5.303801
4.743755
4.874111
5.610645
5.769969
5.284489
4.607499
4.852117
5.677164
6.018342
5.520523
4.704595
4.714787
5.673945
6.072522
5.498529
4.897178
4.973352
5.724371
6.054283
5.186320
4.082859
4.512012
6.209851
7.426501
6.578387
5.918026
6.306411
6.974281
7.841707
7.584215
7.123412
7.150234
7.796646
8.024634
7.832051
7.255913
7.123412
7.927538
8.274615
7.600308
7.101954
6.759168
7.668973
8.391024
7.441522
6.704987
6.548882
7.545591
8.013906
7.638396
6.962479
6.722153
7.392169
7.655025
7.054747
6.136895
6.310166
7.216216
7.643760
6.796182
6.292463
6.271006
6.360055
6.810666
6.437303
6.195367
6.291927
6.766678
7.050992
6.386341
5.974353
5.992592
6.792964
7.398070
6.914736
6.183029
5.914808
6.669582
7.099272
6.619156
5.992055
5.885303
6.875039
6.918491
6.449104
6.215216
6.061793
6.904007
7.193686
6.623984
6.092907
6.517769
6.932975
7.239283
6.704451
6.184102
5.881012
6.776334
7.214607
6.708742
6.208242
6.478072
6.927074
7.317067
6.801010
6.161572
6.015659
6.688894
7.622303
7.067085
6.550492
6.344498
6.641150
7.197977
7.234455
6.737710
6.430329
7.033289
7.597090
6.732346
5.901397
6.311775
7.007004
7.251621
7.311166
6.820322
6.570877
7.087470
7.660390
7.170619
6.571413
6.068231
7.112683
7.582606
7.248939
6.504894
6.427110
7.214070
7.690431
7.439912
7.022024
6.440521
6.946386
7.177592
7.127167
6.728590
6.391169
7.317604
7.833124
7.577778
6.801547
6.345571
7.089616
7.929147
7.359446
6.538154
6.424428
7.221581
7.723154
7.678629
6.866992
6.606818
7.321359
7.749439
7.624448
6.957651
6.876648
7.571341
7.996202
8.031608
7.247866
6.929756
7.649661
8.396388
8.190930
7.320286
6.961943
7.520915
8.253695
7.748366
7.081033
7.078887
7.618547
8.142115
7.529498
7.042945
7.496239
8.526744
9.177447
9.145261
8.459688
8.261741
8.932830
9.472490
9.263814
8.487583
8.118511
8.584680
9.050847
9.065331
8.527280
8.063258
8.704306
9.420455
8.988620
8.271398
7.981182
8.742929
9.617330
9.195149
8.303047
8.170010
8.697868
9.012223
8.971454
8.612575
7.977427
8.284808
8.792282
8.768679
8.152843
7.961334
8.404435
9.171010
9.095908
8.461834
8.145869
8.573414
9.293319
9.041191
8.413554
7.957579
8.998276
9.497167
9.139896
8.662463
8.393169
8.783162
9.538472
9.321214
8.570195
8.086862
8.747221
9.621621
9.354473
8.190930
8.040727
8.998276
9.322824
8.977355
8.341134
8.117438
8.447886
9.255768
9.429575
8.447351
8.030535
8.588971
9.181739
9.062649
8.288027
7.948996
8.698405
9.472490
9.195149
7.984401
7.833124
8.279981
8.910836
9.029389
8.281590
7.780016
8.595944
9.055139
8.936585
8.590043
8.417310
8.945168
9.683848
9.364665
8.514941
7.990838
8.234920
9.182812
9.088398
8.300901
7.902862
8.308948
9.338916
9.249331
8.396388
8.005322
8.686603
9.401680
9.365202
8.375466
8.133532
8.715034
9.241820
9.268106
8.393169
8.219362
8.748294
9.240747
9.079278
8.307876
7.891060
8.553029
9.397925
9.315849
8.388341
8.019269
8.674802
9.139896
9.440841
8.718253
8.281590
8.774043
9.191395
8.877576
8.206488
7.740856
8.355083
8.981647
8.899034
8.186639
7.743538
8.107245
8.698941
8.526207
7.787527
7.294537
7.680238
8.379758
8.341134
7.822932
7.394315
7.914127
8.567513
8.664073
7.700087
7.145942
7.671655
8.480609
8.522988
7.704915
7.180811
8.024634
8.599163
8.447886
7.887305
7.268251
7.744611
8.316995
8.428575
7.790209
7.388414
7.936121
8.618475
8.503140
7.855118
7.327796
7.828296
8.417846
8.282662
7.789672
7.319213
7.666291
8.610429
8.459151
7.651270
7.371248
7.908762
8.502067
8.413554
7.784844
7.037581
8.002103
8.866311
8.909226
8.063794
7.485510
7.531644
8.421064
8.587361
7.894279
7.398070
7.975281
8.853436
9.143115
8.196832
7.557393
7.972599
8.840562
9.067477
8.319140
7.729591
8.247257
8.385123
8.703233
8.149089
7.745148
8.227408
8.734883
8.722545
7.893206
7.560075
8.208097
8.937657
8.862556
8.253158
7.732273
8.377076
9.104491
8.947850
8.206488
7.815422
8.180738
8.709134
8.961798
8.134604
7.599772
8.094371
8.892060
8.792282
7.900179
7.589043
8.108855
8.822860
9.028853
8.305193
7.722081
8.228482
8.971990
9.237529
8.453788
8.041800
8.394778
8.894742
9.036363
8.385123
7.570804
8.055211
8.724690
8.823932
8.341134
7.799328
8.315385
8.976281
8.954823
8.419991
8.075059
8.389951
8.917809
9.054603
8.763314
7.826687
8.117974
9.074450
9.032608
8.355618
7.862092
8.297683
8.848072
9.025098
8.561076
8.104564
8.400144
9.242356
9.353400
8.624912
8.217216
8.749904
9.286345
8.982183
8.472026
8.108319
8.225263
8.953215
9.096981
8.399607
8.002103
8.429111
9.076596
9.117366
8.511187
7.980109
8.331479
8.967162
9.268106
8.393169
7.810057
8.307339
8.949996
9.001494
8.306266
7.913054
8.138896
8.855582
9.330333
8.606137
7.979036
8.116902
8.977355
9.239675
8.443059
7.769824
8.257449
8.904399
9.000958
8.462907
7.854582
8.313776
8.940877
9.147943
8.559466
7.909299
8.235991
9.076060
9.287417
8.917809
8.407653
8.587361
9.073378
9.329797
8.593263
7.925929
8.076669
8.643687
9.107710
8.757950
8.076669
8.387805
8.862556
9.300829
8.644224
7.974745
8.400680
9.271861
9.487511
8.840562
8.166255
8.437694
9.128095
9.301366
8.834125
8.371712
8.626521
9.324969
9.635032
8.779408
8.219362
8.406581
9.174766
9.391488
8.716107
8.210242
8.506358
9.124339
9.343744
8.579851
7.840634
7.911445
8.484365
9.196759
8.422673
7.792355
8.050920
8.580388
8.903862
8.040191
7.355155
7.817567
8.519770
8.990230
8.076133
7.389487
7.703842
8.241893
8.595944
8.053601
7.689894
7.789136
8.385659
8.900643
8.142652
7.192613
7.784308
8.652807
8.950532
8.347571
7.788063
7.605673
8.509578
8.998276
8.400144
7.612647
7.596553
8.345963
8.735955
8.034826
7.578851
7.950605
8.700551
8.746684
8.064330
7.333697
7.734955
8.578242
8.691431
8.217216
7.661999
7.717253
8.600772
8.806230
8.097054
7.726372
7.594944
8.324505
8.891524
8.011223
7.418455
7.734419
8.577705
9.015979
8.301438
7.673801
7.893206
8.308948
8.683385
8.327724
7.694722
7.855118
8.820714
8.970918
8.515478
8.070767
7.928074
8.452178
8.920491
8.393169
7.642151
7.752121
8.345963
8.841635
8.093835
7.533790
7.677020
8.477391
9.025098
8.556785
7.867993
7.746757
8.423747
8.820714
8.394242
7.737101
7.739783
8.295001
8.934976
8.225263
7.549346
7.830978
8.681775
9.121121
8.608283
7.837952
7.682384
8.810521
9.153308
8.463980
7.872821
8.028389
8.852364
9.102345
8.419991
7.919491
7.824541
8.581997
8.967698
8.534790
7.517696
7.619084
8.327724
8.866847
8.421601
7.862092
7.764996
8.382441
9.062112
8.396924
8.275152
8.311630
8.029462
7.868529
7.002712
6.023706
5.669654
5.846680
6.079496
5.112827
4.036189
3.652633
3.957868
3.967524
3.326476
2.329767
1.878083
2.247155
2.352834
1.810491
1.194120
1.294971
1.793862
2.564728
2.057255
1.574993
1.651168
2.353370
2.766967
2.211750
1.679063
1.535297
2.366781
2.655924
2.086222
1.588404
1.494527
2.255202
2.757311
2.280414
1.557291
1.667261
2.656996
3.081859
2.463877
1.722515
1.697302
2.557755
2.938628
2.133966
1.793862
1.978934
2.592623
3.034115
2.717614
1.986981
1.813174
2.668262
3.060937
2.417207
1.835704
2.209604
2.374828
2.767503
2.493918
1.760602
1.650095
2.522886
3.126920
2.534688
1.981080
1.720906
2.543807
2.994955
2.823293
1.798690
2.080322
2.572239
3.009975
2.582431
2.094805
2.052427
2.742827
3.196121
2.633393
2.001465
2.056718
2.639830
2.807737
2.537906
1.777232
1.929045
2.588332
3.139794
2.590478
1.864672
1.828730
2.603352
2.726734
2.189219
1.745045
1.522959
2.256274
2.864063
2.446711
1.921535
1.567483
2.391994
2.783597
2.468169
1.723051
1.608253
2.270758
2.943993
2.447248
2.001465
1.446247
2.030969
2.509475
2.401114
1.597524
1.532614
1.899541
2.581895
2.516985
1.847506
1.689792
2.634466
3.234208
2.734781
1.870573
1.765430
2.304554
3.004611
2.984762
2.405942
2.099097
2.956331
3.446103
3.153205
2.355516
2.141476
3.061474
3.498674
2.823830
1.938164
1.622200
2.230525
2.804518
2.266467
1.519740
1.367390
1.975179
2.577067
2.406478
1.438201
1.301408
1.902759
2.522350
1.876474
1.285315
1.381874
1.971960
2.277732
1.936019
1.448929
0.777304
1.830876
2.437055
2.348542
1.454294
1.098633
1.583576
2.232671
2.068520
1.367390
1.181781
1.795471
2.387703
2.025604
1.256347
1.137257
2.051354
2.491236
2.218724
1.634002
1.303554
1.824439
2.416671
2.348542
1.424790
1.359880
2.176881
2.716542
2.238035
1.454294
1.385629
2.029896
2.538979
2.100706
1.382947
1.253665
2.119482
2.614081
2.213359
1.577676
1.432836
2.096951
2.689183
2.358735
1.738608
1.428008
2.031505
2.628565
2.261639
1.561582
1.789034
2.638221
3.011585
2.750874
1.735389
1.462340
2.177418
2.964914
2.523959
1.569629
1.353443
2.138794
2.934873
2.688110
1.769722
1.425862
1.926363
2.667725
2.140403
1.651168
1.443565
2.021849
2.647341
2.567411
1.797617
1.553536
2.504647
2.997637
2.505720
1.694083
1.519740
2.338886
2.781451
2.503038
1.972497
1.686037
2.397895
2.608180
2.403796
1.826585
1.584649
2.429009
3.017486
2.496600
1.855016
1.600206
2.210677
2.983690
2.679527
1.942456
1.809418
2.431691
3.001929
2.921462
2.287388
1.661897
2.424181
3.258348
2.949357
2.252519
1.749337
2.367318
2.834559
2.352298
1.836777
1.552999
2.062083
2.800226
2.756238
2.132893
1.897395
2.302945
2.794326
2.565801
1.989663
1.777232
2.318502
2.976179
2.552927
2.197266
1.820684
2.287388
2.875328
3.086150
2.248764
1.962304
2.370000
2.801836
2.743900
1.902223
1.804054
2.448857
2.993345
2.769649
2.077639
1.756847
2.424181
2.982080
2.806127
1.959622
1.639366
2.271295
2.862454
2.811492
2.173662
1.862526
2.281487
2.656460
2.714932
2.022922
1.675308
2.174735
2.999246
2.903760
1.881302
1.711786
2.370000
2.853334
2.611935
2.081931
1.800299
2.255738
3.234745
2.908051
2.172053
2.062619
2.697766
3.030360
2.654314
1.865745
1.348078
2.280414
2.916098
2.829194
2.172590
1.472533
2.167762
2.775014
2.703130
1.856089
1.710177
2.152741
2.655924
2.565265
1.852870
1.627028
2.363563
2.919317
2.647341
2.045453
1.726270
2.261102
2.860844
2.613008
1.974643
2.166152
2.732635
3.476680
3.239573
2.486944
2.287388
2.798081
3.161788
2.943456
2.409160
2.234817
2.413452
2.960086
3.026069
2.136648
1.517058
2.273441
2.876938
2.676308
2.160788
1.935482
2.294898
2.927363
2.889812
2.241254
1.622200
2.236426
2.972424
2.795398
2.048135
1.781523
2.308846
2.744973
3.051818
2.265394
1.671553
2.228379
2.937556
2.957404
2.184928
1.739681
2.269686
2.977252
2.942384
2.118409
1.837850
2.265930
2.994955
3.134430
2.588868
1.887203
2.624810
2.954722
3.015876
2.085686
1.691938
2.426863
2.873183
2.939165
2.514303
2.345860
2.518595
2.915025
2.808810
2.206922
2.095878
2.854407
3.167689
2.811492
2.035260
1.900077
2.313674
2.785743
2.847970
1.908660
1.269221
1.946748
2.562583
2.554000
1.666188
1.241326
1.808346
2.467096
2.540052
1.736462
1.290143
1.735389
2.374828
2.385020
1.711786
1.298726
1.796544
2.434373
2.606571
1.976252
1.381874
1.790107
2.524495
2.274513
1.761139
1.238108
1.706958
2.440274
2.374828
1.809418
1.202166
1.962304
2.634466
2.692938
1.717150
1.431763
1.890958
2.550245
2.162397
1.581967
1.146913
1.437128
1.969815
2.198875
1.794935
1.247764
1.768112
2.048671
1.693547
1.533151
2.364099
3.273905
4.141331
4.093051
3.892422
3.913880
4.392386
4.957259
4.909516
4.427791
3.754020
4.322112
5.175591
5.223871
4.328013
4.053891
4.349471
5.215824
5.172909
4.420817
3.807664
4.615546
5.194366
5.209387
4.420817
3.944993
4.136503
5.150378
5.258739
4.345716
4.050136
4.539907
5.048454
4.905761
4.441202
4.229844
5.058647
5.687893
5.744219
4.913807
4.486800
4.809201
5.525887
5.501748
4.995883
4.400433
5.045772
5.721152
5.768359
4.950285
4.285634
4.979253
5.883694
5.869210
5.276442
4.647732
5.061865
5.738318
5.878866
5.243183
4.727662
5.092979
5.650342
5.923391
5.126775
4.620910
4.794717
5.621911
6.068231
5.274833
4.605353
4.684747
5.638004
5.705595
5.070985
4.706741
4.820467
5.501748
5.897642
5.269468
4.759849
5.009294
5.938948
5.889595
5.579532
4.936874
5.324185
5.858481
5.737246
5.220116
4.700840
5.032897
5.671800
5.757094
5.323112
4.830122
5.217433
5.843461
5.894959
5.323649
4.689575
5.225480
5.909980
6.142796
5.347789
4.666508
5.197049
5.978108
6.069304
5.629421
4.908979
5.214751
5.903006
6.369711
5.535543
5.164326
5.583287
6.350935
6.567122
5.617083
5.182565
5.699695
6.498993
6.649734
5.819321
5.151451
5.543590
6.353618
6.445349
5.804301
5.161107
5.643368
6.500603
6.654562
5.795181
4.691720
5.199731
6.187857
6.545127
5.760313
4.943312
5.649269
6.586970
6.439448
5.721689
5.127848
5.613328
6.372393
6.743074
6.037117
5.558074
5.554319
6.191076
6.352545
5.641222
5.397141
5.811811
6.305338
6.677629
5.932510
5.401433
5.626202
6.310166
6.568731
5.839170
5.513013
6.135286
6.638468
6.594480
6.011368
5.244256
5.579532
6.158889
6.476463
6.071449
5.570949
5.784989
6.388486
6.557466
5.855799
5.467415
5.853653
6.303192
6.275834
5.674482
5.394996
5.451322
6.328941
6.257058
5.445421
4.962087
5.210996
6.312848
6.481827
5.595625
5.129993
5.422891
6.010831
6.284417
5.755485
5.130530
4.966915
6.003858
6.509186
5.812884
5.144477
5.543054
6.231309
6.298364
5.450249
5.148769
5.318285
6.090225
6.340743
5.651951
5.051136
5.414308
6.142796
6.362737
5.633712
5.020023
5.347252
6.047309
6.370784
5.989910
5.344034
5.347789
6.092907
6.494702
5.820394
4.992128
5.430401
6.183029
6.284953
5.903006
5.219043
5.450786
6.001712
6.291390
5.545736
4.891277
5.227089
5.874575
6.104709
5.690575
4.974425
5.099416
6.029070
6.095589
5.388558
4.723907
4.864991
5.553782
5.988837
5.425036
4.505575
4.710496
5.408943
5.757630
5.283952
4.572630
4.824222
5.444348
5.697549
5.114973
4.414380
4.502893
5.428255
5.710960
4.736245
4.237354
4.521668
5.425573
5.598307
5.167544
4.559219
4.452467
5.141259
5.739391
5.162180
4.192830
4.540980
5.552710
5.740464
5.110145
4.493773
4.480899
5.226017
5.546809
5.143404
4.408479
4.480899
5.145014
5.614400
5.170227
4.454077
4.847289
5.592406
5.782843
5.127311
4.233599
4.525424
5.383194
5.664289
4.954041
4.340351
4.663826
5.353153
5.772651
5.156816
4.362345
4.443884
5.424500
5.661071
4.908443
4.433692
4.332304
5.025924
5.452395
4.928828
4.337669
4.553855
5.231917
5.773724
5.337596
4.674018
4.780233
5.303264
5.716861
5.066157
4.653097
4.419744
5.000711
5.630494
4.966379
4.426182
4.542590
5.312384
5.538226
5.086005
4.247547
4.352689
5.147696
5.481363
5.205095
4.560829
4.529715
5.113364
5.500675
4.996956
4.266859
4.607499
5.149842
5.527497
5.058110
4.444957
4.449785
5.039335
5.354226
4.889131
4.148305
4.434228
5.264640
5.548418
4.912735
4.435838
4.463733
4.946530
5.406261
5.188466
4.466415
4.462660
5.124629
5.458296
5.014658
4.487873
4.561902
5.180955
5.368710
5.078495
4.213214
4.325331
5.069912
5.422891
4.893423
4.012049
4.290998
5.330623
5.686284
5.170763
4.601598
4.661680
5.458832
5.877257
5.236745
4.560292
4.507721
5.069376
5.616546
4.941702
4.240573
4.369319
5.055428
5.653561
4.823685
4.019559
4.256130
5.048991
5.446494
4.780233
4.311920
4.423500
5.121947
5.543054
5.017877
4.321039
4.444957
5.347252
5.677701
5.217433
4.430473
4.349471
5.181492
5.888522
5.237282
4.612327
4.503429
5.146623
5.822540
5.280197
4.616619
4.461051
5.148232
5.592943
4.916490
4.429400
4.491091
5.333841
5.641222
4.925609
4.294754
4.371465
5.381048
5.800546
5.256057
4.630030
4.627347
5.230844
5.514622
5.149305
4.459441
4.552782
5.482972
5.790890
5.246938
4.575313
4.332304
4.833878
5.663217
5.303801
4.783988
4.860700
5.386413
5.651951
5.224944
4.649878
4.702449
5.476535
5.931974
5.614400
4.730881
4.827977
5.843997
6.092907
5.865455
5.297900
4.972816
5.692721
6.132067
5.610109
4.810274
4.672409
5.297363
5.909980
5.679846
4.930974
4.807592
5.530715
6.095053
5.603672
4.679382
4.626275
5.270005
6.090225
5.772651
4.748583
4.848898
5.532861
5.809129
5.259276
4.794181
4.796327
5.018950
5.572558
5.803764
5.826831
6.096126
7.206024
8.311093
8.246720
7.928074
8.316995
8.987010
9.832442
9.966017
9.567977
9.442986
10.218144
10.696115
10.236920
9.609819
9.339453
10.038436
10.669828
10.218144
9.711743
9.635032
10.421456
10.866166
10.161819
9.415092
9.423138
9.902181
10.546447
10.008932
9.154917
9.118439
9.756804
10.226192
9.975673
9.395243
9.206952
9.745540
10.343672
9.865166
9.169400
8.949996
9.635032
9.844245
9.460689
8.748830
8.659245
9.356082
9.701550
9.266497
8.479000
8.357764
9.070695
10.005713
9.695650
9.076060
9.207488
9.808303
10.105492
9.474099
9.008468
8.998276
9.495557
9.976746
9.683848
9.055139
8.876504
9.463370
10.027707
9.718181
8.907081
9.033145
9.979964
10.321141
9.768069
9.034754
8.837343
9.512187
10.093690
9.785772
8.866311
8.878650
9.622694
10.209025
9.960652
9.040654
8.906008
9.648443
10.137678
9.895206
9.329261
9.121121
9.888769
10.440768
9.776116
8.987547
8.860947
9.646834
10.084571
9.972454
9.225190
9.068013
9.691359
9.827079
9.400607
9.070159
8.740784
9.334624
9.815813
9.255768
8.754731
8.796574
9.581388
10.087789
9.701015
9.013833
8.711280
9.305120
10.144652
9.912373
9.282590
8.897425
9.487511
10.167182
9.966017
9.183885
9.249331
9.809376
10.299148
10.007859
9.247185
9.000422
9.655417
10.211707
10.158063
9.345890
8.943559
9.636106
10.384978
9.935976
9.113610
8.770288
9.529889
10.317386
9.945632
9.158671
9.050311
9.473027
10.155381
9.939731
9.278298
9.187103
9.970308
10.309340
9.891452
9.362519
8.999349
9.805621
10.309876
10.146261
9.519697
9.372176
10.250867
10.759414
10.520162
9.817422
9.669901
10.320605
10.719718
10.263741
9.807767
9.612502
10.129632
10.579169
10.111392
9.387197
9.201587
9.766460
10.475636
10.342063
9.797038
9.423675
10.246575
10.692895
10.528745
9.802402
9.389342
10.005713
10.843099
10.279836
9.754123
9.650052
10.383904
10.823787
10.338307
9.910227
9.420992
9.887696
10.665000
10.436477
9.833516
9.286345
9.740174
10.428966
10.272325
9.475173
9.521843
10.151090
10.856510
10.693432
9.707988
9.514333
10.104419
10.604383
10.249258
9.769143
9.566904
10.134995
10.450423
10.497630
9.929002
9.656489
10.231555
10.928929
10.589898
10.074378
9.993375
10.497094
10.897817
10.853827
9.949388
9.486438
10.270179
11.198760
10.883332
9.957971
9.670974
10.190249
10.708452
10.644079
9.998203
9.595872
9.915055
10.698796
10.616184
9.768606
9.321214
10.034681
10.785163
10.508896
9.782018
9.490193
9.946705
10.633887
10.344745
9.661855
9.316922
10.083497
10.663391
10.892988
10.137141
9.908618
10.679484
11.108638
11.018516
10.323287
10.008932
10.559321
11.370421
11.376859
10.253013
9.639860
9.904862
10.682703
10.602773
10.060967
9.727300
9.790064
10.069551
10.178448
9.297074
9.073915
9.557248
10.058822
9.922029
9.130776
8.709134
9.307803
9.926320
9.853900
9.069086
8.822860
9.493948
10.104419
9.854437
8.995057
8.467734
9.270251
9.960116
9.769679
8.960189
8.651198
9.505214
10.062576
9.808303
9.172083
8.928002
9.790064
10.376395
10.082425
9.261668
9.100200
9.633960
10.222436
10.026635
9.232701
8.834125
9.493948
10.118903
10.091008
9.421529
8.982183
9.004713
9.770752
9.904326
8.979501
8.292318
8.558393
9.488584
9.389878
8.532107
7.954360
8.630277
9.325505
9.320678
8.603455
8.100272
8.702160
9.131850
9.058357
8.329333
8.050384
8.444131
9.031535
9.054603
8.445205
7.793427
8.217753
9.026171
8.806766
8.214534
7.757486
8.366883
8.910299
8.975209
8.654953
8.372785
8.831443
9.653272
9.628058
8.889379
8.565904
9.035827
9.559394
9.470345
8.552493
8.231164
8.711816
9.277225
9.100200
8.403898
7.878185
8.406581
9.105027
9.093226
8.531571
8.159818
8.681239
9.211244
9.479465
8.754731
8.156062
8.842172
9.477319
9.500385
8.834125
8.470954
8.803548
9.352327
9.606065
8.979501
8.703769
9.174766
9.750367
9.600699
9.025098
8.475781
8.925320
9.599091
9.880186
9.098054
8.372785
8.895816
9.737493
9.786845
9.168328
8.606673
9.097518
9.819568
9.718181
9.066403
8.865238
9.270251
9.555638
9.400607
8.747221
8.696259
9.283663
9.724618
9.519160
9.110393
8.548738
9.055675
9.809913
9.904326
9.292246
8.866311
9.390414
10.047019
10.273398
9.329261
8.859874
9.240211
9.848536
9.925784
9.576024
9.126485
9.286345
9.812594
10.066868
9.463907
8.953752
9.202124
9.933293
10.110856
9.608747
9.024562
9.408654
10.040046
10.181130
9.402217
8.461834
9.190858
9.905935
9.869457
9.314776
8.834661
9.145261
9.683312
10.059894
9.401143
9.181739
9.315312
10.049165
9.973527
9.392560
8.885623
9.239139
10.138751
10.112466
9.173692
8.708597
9.250403
9.822250
9.941340
9.421529
9.091617
8.906545
9.639323
9.743930
9.004713
8.734883
9.366275
9.549201
9.912910
9.306729
8.944632
9.076060
9.649516
9.803475
9.217681
8.665682
9.085179
9.859801
10.097981
9.372176
9.176911
10.164500
10.965407
9.998203
8.316459
7.541300
7.357837
7.470490
6.840170
5.481899
4.360736
4.202486
4.130066
3.388703
2.354443
1.822829
1.897395
2.488017
2.523422
1.992882
1.682282
2.258957
3.014267
3.003538
2.490700
2.211213
2.653778
3.248156
3.518522
2.945602
2.272368
2.685428
3.623128
4.051745
3.422499
2.689183
2.981544
3.662289
4.032434
3.393531
2.844751
3.344179
3.700912
3.609181
2.896250
1.978934
2.307773
3.005147
3.065765
2.508402
2.024532
2.204240
2.904833
3.026605
2.626419
2.209068
2.462268
3.361345
3.437520
2.808273
2.235353
2.351761
3.267467
3.523887
3.087759
2.326012
2.524495
3.436983
3.633321
2.719224
2.076566
2.293289
2.706886
2.762676
2.155423
1.565337
2.035260
2.788425
2.834559
2.372682
1.927436
1.796544
2.138794
2.663434
1.901686
1.299799
1.709640
2.235353
2.276123
1.756847
1.278341
1.527786
2.072811
2.551317
1.911342
1.316965
1.606107
2.262712
2.315283
1.483262
1.094878
1.519203
2.034188
2.316356
1.646877
1.168907
1.458049
2.292753
2.367854
1.505792
1.022458
1.364172
1.946748
1.533151
0.506401
-0.169516
0.012338
0.495136
0.539661
-0.200093
-1.086831
-1.001537
-0.102997
0.047743
-0.292897
-0.627101
-0.450611
0.205457
0.446856
-0.175953
-0.566483
-0.270367
0.517130
0.905514
0.189900
-0.227451
0.086367
0.850797
1.244009
0.658751
0.241935
0.379264
1.135111
1.564265
1.015484
0.349760
0.826120
1.578748
1.857162
1.410842
0.747263
1.067519
1.743973
1.730561
1.323402
0.818610
1.208604
1.815319
2.050817
1.684427
1.133502
1.345933
2.034188
2.183855
1.472533
1.073420
1.017094
1.863063
2.101779
1.321256
0.664115
0.950039
1.784742
2.253592
1.572311
1.180709
1.306236
1.930654
2.307236
1.660824
1.056254
1.103997
1.969815
2.133966
1.571238
0.991881
1.019776
1.942456
2.342105
1.615763
1.027286
1.273513
1.874328
2.266467
1.732707
1.195729
1.603425
2.101779
2.167762
1.662433
0.963986
1.360417
1.955331
2.332449
1.663506
1.145303
1.277268
1.910806
2.405942
1.507402
0.815928
1.005292
1.853943
2.199948
1.499891
0.892639
1.345396
1.684427
1.846433
1.262784
0.862062
1.157642
1.958013
2.434910
1.788497
0.973642
1.456976
2.077639
2.201021
1.576066
1.224697
1.308382
1.761675
2.042771
1.440346
0.996709
1.234889
1.831413
2.293289
1.824439
1.228988
1.339495
1.814246
2.179563
1.556754
1.444101
1.346469
1.922608
2.306700
1.715541
1.159251
1.135111
2.066911
2.257347
1.553536
0.975251
1.019240
1.557291
2.061546
1.686573
1.042307
1.379192
1.878083
2.265394
1.800299
1.172662
1.285315
1.738072
2.239108
1.699984
1.007438
1.197875
1.843751
2.558291
1.914561
1.195192
1.043916
1.715005
2.354443
1.968205
1.286924
1.412988
1.983762
2.462805
1.852334
1.149058
1.315892
1.828730
2.328158
1.932800
1.159251
1.333594
2.115727
2.224088
1.860380
1.298189
1.535833
1.811028
2.413988
1.938164
1.383484
1.260638
1.970351
2.391994
1.865745
1.507938
1.614154
2.298117
2.613545
2.112508
1.643121
1.595378
2.383411
2.983153
2.159178
1.562655
1.646340
2.237499
2.438665
1.905978
1.357198
1.476824
2.060473
2.559364
2.060473
1.311600
1.410306
2.030969
2.397359
2.120555
1.497746
1.440346
2.127528
2.651632
2.138257
1.395285
1.434446
2.261102
2.445102
1.991809
1.422107
1.330912
2.201021
2.550245
2.114654
1.412988
1.428008
2.219260
2.644122
2.029360
1.440883
1.598597
2.299726
2.794862
2.084613
1.452685
1.471996
2.328694
2.624810
1.731634
1.235962
1.418889
2.151132
2.412915
2.198339
1.890421
1.898468
2.410770
2.621055
2.136111
1.342714
1.406551
2.099633
2.550245
2.343178
1.480043
1.606643
2.442956
2.910197
2.220333
1.654923
1.446784
1.919389
2.483189
2.077639
1.639903
1.620591
2.173126
2.619446
2.091050
1.429081
1.377583
1.938164
2.138794
1.755774
1.355589
1.362026
1.611471
2.067447
1.657605
1.002610
0.895321
1.565874
2.178490
1.828730
1.058936
0.999391
1.543880
1.870573
1.603961
0.991345
0.966668
1.503110
2.070129
1.709104
0.848651
0.754237
1.403332
2.012193
1.765967
1.102388
1.009047
1.500428
2.178490
1.752556
0.969887
0.917316
1.844287
2.073884
1.515985
0.879228
0.766039
1.599133
2.332449
1.797617
1.040161
0.983834
1.703739
2.265930
1.845896
1.347005
1.307845
1.948893
2.298117
1.671016
0.920534
0.841141
1.463413
1.945675
1.364708
0.899077
0.616908
1.056790
1.849115
1.542270
0.823975
0.623882
1.305699
1.828730
1.431763
0.824511
0.743508
1.495600
2.355516
1.858235
1.298726
1.101852
1.835168
2.543807
1.940847
1.317501
1.323402
1.928509
2.547026
2.227307
1.404941
1.100779
1.653850
2.080858
2.067447
1.069665
1.287997
1.919925
2.265394
2.125383
1.544416
1.110435
1.785815
2.338350
1.912952
1.531542
1.572311
2.270222
2.435982
2.273977
1.477361
1.178026
1.762212
2.258957
2.306164
1.560509
1.450539
2.042771
2.356589
2.157033
1.588941
1.441956
1.999855
2.515912
2.308309
1.772404
1.561582
2.209604
2.816856
2.398968
1.657069
1.649559
2.475143
2.967060
2.624810
1.899541
1.541198
2.100706
2.593160
2.368927
1.543880
1.312673
2.078176
2.469778
2.060473
1.523495
1.324475
2.209604
2.651632
2.224088
1.517594
1.069665
1.798153
2.580822
2.328694
1.849115
1.757384
2.235353
2.589941
2.190829
1.648486
1.250446
2.234280
2.983153
2.800226
1.871646
1.744509
2.393067
3.163398
2.594233
1.789570
1.680672
2.229452
3.020704
2.878011
1.820147
1.270294
1.794935
2.356053
2.103925
1.426935
1.121163
1.838923
2.479971
2.343178
1.764357
1.311064
1.976252
2.204776
2.032578
1.483798
1.332522
1.914025
2.288997
1.866818
1.315355
1.359344
2.114117
2.675236
2.408624
1.509547
1.150131
2.011121
2.724588
2.560437
1.823902
1.505256
1.993418
2.233744
2.312601
1.716614
1.490235
2.010048
2.513230
2.551317
1.509547
1.384556
1.867354
2.378583
2.084613
1.144230
1.065374
1.730561
2.230525
2.025604
1.239717
1.011729
1.703203
2.229452
1.954258
1.474142
1.139403
1.955867
2.463877
2.535224
1.864672
1.459658
2.172590
2.832949
2.697766
2.015949
1.602888
2.345860
2.875328
2.552927
1.831413
1.706958
2.300799
2.736390
2.595306
1.906514
1.785815
2.472461
2.930582
2.539516
1.786351
1.143694
1.760066
2.543807
2.786279
2.251983
1.665116
2.036870
2.673090
2.625883
1.925290
1.634002
2.153278
2.786815
2.682209
2.253056
1.826585
2.094269
2.661824
2.685964
2.080858
1.783133
2.230525
2.542734
2.480507
2.130211
1.747728
2.145231
2.949357
2.786815
2.252519
1.846433
2.439738
2.854407
2.943993
2.232671
1.871646
2.522886
3.123701
2.967596
2.319038
1.857698
2.432227
3.030360
2.916098
2.159178
1.812101
2.283097
3.063083
2.768040
1.519203
1.091123
1.738072
2.418816
2.534151
1.726806
1.439273
1.998246
2.466023
2.339959
1.491845
1.238644
1.887739
2.410233
2.199948
1.589477
1.234353
1.769185
2.425790
1.989126
1.427472
1.116336
1.585186
2.003610
2.048671
1.418889
0.942528
1.502574
2.236426
2.142549
1.714468
1.312673
1.684964
2.268613
2.349615
1.373828
1.034796
1.785279
2.543271
2.437055
1.572311
1.301408
1.833022
2.323330
2.529323
1.714468
1.216114
1.662433
2.358198
2.374828
1.736462
1.264930
1.690328
2.431691
2.306164
1.634002
1.117408
1.256883
1.684964
2.268613
2.437055
2.108753
2.908051
3.853262
3.821075
3.224552
2.967596
4.084468
4.755557
4.486263
3.802300
3.741146
4.167080
4.822612
4.849971
4.343570
4.022241
4.372538
5.044699
5.038262
4.567802
4.313529
4.910589
5.551637
5.634249
4.856945
4.392922
5.017341
5.692184
5.707205
5.064011
4.714787
5.220652
6.039799
5.942703
5.254984
4.760385
5.221189
5.826295
5.701840
5.140722
4.851044
5.340279
6.105245
6.024242
5.153597
4.942775
5.712569
6.274224
6.246866
5.634249
5.355835
5.952895
6.582678
6.656707
5.823613
5.422891
5.847216
6.398142
6.773115
6.271542
5.653561
5.909443
6.516160
6.614328
5.980790
5.555392
6.158889
6.823004
6.625057
6.030143
5.569876
5.836487
6.527425
6.652416
5.965770
5.307556
5.519987
6.216825
6.579996
5.854726
5.109072
5.267323
6.143869
6.268860
5.612791
5.097270
5.367637
6.086470
6.369174
5.492092
4.742146
4.893959
5.052746
5.011976
4.352153
4.240036
4.301191
4.294754
4.193902
3.396214
2.932191
3.075421
4.066766
3.764749
2.678454
2.000392
2.646268
3.414989
3.565729
2.755165
2.791107
3.049136
3.618837
3.860236
3.116191
2.854944
3.504038
4.130602
4.363418
3.698767
3.352225
3.791035
4.580141
4.861773
4.119874
3.684283
4.235209
4.922390
5.193294
4.309774
3.676773
4.213751
5.193830
5.155206
4.500211
4.124701
4.808665
5.655706
5.638004
4.781306
4.374683
4.664362
5.366028
5.491019
4.625738
4.070521
4.545808
5.225480
5.445421
4.878402
4.142941
4.347861
5.152524
5.394459
4.609645
4.278660
4.917026
5.546272
5.730808
5.110145
4.081786
4.540444
5.667508
5.697012
4.977644
4.494846
4.642368
5.219043
5.460442
4.824758
4.616619
5.069912
5.281270
5.813420
4.760385
3.847898
4.544199
5.559683
5.506039
4.783988
4.077495
4.186392
5.074203
5.588651
5.075276
4.265786
4.639149
5.235672
5.180955
4.653097
4.239500
4.383803
4.816711
5.227089
4.723907
4.253448
4.347325
5.044163
5.448103
5.006612
4.333914
4.613936
5.129993
5.197049
4.771114
4.358054
4.735172
5.393386
5.563975
4.884840
4.294217
4.534543
5.318821
5.565048
5.053282
4.105926
4.190684
4.958332
5.143404
4.389704
4.005611
4.134357
4.802764
5.004466
4.332841
3.855944
4.024923
5.038798
5.487800
4.505039
4.179419
4.593552
4.919708
5.070448
4.552782
4.156888
4.162252
4.891813
5.398751
4.784525
3.864527
4.141331
4.783452
4.979790
4.482508
3.740073
3.681601
4.325331
4.769505
4.108072
3.434301
3.954649
4.651487
4.823149
4.030824
3.410697
3.556610
4.081250
4.289389
3.659070
3.414453
3.609181
4.154206
4.064620
3.468633
2.913952
2.930045
3.624201
4.105390
3.465951
2.836704
2.864063
3.684819
4.016877
3.448248
3.140331
3.351689
3.901542
4.274905
3.895104
3.099561
3.041625
3.724516
4.147232
3.442884
2.882302
2.922535
3.872574
4.294754
4.036189
3.228844
3.214896
3.840387
4.337669
3.622592
2.579212
2.876938
3.473998
3.737927
3.685356
3.086687
3.204167
4.049600
4.250765
3.565729
2.869964
2.779842
3.749192
4.375220
3.723443
3.039480
3.184319
3.905833
4.001856
3.510476
2.764821
3.182173
3.615082
3.978789
3.269077
2.828121
2.893031
3.539980
3.842533
3.224552
2.517522
3.014267
3.770113
4.218579
3.614545
3.138721
3.281951
3.926218
4.400969
3.928900
3.266395
2.967596
3.590405
3.990591
3.374219
3.043771
3.075958
3.438056
3.507257
2.954722
2.374292
2.677381
3.462732
3.916562
3.587723
2.794862
2.854944
3.409088
3.762603
3.387630
3.135503
3.279269
4.020095
4.333377
3.530324
2.844751
3.121555
3.707886
4.285098
3.786207
2.975643
3.108681
3.660143
4.194439
3.800154
3.217578
3.309310
4.037798
4.564047
3.944993
3.053964
3.389776
3.740609
3.970206
3.373147
2.906442
2.946675
3.636539
3.898860
3.289462
2.598524
2.759993
3.667117
4.154206
4.113973
3.553391
3.566802
4.244864
4.720152
4.198194
3.881693
3.756166
4.098952
4.491628
4.075885
3.557683
3.679991
4.494846
4.832805
4.097343
3.883839
3.850580
4.631103
5.040944
4.451395
3.716469
3.661752
4.247010
4.697621
4.168690
3.559828
3.652096
4.291535
4.596234
4.003466
3.507257
3.654242
4.284025
4.582823
4.142941
3.572166
3.187001
3.992737
4.617692
4.069448
3.607035
3.597916
4.271687
4.802227
4.320503
3.685892
3.431082
4.293681
4.800082
4.183710
3.461123
3.545881
4.343033
4.894495
4.303873
