-9.090544
-7.662536
-7.925392
-9.497703
-9.724618
-8.858801
-7.557393
-7.901252
-9.811522
-10.244430
-9.185494
-7.649125
-7.917346
-9.462298
-10.009469
-9.002567
-7.370175
-7.480682
-9.433867
-10.085107
-8.998813
-7.627667
-7.773579
-9.065867
-9.626986
-8.495629
-7.218898
-7.507504
-8.973063
-9.628594
-8.822860
-7.295073
-7.147015
-8.565368
-9.112001
-8.107782
-6.479681
-6.850899
-8.539082
-9.123267
-7.777871
-6.505967
-6.765069
-8.246720
-8.374930
-7.755340
-6.452859
-6.253839
-7.870675
-8.475245
-7.597090
-6.051064
-6.115438
-8.276225
-8.836806
-7.782162
-6.204487
-6.415308
-8.188785
-8.783699
-7.321359
-5.687893
-6.258131
-8.069159
-8.846999
-8.066476
-6.686748
-5.881012
-7.427574
-8.108855
-6.775797
-5.307556
-5.631030
-7.228018
-7.682920
-6.915809
-5.563975
-5.492628
-7.195831
-7.738710
-6.487728
-4.606426
-4.383803
-6.121875
-6.955505
-5.784989
-4.385412
-4.591406
-6.080569
-6.884695
-5.926073
-4.489482
-4.080177
-5.747974
-6.490410
-5.150915
-3.929973
-4.172981
-5.868137
-6.509186
-5.435229
-4.039944
-4.297972
-5.988837
-6.165863
-4.618764
-3.430009
-3.504038
-5.345107
-6.150843
-5.149842
-3.836632
-4.543126
-6.638468
-6.425501
-4.206241
-2.317965
-2.663434
-4.103244
-4.321576
-3.348470
-2.166689
-2.426863
-4.299582
-4.440129
-3.192902
-1.835704
-2.035260
-3.529251
-4.091979
-3.197730
-1.845896
-1.918316
-3.614545
-4.258812
-3.122628
-1.968205
-1.403868
-2.961695
-3.584505
-2.704740
-1.234353
-1.095414
-2.758920
-3.603817
-2.337277
-0.904977
-0.966132
-2.510548
-3.287852
-2.116263
-0.418961
-0.879765
-2.653241
-3.187001
-2.002001
-0.736535
-0.802517
-2.360881
-3.085614
-2.039016
-0.776231
-0.631392
-2.173126
-3.213823
-2.152205
-0.676453
-0.699520
-2.130747
-3.078640
-1.932800
-0.305235
-0.465095
-1.836241
-2.815783
-1.872182
-0.518739
-0.485480
-2.178490
-2.702058
-1.570702
-0.159323
-0.214577
-1.927436
-2.889812
-1.886666
-0.265002
-0.479579
-2.025068
-2.309919
-1.031041
0.395894
0.631392
-1.009047
-1.961231
-0.792325
0.910878
0.665724
-1.091659
-1.738072
-0.744045
0.913024
0.879765
-0.817537
-1.757920
-0.791788
0.822902
0.763893
-0.930190
-1.574993
-0.759602
0.531077
0.673235
-0.948966
-1.995027
-0.553072
1.163006
0.872254
-0.888884
-1.894176
-0.864744
0.777304
1.075029
-0.989735
-1.676917
-0.806809
0.611007
0.797153
-1.098633
-1.812637
-0.885129
0.703812
0.652313
-0.712931
-1.420498
-0.649631
0.786960
0.578821
-1.018703
-1.734853
-0.689328
1.087368
0.776768
-1.091659
-1.465559
-0.561118
0.965595
0.946283
-0.725806
-1.668871
-0.753164
0.480115
0.286996
-1.557291
-1.716078
0.078321
1.527786
1.557827
-0.035405
-0.711858
0.448465
2.094269
2.187610
0.710249
-0.097096
0.870645
2.592087
2.547562
0.790179
0.009656
0.887275
2.549708
2.510011
0.890494
0.536978
1.246691
2.469778
2.553463
0.898004
-0.011802
0.947356
2.172053
2.385020
0.881374
0.068665
1.098633
2.864599
3.048599
1.227915
0.695765
1.665116
2.881766
2.726197
1.303017
0.473678
1.471996
2.974570
2.948284
1.624346
0.837386
1.809418
3.255666
3.523350
1.909197
0.982225
2.033651
3.428936
3.560365
2.188146
1.418352
2.427936
3.830731
3.914953
2.593160
1.642049
2.540589
4.229844
4.821539
3.197730
2.567411
3.664434
5.299509
5.625666
3.984690
2.862454
3.992737
5.450786
5.535543
4.027069
3.068448
4.034043
5.757094
5.774796
3.951431
3.044844
4.312456
5.656243
5.663217
3.924609
3.112436
3.990055
5.361736
5.382658
3.831804
2.935946
4.184783
5.790890
5.728662
3.888131
2.924681
3.840924
5.773724
6.016732
4.477680
3.439129
4.684747
6.309093
6.021024
4.361809
3.339351
4.349471
6.292463
6.644369
4.726053
3.501893
4.763604
6.080032
6.227554
4.435838
3.373683
4.167617
5.960405
5.962015
4.343033
3.285707
4.196585
5.629421
5.760849
4.022241
2.775014
4.057646
5.693257
5.923927
4.189611
3.424645
4.400433
5.580605
5.438984
3.969133
2.978862
3.919781
5.474926
5.619228
3.988982
2.830267
3.765285
5.029679
4.881084
3.065229
2.134502
3.164471
4.484118
4.526496
3.014267
1.996100
2.785743
5.001247
5.717397
4.686356
4.320503
5.685211
7.598163
7.799328
7.090152
6.709279
7.495702
9.421529
10.069014
9.248794
9.094298
10.317386
12.327435
12.411119
11.144580
11.030317
12.292566
13.924958
14.595510
13.122441
11.933685
13.224901
14.969947
15.135708
13.935150
12.933077
13.823570
15.236559
15.255334
14.175476
13.289811
14.040293
15.301468
15.384080
14.236631
13.097765
14.084282
15.580954
15.256943
13.933004
13.112249
14.049413
15.184524
15.223684
13.976457
12.582781
13.401928
14.592292
14.465155
13.110104
12.058141
12.591900
13.849319
13.737204
12.309196
11.263133
11.951388
13.114395
13.033928
11.325360
10.365129
11.330725
12.767853
12.814524
11.173011
10.185958
11.278153
12.702944
12.527527
11.180521
10.303975
11.275472
12.555422
12.742104
11.408509
10.189177
11.225045
12.527527
12.581171
11.226119
9.953679
10.503531
11.933685
12.042583
10.691823
9.998740
10.961653
12.477102
12.599411
11.666537
10.576488
11.420310
12.840273
13.847174
12.024345
9.809913
10.719718
11.790992
11.309267
9.693504
8.632958
9.194077
10.533572
10.331870
8.969844
7.896961
8.667828
10.327579
10.382833
8.868993
8.040727
8.686067
10.010005
10.244967
8.688212
7.783772
8.840562
10.285736
10.351182
8.903862
7.850290
8.917274
10.321141
10.309876
8.936585
7.910372
8.737565
10.221363
10.447742
8.831443
8.093299
9.591044
10.886014
10.358692
8.058967
7.010759
7.397533
7.526816
6.944777
5.649806
4.174054
4.328549
5.156279
4.231453
2.316356
0.727415
0.976324
1.612544
1.169443
-0.511766
-1.679600
-0.969350
0.164151
-0.067055
-1.730561
-2.629102
-1.963914
-0.842214
-0.770331
-2.124846
-3.249765
-2.109289
-0.648558
-0.440955
-1.745045
-2.755702
-1.659215
-0.393748
-0.407159
-1.487553
-2.032578
-1.367927
0.040770
0.133038
-1.119018
-1.877010
-1.092196
0.157714
0.327766
-0.877619
-1.859844
-0.886202
0.617981
0.480652
-0.870109
-1.966596
-0.994563
0.546634
0.677526
-0.761211
-1.768112
-1.172125
0.246763
0.140011
-1.119554
-2.088905
-1.142085
0.312746
0.553072
-0.792861
-1.925290
-0.981152
0.516594
0.452220
-0.851333
-1.749337
-0.901222
0.209212
0.246227
-0.963450
-1.933336
-1.231134
0.251591
0.790179
-0.602424
-1.490235
-1.390457
-0.388920
-0.809491
-2.551317
-3.729880
-3.499747
-3.059865
-3.479362
-5.386949
-6.555856
-5.432547
-3.902078
-3.875256
-5.307556
-6.306947
-5.169690
-3.589333
-3.654778
-5.079568
-5.898715
-4.834950
-3.298045
-3.335596
-4.727126
-5.665362
-4.820467
-3.156424
-2.912343
-4.388631
-5.297363
-4.358054
-2.992809
-3.117800
-4.330159
-5.262495
-4.292071
-2.457977
-2.217114
-3.622056
-4.576385
-3.530860
-2.009511
-1.939774
-3.293217
-4.126311
-3.082395
-1.609862
-1.576603
-3.224552
-3.985763
-2.969206
-1.600743
-1.555145
-2.695084
-3.586650
-2.659142
-1.217187
-1.292288
-2.821148
-3.693939
-2.546489
-1.308382
-1.341105
-2.677381
-3.427327
-2.557755
-1.533151
-1.351297
-2.653778
-3.545344
-2.667725
-1.284242
-1.603961
-3.008903
-3.653706
-2.924145
-1.426399
-1.352370
-2.679527
-3.746510
-2.995491
-1.673162
-1.767040
-3.315747
-4.465342
-3.210068
-0.890494
-0.349224
-1.594842
-2.054572
-1.145303
0.436664
0.833094
-0.739753
-1.649559
-0.596523
0.557363
0.485480
-0.709176
-1.500428
-0.720978
0.594378
0.522494
-0.876010
-1.770258
-0.928044
0.473678
0.551462
-0.760138
-1.695693
-0.838995
0.695229
0.821293
-0.547707
-1.575530
-0.769258
0.510693
0.600278
-0.689328
-1.657605
-0.740290
1.051426
0.925362
-0.457585
-1.543880
-0.690401
0.503182
0.545025
-0.451148
-1.482725
-0.407159
0.939310
1.039088
-0.564873
-1.660824
-0.775695
0.704348
0.803590
-0.471532
-1.268149
-0.376582
1.009584
1.065374
-0.432909
-1.306772
-0.723660
0.320256
0.255346
-0.925899
-1.364708
-0.225842
1.072347
1.335740
-0.207603
-1.414597
-0.707567
0.629246
0.715077
-0.612080
-1.469851
-0.488699
0.818610
1.074493
-0.536442
-1.602352
-0.718296
0.487089
0.922144
-0.472605
-1.483798
-0.306845
1.216650
1.303554
-0.400186
-1.511693
-0.549316
0.854015
0.869572
-0.487089
-1.307309
-0.380874
1.171589
1.117945
-0.243545
-1.430690
-0.532150
0.838995
1.024068
-0.192046
-1.515985
-0.785351
1.077175
1.106680
-0.254810
-1.373828
-0.492990
0.983298
1.114726
-0.840604
-2.003610
-0.669479
0.763357
0.815928
-0.795007
-2.088905
-1.006365
0.659287
0.785351
-0.591159
-1.777768
-1.087904
0.334203
0.365853
-0.963986
-1.783669
-0.705421
0.716150
0.936628
-0.786960
-2.015412
-1.424790
0.330448
1.156569
0.074029
-1.066446
0.084221
1.488090
1.618982
0.248373
-1.220942
-0.467241
1.362026
1.785815
0.403941
-0.732780
-0.018775
1.325548
1.263321
-0.066519
-1.065374
-0.137866
1.278341
1.973570
0.181317
-1.308382
-0.305235
0.970423
1.259565
0.119627
-0.879228
-0.312746
1.135111
1.522959
0.129282
-1.099706
-0.216186
1.078785
1.461268
0.210822
-1.221478
-0.265002
1.312137
1.463950
-0.047207
-1.023531
0.033796
1.193583
1.268149
0.138938
-1.063764
-0.355125
1.099706
1.506329
0.217259
-0.746727
-0.281096
1.282096
1.526177
0.277340
-1.097024
-0.350297
1.189828
1.517594
0.389457
-0.624418
0.004292
1.266539
1.550853
0.377119
-0.719905
-0.020921
1.466632
1.447320
0.475824
-0.322402
-0.107825
1.549781
1.845360
0.631929
-0.506401
0.197411
1.870573
1.876474
-0.102997
-1.426399
-0.818074
0.148058
-0.085294
-1.857698
-2.990127
-2.918244
-1.824439
-1.427472
-2.685964
-3.685892
-3.210605
-1.792789
-1.503110
-2.498210
-3.785134
-3.343106
-1.465559
-1.224160
-2.320647
-3.244401
-2.645731
-1.125455
-1.127601
-2.573312
-3.690184
-2.999783
-1.500428
-1.061618
-2.111972
-3.183246
-2.633929
-1.209140
-0.681281
-2.158642
-3.466487
-2.892494
-1.132965
-0.813782
-2.118409
-3.192902
-2.550245
-0.841141
-0.967205
-2.411306
-3.467024
-2.710641
-1.196265
-0.703812
-2.471388
-3.924609
-3.097415
-2.050281
-1.777232
-2.699375
-4.116655
-3.848434
-3.215969
-2.798617
-4.785061
-6.423355
-6.078423
-4.955650
-4.965842
-6.423892
-7.439912
-6.435693
-5.577922
-5.541981
-6.802083
-7.803083
-7.204951
-5.916417
-5.112827
-6.807984
-8.276225
-7.233382
-5.936802
-5.472780
-6.606818
-7.531107
-6.958724
-5.469025
-5.058110
-6.327868
-6.962479
-6.087006
-4.739464
-4.612864
-5.926073
-6.828369
-6.048919
-4.781843
-4.244328
-5.132139
-6.312312
-5.633176
-4.209459
-3.756702
-5.037725
-6.203414
-5.796791
-4.531861
-3.615082
-4.961551
-6.252230
-5.694330
-4.440666
-4.037798
-5.100489
-5.840779
-5.247474
-3.938020
-3.439665
-4.703522
-5.979181
-5.280197
-3.851116
-3.420353
-4.708350
-5.775333
-5.105854
-3.717006
-2.992273
-4.322112
-5.168617
-4.292071
-2.857089
-2.427399
-3.595233
-4.833341
-4.188538
-2.677381
-2.295435
-3.841997
-4.895568
-3.883839
-2.409697
-2.007902
-3.323257
-4.517377
-4.387558
-3.146232
-1.966059
-2.767503
-4.080177
-3.194511
-1.598060
-0.903368
-2.197802
-2.913952
-1.899541
-0.663579
-0.395358
-1.689255
-2.739072
-1.678527
-0.204921
0.151813
-0.927508
-2.079249
-1.288533
0.009656
0.398576
-1.326621
-2.144695
-1.260638
-0.156641
0.377655
-0.985980
-1.973033
-1.127601
0.079393
0.480115
-0.820220
-1.897395
-1.020849
0.009656
0.425398
-0.743508
-1.907051
-1.260102
0.152886
1.312137
-0.277340
-2.082467
-1.519740
-0.412524
0.003219
-1.685500
-2.839387
-2.256811
-1.366854
-0.909269
-2.220333
-3.274441
-2.375365
-1.300335
-1.037479
-2.267540
-3.192902
-2.411843
-1.260638
-0.665188
-2.054036
-3.164471
-2.408087
-1.270831
-0.702739
-2.144695
-3.266395
-2.493918
-1.195729
-0.720978
-2.075494
-3.189147
-2.375365
-1.094878
-0.285387
-1.799762
-3.094733
-2.186537
-1.121700
-0.726342
-1.765430
-2.736926
-1.875937
-0.583112
-0.344932
-1.545489
-2.849579
-2.089978
-0.800371
-0.311673
-1.720369
-2.795398
-2.154351
-0.749946
-0.307381
-1.395822
-2.432227
-1.516521
0.022531
0.517130
-0.295579
-1.590014
-0.888348
0.371754
0.963450
-0.282705
-1.576603
-0.779987
0.716686
1.257956
-0.128210
-1.266539
-0.660360
0.606179
0.922144
-0.359416
-1.198948
-0.870109
0.449002
1.140475
-0.080466
-1.353443
-0.693083
0.865281
1.220942
-0.308991
-1.245082
-0.856161
0.670016
0.840068
-0.422180
-1.320720
-0.659287
0.598133
0.877082
-0.088513
-1.056254
-0.553072
0.875473
0.913561
-0.181854
-1.039624
-0.508010
0.750482
1.136720
-0.099778
-1.201630
-0.641048
0.803053
0.860453
-0.010729
-1.110435
-0.404477
0.880301
1.207531
0.074565
-1.092196
-0.477433
0.897467
1.540661
0.197411
-1.178563
-0.535905
0.987053
1.412988
0.186682
-0.895321
0.040233
1.087368
1.216114
-0.235498
-1.617909
-0.762284
0.790715
1.134038
-0.046670
-1.385629
-0.660360
1.009584
1.091659
-0.010192
-1.307309
-0.712931
0.767112
1.261175
0.047207
-1.193583
-0.543952
0.948429
1.384020
0.106752
-1.028895
-0.620663
0.757992
1.191437
-0.121772
-1.498282
-0.823438
0.857234
1.287460
-0.106215
-1.307309
-0.466704
0.987053
1.527786
0.069201
-1.116336
-0.392675
0.997245
1.387775
-0.040770
-1.134038
-0.526786
1.185000
2.116263
0.487089
-1.365245
-1.103461
0.155032
0.472069
-1.122773
-2.610862
-2.055109
-0.435591
0.013947
-1.293361
-2.437055
-1.800299
-0.447393
0.349224
-1.055718
-2.360344
-1.757384
-0.167370
0.439346
-0.972569
-2.418816
-1.622737
-0.062764
0.376046
-0.974178
-2.390921
-1.815856
-0.085294
0.432372
-0.953257
-2.291143
-1.540125
-0.004828
0.514984
-0.832021
-2.091587
-1.335740
0.547707
1.080930
-0.684500
-2.099633
-0.950575
1.091123
1.955867
-0.580430
-4.163325
-3.210068
2.225161
3.387094
0.120163
-5.527497
-4.356444
3.421426
8.106174
3.064692
-4.728735
-3.335059
1.814783
2.886594
0.265539
-6.512404
-5.319357
3.888131
9.680093
4.186392
-5.706132
-6.216825
2.844751
9.766997
4.468024
-5.476535
-6.023170
3.408015
10.356546
4.250765
-4.881084
-4.118264
3.947139
9.695650
3.607572
-6.616474
-6.671728
2.940774
9.467662
3.493846
-6.526888
-5.860627
3.408552
9.673120
3.330231
-7.462979
-6.784380
1.944602
7.383586
1.737535
-7.688285
-6.273151
2.434373
7.939876
2.212286
-7.432939
-6.591261
2.425790
8.374394
2.375365
-7.311166
-6.780625
1.517594
7.862092
1.999855
-7.773579
-6.771506
1.835168
8.138360
1.937092
-8.050384
-7.100345
2.119482
8.163035
2.104998
-8.160354
-7.848681
1.732171
8.263350
2.386093
-8.220435
-7.857800
1.651168
8.600772
2.471388
-8.350791
-8.211316
1.342714
8.920491
3.140331
-8.029998
-7.674874
2.069593
8.750976
2.818465
-7.889451
-7.212997
2.840996
10.430039
4.012585
-7.331551
-7.160963
2.681136
10.099054
4.030824
-7.473172
-7.089079
2.920389
9.808839
3.737927
-7.113219
-6.413699
3.843070
11.146189
5.567730
-5.900324
-5.463124
4.974962
12.667002
6.461979
-5.156816
-5.299509
4.236818
10.183812
4.408479
-4.675627
-3.810883
4.628957
9.699405
3.970743
-4.598380
-3.785134
4.409552
9.714962
3.492237
-3.920317
-1.206458
6.007613
8.567513
3.185928
-4.139185
-2.559364
6.603063
11.707307
5.776942
-3.034652
-1.489699
7.423819
12.963118
7.660926
-1.716078
-0.982762
8.376540
14.348211
8.230091
-1.524031
-1.267612
7.872821
13.006033
7.369638
-1.320720
-0.344396
8.136750
12.916985
7.619084
-1.232743
-0.268757
8.613111
13.121904
7.169009
-1.777768
-0.799835
7.765532
13.139607
7.252694
-0.605643
0.746191
8.141042
11.255623
6.290854
2.345860
4.175663
6.530643
7.139505
5.227089
3.038407
3.760994
5.382121
6.012977
3.961087
1.711250
2.451003
4.104317
4.564584
2.716005
0.772476
1.563728
3.412843
4.146696
2.413452
0.823438
1.786888
3.573239
4.622519
2.951503
1.323938
2.330303
4.159570
4.849971
3.236354
1.578212
2.319038
4.281343
5.009830
3.397823
1.650095
2.452076
4.346788
5.091370
3.573239
1.804054
2.486944
4.207314
3.833414
2.824366
2.294898
2.924145
4.310847
4.989446
3.243864
1.513303
2.349079
3.943384
4.823149
3.196657
1.450539
2.260566
3.850043
4.707277
3.041625
1.380801
2.291143
3.892422
4.662216
2.888203
1.148522
2.124846
4.038334
4.652560
2.924681
1.030505
2.076566
3.762067
4.766822
2.978862
1.294434
2.348542
4.180491
5.137504
3.526569
1.691938
2.898395
4.831195
5.676091
3.885985
2.122164
3.122628
5.275369
6.369174
4.159034
2.044380
3.180564
5.392313
6.295146
4.317284
2.384484
3.435374
5.981863
6.757022
4.569948
2.322257
3.326476
5.943239
6.849290
4.776478
2.634466
3.329158
6.345035
7.383049
4.649878
2.086222
3.921926
7.442058
8.842708
5.328477
-0.449002
1.309991
9.152771
14.367523
8.648516
0.876546
1.578748
8.593263
13.243677
7.936121
0.379801
1.905978
9.500922
13.321998
7.599236
-0.148594
1.850724
9.221972
12.426140
7.262887
-0.451684
0.940919
8.717717
13.127270
7.875503
0.335276
2.093196
9.867848
14.269890
8.451642
1.946748
3.396214
10.400535
14.289739
9.124339
2.275586
3.962160
10.305585
12.721183
8.273543
3.955722
5.429328
10.221363
11.855901
8.014441
4.061401
5.661607
9.321750
10.194541
7.442058
4.274369
5.526960
9.174766
10.102273
7.666827
4.490018
5.747438
8.456470
9.377004
7.236064
4.887522
5.915881
8.586825
9.533109
7.071377
4.795254
5.745292
8.354546
9.323895
7.085861
4.788816
5.782843
8.516551
9.401680
7.131458
5.106390
6.189466
8.652270
9.517015
7.465125
5.249620
5.963088
8.298219
9.356619
7.014514
4.727126
5.755485
8.455397
8.830906
6.505431
5.084396
6.512941
8.734346
9.975673
8.011223
6.138505
6.966771
9.344817
10.435940
8.490266
6.440521
7.584215
9.848000
10.634423
8.615792
6.311775
7.416845
9.893598
10.787309
8.668365
6.517232
7.674337
10.110856
10.912837
8.996130
6.896497
7.614256
9.727300
10.761024
8.671046
6.652952
7.757486
9.932757
10.542691
8.763314
6.710351
7.526279
9.739638
10.549129
8.536936
6.706596
7.601918
9.703160
10.491193
8.588971
6.546200
7.562757
9.730519
10.648908
8.702697
6.578387
7.417918
9.699405
10.524989
8.459151
6.593407
7.590652
9.820105
10.566832
8.629204
6.709815
7.683457
9.651126
10.283590
8.394778
6.514550
7.281662
9.519697
10.638179
8.643687
6.699086
7.651807
9.769679
10.442377
8.442522
6.682993
7.542909
9.650589
10.472418
8.591653
7.187248
7.864774
9.155454
9.730519
8.004786
5.815566
6.571949
8.753658
9.916664
8.025706
6.165327
6.921710
9.236993
10.062039
8.188249
6.423355
7.192076
9.191932
10.045410
8.335771
6.527425
7.418455
9.533109
10.317386
8.658172
6.730200
7.361055
9.503604
10.339380
8.511187
6.700696
7.446350
9.549201
10.216535
8.295001
6.560148
7.526279
9.784163
10.784627
8.377612
5.787671
6.070376
7.974745
8.158208
5.925537
3.733635
4.321039
6.239356
6.663145
4.736782
2.945602
3.799618
5.774796
6.536544
4.545272
2.734781
3.879011
5.945921
6.530107
4.970670
3.177345
3.920317
5.902470
6.727518
4.783988
3.031970
4.083932
6.078959
6.644369
4.587114
2.755165
3.867209
5.865992
6.656171
4.630030
2.919853
3.916562
5.909443
6.559075
4.668653
2.705813
3.723979
5.678773
6.457687
4.777551
3.218115
3.826976
5.390704
5.817175
3.891886
2.022386
2.744437
4.638613
5.399824
3.745437
1.845896
2.719760
4.937411
5.710423
3.831804
2.058864
2.867282
4.926682
5.776942
3.767968
2.026677
2.886594
4.761994
5.629957
3.767968
1.925290
2.791643
4.829586
5.582214
3.482581
1.660824
2.584040
4.514695
5.337060
3.640831
1.836241
2.954722
4.665971
5.503893
3.684283
1.865208
2.803445
4.656852
5.296827
3.677309
1.882375
2.747119
4.503966
5.279661
3.188074
1.271367
2.426327
4.453004
5.482972
3.722370
1.696766
2.427936
4.174591
5.233527
3.377975
1.623810
2.656996
4.366100
5.226553
3.446103
1.547098
2.928436
4.893959
5.878866
4.543126
2.866745
3.782452
5.760313
6.850899
5.121947
3.126920
4.103244
6.194831
7.203878
5.283952
3.406406
4.483581
6.325186
7.107318
5.159498
3.027678
4.060328
6.198050
7.017196
4.954041
3.188074
4.304410
6.104172
6.876648
4.867137
3.022314
4.089296
6.092907
6.910444
4.980326
3.016413
3.920317
5.978108
6.772579
4.808665
2.870500
3.912807
5.979181
6.978572
4.883767
2.828658
3.863991
6.029070
6.905616
4.858017
2.960623
3.960014
6.006540
7.048310
4.918099
3.165544
3.888131
5.813957
6.516696
4.498601
3.358663
4.856945
6.737710
7.670582
5.607427
3.718079
4.711569
6.719471
7.490874
5.582750
3.865600
4.691720
6.805302
7.761241
5.797863
3.952504
5.021632
6.877185
7.426501
5.571485
3.863454
5.010903
7.105173
7.914663
5.924464
4.064620
4.969597
7.019878
7.761777
5.823076
4.087151
5.101026
7.183493
7.931293
6.150306
4.326940
5.074203
6.929756
7.686676
5.972744
4.109681
4.948676
6.719471
7.762850
6.250084
4.283488
5.067230
7.023097
7.670046
5.872429
4.152596
4.999102
7.046700
8.229018
6.371857
4.014731
4.766822
6.624521
7.377685
5.452395
3.727198
4.553319
6.286562
7.241429
5.223871
3.469170
4.403651
6.342889
7.066012
5.303801
3.493309
4.510940
6.530643
7.181884
5.322040
3.580213
4.702449
6.688357
7.415236
5.571485
3.618300
4.535079
6.519378
7.365883
5.426646
3.622592
4.280270
6.232382
6.986083
5.207778
3.432692
4.321576
6.304801
6.869675
5.068303
3.402651
4.311920
6.358982
6.972672
5.138577
3.469706
4.385949
6.383122
7.080496
5.361200
3.669799
4.557074
6.417991
7.119120
5.429328
3.703595
4.455686
6.388486
6.998421
4.976035
2.875865
4.490018
7.224799
8.238674
6.496848
4.784525
5.988837
8.257449
9.214998
7.365883
5.632103
6.396533
8.358300
9.090544
7.386268
5.884767
6.792427
8.722009
9.265960
7.394315
5.599916
6.500603
8.607746
9.434939
7.566513
5.762458
6.591798
8.483292
9.220899
7.493556
5.784452
6.598772
8.557857
9.217681
7.467807
5.642832
6.395997
8.137286
8.900107
7.709206
6.112219
7.046164
8.961261
9.739102
8.006931
6.141187
7.237137
9.339990
9.909690
8.222581
6.408871
7.251621
9.196759
9.830297
8.090079
6.467343
7.356764
9.372712
10.007859
8.053601
6.393314
7.472099
9.120048
9.792747
7.741929
6.043018
7.391633
9.324969
10.012151
8.133532
6.671728
7.341743
8.145333
8.815349
6.717862
4.309774
5.057574
6.678701
6.791891
4.571558
2.814174
3.647268
5.138577
5.881012
4.133821
2.689719
3.689111
5.561829
6.333233
4.429937
2.812565
3.859163
5.757630
6.507576
4.746974
3.048599
4.080713
5.836487
6.476999
4.792035
3.153742
4.170299
5.999029
6.512941
4.828513
3.197730
4.159570
6.022633
6.598235
4.796327
3.171981
4.071057
6.010295
6.838025
4.980326
3.199339
3.794790
5.385876
6.684602
5.811811
4.428864
5.532861
7.824005
9.114147
7.404507
6.045164
7.359446
9.296537
10.155381
8.599163
7.104100
7.936121
9.769143
10.459543
8.883477
7.395388
8.226872
9.922565
10.450423
8.777799
7.084251
8.142652
10.028244
10.793210
8.596480
6.698013
7.768751
9.733201
10.291101
8.621694
7.116438
8.046092
9.629668
10.084571
8.526744
6.949068
7.788599
9.689750
10.206880
8.372785
6.754340
7.796110
9.663464
10.097445
8.412481
6.838025
7.642687
9.259522
9.849608
8.122266
6.495775
7.304729
9.214461
9.775043
8.032681
6.545664
7.248939
8.916200
9.641469
8.177520
7.245720
8.271398
10.025561
10.612966
8.757950
7.128240
8.146406
9.988547
10.367812
8.595408
7.009686
7.982791
9.645225
10.371567
8.557857
6.967844
7.906617
9.565295
10.088862
8.488120
6.815494
7.593871
9.302438
9.905398
7.948996
6.272615
7.324041
9.145261
9.817959
8.041800
6.444276
7.520915
9.186566
9.852291
8.118511
6.643296
7.057429
8.218825
8.649589
6.151916
3.826440
4.323185
5.689502
5.885840
3.410161
0.741899
1.942992
4.395068
5.088687
2.968669
1.082540
2.548635
4.721225
5.448103
3.347934
1.371145
2.523422
4.652560
5.320967
3.062547
1.367390
2.676308
4.610181
5.148769
3.208459
1.524031
2.555073
4.606963
5.459905
3.332913
1.537442
2.883911
4.722298
5.693794
3.435374
1.318574
2.731025
4.806519
5.397141
3.266931
1.607180
2.803445
4.774333
5.572558
3.590405
2.061546
3.252447
4.998565
5.566121
3.685356
2.270758
3.477753
5.404652
6.117583
4.159034
2.374292
3.028751
5.556465
6.393851
4.375756
2.703130
3.725052
5.299509
5.898715
4.110754
2.619446
3.741146
5.597234
6.166399
4.323185
2.971351
4.051209
5.898178
6.300510
4.093051
2.304018
3.324330
5.135358
5.902470
3.685892
1.630783
2.792180
4.642368
5.296827
3.514231
1.945138
2.950967
4.733563
5.293608
3.516913
1.917780
2.939165
4.509330
4.751266
3.089369
2.312601
3.300727
4.972280
5.700231
3.571630
1.817465
2.987445
4.685283
5.304337
3.463269
2.081931
3.105462
4.900396
5.162180
3.354371
1.781523
2.916634
4.751802
5.242646
3.517449
1.970887
2.925754
4.616619
5.147696
3.302873
1.766503
2.979934
4.760385
5.160034
3.389776
1.985371
2.997637
4.683674
5.086005
3.115654
1.653850
2.857089
4.618764
5.096734
2.927363
1.410842
2.991200
4.858017
5.265177
3.167153
1.922071
3.181637
4.867673
5.172909
3.435374
2.040625
3.190756
4.787744
5.227089
3.482044
1.964987
2.943993
4.859627
5.229772
3.437520
2.073884
3.340424
5.003930
5.147696
3.303946
1.939774
3.082395
4.764140
5.348325
3.638685
2.293825
3.270686
4.891813
5.369783
3.562510
2.024532
2.691865
4.507721
4.858017
3.183246
2.475143
4.100025
6.159962
6.979645
5.393386
4.145623
5.840779
7.820250
8.313776
6.442667
5.168081
6.255449
7.968307
8.483829
6.606818
5.073667
6.221117
8.011760
8.321822
6.400825
5.136967
6.163181
7.885159
8.403898
6.492020
4.875720
6.233991
8.211852
8.622766
6.533326
4.911125
5.756021
7.658781
8.386732
6.349326
4.822076
5.980790
7.839025
8.174838
6.100417
4.810811
6.152452
8.142652
8.884013
6.412090
4.652560
5.633176
6.913663
6.921710
4.874647
2.883911
3.826976
5.742074
5.688966
4.012049
2.752483
3.499747
5.492628
5.956114
4.098952
2.490700
3.485263
5.338669
5.737782
3.785134
2.212286
3.329695
5.447031
5.642832
3.785134
2.209604
3.339351
5.271078
5.563438
3.609717
2.117872
3.105999
5.239964
5.304337
3.215433
1.708031
2.606035
4.523278
5.535007
4.299582
2.830267
4.170299
6.628276
6.903471
4.597843
3.049672
4.564047
6.748975
7.101954
5.235136
3.889740
4.893423
6.709279
7.142187
5.230844
3.755093
4.797400
6.864310
7.025779
5.252302
3.811956
4.953504
7.189930
7.326723
5.268395
3.923536
4.884840
6.738246
6.948532
5.130530
3.806592
4.920245
6.884159
7.222117
5.200267
3.692329
4.755021
6.731809
6.979109
5.213142
3.954113
4.955650
6.945849
7.084251
5.163789
3.696621
4.826904
6.844462
7.060648
5.337596
3.900469
4.807055
6.718398
7.022561
5.173445
3.759921
4.988373
6.836952
6.982327
5.147696
3.753484
4.829586
6.890059
6.930829
5.059183
3.718079
4.902542
6.891132
7.021488
5.098880
4.135967
4.984081
6.365956
6.238283
4.361272
2.689719
3.408015
5.070985
4.882157
3.073812
1.790643
2.907515
4.893423
5.050600
3.211141
2.086222
3.191293
5.186856
5.060792
3.210068
2.212286
3.572166
5.600453
5.677701
3.771723
2.427399
3.673554
5.561293
5.644441
3.756166
2.378047
3.520668
5.601526
5.702377
3.865600
2.482116
3.573239
5.316675
5.376220
3.547490
2.172053
3.473461
5.451859
5.635858
3.711105
2.190292
3.047526
5.088151
5.388558
3.564120
2.188683
3.335596
5.308629
5.503357
3.616155
2.602279
3.565729
5.213142
5.110682
3.328085
1.960159
3.015340
4.974425
5.138577
3.330231
2.010048
3.151060
5.025387
5.277515
3.649951
2.234817
3.430009
5.241573
5.227089
3.333450
1.887739
2.981007
5.067230
5.384267
3.187001
1.745582
2.887666
4.899860
4.999638
3.339887
2.238035
3.342569
5.342961
5.438447
3.293753
1.768649
3.010512
5.208314
5.894959
3.967524
2.451539
3.614545
5.289317
5.503893
3.628493
2.283097
3.408552
5.405725
5.553782
3.717006
2.425254
3.553391
5.283416
5.412698
3.859699
2.569020
3.528715
5.401433
5.500138
3.696084
2.512694
3.719151
5.513013
5.515159
3.683210
2.196729
3.553391
5.454541
5.267323
3.401578
2.550781
4.191757
6.092907
5.965770
4.427791
3.543735
4.542590
6.318749
6.543518
4.851044
3.645123
4.898787
6.802619
6.793500
4.913807
3.510476
4.723371
6.523670
6.578387
4.655242
3.480435
4.529715
6.419064
6.575705
4.654706
3.456295
4.705132
6.514014
6.251694
4.154742
3.306091
5.072058
6.951750
6.787599
4.973352
3.445566
4.572630
6.640614
6.613792
4.614473
3.490091
4.670263
6.478072
6.674410
4.926146
3.593624
4.659534
6.428720
6.405116
4.493237
3.416062
4.649342
6.443740
6.165327
3.963769
2.768576
4.046917
5.989910
6.378830
4.283488
2.759457
3.917635
5.840779
5.936265
4.054964
2.852261
4.045308
5.611718
5.915344
3.849507
2.411843
3.117264
4.299045
4.595161
3.163934
2.386093
3.067911
4.575313
4.213214
1.615763
0.049889
1.146913
3.131748
2.761603
0.503182
-0.697911
0.240862
1.765430
1.471460
-0.243008
-1.116336
0.210822
2.445638
2.731025
0.504792
-1.053572
0.083148
2.560437
3.005147
0.891566
-0.216723
1.210749
3.177345
3.110290
1.373828
0.650168
1.717150
3.572703
3.521741
1.509547
0.546634
1.777768
3.954113
3.969133
1.919925
0.979006
2.258957
4.236818
4.036725
2.296508
1.172662
2.137721
3.943384
4.066766
2.098024
1.027823
2.196729
3.863991
3.793180
1.665652
0.415206
1.820147
3.985763
3.603280
1.529932
0.519276
1.989126
4.253448
3.679991
1.843214
1.004756
2.163470
4.140795
4.143477
2.224088
0.849187
1.997710
4.188538
4.251838
2.375365
1.206458
2.190829
3.743291
3.693939
1.878083
0.615835
2.052427
3.985227
3.843070
2.284706
1.318574
2.260566
4.444957
4.391850
2.467633
1.393676
2.481580
3.946603
4.384876
2.297044
0.842750
2.074957
3.865600
3.755630
1.835168
0.556827
1.596451
3.327549
3.395141
1.462340
0.056863
1.344860
3.181637
3.132284
1.147449
-0.425935
1.101852
3.298581
2.984226
1.090586
-0.159323
1.394212
3.460050
3.255129
0.926435
-0.294507
0.881910
2.836704
2.695084
0.688255
-0.453830
0.985980
3.347934
3.434837
1.234353
-0.123918
1.442492
3.970743
3.840924
1.558900
-0.079393
1.849652
4.374683
3.855944
1.666188
-0.113726
1.441956
4.224480
3.801764
1.529396
0.215113
1.882375
4.765749
4.615009
1.048207
-0.646949
1.775086
4.177809
3.675163
0.077248
-2.610326
-0.874400
2.550781
2.511084
0.417888
-3.778697
-2.264321
2.876938
3.479898
-1.310527
-3.985227
-0.107825
4.888595
5.536616
1.179099
-1.955331
1.230061
6.392778
6.468953
1.995027
-0.995636
2.710641
8.741857
8.979501
3.837705
0.802517
4.365564
9.625377
10.617793
5.406797
1.181781
5.249620
11.413337
12.741568
6.221653
0.675917
4.873038
14.799894
16.975166
7.499994
-2.960623
1.391530
17.350676
25.877956
12.404682
-8.948386
-4.948140
17.906429
30.466143
19.728186
3.207922
6.905616
27.058664
35.532837
16.878071
-7.571341
-5.587042
17.100157
28.305893
12.211563
-10.676266
-7.332624
15.983822
27.390186
10.692895
-11.962117
-8.696259
15.083673
26.510422
9.060503
-13.916912
-10.767461
12.161674
23.229542
6.280662
-16.975702
-14.158310
8.959115
19.912186
3.273905
-19.445480
-15.997232
7.611574
18.839302
2.402187
-19.869270
-16.021910
7.590116
18.758299
2.600670
-19.582273
-15.707018
8.055747
19.330145
3.123701
-19.224466
-15.474202
8.506895
19.493761
3.360272
-18.931570
-15.172722
8.768142
20.023230
3.843606
-18.236341
-14.326754
9.577096
20.668568
4.553319
-17.645720
-13.883652
9.783090
20.746889
4.168690
-18.295885
-14.497878
9.395780
20.430925
3.824294
-18.428923
-14.492514
9.206952
20.296278
3.752411
-18.737913
-14.756979
9.348573
20.440580
3.581822
-18.856468
-14.966192
9.188176
20.494761
3.725589
-18.502953
-14.577271
9.320141
20.478132
3.669799
-18.758835
-14.907720
9.006322
20.355286
3.806592
-19.006672
-15.014471
9.007396
20.004454
3.241718
-19.583883
-15.479031
8.572341
19.258799
2.117872
-20.445408
-16.306761
7.683993
18.415512
1.383484
-21.025301
-17.347456
6.347717
17.145218
-0.076711
-22.477987
-18.311443
5.739928
16.811014
0.164151
-22.702755
-18.687489
5.469561
16.303005
-0.435054
-23.093285
-18.723431
5.160034
16.143682
-1.120627
-23.806215
-19.667032
4.545272
15.982212
-0.977397
-23.613096
-19.186916
5.535543
16.445698
-0.947893
-23.637238
-18.973948
6.328405
17.460646
-0.266612
-23.298742
-18.218637
17.815771
69.332962
-1.792252
-125.451759
-107.240097
23.038031
96.536476
6.055356
-146.793030
-144.208450
22.873880
126.477974
30.921045
-133.302582
-127.991814
37.363174
139.657806
41.414921
-128.509476
-125.280632
42.691650
148.959717
50.643333
-120.414574
-113.778786
49.860126
147.016190
47.666077
-75.762222
-26.825850
15.330436
26.691202
6.862164
-16.164066
-10.003568
16.978922
28.201822
9.514333
-13.720037
-7.368566
19.951881
30.205969
12.904646
-8.905471
-3.170908
23.359896
34.585480
16.968193
-5.265713
-0.155568
24.065319
34.207287
17.125370
-4.168690
0.557900
24.379139
33.962135
16.708017
-4.727126
0.293970
24.087851
33.324306
15.402855
-6.502212
-1.250982
23.101868
32.777134
14.940443
-6.790281
-1.319647
22.044004
31.123283
14.309051
-6.290854
-1.077175
22.565426
32.023434
15.325607
-5.016804
-0.082076
23.615244
32.997612
16.462328
-4.379511
0.304699
23.344339
32.516960
15.851857
-4.622519
0.829339
23.609343
32.606010
15.558960
-5.209923
-0.059545
22.316517
30.958061
14.092328
-6.032289
-1.121700
21.408857
29.918972
12.795748
-7.143796
-2.137184
20.326319
28.558556
11.574269
-9.035827
-3.754557
18.490078
26.594107
9.711743
-10.887088
-5.664289
16.261162
24.152760
6.831051
-13.712527
-8.651198
13.418557
21.367016
4.230381
-15.914084
-11.352719
9.751440
17.467083
2.263785
-15.179695
-8.136214
15.376570
24.001484
8.160890
-10.619403
-4.354835
18.642963
27.327959
11.055530
-8.275152
-2.311528
20.081163
28.631512
12.341919
-6.118656
-0.062764
21.731796
29.254858
12.176695
-7.341207
-1.635611
20.694853
28.730755
12.669684
-6.733418
-0.436664
22.720995
30.348125
13.076307
-6.639005
-0.982762
20.623507
27.969543
10.689140
-9.388805
-4.232526
16.480030
24.180119
6.503821
-13.854685
-8.815886
12.643935
19.915941
1.977861
-17.845812
-13.088109
8.694650
16.022446
-0.792325
-19.824745
-13.930859
7.914663
14.697434
-2.439201
-21.231833
-15.556278
5.750657
12.462618
-4.009367
-21.919014
-15.812696
5.350471
12.096228
-3.971816
-21.942081
-16.178551
5.438984
12.726547
-3.207386
-21.724821
-15.752079
6.299973
13.534966
-2.630711
-20.899239
-14.421703
7.089616
14.390590
-1.804590
-20.098330
-14.243605
7.104636
14.649155
-2.353907
-20.700754
-14.236631
7.378222
14.413656
-2.139330
-20.690025
-14.421703
7.037581
13.505461
-4.839778
-31.776670
-24.035816
7.427574
16.028347
1.033187
-16.681732
-29.024723
-48.631138
-66.546684
-39.514843
-23.307861
-14.134706
8.230628
15.236559
-3.564120
-23.733797
-16.277256
17.556765
-254.407364
144.349716
190.768036
146.829056
-139.733444
-37.489239
-36.305313
-46.573879
-34.496967
-8.114220
1.785815
-13.480247
-30.963961
-23.360434
0.062227
8.707524
-7.817031
-26.094143
-19.062998
3.533006
11.307658
-5.899787
-24.797562
25.788370
-138.237503
120.830215
-237.580002
95.959793
40.315750
24.547045
16.588928
11.453570
8.984864
8.249403
7.478536
5.629957
3.926754
3.516913
4.123629
4.118801
3.263712
-0.414133
-10.771752
9.586753
8.215608
2.781451
1.275122
1.327694
1.437664
1.053035
0.160933
-1.115263
-1.402259
-0.742436
-0.770867
-1.937092
-3.478289
-3.126383
-2.101243
-1.784742
-2.670408
-3.677845
-3.278196
-2.136111
-1.758993
-2.430618
-3.569484
-2.813101
-1.626492
-0.921607
-1.947284
-2.914489
-2.341032
-0.827193
-0.623345
-1.762748
-2.360344
-1.700521
0.948429
4.339815
0.699520
-3.470243
-2.099633
-0.640512
-0.054717
-1.044989
-1.978934
-1.658142
-0.504792
0.250518
-0.906050
-5.257130
-6.356300
-0.988662
0.876010
-0.186145
-0.904441
-0.613689
0.244617
1.027823
-0.963986
-6.244720
-7.076741
-0.237644
5.675018
2.821684
-3.394604
-4.365564
1.172125
5.983472
3.051281
-3.672481
-5.451322
0.828266
6.064476
3.234208
-4.704059
-6.474317
0.935555
7.903934
4.837633
-3.534079
-6.325723
0.398576
7.659317
5.285025
-3.245473
-7.094980
-0.049889
7.268787
4.707814
-3.512085
-5.085469
1.592160
7.895351
5.518914
-3.353298
-7.353545
-0.392675
7.758022
5.864919
-2.596915
-4.760385
3.079176
4.986763
2.912879
-4.105926
-7.795573
-0.194728
8.987547
8.174838
-0.744581
-5.830586
-0.249982
8.235456
7.727982
-0.682354
-2.790034
4.103780
6.118656
4.502893
-2.794326
-7.296146
-0.469387
9.057820
8.641006
-0.254810
-5.345107
1.263857
10.605992
8.525670
3.189147
3.963233
5.482436
4.612864
1.637221
-5.005539
-8.343280
-0.454366
8.742393
7.676483
-0.993490
-5.554855
1.244009
9.589435
6.919027
-0.411451
0.551462
2.880156
3.936410
4.015804
2.933800
4.112900
5.107463
5.736173
5.155206
4.038871
4.902006
6.495238
7.043482
6.354691
5.233527
5.609036
6.868602
7.444204
6.517232
5.123556
5.819321
7.112146
7.788063
7.196368
5.633176
6.164254
6.730200
6.224335
4.135430
1.255810
2.182782
2.935946
1.952112
1.066983
-2.154351
-0.556290
2.674699
4.647732
2.999783
-2.233207
-2.085150
5.699158
12.356402
9.920419
1.754701
-0.813246
6.257595
13.212027
10.497630
1.924753
-0.652850
6.698013
13.740959
11.004568
2.240181
-0.662506
6.452859
13.265671
10.423065
1.930654
-0.643194
6.730200
13.806941
10.921420
2.226234
-0.765503
6.408335
13.534966
10.771752
2.548099
-0.085831
6.807447
13.621868
10.737420
2.202630
-1.004756
5.900324
13.393881
10.814132
2.148450
-1.001001
6.043554
13.237776
10.795356
1.910269
-1.510620
5.190075
11.709989
8.890450
0.437200
-3.070593
3.662825
10.599555
8.144797
-0.249982
-3.212750
3.540516
9.612502
6.205560
-2.110362
-3.769041
3.196121
9.721936
6.722153
-1.280487
-3.987909
2.239645
8.513869
6.367565
-0.842214
-3.883303
2.722979
9.770752
6.173373
-1.870573
-3.860772
2.787888
9.224654
6.639541
-1.474142
-4.271150
2.187610
8.067550
5.376220
-2.514303
-5.066693
1.142621
7.033289
4.723907
-3.088296
-13.578953
-35.459343
-7.812203
27.563993
-2.477825
-111.576691
-51.594444
20.271065
55.440731
50.941059
36.004906
29.145424
27.905170
15.183451
-104.673225
247.283707
-176.774750
92.566261
-183.740005
-125.133743
-141.968903
-0.696396
-203.634064
59.117851
113.341934
101.177574
209.299591
-82.810280
112.421837
101.454285
-51.365036
-57.194420
190.899200
-215.609116
-212.434555
-176.902878
136.216629
-206.191101
-114.013748
-67.892082
-43.070381
-21.288158
-3.828049
2.629102
-0.038087
-2.367318
3.526569
11.220218
11.418701
4.637003
0.170052
5.120337
13.113858
15.160920
8.045555
4.317821
10.195077
18.810333
19.005062
-33.227745
-250.632614
2.405405
115.103256
41.639153
68.628616
29.561165
6.426574
-7.661463
17.437042
85.704094
151.980957
200.907135
235.614929
198.035034
117.266190
45.269791
22.219421
28.421227
30.820732
25.504593
22.908213
25.648359
29.537025
30.300919
24.607126
18.176796
19.009890
23.440899
20.348848
13.068797
9.926320
14.475348
21.608414
22.383574
15.309515
3.773332
24.624292
113.506271
224.321213
159.070023
-250.323624
216.718857
-166.594162
-35.834316
-0.188291
0.043452
0.020385
0.016630
0.010192
0.011265
0.010192
0.009656
0.011802
0.015557
0.025749
0.033796
0.024140
0.018239
0.016630
0.008047
0.006974
0.006974
-0.008583
-0.019312
-0.017703
-0.010729
-0.005901
-0.003755
0.000536
-0.000536
-0.003755
-0.002682
-0.003219
-0.002146
-0.001073
-0.002146
-0.000536
0.000000
-0.004292
-0.003755
0.006974
0.005901
-0.002146
-0.003219
-0.001609
-0.002146
-0.005901
-0.004292
-0.001073
0.002682
0.006974
-0.000536
0.004292
0.024140
0.021994
0.013947
0.005901
0.002146
0.002146
0.005901
0.004292
0.005901
0.009656
0.013947
0.030041
0.036478
0.026286
0.017166
0.011802
0.009656
0.008583
0.012875
0.015557
0.018239
0.027359
0.030041
0.020921
0.015557
0.010192
0.002682
0.003219
0.004828
0.002146
0.004828
0.006437
0.004292
0.012875
0.030041
0.037014
0.026286
0.017703
-123.130035
-233.815857
193.527878
-245.408554
68.995102
-38.832489
178.812698
-197.511566
-109.140808
-61.381920
-42.250790
-35.508255
-27.391354
-18.992819
-18.669882
-28.435806
-38.410404
-39.752045
-37.373463
-40.610352
-51.755470
-62.905952
-64.942284
-62.478943
-65.733536
-76.419456
-86.736839
-88.795166
-86.501877
-89.469475
-99.912933
-110.353165
-111.866463
-108.016960
-109.797943
-119.636826
-129.068008
-130.261597
-126.418518
-128.360443
-137.834534
-146.804916
-147.359604
-143.020325
-144.216049
-153.210037
-161.943314
-161.947067
-157.184525
-158.313202
-166.315308
-174.003586
-174.163452
-169.532883
-170.841263
-190.109177
250.330063
-189.497101
-159.660217
-167.031464
-189.406448
227.944885
127.550316
-243.133789
12.322512
46.547501
-181.569031
164.606644
-227.910645
24.553923
67.951530
-149.163651
209.059982
-167.858658
98.901550
138.904022
-90.683441
252.701675
-142.681824
104.106644
124.386292
-115.157532
245.571823
-154.113937
29.742388
14.437702
-197.338287
207.584229
-181.493927
-23.178675
-65.887497
-235.860718
232.774460
-254.308945
174.669846
200.261902
40.540520
181.882217
229.604095
239.890366
239.361435
238.788513
241.634872
244.655045
242.381073
238.342728
235.155197
237.840622
237.007523
234.457825
232.009506
230.769241
230.320251
229.751083
228.510284
226.351120
225.055603
225.268570
224.772369
222.646439
220.594559
219.316757
219.133286
218.527649
216.394760
213.869720
212.570465
212.396652
212.115021
210.756744
209.176926
208.529984
209.445145
209.537949
207.897522
206.384750
204.060883
199.084320
200.930206
200.405563
194.645798
193.239777
200.211914
203.248169
204.654190
200.606735
198.649261
198.700226
198.304321
195.843674
192.487152
190.539322
190.668594
191.113312
190.109085
188.149460
187.670959
188.055054
187.834579
186.649033
185.727432
185.823456
185.889969
186.016037
184.833725
182.920776
181.586105
181.425705
181.976089
181.733627
181.439117
180.386078
180.398956
182.330154
182.621429
178.851318
178.340088
182.645569
188.904236
184.965149
178.215637
178.186676
176.371887
174.172470
175.812912
171.220444
166.340424
169.266708
177.204987
179.497192
172.655426
167.527039
171.363663
176.169647
175.491043
168.673950
163.851334
166.478821
170.923248
169.212006
165.257355
165.926300
169.299973
171.337921
171.113144
168.973816
169.957123
172.385056
173.895142
174.278687
172.221436
171.720932
175.708847
181.077560
181.018005
176.156769
175.519485
182.621429
187.166702
185.924850
183.989899
184.076797
186.632950
187.861404
186.094894
185.557388
186.348633
188.216522
191.486130
190.209396
186.800858
185.929672
189.081268
192.534363
190.824173
186.902771
186.477371
189.543137
192.511292
191.039810
186.509567
185.178650
189.019577
191.547287
188.398911
183.528015
183.004990
186.270844
188.432175
186.238129
182.439041
180.733154
183.323105
185.961319
183.667496
179.007965
177.522018
179.920456
181.498123
179.477890
177.125595
175.712067
177.076767
178.205978
176.438950
173.464905
171.517624
172.491806
174.911697
173.393570
168.881546
169.758636
170.805237
171.014984
169.969986
168.005005
166.890808
166.490097
165.925217
164.387238
163.250519
162.294586
162.905060
162.997314
161.796768
160.021149
159.075928
158.993317
159.382233
158.200989
157.058380
156.557343
156.507446
156.625458
155.782181
154.338608
153.723846
153.440079
153.503372
153.173462
152.453018
151.464355
151.424667
151.492783
150.632339
149.231689
148.946304
148.453308
148.246246
147.228607
145.669708
145.560287
146.118179
146.237274
144.708405
143.705261
143.538971
143.042755
142.882370
141.951096
140.451202
139.653519
139.143906
139.414810
138.560791
137.197159
136.294327
136.808228
136.978287
136.325974
134.997742
135.027252
135.604996
135.482147
133.744614
132.046234
132.564438
133.473709
133.385727
132.530640
131.420212
130.374146
130.685822
130.735718
130.120941
129.009445
128.685425
128.596375
128.897858
128.686508
127.209145
127.000465
127.796013
128.124313
127.343788
125.989273
125.847115
125.468925
126.350838
125.435127
124.080612
123.995316
124.131577
124.328987
123.774307
122.159081
122.314644
123.426155
123.494286
122.316795
120.797050
120.708008
121.226204
122.094170
121.094238
119.734901
119.338470
118.944183
118.653969
117.586983
115.958885
115.176216
114.564133
114.387650
113.112526
111.556305
110.302643
109.936249
109.670715
108.969582
107.482033
106.858688
106.895699
106.263771
105.235413
104.492439
104.554131
105.347527
104.278404
103.870171
102.621872
102.432503
102.148727
102.360619
102.223831
100.922424
100.443916
100.557106
100.857513
99.875290
98.575485
99.192398
99.734200
99.520164
99.107101
98.184959
98.248795
99.034149
99.302902
98.210175
97.372787
97.330406
97.476318
98.079819
97.044479
96.479073
96.777336
97.095444
97.077744
96.537544
95.484505
96.089081
96.137894
96.253235
95.910973
94.453461
94.488869
94.708809
95.439445
94.957718
94.082779
94.293602
95.090752
95.475380
94.530174
93.415443
93.447098
93.988899
94.435760
93.484650
92.378502
92.953568
93.730873
93.852646
93.414909
92.601128
92.514763
93.769501
94.406258
93.499672
92.963760
93.498596
93.817780
94.111214
92.979317
91.253052
91.015945
91.361946
91.532539
90.321251
89.123909
88.329979
88.631462
88.726944
87.972176
87.361168
87.463089
88.062828
88.706558
87.904579
87.232422
87.613289
87.693222
87.742035
87.052711
86.355873
86.086044
86.862808
87.108498
86.413811
85.102745
85.153168
86.156853
86.271652
85.818359
85.078072
85.099525
85.510437
85.716972
85.233635
84.555573
84.475105
84.935913
85.085579
84.106033
83.316391
83.358238
84.340462
84.767471
83.791679
83.011162
83.514343
84.098526
84.655350
84.146271
83.229492
82.941956
84.214935
84.948250
84.045418
82.542305
82.251556
82.552498
83.019203
82.304131
81.927544
81.876045
82.093842
82.501541
82.570740
82.435020
83.250946
84.344215
86.352654
88.807411
86.200844
85.037300
84.779808
85.727165
85.475571
84.597420
85.154778
84.956833
84.381233
83.733742
82.083115
82.535873
84.088867
84.629601
83.601242
82.443604
82.681244
83.534721
83.265968
82.348656
81.518242
81.449043
82.110474
83.109863
82.064339
80.138512
80.131538
80.913132
80.638474
79.621918
77.757248
77.332382
76.860855
75.363640
74.953262
74.694702
75.198418
75.244019
75.526184
74.821838
74.232826
74.352989
75.255821
75.437134
74.871727
74.225853
74.032196
74.627647
74.680756
73.789185
72.847733
72.610626
73.056946
73.293518
72.046288
71.045288
71.721741
72.223312
72.732933
71.978699
71.119850
71.201393
71.818298
72.334358
71.336578
70.220779
70.392441
71.309753
71.636986
71.206757
70.290512
70.127434
71.111267
71.426163
70.629005
69.754074
70.472900
71.457275
71.348373
70.487389
66.065498
57.145008
73.173889
84.692902
73.859459
65.705544
67.933388
70.255646
70.681046
69.296486
68.669922
68.881279
69.161301
69.434891
69.383392
68.047112
67.744026
68.428520
68.808861
67.975769
67.535347
67.622787
68.079300
68.211266
67.373878
66.655045
66.618034
66.465149
67.246208
66.778427
66.133087
66.011314
66.227501
66.597115
66.070328
65.563927
65.612740
66.098221
66.270958
65.968941
65.066109
64.873528
65.685158
65.465218
64.638023
64.420235
64.377853
65.118675
65.332718
64.861725
63.869305
63.804398
64.526443
65.452347
64.838654
63.700325
63.991615
64.646606
65.065567
64.685768
63.708374
63.551193
63.984642
64.222816
63.390263
62.938580
62.751896
63.310333
63.827461
63.179977
62.261051
62.185413
62.787300
63.193924
62.624760
61.970837
61.778255
62.035210
62.617786
62.139282
61.798103
61.414547
62.394089
62.690742
62.007851
61.208015
60.976273
61.841557
62.305576
61.825996
61.289558
60.990223
61.830826
62.084026
61.443516
60.472557
60.436077
61.415085
61.691353
60.404427
59.127159
59.697395
60.519226
60.552486
60.182343
58.716782
58.779545
59.852966
60.547657
60.198433
58.929749
58.657772
59.689350
59.946304
59.629807
58.892197
58.765060
59.262344
60.185024
59.496231
58.455536
58.577843
59.767136
60.119576
59.209236
58.171219
58.498451
58.824070
59.850819
59.565434
58.163174
57.765133
58.777401
59.476383
58.556923
57.434685
57.492622
58.310158
58.781155
57.956108
56.974957
57.597763
58.358974
58.809052
57.945377
57.042011
57.222256
58.193752
58.534393
57.471165
56.746429
57.219036
57.665356
57.907829
57.537682
56.398815
56.478210
56.537754
57.256588
56.789883
55.751869
55.703587
56.093582
56.639141
55.966446
54.932186
55.549091
55.691788
55.856476
55.059856
53.629704
54.096947
54.873177
55.095264
53.945667
53.016014
53.642578
54.116795
54.233200
53.322861
52.688248
53.231663
53.755768
54.083534
53.791172
52.752621
53.159245
54.454750
54.582424
54.197796
53.169437
53.006359
53.402252
54.317959
53.742893
52.899605
52.834698
53.568550
53.907043
53.200550
52.308449
52.531071
53.007969
52.781052
52.458115
52.043446
52.240856
53.121159
53.043911
52.535362
51.474281
52.141613
53.023525
53.479500
52.805729
52.157173
52.205986
52.888878
53.569622
52.867958
51.353046
51.887341
52.723656
53.022987
52.211887
51.234489
51.870712
52.219398
52.068657
51.847107
50.848789
50.458797
51.539726
52.231201
51.792389
50.945351
51.252193
51.793465
52.092262
51.426003
50.652988
50.964661
51.167973
51.592834
51.121838
50.711460
51.015087
51.664719
52.025742
51.791317
51.222691
51.163143
52.125523
52.404472
51.842281
50.991482
50.919601
51.671692
52.066513
51.562794
50.822502
50.437874
51.315495
51.540264
51.083214
50.474892
50.542480
51.288136
51.797756
51.154026
50.534435
50.340778
51.498959
51.697441
50.379940
49.239464
48.927254
49.235710
49.121449
48.540482
47.990086
47.539478
47.985260
48.963196
47.667686
47.145729
47.461693
47.939125
48.249729
47.874218
47.358158
47.058826
47.482613
47.828617
47.245506
46.506824
46.329800
47.160213
47.640327
47.089401
46.516483
46.357159
46.689754
47.752979
46.636108
45.513874
45.939270
46.414558
46.425823
45.926933
45.197906
45.376545
46.175304
46.357159
45.528355
44.904476
45.094910
45.547131
45.853977
45.096519
44.252163
44.655567
45.102959
45.682850
45.166256
44.410412
44.047775
44.633572
45.391563
44.785385
44.146481
43.745224
44.485512
44.876579
43.943172
43.281738
43.746296
44.421677
44.123951
43.692116
43.897038
43.344501
43.599850
43.946926
43.026928
42.399292
42.327408
43.016735
43.288174
42.714184
41.595165
41.375759
42.512482
42.745296
41.837635
41.115047
41.186932
41.735714
42.021099
40.448254
39.453152
40.372078
40.992741
40.392998
39.641979
39.094810
39.284710
39.977795
40.478828
39.360348
39.165619
39.853336
40.802303
40.939098
40.181641
39.902691
40.183250
40.762070
41.369858
40.355450
40.026073
40.492241
41.227703
41.746979
41.370934
40.076496
40.329163
41.452473
41.638081
41.101101
40.603821
40.706818
41.316216
41.667049
40.514233
40.005150
40.340965
41.223946
41.568344
40.979866
40.572708
40.492779
41.083401
41.313534
40.258888
39.322262
39.491776
40.431087
41.259354
40.188614
