-12.422921
-12.528601
-12.671293
-11.337699
-11.421920
-11.735738
-11.649907
-11.947633
-12.402536
-11.789382
-12.251260
-11.742175
-11.556030
-11.414947
-11.807085
-11.247040
-11.319459
-11.499167
-11.413873
-10.592044
-10.537328
-11.485220
-11.802794
-11.647225
-11.081279
-11.308730
-11.912228
-11.604310
-11.207343
-10.832907
-10.762096
-11.598946
-11.497022
-11.164428
-10.597945
-11.279763
-11.826934
-12.083353
-11.756124
-11.681558
-11.836053
-12.368740
-12.466373
-10.985793
-11.399926
-11.466981
-11.939050
-12.293102
-11.799575
-11.534573
-11.476637
-11.759341
-11.502386
-11.456788
-11.335553
-11.309804
-12.452962
-12.424530
-11.497022
-11.368276
-11.972846
-12.354257
-12.537184
-12.299540
-12.258234
-12.242677
-12.432577
-12.389662
-12.117149
-11.677802
-12.218000
-12.254478
-11.552276
-11.095763
-11.519552
-11.926175
-12.425067
-12.599411
-12.383224
-12.301149
-12.284519
-12.244823
-11.948706
-11.269570
-11.095227
-10.970236
-11.036218
-11.499703
-11.678339
-11.545301
-11.357011
-11.018516
-11.181594
-10.861875
-10.665000
-11.258306
-11.310340
-11.390806
-10.468663
-10.133387
-10.255158
-10.792674
-10.864556
-11.020661
-10.655881
-10.837735
-10.845781
-10.987939
-10.903717
-10.304511
-10.632813
-10.957898
-10.874749
-10.849536
-10.813595
-10.396779
-10.574342
-10.871531
-10.178448
-9.825469
-10.049702
-11.083425
-11.204661
-10.833980
-10.378541
-10.618867
-10.597945
-10.863484
-10.964871
-10.729910
-10.303439
-10.255158
-10.467589
-9.859265
-9.596408
-9.681167
-10.134459
-10.344209
-9.592116
-9.338380
-9.249331
-9.639323
-10.311485
-10.041656
-9.807230
-10.142507
-10.413945
-10.315240
-10.253550
-10.083497
-10.001958
-10.445596
-10.346354
-10.064185
-9.812594
-9.640933
-10.396779
-10.559857
-9.863557
-9.639860
-9.882332
-10.175765
-10.431648
-10.055066
-9.247185
-9.243430
-9.879113
-10.318995
-9.987474
-9.493948
-9.594799
-10.048093
-10.569514
-9.774507
-9.584607
-10.210634
-10.498704
-10.174156
-9.727300
-9.702624
-9.740174
-10.086180
-10.375321
-9.941876
-9.177447
-9.283663
-9.930612
-10.075988
-9.596945
-9.445132
-9.402217
-10.439694
-10.422528
-9.895206
-9.472490
-9.662391
-10.002495
-10.064722
-10.320068
-10.139824
-9.780408
-9.748757
-9.674192
-9.543838
-9.769143
-9.911836
-10.261060
-10.040582
-9.967090
-9.355010
-9.510041
-10.083497
-10.468126
-10.092617
-9.868920
-9.432258
-9.760560
-10.368348
-9.815276
-9.609819
-9.596408
-9.633960
-9.729982
-9.865166
-9.879649
-9.942413
-10.104955
-10.275007
-9.984256
-9.839417
-9.764315
-10.263206
-10.226727
-9.800793
-9.638251
-9.407580
-9.542228
-10.476172
-10.437549
-8.960725
-8.787991
-8.866847
-8.694650
-8.481146
-7.754804
-6.853581
-7.052065
-6.843389
-5.999029
-5.053819
-4.227698
-4.540444
-5.275369
-4.790962
-4.144550
-4.520059
-4.452467
-4.185319
-4.394532
-5.609036
-7.048310
-6.447495
-5.963088
-5.016804
-4.716397
-4.683674
-4.957259
-4.950822
-4.693330
-4.396677
-4.245401
-4.732490
-4.940629
-4.845679
-4.384339
-3.919781
-3.857017
-5.429328
-5.328477
-4.630566
-4.430473
-4.600525
-4.740537
-4.558146
-3.804446
-3.812492
-4.341424
-4.986763
-4.400969
-4.378438
-4.571021
-4.929901
-5.032361
-4.713715
-4.628957
-3.332913
-3.321112
-6.668509
-6.246329
-4.793108
-3.987372
-4.413307
-5.472780
-6.033362
-5.629421
-6.061793
-7.226408
-7.746757
-8.095445
-8.480073
-8.879186
-9.255231
-10.174156
-10.649444
-10.255695
-10.093690
-11.140824
-12.344065
-12.601557
-12.346210
-12.662174
-13.624551
-14.254869
-14.310123
-14.118614
-14.577271
-14.805796
-15.141608
-15.359404
-14.970484
-14.598729
-15.046658
-14.899137
-14.877679
-14.552059
-14.169576
-14.531137
-14.622869
-14.701189
-14.285447
-14.064970
-14.032247
-14.513971
-14.243069
-14.109494
-13.837519
-13.973238
-14.785948
-14.485003
-14.450134
-14.320852
-14.424385
-14.823498
-14.883043
-14.775755
-14.449598
-14.713528
-15.245678
-14.752687
-14.550449
-14.492514
-14.656128
-15.150191
-15.273037
-14.551522
-14.337482
-14.724792
-14.636280
-14.244141
-14.351966
-14.503778
-14.144899
-14.409365
-14.232876
-13.811769
-13.507071
-13.500633
-14.101448
-14.010789
-13.405146
-13.384762
-13.705553
-13.527454
-13.346138
-12.981358
-12.698652
-12.491049
-12.704017
-12.391808
-11.874677
-11.779190
-12.018444
-12.047412
-11.877895
-11.458934
-11.150480
-11.697114
-12.004497
-12.364449
-12.357475
-11.669756
-10.696115
-10.304511
-9.794892
-9.662391
-9.135605
-9.004713
-9.070695
-8.794428
-8.222581
-7.772506
-7.823468
-7.689358
-7.889451
-7.893206
-8.239211
-8.579851
-8.685531
-7.953287
-7.933439
-8.086862
-8.401216
-8.636178
-8.551419
-8.137823
-7.938803
-8.340598
-8.735419
-8.569659
-8.202196
-8.212925
-8.658172
-8.993984
-8.975209
-8.885087
-8.651198
-8.916200
-9.275617
-9.249867
-8.774043
-8.594335
-9.522380
-9.802938
-9.374322
-9.438695
-9.408654
-9.349645
-9.924174
-9.974600
-9.638787
-9.820105
-10.064185
-10.124804
-10.238529
-9.691359
-9.557784
-10.091008
-10.370494
-10.456861
-9.997130
-9.484292
-10.578097
-10.880114
-9.589435
-8.794965
-8.894742
-8.585216
-7.997275
-7.531107
-6.965698
-6.397069
-6.263495
-6.327332
-5.695940
-4.840315
-4.718006
-4.584432
-4.489482
-3.786743
-3.549636
-3.084541
-3.078640
-3.948749
-3.637076
-2.933264
-3.134966
-3.365100
-3.763140
-3.347397
-3.086687
-3.218651
-3.013194
-3.108144
-3.357590
-3.500820
-3.038407
-3.221870
-3.574849
-3.590942
-2.754629
-2.799154
-3.079176
-3.075958
-3.024459
-2.871037
-2.865672
-3.332913
-3.226161
-3.172517
-2.878011
-2.881229
-3.004611
-3.181100
-3.081322
-2.989054
-2.965451
-2.828121
-3.206313
-3.075958
-2.763212
-2.481580
-2.659142
-3.024996
-3.014803
-2.500892
-2.716005
-2.813101
-3.226161
-3.074885
-1.273513
15.730621
79.595100
-77.527115
49.591370
-112.927544
-220.974991
-139.110107
38.756409
-97.088470
-27.196529
-4.943848
-16.474667
-11.865558
-7.836879
-6.025852
-5.403042
-5.567194
-4.642904
-4.588187
-4.928828
-4.302264
-4.749656
-4.556537
-4.064084
-3.593624
-3.251911
-3.464342
-3.375292
-3.268004
-2.861381
-3.151060
-4.740000
-5.209923
-5.204022
-5.017877
-4.863918
-5.751729
-6.292463
-6.339670
-6.765605
-6.837488
-7.072450
-7.626058
-8.088470
-8.358837
-7.857800
-8.468808
-9.387197
-8.849145
-8.499921
-8.252622
-8.283735
-8.882941
-8.936585
-8.830369
-8.407117
-8.318068
-8.526207
-8.531571
-8.417846
-8.400680
-8.875430
-8.689822
-8.116902
-7.887841
-7.835270
-8.095445
-8.492412
-8.385123
-8.303047
-7.902325
-8.551956
-8.892596
-8.539618
-8.224727
-8.079350
-7.729591
-7.879258
-7.921637
-8.320750
-9.600163
-10.267497
-10.476172
-11.406899
-10.610284
-10.369421
-11.074841
-11.900426
-11.914910
-12.183668
-12.248041
-12.208344
-12.750687
-12.886944
-11.952460
-11.692286
-12.091936
-12.426676
-12.429358
-12.447598
-12.097837
-11.805476
-12.302758
-12.147726
-11.795819
-11.597873
-11.773290
-12.254478
-12.286665
-11.424602
-10.954679
-11.566222
-11.938514
-11.918665
-11.530281
-11.394025
-11.419774
-11.510432
-11.565150
-11.355401
-11.327506
-11.450888
-11.479320
-11.629523
-11.184276
-11.017980
-10.939122
-11.356474
-11.316777
-11.029244
-10.858656
-11.318387
-11.357547
-11.396171
-11.325360
-11.310340
-11.256696
-11.631132
-11.551739
-10.918200
-10.855437
-11.104882
-11.170865
-11.606456
-11.522235
-10.853292
-11.010468
-11.314631
-11.277081
-10.999204
-10.838271
-11.089862
-11.250258
-11.396171
-11.363984
-10.689140
-10.773898
-11.196614
-11.235238
-10.775508
-10.465444
-10.774971
-11.687459
-12.526455
-12.413265
-12.372496
-12.777510
-13.115467
-13.692142
-13.889553
-13.902964
-14.253798
-14.804186
-14.631453
-14.146509
-13.857367
-14.458181
-14.856221
-14.859976
-14.442088
-14.204445
-14.265062
-14.730158
-14.703872
-14.310123
-14.083745
-13.956072
-14.358940
-14.850857
-14.394344
-13.954999
-14.003279
-14.378252
-14.402927
-13.957682
-13.780119
-13.993086
-14.637353
-14.666857
-14.082672
-13.738813
-13.959827
-14.560105
-14.699580
-14.431359
-14.106276
-14.379324
-14.682951
-14.688851
-14.298859
-14.150264
-14.455500
-15.142145
-15.632452
-15.473665
-14.522554
-14.627697
-15.328290
-15.434505
-15.133562
-14.897528
-15.026810
-15.329899
-15.371205
-14.763416
-14.907720
-14.780046
-14.586927
-14.380934
-14.456036
-14.252188
-13.431969
-13.819816
-14.076771
-13.368668
-12.749078
-12.740495
-12.788239
-12.429358
-11.703015
-11.612357
-12.050631
-11.913836
-11.365057
-10.711135
-10.305048
-10.730983
-10.868848
-10.808230
-10.892451
-10.383368
-10.187568
-10.536254
-10.566832
-10.235311
-10.088862
-10.256232
-11.021734
-10.646762
-10.699869
-10.572732
-10.718644
-11.228801
-11.285664
-11.154772
-10.923029
-11.009397
-11.522235
-11.526526
-11.054994
-10.883868
-10.984183
-11.292638
-11.076987
-10.817886
-11.115611
-11.286201
-11.534036
-11.598409
-10.974527
-10.440768
-10.677875
-11.069478
-11.507215
-11.113465
-10.707915
-10.710598
-11.067332
-11.371494
-11.015297
-10.676266
-10.814668
-11.522235
-11.094690
-10.894597
-10.839881
-10.948778
-11.087716
-11.265815
-10.511579
-10.536791
-10.617257
-10.799111
-11.078061
-10.879577
-10.563613
-10.825397
-10.886551
-10.632813
-10.550202
-10.734738
-10.594190
-10.599018
-10.917665
-10.852219
-10.686995
-10.612966
-10.803939
-10.925712
-10.721327
-10.718644
-10.749759
-11.059285
-11.001349
-10.838271
-10.579706
-10.546447
-10.838271
-11.033536
-10.867776
-10.548057
-10.218144
-10.868312
-11.223436
-10.741176
-10.339380
-10.736347
-10.924102
-11.304439
-10.706843
-10.562540
-10.601164
-10.579706
-10.691823
-10.518016
-10.290028
-10.303975
-10.772288
-10.526062
-10.616721
-10.284663
-10.394633
-10.593118
-10.704161
-10.367812
-10.000886
-10.203660
-10.467053
-10.482610
-10.163427
-10.254086
-10.696651
-10.726691
-10.681630
-10.014297
-9.754659
-9.991229
-10.663928
-11.200370
-11.299611
-10.781408
-10.482074
-11.042119
-11.003495
-10.474564
-10.486365
-10.563613
-10.176839
-10.290028
-10.067405
-9.863557
-9.970308
-10.151626
-9.832979
-9.464980
-9.643615
-9.722472
-10.118366
-10.150553
-9.846391
-9.682239
-9.576024
-9.906472
-10.259450
-10.127486
-9.819032
-9.849608
-9.925247
-9.994449
-9.704233
-9.138824
-9.212852
-9.882869
-9.968163
-9.876431
-9.538472
-9.648980
-9.913981
-10.021807
-9.899498
-9.331943
-9.614111
-9.635569
-9.919883
-9.422065
-9.187103
-9.083034
-9.532572
-9.808303
-9.635032
-9.680630
-9.201587
-9.695650
-9.881795
-9.600699
-9.532035
-9.528280
-9.355546
-9.520234
-9.345353
-9.232701
-9.077669
-9.441913
-9.709062
-9.852291
-9.006322
-9.223581
-9.625913
-9.973527
-9.415627
-8.923711
-9.280444
-9.588362
-9.526671
-9.314776
-9.276153
-9.088935
-9.274543
-9.844781
-9.606065
-9.058894
-9.530963
-9.923101
-9.651126
-9.226800
-8.959115
-9.129168
-9.694577
-9.907008
-9.482682
-9.022952
-8.868457
-9.287417
-9.564221
-9.254159
-9.232164
-9.318532
-9.225190
-9.316922
-9.317458
-9.031535
-8.696259
-9.383441
-9.573341
-9.231091
-9.097518
-8.981110
-9.077669
-9.441377
-9.471953
-9.139359
-8.945168
-9.307803
-9.060503
-9.076060
-9.014369
-8.906008
-9.272934
-9.497167
-9.489120
-9.085179
-9.008468
-9.432794
-9.544909
-9.003104
-8.617938
-8.605063
-9.124339
-9.629668
-9.025634
-8.849145
-8.786918
-9.327115
-9.628594
-9.379149
-8.962335
-8.956969
-9.254695
-9.234847
-9.224118
-9.381831
-9.172620
-9.136678
-9.127022
-8.974135
-9.125413
-9.223581
-9.115220
-9.387197
-9.164573
-8.954823
-8.887233
-9.377540
-9.578170
-9.187640
-8.755804
-8.708597
-8.986474
-9.572804
-9.821713
-9.121657
-9.007932
-9.327115
-9.496094
-9.468736
-9.237529
-9.141505
-9.555102
-9.924710
-9.391488
-9.194613
-9.388805
-9.972454
-9.748757
-9.537936
-9.381295
-9.481610
-10.053993
-9.943486
-9.595872
-9.289563
-9.176374
-9.903790
-10.183276
-9.805621
-9.420992
-9.439767
-10.235311
-10.805012
-10.125340
-9.549201
-9.378613
-10.065259
-9.647370
-10.116757
-10.021270
-9.548665
-10.207952
-10.211707
-10.329724
-10.370494
-10.166646
-10.237456
-10.294856
-9.832442
-9.407580
-10.051311
-10.610284
-9.983720
-9.671510
-9.086789
-8.381368
-8.082570
-8.682848
-8.503676
-7.786990
-7.778944
-7.525207
-7.315994
-7.114292
-6.981255
-6.182493
-6.221117
-6.318749
-5.721689
-5.024314
-4.375220
-4.797936
-4.649878
-4.031897
-3.498674
-3.200412
-3.031970
-3.203631
-3.030897
-2.620518
-2.186537
-1.793862
-1.715005
-1.356661
-0.847578
-0.298798
-0.418961
-0.361025
0.059009
0.890494
1.333058
1.514375
1.538515
2.091050
2.893567
3.082932
3.153205
3.066302
3.266395
3.946066
4.686893
3.985763
3.926218
4.656852
4.841924
5.264640
5.005539
4.329622
5.176664
5.571485
5.341888
5.060792
5.513549
5.737782
5.774796
5.822540
5.388022
4.912735
5.127848
5.735100
5.638540
5.348862
5.349935
5.576313
5.710960
6.243111
5.717934
5.151451
5.371392
5.768896
6.331087
6.047309
5.480290
5.564511
6.075741
6.225945
5.994738
5.624056
5.678237
5.968452
6.505967
6.731273
5.614400
6.019414
6.474317
6.613256
6.117047
6.328941
6.302119
6.299437
6.692112
6.387414
6.488801
6.860555
6.811203
6.901861
6.917954
6.517232
6.680847
7.021488
7.257522
7.370711
6.794036
7.103027
7.302583
7.444204
7.252694
7.125021
7.115901
7.421137
7.530571
7.294537
7.025243
7.139505
7.261277
7.540227
7.510186
7.123948
7.046700
6.872893
7.278443
6.958724
6.879331
6.935657
7.113756
7.086934
6.746293
6.336988
6.564976
6.951214
7.457078
6.689967
6.165863
6.320895
7.024706
7.290781
7.172228
6.717862
6.685675
7.222117
7.513405
6.952823
6.695331
6.871820
7.302047
7.485510
7.245184
6.460370
6.524206
7.012905
7.362665
7.023097
6.715716
6.976427
7.467807
7.495702
7.692040
6.963552
6.937803
7.817031
8.257449
7.988156
7.778407
7.841707
7.947923
8.209706
8.282126
8.027316
7.906080
8.024634
8.041264
8.005858
7.906080
7.157207
7.187785
7.593335
7.164718
7.130922
6.950141
6.538154
6.153525
5.755485
5.053819
3.872037
3.684819
2.871573
1.616299
0.850797
0.623882
0.570774
0.354588
-0.055790
-0.719369
-1.598060
-1.826048
-2.129138
-3.064156
-3.983081
-4.602135
-5.058110
-5.420745
-6.272079
-7.025243
-7.851363
-7.911445
-8.404435
-9.005250
-9.323895
-9.702624
-10.107637
-10.379613
-10.850073
-11.151553
-11.590363
-11.638106
-11.580171
-11.911155
-12.146654
-12.261989
-12.421312
-12.446525
-12.840273
-13.449135
-13.460400
-13.422312
-13.308586
-13.909401
-14.185669
-14.276327
-14.334800
-14.259161
-14.863195
-15.120151
-15.139462
-15.035393
-14.929714
-15.708628
-15.946271
-16.046585
-15.891554
-15.655519
-16.198399
-16.593220
-16.828180
-16.702654
-16.665640
-16.949953
-17.571690
-17.531992
-17.123760
-17.234804
-17.553988
-17.718138
-17.787876
-17.545404
-17.185452
-17.602804
-18.134954
-18.158020
-17.689707
-17.553988
-17.984751
-18.233660
-18.280867
-17.990650
-17.691317
-18.120470
-18.526556
-18.254580
-17.766954
-17.556669
-18.054487
-18.738451
-18.351139
-18.037857
-18.161776
-18.151583
-18.521729
-18.951954
-18.253508
-17.670931
-18.172504
-18.489542
-18.759371
-18.387617
-18.178406
-18.435898
-18.784048
-18.678370
-18.224539
-17.882826
-18.262627
-18.571081
-18.563034
-18.408539
-18.353823
-18.419268
-18.656912
-18.764200
-18.590929
-18.192888
-18.336657
-18.371525
-18.586637
-18.247606
-18.277111
-18.717529
-18.894556
-18.969120
-18.485250
-18.315199
-18.416048
-18.692854
-18.919767
-18.341484
-18.348457
-18.628481
-19.076944
-18.927279
-18.574299
-18.492760
-18.424095
-18.652620
-18.760981
-18.253508
-18.289450
-18.284084
-18.435362
-18.729330
-18.360258
-17.887117
-18.160166
-18.620970
-18.781902
-18.450380
-18.117788
-18.304468
-18.874170
-18.655302
-18.197718
-18.297495
-18.615606
-18.509926
-18.745424
-18.601658
-18.383326
-18.825891
-18.928888
-18.962683
-18.809797
-18.661739
-18.570543
-19.025446
-19.076408
-18.814089
-18.927814
-19.209446
-19.801678
-19.417585
-18.722357
-18.159630
-18.390299
-18.741133
-18.624189
-18.094721
-17.424168
-17.750860
-17.852785
-17.506781
-17.238560
-16.719284
-16.342165
-16.923132
-16.324463
-15.486004
-15.113713
-15.119078
-14.700117
-14.444771
-13.646545
-13.223829
-12.434187
-11.988402
-11.935294
-11.227191
-10.378004
-10.124267
-9.960652
-9.556712
-8.445205
-7.590652
-7.131995
-6.857873
-6.255449
-5.298436
-4.930437
-4.631103
-3.975571
-3.107608
-2.388239
-1.556754
-0.922144
-0.865281
-0.486553
0.342250
0.948429
1.326084
1.465023
1.807809
2.485872
3.190756
3.458977
3.918171
4.005075
4.427791
4.903079
5.001247
5.090833
5.251766
6.067158
6.753267
6.748439
6.337524
6.788136
7.503212
7.805766
8.077742
7.741929
7.771433
7.855655
8.137286
8.564831
8.331479
8.301974
8.773507
8.929611
9.283126
8.697331
8.940877
9.382905
9.386123
9.323895
8.923174
9.013296
9.651662
9.802938
9.904862
9.631814
9.277225
9.349645
9.761632
10.016442
10.000886
9.666682
9.953142
9.971381
9.773971
9.486974
9.438158
9.520770
9.182812
8.837880
9.194613
9.046556
9.174766
9.582997
9.364129
9.003104
8.874358
9.035827
9.589435
9.879113
9.017051
8.733809
9.473027
9.566904
9.563685
9.498240
9.448887
9.852291
9.567441
9.437085
8.917809
8.665145
9.228946
9.499848
9.542228
9.259522
9.094835
9.220363
9.511651
9.456397
9.132922
9.260059
9.640397
9.755732
9.550811
9.204269
9.057820
9.416700
9.699942
9.670438
9.387733
9.118976
9.450496
10.260524
10.094763
8.825006
8.917809
9.685994
9.880723
9.918273
9.688140
9.287954
9.500922
9.728909
9.909690
9.398997
9.276153
10.103883
9.989083
9.938122
9.876431
9.642543
9.766997
10.241212
9.952605
9.845854
9.271861
9.205878
9.895206
9.997130
9.554566
8.931220
9.458007
9.976209
9.554029
9.571196
9.740174
9.889306
9.740711
9.467662
8.974135
8.218289
8.158208
8.541764
7.630886
6.995202
7.189930
6.570340
6.446959
6.025852
5.203486
4.652024
4.644514
4.153669
3.446103
2.727270
2.066911
1.332522
1.717150
0.988126
-0.079393
-0.325620
-0.866354
-1.099169
-1.532078
-2.362490
-3.331841
-3.848434
-4.133285
-4.709423
-5.269468
-5.684674
-6.411017
-7.064403
-6.829442
-7.660926
-8.247257
-8.192004
-8.793355
-8.956433
-9.317458
-9.988011
-10.444523
-10.623158
-10.715962
-11.401535
-11.893453
-11.719109
-11.711062
-12.185814
-12.835445
-12.860658
-13.120832
-13.093473
-13.672831
-14.126660
-14.173867
-14.157774
-14.303686
-14.276864
-14.914157
-15.350821
-15.270891
-15.339556
-15.455427
-15.842737
-16.247751
-15.987041
-15.804113
-15.848103
-16.345921
-17.064215
-17.177942
-16.903820
-17.138781
-17.734768
-18.101694
-18.135490
-17.948809
-17.444553
-18.101158
-18.560352
-18.215420
-18.532993
-18.027666
-17.485323
-18.050196
-18.226685
-18.025518
-18.116714
-18.667641
-19.134344
-18.545332
-18.176260
-17.928423
-18.287302
-18.767418
-18.565716
-18.331291
-18.167139
-18.630089
-18.914404
-18.627407
-18.365088
-18.381180
-18.797459
-19.189062
-18.951954
-18.193962
-18.463793
-19.154192
-19.255045
-19.127371
-19.159557
-18.414976
-18.554451
-19.183161
-19.002916
-18.493296
-18.561424
-19.126299
-19.208910
-19.010963
-18.889191
-18.700899
-18.977167
-19.339266
-19.058706
-18.810333
-18.675688
-18.875242
-19.065680
-18.827499
-18.622580
-18.348457
-18.715919
-19.148829
-19.216957
-19.303860
-18.735769
-18.804434
-19.056561
-18.997553
-18.675688
-18.403173
-19.170286
-19.385399
-19.331755
-18.935862
-18.586637
-19.017937
-19.159557
-18.776537
-18.700899
-18.649939
-19.196571
-19.230904
-18.867733
-18.716455
-18.530312
-19.116106
-19.542040
-19.053879
-18.596830
-18.645647
-18.647791
-18.631699
-18.433752
-18.579126
-18.229904
-18.278183
-18.835011
-18.602194
-18.431606
-18.054487
-18.332365
-18.679441
-17.493368
-16.036394
-16.258480
-17.651083
-18.573227
-18.253508
-17.574371
-18.351139
-19.040468
-18.971804
-18.528702
-17.628016
-17.748716
-18.487396
-18.970730
-18.929960
-18.777611
-18.252970
-18.685879
-19.221785
-18.789412
-18.480959
-18.620434
-19.149900
-19.815626
-20.378889
-20.558062
-19.291521
-19.146147
-19.382717
-18.993797
-18.595221
-18.330755
-18.117788
-17.969193
-17.564716
-17.023447
-16.391518
-16.064825
-15.800359
-14.902891
-13.553741
-12.568833
-12.302221
-11.985184
-11.093081
-10.307194
-9.624840
-9.207488
-9.386660
-8.135140
-6.985010
-6.618083
-6.153525
-5.678773
-5.023242
-4.263103
-3.630102
-3.379047
-3.551782
-2.881766
-1.493454
-1.013875
-1.093805
-1.087368
-0.680745
0.361025
1.047135
0.941992
1.074493
1.721978
2.382338
2.777159
3.012658
2.783060
3.861845
4.258276
4.361809
4.655242
4.814566
5.120337
5.722762
5.808592
5.735100
5.360663
5.655170
6.348253
6.536008
6.579996
5.898715
6.590725
7.769824
7.687748
7.306338
7.177592
7.048310
7.336915
7.484973
7.445813
7.042945
6.599844
7.120193
7.645370
7.631422
7.312776
7.564367
7.915736
7.906617
7.610501
7.406116
7.270397
7.696332
7.953287
7.564903
7.098735
7.150770
7.635714
7.872821
7.450105
7.089616
7.043482
7.271470
7.372321
7.053138
7.126094
7.484973
7.679165
7.727445
7.525207
7.357300
7.011832
7.549883
7.937194
7.778944
7.571341
7.484973
7.418455
7.798255
7.477463
6.885768
6.912590
7.304193
7.694186
7.277370
7.065476
7.255913
7.528962
7.791282
7.445813
7.123412
7.273079
7.486046
7.709743
7.415236
7.107318
7.126094
7.458151
7.718862
7.620157
7.209779
7.117511
7.666827
7.917346
7.591189
7.017196
6.888987
7.105709
7.623912
7.503749
7.858337
7.921637
7.456542
7.034899
6.043554
5.498529
5.399824
4.874111
4.866064
4.163325
2.926290
2.214432
1.744509
1.555145
0.697911
-0.091195
-0.155032
-0.759602
-1.005828
-1.581967
-2.989054
-3.295899
-3.806055
-3.968060
-4.546881
-5.237818
-5.136967
-5.024851
-5.173982
-5.276978
-5.350471
-5.401433
-5.030752
-4.771114
-4.847289
-5.426646
-5.459369
-4.774333
-4.648805
-4.965842
-5.644441
-5.439520
-5.080641
-5.095125
-5.338133
-5.371929
-5.194903
-4.936338
-4.838169
-5.231381
-5.553246
-5.038798
-4.871428
-4.481435
-4.831732
-5.134821
-5.494237
-5.091370
-4.546881
-4.748047
-5.252302
-5.070448
-4.745365
-4.567266
-4.814029
-5.478144
-5.510867
-5.402506
-5.204022
-5.294145
-5.433619
-5.540908
-5.134821
-4.917026
-5.067766
-5.826831
-5.755485
-5.136967
-4.786671
-4.878402
-5.629421
-5.738855
-5.286098
-5.241573
-5.378902
-5.808056
-5.784989
-5.273760
-5.164326
-5.386413
-5.758167
-5.943239
-5.543590
-5.066693
-5.566121
-6.123484
-6.389559
-6.026388
-5.338133
-5.567730
-5.969525
-6.114901
-6.110073
-5.346716
-5.466879
-6.067158
-5.875111
-5.338669
-5.240500
-5.734027
-6.142796
-6.056965
-5.963088
-5.439520
-5.700768
-5.928755
-5.751729
-5.510867
-5.260349
-5.524815
-6.158889
-6.279052
-5.563438
-5.347789
-5.437375
-5.782307
-5.735636
-5.418599
-5.430937
-5.705595
-5.984009
-6.152988
-5.993665
-5.882621
-5.583823
-5.750120
-5.856872
-5.784989
-5.496383
-5.800009
-6.336988
-5.970061
-5.484581
-5.579532
-5.649806
-6.144405
-5.972207
-5.737246
-5.497993
-5.130530
-5.473853
-5.545736
-5.050600
-4.891277
-4.734636
-5.210460
-5.405725
-4.808665
-4.458368
-4.519523
-4.770041
-4.552782
-4.144550
-3.978789
-3.409625
-4.331232
-5.307019
-5.161644
-4.783988
-5.200267
-5.565048
-6.092371
-5.984545
-5.585433
-5.630494
-5.890668
-5.927146
-5.676628
-5.282879
-5.119265
-5.640150
-5.859018
-5.707205
-5.304337
-4.988373
-5.434156
-5.624593
-5.438984
-5.274833
-5.411089
-5.184174
-4.968524
-4.989446
-4.464269
-4.924000
-5.529643
-5.267859
-5.150915
-4.937947
-4.905224
-4.804373
-5.065620
-4.940093
-4.693330
-4.751266
-4.763067
-4.593015
-4.616619
-4.510940
-4.617155
-4.978717
-4.784525
-4.624129
-5.058110
-5.292535
-5.735100
-5.825222
-5.742074
-5.281806
-5.291999
-5.456686
-5.377293
-5.110145
-5.031288
-4.758239
-5.185783
-5.385876
-5.018950
-4.716397
-4.736245
-5.084932
-5.626739
-5.315602
-4.722834
-5.066157
-5.347252
-5.799473
-5.593479
-5.101026
-5.154670
-5.514086
-5.526424
-5.032897
-4.421354
-4.429400
-4.920245
-5.167008
-4.835487
-4.360199
-4.561902
-4.679919
-4.653097
-4.398823
-4.221261
-3.962160
-4.684210
-4.817784
-4.287780
-3.902078
-3.822685
-4.265786
-4.622519
-4.443884
-4.079104
0.090122
5.145550
-12.179913
9.651126
70.796379
-60.320206
-31.672600
7.398070
-5.521596
-16.735914
-6.245256
-6.350935
-2.619982
-5.332232
-1.423717
-8.597017
-7.621230
-3.361881
-6.322504
-5.764604
-4.546881
-5.119265
-5.143941
-4.466951
-4.218042
-4.745901
-5.145014
-5.067766
-4.705132
-4.517913
-4.496456
-4.654170
-4.913271
-4.930437
-4.286707
1.245082
-4.312456
-10.768534
-4.836560
-5.205632
-4.680992
-5.659998
-5.441666
-5.001784
-4.461587
-4.696548
-5.417526
-5.530715
-4.661680
-4.004002
-4.491628
-5.288780
-2.032578
66.069786
-9.171546
-37.911419
45.964481
123.906273
-19.117178
-10.747613
-2.964914
-36.287075
-91.860840
60.069687
-30.712906
180.485855
-163.439987
-104.892090
131.213776
-39.048138
-93.881615
-28.428200
-17.936470
-13.393881
-11.236311
-10.268570
-9.869994
-4.064620
-12.286665
-10.013224
-8.952678
-8.818568
-8.869530
-7.970990
-7.633031
-8.099199
-8.110465
-8.483292
-8.152843
-8.226872
-7.885159
-7.589043
-8.123340
-7.728518
-7.669509
-7.133068
-7.435621
-8.376003
-8.224727
8.347571
204.984634
-75.881844
-133.270935
-24.220888
-12.791456
-10.247112
-9.983720
-9.500922
-8.477391
-7.813812
-8.019806
-8.005858
-8.422137
-8.143188
-7.827760
-7.223190
-7.660926
-8.189858
-8.541227
-7.600308
-7.595480
-7.976891
-8.659245
-8.072913
-7.044018
-7.799328
-8.059503
-8.263350
-7.594408
-7.396997
-8.466125
-8.926929
-8.511724
-7.971526
-8.029998
-7.595480
-7.808448
-4.102171
-0.647485
-13.373496
-11.414947
-10.542155
-8.787991
-8.183421
-7.989765
-8.194150
-8.295001
-8.500995
-8.066476
-8.086862
-8.240283
-8.348108
-8.575560
-8.008004
-7.855118
-8.036972
-8.393706
-8.766533
-8.858801
-7.950605
-8.437694
-8.528890
-8.638860
-8.643687
-8.232774
-8.181811
-8.885087
-8.770824
-8.301974
-8.364202
-8.550347
-9.099127
-8.862556
-8.221508
-7.845999
-7.505895
-7.614256
-7.623912
-6.974817
-6.861628
-7.099272
-7.504285
-7.193686
-7.045628
-6.724299
-6.571949
-6.894351
-7.433475
-7.246257
-6.447495
-6.358982
-7.235528
-6.986619
-7.015050
-6.687284
-6.195367
-6.449104
-7.235528
-7.113756
-6.635786
-6.590725
-6.842853
-7.176519
-6.713570
-6.706596
-6.730200
-6.754876
-7.275761
-7.155062
-6.695868
-6.407262
-6.851436
-6.798328
-6.589116
-6.529034
-6.788672
-6.558538
-6.958188
-3.381193
0.757992
-14.562251
-7.655025
-7.083179
-6.810130
-6.509722
-6.398679
-6.379367
-6.485582
-6.429792
-6.025315
-6.192685
-6.565512
-7.114292
-6.752730
-6.195904
-6.267787
-6.578923
-7.183493
87.323074
-232.728958
210.835068
211.713226
112.943542
72.397118
52.563259
40.590408
31.508986
24.190311
20.327391
18.648865
16.966583
13.708236
10.658027
9.837808
10.217072
9.608211
7.709743
5.280734
5.220116
6.451787
6.156207
4.041017
1.862526
1.225233
2.328694
2.721370
1.006365
-1.272977
-1.092196
0.311673
0.797689
-0.395894
-1.791179
-2.207995
-1.096487
-0.194728
-1.666188
-3.573776
-3.200949
-1.497209
-0.968814
-2.152205
-3.875256
-3.946066
-2.558291
-1.745582
-3.151060
-4.569948
-3.999711
-2.917171
-2.571702
-3.729344
-5.558610
-5.457759
-3.935338
-3.497065
-4.256130
-5.095125
-4.892886
-4.113973
-3.154815
-4.096270
-5.571485
-5.921782
-4.609645
-4.004539
-5.055964
-6.861092
-6.382049
-4.604280
-3.837169
-4.714787
-6.682993
-6.309629
-4.820467
-4.548491
-5.846680
-7.431866
-7.386268
-5.959332
-4.536689
-5.689502
-8.253695
-7.891596
-6.498457
-5.574167
-6.730736
-8.637787
-8.713962
-6.942094
-6.705523
-7.638396
-9.093762
-9.050847
-7.021488
-6.628276
-8.245648
-9.900571
-9.986938
-8.479000
-7.193149
-8.149089
-10.363521
-10.339380
-8.699477
-8.113147
-9.214461
-10.604383
-10.659636
-9.022416
-8.134068
-9.109856
-10.469735
-10.741712
-9.618939
-7.806302
-9.162963
-11.012614
-10.724010
-9.047628
-8.022489
-8.846463
-10.599018
-10.706843
-8.570195
-7.902862
-8.956433
-10.093690
-9.680093
-8.392632
-7.302047
-8.507432
-10.418237
-10.387660
-8.906008
-7.874430
-8.712889
-10.181130
-10.377467
-8.720399
-7.564903
-9.041191
-10.664464
-11.020125
-9.637714
-8.087398
-8.918882
-11.200370
-11.512042
-9.676338
-8.235991
-9.182275
-10.820569
-11.097373
-9.388268
-7.701159
-8.670510
-10.471881
-10.321141
-8.766533
-7.334233
-8.207025
-9.662391
-9.796501
-8.107782
-6.557466
-7.069767
-8.548738
-8.809985
-7.105709
-5.210996
-5.784989
-7.774116
-7.816494
-6.089152
-4.569412
-5.426646
-6.987692
-7.272006
-5.600453
-3.887058
-4.548491
-6.166936
-6.165327
-4.300654
-2.830267
-3.772259
-5.013586
-4.927755
-3.368319
-2.059400
-2.726197
-4.491628
-5.334378
-3.442884
-1.843214
-2.637685
-4.348934
-5.061329
-3.589869
-2.398432
-3.008903
-4.849434
-5.362273
-3.647268
-2.178490
-3.014267
-5.114973
-5.078495
-3.248692
-2.358735
-2.997101
-4.328013
-4.875720
-3.366173
-1.685500
-2.295435
-4.106999
-4.393995
-2.813101
-1.279950
-2.214432
-4.296363
-4.444957
-2.709568
-1.329303
-2.227307
-3.942311
-4.099489
-2.675236
-1.423717
-2.240718
-4.042626
-4.569948
-2.608180
-0.941992
-1.809418
-3.747046
-4.069984
-2.210677
-0.711858
-1.550853
-3.518522
-3.810883
-2.057791
-0.398040
-1.379192
-3.322721
-3.920317
-2.249837
-0.424326
-1.107216
-3.170908
-4.403651
-3.231526
-0.722587
-1.428545
-3.751874
-3.782452
-1.290679
-0.063837
-0.729561
-2.699375
-3.389776
-2.299726
-0.812173
-1.262248
-2.998173
-3.569484
-2.083540
-0.330985
-0.617445
-2.532542
-3.353298
-2.283633
-0.495136
-0.661433
-2.433837
-3.071130
-1.305699
0.292897
-0.279486
-2.144695
-2.965451
-1.362026
0.234962
-0.235498
-2.081931
-2.794862
-1.285851
0.324547
-0.170052
-1.901150
-2.461732
-1.001537
0.489235
0.045061
-1.636684
-2.216041
-1.081467
0.061691
-0.215650
-1.984298
-2.563119
-1.249373
0.001073
-0.525177
-2.344251
-3.681064
-2.772868
-1.132429
-1.871109
-4.384876
-5.408407
-4.262031
-3.018559
-3.705204
-6.226481
-7.270933
-6.156744
-4.761458
-5.445958
-7.789136
-8.606673
-7.320822
-5.449176
-5.860091
-7.746757
-8.369029
-6.939412
-5.197585
-5.615473
-7.483901
-8.650125
-7.266642
-5.207241
-5.687356
-7.939340
-8.733809
-7.192076
-5.315066
-5.851508
-7.895888
-8.878113
-7.341743
-5.139649
-5.628348
-7.799328
-8.647443
-7.062794
-5.201340
-5.928755
-7.909835
-8.692504
-7.303656
-5.434692
-5.815566
-7.982791
-8.629741
-7.171691
-5.449713
-6.233991
-8.234920
-8.243503
-6.829978
-4.833878
-5.254984
-6.985546
-7.687212
-6.151379
-4.416526
-4.561365
-6.349326
-6.849290
-5.187393
-2.795935
-2.729416
-4.935802
-5.096734
-3.824831
-1.757920
-1.588941
-3.867746
-4.451395
-2.860308
-0.744045
-0.877082
-2.736926
-3.545344
-2.106071
-0.290215
-0.514448
-2.028287
-3.147305
-1.520276
-0.070274
-0.432372
-2.013803
-2.765358
-1.493991
0.418961
0.332594
-1.499891
-2.546489
-1.144767
1.174808
0.935555
-1.165152
-2.224088
-0.973642
0.892103
0.771403
-0.931800
-1.988054
-0.796080
1.429081
1.561046
-0.497282
-1.772404
-0.575066
1.565874
1.657605
-0.467777
-1.234889
-0.094414
1.859308
1.991272
0.039697
-0.985444
0.210822
2.061010
2.151668
0.466704
-0.460267
0.770867
2.756238
3.035188
1.110435
0.238717
1.462877
3.376902
3.489018
1.758456
0.624418
1.844287
3.625811
3.785134
2.210140
0.665188
1.519740
3.803373
4.061401
2.099633
0.710249
2.047062
3.712178
4.032434
2.240181
0.749946
1.509011
3.375292
3.405333
0.697911
-1.009584
0.355125
1.997173
1.953185
-0.653923
-2.249301
-1.335740
0.285924
0.258029
-2.298653
-3.885985
-3.487945
-1.712322
-1.570165
-3.865600
-5.211533
-4.858554
-3.187001
-3.263176
-5.192757
-6.411553
-5.708814
-3.877402
-3.710568
-5.593479
-7.290781
-6.000639
-3.919244
-3.776551
-5.645514
-6.997348
-5.801619
-3.857553
-3.713787
-5.317748
-6.677092
-5.715251
-3.744901
-3.618837
-5.312384
-6.440521
-5.844534
-3.818930
-3.403724
-5.097270
-6.507576
-5.719007
-4.078031
-3.787816
-5.367637
-6.753267
-5.758167
-3.843070
-3.200949
-5.196512
-7.091225
-6.406189
-4.454613
-4.108608
-5.877257
-7.328332
-6.219507
-4.294754
-3.903687
-5.559147
-7.149161
-6.162644
-4.155279
-3.921926
-5.606890
-7.177056
-6.276906
-4.285634
-3.917635
-5.651951
-7.278443
-6.186784
-4.226625
-3.767968
-5.511940
-7.104100
-6.151379
-4.356981
-3.877938
-5.543590
-6.921173
-6.140650
-4.102171
-3.655315
-5.151988
-6.645442
-6.033362
-4.173518
-3.695548
-5.325258
-7.022024
-6.172300
-4.425645
-3.932655
-5.319894
-6.583215
-5.849898
-4.340888
-3.716469
-5.296827
-6.841780
-6.117583
-4.384339
-3.993273
-5.695403
-7.150234
-6.268323
-4.306019
-3.644586
-5.363882
-6.990374
-6.083787
-4.311383
-3.725589
-5.145550
-6.949068
-6.473244
-4.597843
-3.894032
-5.830586
-7.262887
-6.612719
-4.860700
-4.668653
-6.361664
-7.677020
-7.181884
-5.474926
-5.153597
-6.949605
-8.576632
-7.803083
-5.768896
-4.875720
-6.327868
-7.821322
-6.728590
-4.676164
-3.976644
-5.394459
-7.007540
-6.414236
-4.474462
-4.052282
-5.329550
-6.787599
-6.134749
-4.282952
-3.729880
-5.479217
-7.092834
-6.624521
-4.575849
-3.944993
-5.432010
-7.012368
-6.395460
-4.339815
-3.327549
-4.698694
-6.721080
-6.259740
-4.387558
-3.524423
-5.077959
-6.839634
-6.360055
-4.293681
-3.382802
-5.080641
-6.711961
-5.953432
-4.124165
-3.349543
-4.896105
-6.534935
-5.698085
-3.513694
-2.982080
-5.458832
-7.541836
-6.877185
-5.419136
-5.288780
-7.052065
-9.219290
-8.582534
-6.921173
-6.604136
-8.598090
-10.256768
-9.777726
-7.939340
-7.073523
-8.500458
-10.353328
-9.613038
-7.944168
-6.990911
-8.499385
-10.382296
-9.841562
-7.890523
-6.973208
-8.565368
-10.241212
-9.672584
-7.932366
-7.063867
-8.524598
-10.327043
-9.737493
-7.953824
-7.040800
-8.499385
-10.250331
-9.742320
-7.944168
-7.026852
-8.433402
-10.220290
-9.689213
-7.820786
-6.998957
-8.334697
-10.224046
-9.879113
-8.055211
-7.032217
-8.071304
-9.909154
-9.403289
-7.680238
-6.639005
-7.976891
-9.960116
-9.602845
-7.670582
-6.750048
-8.138360
-10.132850
-9.658099
-7.804156
-6.801010
-8.146406
-9.938659
-9.659172
-7.734955
-6.844462
-8.233846
-10.042192
-9.577096
-7.834197
-6.950141
-8.202196
-10.068477
-9.733201
-7.912518
-6.785453
-8.171082
-9.999812
-9.602309
-7.729054
-6.827296
-8.209706
-10.003032
-9.483219
-7.663609
-6.877721
-8.243503
-9.765388
-9.275617
-7.380904
-6.215216
-7.516087
-9.391488
-9.166183
-7.179202
-6.233455
-7.375003
-9.010077
-8.676411
-6.952287
-5.978108
-7.206024
-9.026171
-8.852364
-6.896497
-5.820394
-7.192613
-8.989156
-8.730592
-7.116974
-5.794645
-6.817640
-8.836806
-8.786382
-6.921173
-5.775333
-7.137896
-9.015442
-8.890987
-7.114829
-5.832196
-6.948532
-8.965016
-8.950532
-7.387877
-6.171764
-7.237674
-9.081424
-8.808911
-7.203878
-5.921245
-7.138968
-9.036900
-8.911372
-6.979645
-5.971134
-7.039190
-8.838952
-8.683385
-6.866992
-5.921782
-7.068158
-9.054603
-9.195149
-7.406116
-6.032825
-7.109464
-8.962335
-9.087325
-7.313848
-6.070913
-7.250012
-9.284200
-9.110929
-7.316531
-5.997956
-7.161499
-9.109319
-9.132386
-7.255913
-6.002248
-7.175447
-9.047628
-9.121121
-7.292391
-6.127239
-7.322968
-9.203732
-9.262205
-7.830442
-7.038117
-8.365811
-10.480464
-10.725618
-9.050311
-7.959188
-9.095908
-10.920346
-11.087716
-9.339990
-8.149625
-9.292783
-11.076987
-11.751295
-10.137678
-8.682848
-9.786845
-11.590363
-11.859120
-10.245503
-8.852364
-9.687604
-11.655272
-11.798502
-10.202588
-9.392560
-10.585607
-12.549521
-12.894453
-18.649939
-30.603472
-3.046990
-2.537906
-6.680847
-7.371248
-7.004322
-8.672119
-11.065187
-11.359693
-9.805621
-8.552493
-9.697259
-11.617185
-11.747004
-9.820642
-8.397461
-9.549738
-11.370421
-11.475564
-9.771825
-8.360983
-9.383441
-11.172475
-11.343599
-9.539009
-7.783772
-8.822323
-10.896207
-11.306584
-9.887696
-8.500458
-9.537400
-11.499167
-11.865558
-9.976746
-8.484365
-9.235919
-11.147798
-11.436404
-9.728374
-8.270861
-9.205878
-11.086644
-11.275472
-9.415092
-8.043409
-8.946240
-11.075378
-11.347891
-9.741248
-8.331479
-9.033145
-11.035682
-11.340381
-9.778262
-8.358837
-9.113074
-11.035682
-11.572124
-9.965480
-8.263350
-8.995593
-10.992766
-11.617185
-9.770215
-8.189858
-8.955897
-10.943950
-11.530281
-9.669901
-8.271398
-9.006322
-10.930539
-11.431039
-9.512723
-7.984401
-8.732201
-10.791600
-11.259377
-9.594799
-8.082033
-8.986474
-10.756196
-11.333943
-9.716571
-8.042336
-8.777799
-10.707379
-11.415483
-9.661318
-8.139432
-8.833052
-10.877431
-11.344136
-9.784163
-8.117438
-8.757950
-10.828078
-11.374713
-9.839417
-8.154452
-8.630813
-10.276616
-10.567369
-8.975209
-7.446350
-8.245648
-10.293246
-10.849000
-9.148479
-7.485510
-8.058430
-10.004641
-10.626376
-8.969844
-7.328332
-7.939340
-10.079206
-10.756196
-9.016515
-7.313848
-7.819713
-9.813667
-10.358155
-8.947314
-7.315458
-7.964552
-10.036290
-10.630668
-9.121121
-7.449032
-8.101345
-9.890915
-10.416628
-8.691968
-7.097662
-7.871212
-9.790601
-10.616184
-8.893670
-6.883086
-7.727982
-9.868920
-10.544301
-9.017051
-7.517696
-7.931829
-9.842099
-10.673583
-9.321750
-7.219435
-7.708670
-9.602845
-10.372640
-8.685531
-6.982864
-7.446350
-9.283126
-9.941340
-8.500995
-6.835879
-7.324577
-9.426892
-10.261596
-8.467734
-6.529034
-6.850899
-9.034217
-9.895206
-8.252086
-6.404580
-6.826223
-8.653880
-9.489120
-7.929684
-5.862236
-6.289245
-8.659245
-9.416163
-7.680775
-6.054283
-6.713570
-8.638860
-9.155990
-7.119657
-5.069912
-5.826295
-7.994057
-8.930684
-7.474781
-5.370319
-5.531788
-7.644833
-8.881331
-7.692576
-5.628884
-5.861700
-7.785917
-8.727909
-7.203878
-5.600989
-5.704523
-7.535399
-8.543910
-7.208169
-5.394996
-5.695403
-7.487119
-8.496166
-7.245720
-5.338133
-5.440593
-7.230700
-8.340062
-7.027925
-4.936338
-5.247474
-7.533790
-8.749367
-7.319213
-5.315066
-5.241037
-7.323504
-8.527816
-7.176519
-5.282343
-5.627811
-7.651270
-8.581460
-7.263423
-5.552173
-5.913735
-8.013906
-9.158135
-7.567585
-5.755485
-6.162108
-7.803083
-8.749367
-7.649661
-6.062330
-6.250084
-8.526207
109.190697
244.520050
-193.940903
-79.163261
-52.312202
71.899300
212.570465
217.500992
-91.066368
-37.851337
-22.811117
231.446777
-86.022301
226.496490
125.936699
78.971748
54.387695
40.188076
29.596571
20.446482
14.192106
11.645616
10.247112
7.622839
3.946603
0.663042
0.452757
0.787497
-1.025140
-2.585113
-3.757775
-1.714468
2.890885
5.432010
1.058936
-5.731345
-4.322112
-0.214040
1.661361
-3.507793
-8.252622
-6.789208
-4.530788
-5.043626
-7.186712
-8.242966
-7.100345
-4.975498
-5.040944
-7.181347
-8.758487
-7.438839
-5.561293
-5.338133
-7.336379
-8.810521
-8.045555
-6.162108
-6.282807
-7.983328
-8.841098
-7.468880
-6.061793
87.174576
205.449921
-203.653183
-61.479458
-198.941177
-184.666977
29.475430
-231.493439
-202.599167
-97.728004
-138.270035
-58.116409
-134.107254
113.727821
-46.723644
-230.891113
148.038101
89.033791
59.531101
43.281738
31.648998
22.396984
15.446844
12.245895
10.888160
8.117974
3.535688
0.644803
0.666797
1.514375
0.204384
-2.896786
-5.118192
-4.319430
-3.081322
-3.565193
-5.572558
-7.475854
-6.751121
-4.672409
-4.658998
-7.077814
-9.003640
-7.646442
-5.853117
-5.893887
-7.896961
-9.327115
-8.669436
-6.878258
-6.773115
-9.221972
-10.982038
-9.922565
-8.167864
-7.937730
-10.344745
-11.830688
-10.822178
-9.065331
-9.005250
-11.173011
-12.689533
-11.380614
-9.579242
-9.007396
-10.798574
-12.223365
-11.512578
-9.526134
-9.507895
-11.954070
-13.167502
-11.995913
-10.531426
-10.093690
-11.897207
-13.417484
-12.506606
-10.528745
-9.296000
-10.941804
-12.522699
-10.948241
-9.029389
-9.299220
-10.528208
-11.880041
-11.368276
-9.490193
-8.940877
-10.554494
-12.005569
-10.910691
-8.954288
-8.790136
-10.868848
-12.234631
-11.407972
-9.460153
-9.192468
-11.250258
-12.766781
-12.101056
-10.549129
-10.384978
-12.003424
-13.355793
-12.316170
-10.730983
-10.268033
-11.800111
-13.351501
-12.285592
-10.695578
-10.599555
-12.478174
-13.847711
-12.545230
-10.813058
-10.523379
-12.378397
-13.914229
-12.807014
-10.508896
-10.197223
-12.003424
-13.980211
-13.084354
-11.066795
-10.279299
-11.981965
-13.724865
-12.985649
-11.247040
-10.768534
-12.722256
-14.664711
-14.020981
-12.091936
-11.687995
-13.368668
-14.825108
-14.151873
-12.420775
-11.877358
-13.907792
-15.598657
-14.968874
-12.816669
-12.007179
-13.361158
-14.650228
-13.278545
-11.159063
-10.430039
-12.229265
-14.230730
-13.357403
-10.654271
-9.930612
-11.281372
-12.440624
-11.348964
-9.379149
-8.551419
-10.086180
-11.780799
-10.913909
-8.881331
-8.588434
-10.535182
-12.287738
-10.724010
-8.775653
-9.025634
-10.658563
-12.351038
-11.912765
-10.277153
-9.661855
-10.809840
-12.797894
-12.117685
-10.175765
-9.439231
-10.858656
-12.337627
-11.527598
-9.705306
-9.076060
-10.708452
-12.444379
-11.458934
-9.414018
-8.542300
-10.332406
-12.260916
-11.472882
-9.794355
-9.439231
-10.777654
-12.278618
-11.508286
-9.896815
-9.230556
-10.748149
-12.295784
-12.129488
-9.967626
-8.857192
-10.471345
-12.467982
-11.485220
-9.607137
-9.047628
-10.709525
-12.195470
-10.828615
-8.544982
-8.174838
-10.126412
-11.754514
-11.013151
-9.653808
-9.402217
-10.406972
-12.070478
-11.799575
-9.937049
-9.070695
-10.985793
-12.457253
-11.952460
-10.780335
-10.005177
-11.227191
-12.293638
-11.515798
-9.683312
-8.917809
-10.418237
-12.283446
-12.218000
-10.629596
-9.463907
-11.390806
-12.974920
-12.208344
-10.434331
-9.941876
-10.678948
-12.447598
-12.525381
-10.744930
-9.861411
-11.639178
-12.641789
-12.529673
-10.445596
-9.189786
-10.780871
-12.581708
-12.459936
-10.855437
-10.407508
-11.622012
-14.003815
-13.732376
-11.397780
-10.511579
-12.427750
-14.455500
-14.173330
-12.610676
-11.350037
-12.768390
-14.857830
-14.239313
-12.189033
-11.152089
-12.353184
-13.930859
-13.420703
-11.326433
-10.248185
-11.772753
-13.626160
-13.250114
-11.028708
-10.051311
-12.322607
-14.497878
-14.223220
-11.511506
-10.367812
-12.081744
-14.453354
-14.402391
-11.823714
-10.305048
-11.862875
-13.851465
-13.559641
-10.897280
-9.282054
-9.974063
-13.102057
-13.329508
-11.046947
-9.861411
-11.706771
-14.940443
-14.491441
-11.118294
-8.799792
-10.774434
-14.283838
-14.383080
-10.955752
-8.838416
-10.873139
-14.854612
-14.398636
-9.903790
-7.034362
-10.595263
-15.078308
-14.690997
-10.925175
-8.104564
-11.134923
-15.112640
-14.603558
-11.081279
-8.216680
-11.013688
-15.645864
-14.972630
-10.707915
-7.739247
-10.572732
-14.620187
-13.902428
-10.544301
-7.999421
-10.656417
-14.805260
-14.354112
-11.441768
-9.286881
-11.663856
-14.858367
-13.747932
-9.933293
-7.497312
-9.316922
-11.758269
-11.929394
-9.351254
-7.770897
-9.980500
-12.486757
-12.505533
-10.257841
-8.601309
-10.461689
-12.694897
-12.376787
-10.331870
-8.991302
-10.677339
-12.881578
-12.954535
-10.680557
-9.020270
-10.072232
-12.321533
-12.257160
-9.727837
-8.123340
-9.807230
-12.243750
-12.170794
-10.096909
-8.884013
-10.593118
-12.818815
-12.824180
-10.367812
-8.812131
-10.048629
-12.664320
-12.824717
-10.562003
-8.962335
-10.676803
-12.643935
-12.302221
-11.083425
-9.351254
-10.552348
-12.683632
-12.803259
-11.042655
-10.108710
-11.837126
-14.600338
-14.463009
-11.938514
-10.167719
-11.311950
-13.569834
-13.347210
-11.363984
-9.117902
-10.535182
-14.164211
-13.884726
-10.543765
-5.922318
-9.033145
-16.764345
-17.274500
-11.093617
-5.358518
-8.046092
-15.279474
-15.726866
-9.836734
-5.404115
-7.911445
-15.088501
-16.149582
-9.919347
-3.589869
-7.103563
-15.295567
-17.138245
-10.040046
-4.517913
-7.837952
-14.825108
-15.107813
-11.355937
-7.958115
-10.627986
-14.704945
-13.610067
-11.536718
-9.792210
-10.253550
-12.702408
-12.463691
-10.706306
-9.577633
-10.376931
-13.051094
-12.498023
-10.733665
-8.643151
-9.204806
-12.990477
-13.153555
-10.696651
-9.226264
-10.394633
-13.776900
-14.051022
-11.055530
-7.835270
-10.021270
-15.843274
-16.020300
-10.833980
-6.091834
-8.590043
-15.273573
-15.451136
-11.838735
-8.825541
-10.218144
-14.847101
-14.554205
-11.804939
-9.058357
-9.945096
-13.943197
-13.891699
-10.929466
-8.466125
-9.377540
-13.111176
-12.834908
-10.166110
-7.730127
-8.973599
-12.922348
-13.078989
-10.945560
-8.680165
-9.238602
-11.534036
-11.584998
-9.512187
-7.694722
-8.783162
-12.066187
-12.751760
-10.686995
-8.726300
-9.789527
-12.127342
-12.047949
-10.117829
-8.242966
-9.262742
-12.581708
-12.572588
-10.420919
-8.074523
-9.405435
-14.038684
-14.049950
-11.031390
-7.175983
-9.415092
-15.548231
-16.451063
-11.871995
-6.626130
-8.448959
-13.636889
-13.889553
-10.976673
-9.059966
-10.565223
-12.981358
-13.328972
-11.529208
-9.319068
-10.292173
-12.688459
-13.001205
-11.534036
-9.618939
-10.073842
-12.630524
-13.374569
-11.101128
-9.602845
-10.259987
-12.292029
-13.119759
-11.334479
-9.393634
-10.273398
-12.537184
-12.802185
-10.791064
-8.541764
-9.151162
-11.037827
-11.892379
-10.506750
-9.313167
-10.122121
-11.926175
-12.729229
-11.068404
-8.919419
-9.863020
-11.668147
-12.295784
-10.892988
-9.315312
-9.858191
-11.839272
-12.582245
-11.054994
-8.964480
-9.793818
-12.325825
-13.106348
-11.408509
-9.790064
-10.154307
-12.432041
-13.554813
-11.846782
-10.426284
-11.019588
-12.604774
-13.697507
-12.344065
-10.408045
-11.183204
-13.143362
-13.935150
-12.384834
-11.151553
-12.143435
-14.103057
-14.641108
-13.167502
-11.446596
-12.260380
-14.090182
-15.405001
-13.934078
-11.875750
-12.636425
-14.773609
-15.768172
-13.918521
-12.013617
-12.872995
-15.175941
-16.375961
-14.717819
-12.847246
-13.153555
-15.415730
-16.180159
-14.768245
-13.003887
-13.538183
-15.454890
-16.287447
-14.593901
-12.759807
-13.390662
-15.366914
-16.217710
-14.535429
-12.675585
-13.364376
-15.415194
-16.210737
-14.689924
-13.011398
-13.273182
-14.736595
-15.819671
-14.218928
-12.265743
-12.842955
-14.838518
-15.903893
-14.481785
-12.660564
-13.192715
-15.164139
-16.264381
-14.714064
-12.176695
-12.467982
-14.621796
-15.701653
-13.972702
-12.043657
-12.625696
-14.704945
-15.903893
-14.486612
-12.671293
-12.687923
-14.559568
-15.622797
-14.192642
-12.219610
-12.676659
-14.660419
-15.888335
-14.244141
-12.372496
-13.127270
-14.930786
-15.733303
-14.125051
-12.015225
-12.496950
-14.322462
-15.255334
-13.958754
-12.205126
-12.544157
-14.397564
-15.335800
-13.720573
-11.811377
-12.112322
-14.389517
-15.564324
-14.010789
-12.245359
-12.437942
-14.226974
-15.378716
-14.003815
-12.258770
-12.526991
-14.342846
-15.463473
-14.248432
-12.117685
-12.436333
-13.769926
-14.817597
-13.313951
-11.740029
-12.071552
-13.871851
-15.317561
-14.255943
-12.131097
-12.059750
-13.768854
-14.834764
-13.551595
-11.826397
-12.045266
-14.061214
-15.126588
-13.889553
-12.054922
-12.364985
-14.030101
-15.278937
-13.699116
-11.676730
-11.866094
-13.446452
-15.088501
-14.261307
-12.152018
-11.567832
-13.287665
-14.889481
-14.111103
-12.060823
-11.589826
-13.287128
-14.664175
-13.367596
-11.709989
-11.755050
-13.610603
-14.667394
-13.453426
-11.616112
-11.510969
-13.469519
-15.031637
-13.393345
-11.281372
-11.196078
-13.250114
-14.672758
-13.242604
-11.060895
-11.317313
-13.496342
-14.803650
-13.463081
-11.268497
-11.115611
-13.072552
-14.360012
-13.148190
-11.247577
-11.408509
-13.156237
-14.375032
-13.261379
-11.335553
-11.414947
-12.989941
-14.307978
-13.365450
-11.527598
-11.432113
-13.280155
-14.519873
-13.578417
-11.699260
-11.880041
-13.278009
-14.198008
-13.159992
-11.362374
-11.552812
-13.325216
-14.429750
-13.169111
-11.071087
-11.193933
-13.252260
-14.503242
-13.648154
-11.748076
-11.649371
-13.440015
-14.709236
-13.768854
-11.923493
-11.715354
-13.543012
-14.937760
-13.703944
-12.110712
-12.191715
-13.626697
-14.718355
-13.502779
-11.247040
-11.141360
-12.818815
-14.130415
-13.458254
-11.304976
-11.016370
-12.889090
-14.415802
-13.677658
-11.662246
-11.304439
-12.758198
-14.305296
-13.372959
-11.611820
-11.396707
-13.234021
-14.505924
-13.317706
-11.644007
-11.205733
-12.906792
-14.313879
-13.472738
-11.553348
-11.374713
-13.089182
-14.375569
-13.494732
-11.534573
-11.578561
-13.003887
-14.487686
-13.488295
-11.271716
-11.236311
-13.029636
-14.592292
-13.587536
-11.338235
-11.184813
-12.823643
-14.380398
-13.749005
-11.898280
-11.706771
-13.313951
-14.432968
-13.672831
-11.724473
-11.524917
-13.172331
-14.692606
-13.819279
-11.816205
-11.509360
-13.201298
-14.761271
-14.040830
-12.002351
-11.574805
-13.376715
-14.868559
-14.281156
-12.310804
-11.878432
-13.598802
-15.398027
-14.602484
-12.590291
-12.347282
-13.944807
-15.473665
-14.603021
-12.557568
-12.014153
-13.420703
-15.267672
-14.664175
-12.477638
-12.496950
-14.267744
-16.058924
-15.156629
-12.822034
-12.074770
-13.649227
-15.288593
-14.626087
-12.831154
-12.641789
-14.373424
-15.814306
-14.960827
-13.004424
-12.367131
-13.863804
-15.555741
-14.686706
-12.918593
-12.479248
-14.068725
-15.670004
-14.954390
-12.943806
-12.354794
-14.143826
-15.878143
-15.332582
-13.496342
-12.625696
-14.083208
-15.567007
-14.795067
-13.184132
-12.564005
-14.275791
-15.862049
-15.447916
-13.644936
-12.636961
-14.162601
-15.884581
-15.223684
-13.512434
-12.754442
-14.380398
-15.975775
-15.296640
-13.635280
-12.845100
-14.143290
-15.730085
-14.862659
-13.281228
-12.805941
-14.394881
-16.204300
-15.499951
-13.377788
-12.872459
-14.289202
-15.593828
-14.393808
-13.280691
-12.984039
-14.854075
-16.637209
-15.673222
-13.638498
-12.620869
-14.375032
-16.117933
-15.794994
-13.856294
-13.001741
-14.476957
-16.320707
-15.831472
-14.270964
-12.996914
-13.972702
-15.629770
-15.253188
-12.573662
-11.078597
-12.142899
-13.718965
-13.200226
-11.264743
-10.291636
-11.706234
-13.567152
-12.820425
-10.785163
-9.751977
-11.307658
-13.132633
-12.556496
-10.381223
-9.505214
-11.037292
-12.633743
-12.030783
-10.037364
-9.206952
-10.710061
-12.428286
-12.037220
-9.991766
-9.453178
-11.019052
-12.742640
-11.941195
-9.893598
-9.093762
-10.362447
-12.372496
-11.877895
-9.944022
-9.098054
-10.427894
-12.651981
-12.001814
-9.882869
-9.031535
-10.209025
-11.987866
-11.754514
-9.912910
-8.656562
-10.131241
-12.169721
-11.704625
-9.307803
-8.437694
-9.828688
-11.642398
-11.457862
-9.491802
-8.445205
-9.945096
-11.927248
-11.457862
-9.300292
-8.111537
-9.771825
-11.542083
-11.148871
-9.296000
-8.194686
-9.512723
-11.345208
-11.193933
-9.821713
-8.571805
-9.144188
-10.630132
-9.790064
-7.646442
-6.152452
-7.391096
-9.218217
-8.657636
-6.806911
-5.829514
-7.325114
-8.797111
-8.424819
-6.744147
-5.690039
-7.002712
-8.735955
-8.590580
-6.718935
-5.622983
-7.158817
-8.996130
-8.765996
-6.658853
-5.685747
-7.022561
-8.814813
-8.579851
-6.751657
-5.705595
-6.920637
-8.576097
-8.170547
-6.290854
-5.224407
-6.695868
-8.514405
-8.025706
-6.058575
-4.905761
-6.320358
-8.325042
-7.979573
-6.164790
-5.127848
-5.898178
-7.788599
-7.972599
-6.629885
-5.689502
-7.398606
-9.628594
-9.544909
-7.883550
-6.495775
-7.949532
-9.729445
-9.429038
-7.524670
-6.451787
-7.746221
-9.471417
-9.336234
-7.653416
-6.384731
-7.577778
-9.335161
-9.302438
-7.585288
-6.309629
-7.413090
-9.428502
-9.422601
-7.351936
-6.071986
-7.212997
-9.109856
-9.151162
-7.434548
-6.146015
-7.098735
-8.868993
-9.380222
-8.039118
-6.702305
-8.127094
-10.197223
-10.627450
-8.703769
-7.430793
-8.544982
-10.038973
-9.910227
-7.878722
-6.810130
-8.104028
-9.823323
-10.044873
-8.080424
-6.679238
-7.716180
-9.900571
-9.968163
-8.130849
-6.715716
-8.267642
-10.099054
-10.103346
-8.415164
-6.901861
-7.805766
-9.844245
-9.967090
-8.018197
-6.736101
-7.932902
-9.890378
-9.929539
-8.009614
-6.871820
-7.954896
-9.761632
-9.834052
-8.029998
-6.701232
-7.809521
-9.742320
-9.925247
-8.259595
-6.490410
-7.541300
-9.588362
-9.866775
-7.981182
-6.466807
-7.750512
-9.784699
-9.962262
-8.011223
-6.579460
-7.593871
-9.530426
-9.782554
-8.012832
-6.609500
-7.432402
-9.330870
-9.667755
-7.814885
-6.269396
-7.122339
-9.042264
-9.470345
-7.770360
-6.297291
-7.127703
-8.725763
-9.635032
-8.383513
-7.108391
-7.845999
-9.885550
-10.419311
-8.676948
-7.157744
-8.161963
-10.192395
-10.280372
-8.265496
-6.924928
-7.830442
-9.828688
-10.210634
-8.444668
-7.068695
-8.043409
-9.754123
-10.017515
-8.316995
-6.921173
-7.918955
-9.820642
-10.550738
-8.776725
-6.829442
-7.578314
-9.615184
-10.010541
-8.383513
-6.851436
-7.777334
-9.907008
-10.236383
-8.291245
-6.703378
-7.651807
-9.678484
-9.964944
-8.371712
-6.848217
-7.664681
-9.711207
-10.148944
-8.288564
-6.718398
-7.629276
-9.579242
-9.899498
-8.396388
-6.885768
-7.674874
-9.358765
-9.728909
-8.056821
-6.457687
-7.309557
-9.563685
-10.066868
-8.341134
-6.575168
-7.079423
-9.081961
-9.766997
-8.202733
-6.431402
-7.524670
-9.382905
-9.325505
-7.552565
-6.255449
-7.091225
-8.991838
-9.735883
-8.315385
-6.753267
-7.204951
-8.617402
-9.228946
-7.755877
-6.221117
-6.876112
-8.833052
-9.373248
-7.717789
-6.235064
-7.086934
-8.746684
-9.188712
-7.627667
-6.088615
-6.687821
-8.645297
-9.614111
-8.227945
-6.498457
-7.137896
-9.240747
-9.977818
-8.580924
-7.127167
-7.714034
-9.739102
-10.139287
-8.617938
-6.931902
-7.535399
-9.823323
-10.460080
-9.063722
-7.494629
-7.942022
-9.696723
-10.473491
-8.922101
-7.223726
-8.033217
-10.131241
-10.610820
-8.993447
-7.318140
-7.830978
-9.952069
-10.632277
