-163.100861
-162.706573
-162.550995
-162.304245
-162.713547
-162.881989
-162.546173
-162.893784
-162.927048
-162.957626
-163.104080
-162.840683
-162.644882
-162.558517
-163.065445
-163.084763
-162.829422
-162.943680
-162.747879
-163.113724
-163.266617
-163.216187
-163.288071
-162.990341
-163.364777
-163.081009
-162.871262
-163.035950
-162.587479
-163.077789
-163.087448
-162.777374
-163.298798
-163.245697
-163.431839
-163.751022
-163.445251
-163.464020
-163.252136
-163.411987
-163.874405
-163.815399
-163.822906
-163.382492
-163.685577
-164.098633
-163.704880
-163.932343
-164.029434
-164.195190
-164.415131
-163.991348
-163.871719
-163.532684
-163.069748
-163.327774
-163.332062
-163.406631
-163.250519
-163.606186
-163.620667
-163.666260
-163.944138
-163.637299
-163.901764
-163.728485
-163.608871
-163.824509
-163.612076
-163.864746
-164.196274
-163.904449
-163.905518
-164.015488
-164.028900
-164.132965
-163.965591
-163.424866
-163.122314
-163.870651
-164.396896
-163.773010
-163.282715
-163.155029
-163.598129
-163.601883
-162.979614
-163.077789
-162.583725
-162.488235
-162.766113
-162.385773
-162.391144
-162.299408
-162.340179
-162.248978
-161.875092
-162.022064
-161.758133
-161.821442
-161.963058
-161.802658
-161.856308
-161.602570
-161.690018
-161.723801
-161.529617
-161.670166
-161.166977
-161.386917
-161.720596
-161.647095
-161.676605
-161.545715
-161.873474
-161.554825
-161.342941
-161.390671
-161.265686
-161.598816
-161.589157
-161.247986
-161.438416
-161.240479
-161.428223
-161.629395
-161.459335
-161.644409
-161.518356
-161.381027
-160.790939
-160.548996
-160.315109
-160.021149
-160.395584
-160.386459
-160.322083
-160.321548
-160.235184
-160.453506
-160.152573
-159.814606
-160.056015
-159.946579
-159.934235
-159.989487
-160.137009
-160.256638
-159.868256
-160.292038
-160.066742
-159.896149
-159.858063
-159.524933
-159.999680
-160.107513
-159.784027
-159.613449
-159.475586
-159.624176
-159.490601
-159.440170
-159.545319
-159.226135
-159.510452
-159.602188
-159.439636
-159.556046
-159.706253
-160.023285
-160.307068
-159.966965
-159.715912
-159.540497
-159.703568
-159.988953
-160.402557
-160.760895
-160.761429
-160.783432
-160.289902
-159.851089
-159.944962
-159.716446
-160.447617
-160.383240
-160.493210
-160.372513
-159.803879
-159.966431
-160.154709
-160.098389
-160.215866
-160.088196
-160.322083
-160.466385
-159.841965
-159.780823
-159.535660
-159.831238
-160.161682
-159.896149
-159.816757
-159.526535
-159.713226
-159.523331
-159.435883
-159.807632
-159.759888
-160.121994
-160.317795
-159.941208
-159.577499
-159.736298
-160.424011
-160.837067
-160.985657
-161.200775
-161.004974
-161.410522
-161.187897
-160.983521
-161.158401
-161.105286
-161.580582
-161.595062
-160.965820
-160.429367
-160.001831
-160.192810
-160.327454
-159.994858
-160.018997
-160.131119
-160.601578
-160.586014
-160.115021
-159.927261
-159.549606
-159.510452
-159.630081
-159.582870
-159.600571
-159.435349
-159.658508
-159.620956
-159.272263
-159.435349
-159.176239
-159.224533
-159.242767
-158.939682
-158.957916
-158.774994
-158.781967
-158.801804
-158.607620
-158.617813
-158.439178
-159.050186
-158.895691
-158.703644
-158.844727
-158.572754
-158.651062
-158.788940
-158.272873
-158.405914
-158.671997
-159.019073
-158.853302
-158.615662
-158.684326
-158.328125
-158.279312
-158.294342
-158.114090
-158.121063
-157.905411
-158.166656
-158.272339
-158.268051
-158.244446
-157.858215
-157.999832
-158.372116
-157.603394
-157.536346
-157.482697
-157.798126
-157.861420
-157.809387
-157.867325
-157.646317
-157.821198
-157.980515
-157.769165
-157.633972
-157.440323
-157.573898
-157.904343
-157.570679
-157.249344
-157.469284
-157.674744
-157.703720
-157.703720
-157.837280
-157.418320
-157.691910
-157.869476
-157.355560
-157.326065
-157.366821
-157.730530
-157.640945
-157.410278
-157.510590
-157.250412
-157.630219
-157.738586
-157.468216
-157.733215
-157.685471
-157.873230
-157.984802
-157.842117
-158.135010
-157.891464
-157.856598
-157.982666
-157.964417
-157.653290
-157.452652
-157.681717
-157.973541
-157.767014
-157.467682
-157.483765
-157.941360
-158.165054
-157.795975
-157.800278
-157.635590
-157.856598
-157.957443
-157.822266
-157.689224
-157.512207
-157.750916
-158.056152
-158.184372
-158.117844
-157.682785
-157.874298
-157.997681
-157.999832
-158.107651
-157.812073
-158.062592
-158.157547
-157.990173
-157.671524
-157.543320
-158.199921
-158.304535
-158.170959
-157.774521
-157.561020
-157.809921
-157.867325
-157.771301
-157.756821
-157.665085
-157.932236
-157.916138
-157.459625
-157.470367
-157.385071
-157.408676
-157.496643
-157.466599
-157.448898
-157.267044
-157.302994
-157.412430
-157.379166
-157.238617
-157.120605
-157.123276
-157.039063
-156.877594
-156.697891
-156.766556
-157.208038
-157.358246
-157.123276
-157.030472
-156.946259
-157.317474
-157.334106
-156.940353
-156.966644
-157.072327
-157.388290
-157.068024
-156.983276
-156.860428
-156.902802
-157.194092
-157.301926
-157.076614
-156.970398
-156.637802
-156.979523
-157.236465
-156.969330
-156.638870
-156.439850
-156.771378
-156.945724
-156.961273
-156.738647
-156.592743
-156.703247
-157.055161
-157.399551
-157.262756
-156.708618
-156.801956
-156.908707
-156.551971
-156.690369
-156.482239
-156.425903
-156.565384
-156.384064
-156.652283
-156.753143
-156.728455
-156.863113
-156.778885
-156.667313
-156.192551
-156.574509
-156.507980
-156.469894
-156.357239
-156.304138
-156.472580
-156.712906
-156.457016
-156.707001
-156.428589
-156.668915
-157.116852
-156.681793
-156.431274
-156.572891
-157.053543
-157.092163
-156.724701
-156.939819
-156.887787
-156.864716
-156.982742
-156.865784
-156.891006
-156.847015
-157.221985
-157.359848
-157.009552
-156.944641
-156.841644
-156.829849
-157.129715
-157.089493
-157.124359
-157.013855
-157.227890
-157.369507
-157.234863
-157.245056
-157.389893
-157.780426
-157.466599
-156.911926
-157.033691
-157.117920
-157.232178
-157.725174
-158.010025
-157.234329
-157.104507
-157.750916
-157.758972
-157.317474
-157.429062
-157.375412
-157.448364
-157.570679
-157.530441
-157.740189
-157.313721
-157.443008
-157.533661
-157.449432
-157.704254
-157.583557
-157.596420
-157.758423
-157.695129
-157.664551
-157.260071
-157.541702
-157.436035
-157.343765
-157.624313
-157.489136
-157.495041
-157.483231
-157.169418
-157.026718
-157.036377
-157.264374
-157.165665
-156.956985
-156.833603
-156.741867
-157.363602
-157.495041
-156.962357
-156.829315
-156.625458
-156.855057
-156.982742
-156.711288
-157.013855
-156.741867
-156.683945
-156.594345
-156.357239
-156.767624
-156.785858
-157.197845
-157.061600
-156.815903
-156.722031
-156.448441
-156.804642
-156.948944
-156.826630
-156.628677
-156.609375
-157.297623
-157.139908
-156.459702
-156.560013
-156.579865
-156.920502
-157.059982
-156.792831
-157.148499
-156.959137
-156.972000
-156.758499
-156.428589
-156.480087
-156.521393
-156.837357
-157.225739
-156.925873
-156.686081
-156.397476
-156.915146
-157.099136
-156.729538
-156.766556
-156.528900
-157.188187
-157.153854
-156.659256
-156.599182
-156.617950
-156.886719
-156.939819
-156.579865
-156.520859
-156.484924
-156.663010
-156.702713
-156.453796
-156.741333
-156.656586
-156.708618
-156.437714
-156.382996
-156.428055
-156.267120
-156.252640
-156.204895
-156.241379
-156.607224
-156.602936
-156.591675
-156.723633
-156.194168
-156.095459
-156.241379
-156.029480
-156.143204
-155.880341
-156.268738
-156.135162
-156.342758
-156.612595
-156.298767
-156.194168
-155.908783
-156.211334
-156.302521
-156.169495
-156.426437
-156.185043
-155.885712
-156.146423
-156.068634
-156.242981
-156.116913
-156.259079
-156.252640
-156.087952
-156.094391
-155.953842
-156.363678
-156.458633
-156.277313
-156.367966
-156.121216
-156.491348
-156.374405
-156.192017
-156.237076
-155.946869
-156.039139
-156.086334
-155.995148
-156.308426
-156.264969
-156.254776
-156.462387
-156.042892
-156.105118
-156.063812
-156.503159
-156.072388
-155.779495
-156.204895
-156.082581
-156.428055
-156.458099
-156.256927
-156.265518
-156.244049
-156.334717
-156.341690
-156.241379
-156.465607
-156.433960
-156.442001
-156.147491
-156.080978
-156.151779
-156.134628
-156.233856
-156.391037
-155.874451
-155.866394
-155.891617
-156.389969
-156.526764
-156.174850
-156.011780
-155.799881
-155.872833
-156.173782
-155.996750
-156.312180
-156.504227
-156.660873
-156.631363
-156.257462
-156.257996
-156.083664
-156.439850
-156.650681
-156.671066
-156.774597
-156.509064
-156.510666
-156.504761
-156.447906
-156.487595
-156.476868
-156.592209
-156.473114
-155.936676
-156.160904
-156.170029
-156.617950
-156.762787
-156.400696
-156.369583
-156.227966
-156.551437
-156.786392
-156.271408
-156.153397
-156.255859
-156.686081
-156.620636
-156.180756
-156.389435
-156.336319
-156.494034
-156.660873
-156.391571
-156.491898
-156.390503
-156.580948
-156.494568
-156.070786
-156.257996
-156.292328
-156.661942
-156.564316
-156.013916
-156.154465
-156.356171
-156.509598
-156.477951
-155.920578
-156.010696
-155.905029
-156.423233
-156.203827
-156.100830
-156.092239
-155.818115
-156.187195
-156.429657
-156.204895
-156.237076
-156.287506
-156.204361
-156.336319
-156.301453
-156.376556
-156.228500
-156.415176
-156.298233
-156.102432
-156.071320
-155.962967
-156.082581
-156.265518
-156.334717
-156.535873
-156.521393
-156.688232
-156.475800
-156.205963
-156.384064
-156.389435
-156.220444
-156.026260
-155.973145
-156.188263
-156.100296
-156.635117
-156.397476
-156.038055
-156.277313
-156.026260
-156.420547
-156.504761
-156.393723
-156.371185
-156.148575
-156.314865
-156.325592
-156.255859
-156.159302
-156.149643
-156.499405
-156.670532
-156.578262
-156.475266
-156.255859
-156.348129
-156.176468
-156.406067
-156.626007
-156.230103
-156.501007
-156.728455
-156.358856
-156.418930
-156.570755
-157.175323
-157.317474
-156.442001
-155.805252
-155.177612
-154.979126
-154.901871
-154.205582
-153.643921
-153.088165
-152.846237
-152.933136
-152.610733
-152.466965
-152.277069
-152.720169
-152.727142
-152.417618
-152.541000
-152.147247
-152.435318
-152.491104
-152.365051
-152.427277
-152.373627
-152.624680
-152.617706
-152.389725
-152.682083
-152.553329
-152.633270
-152.702469
-152.704605
-152.591415
-152.404205
-152.807602
-152.593567
-152.065704
-152.155838
-152.094681
-152.243805
-152.053909
-151.950912
-152.046936
-152.098969
-152.329102
-152.314087
-152.005096
-152.068390
-151.757248
-151.886002
-152.094147
-151.773346
-151.814651
-151.866684
-151.840942
-151.740097
-151.638168
-151.602768
-151.361893
-151.598999
-151.861862
-151.832901
-151.904770
-151.644608
-151.725067
-151.884933
-151.633881
-151.725601
-151.860794
-152.189621
-151.977737
-151.638168
-151.730972
-151.938034
-152.084488
-152.058731
-151.860794
-151.950378
-151.711655
-152.294235
-152.237366
-152.249176
-152.355392
-152.758789
-153.254471
-152.737869
-152.278137
-152.337692
-152.131699
-152.216446
-152.537781
-152.369339
-152.237366
-151.994904
-152.336075
-152.718018
-152.197144
-152.194458
-152.100037
-152.223953
-152.175674
-151.887604
-151.912827
-151.855423
-152.123642
-152.234695
-151.999191
-152.025482
-152.170853
-152.292618
-152.041565
-151.727219
-151.965927
-152.026016
-152.189087
-152.319977
-152.278137
-152.535095
-152.199814
-152.359680
-152.352707
-152.396164
-152.744843
-153.022186
-153.583847
-153.599930
-153.578476
-153.392868
-152.948151
-153.060272
-153.173462
-153.055450
-153.050613
-152.854813
-153.261978
-153.451340
-153.425583
-153.702927
-153.252319
-153.211014
-153.403595
-153.215836
-153.414856
-153.370331
-153.589737
-153.375702
-153.243195
-153.253922
-153.318298
-154.017822
-154.044647
-153.767838
-153.839188
-153.959351
-154.106873
-154.062881
-153.962570
-153.768906
-153.450272
-153.853668
-153.662155
-153.618713
-153.700790
-153.552185
-153.611191
-153.300064
-153.159515
-153.588135
-153.335464
-153.628372
-153.896042
-153.668060
-153.877274
-153.779648
-154.392792
-154.982346
-155.692062
-156.455414
-156.366364
-156.309494
-156.609909
-157.075546
-156.668381
-155.543991
-155.509659
-155.415253
-155.228577
-155.332642
-155.092850
-155.260223
-155.343903
-155.574570
-156.172165
-156.318619
-156.306290
-155.681870
-154.927628
-155.067642
-155.079971
-155.587448
-155.500549
-155.066025
-155.091782
-155.556335
-156.753677
-156.693588
-156.008026
-155.795593
-155.394333
-155.531128
-155.517181
-155.322449
-155.284363
-155.277924
-155.373413
-155.491959
-155.356781
-155.334244
-155.279526
-155.762329
-155.658798
-155.217300
-155.267197
-155.041885
-155.356247
-155.442078
-155.371796
-155.177612
-155.037598
-156.060059
-157.880203
-158.206360
-156.999908
-156.027863
-155.968323
-156.199524
-156.008026
-155.815979
-155.737656
-156.062195
-156.963425
-157.288513
-156.439316
-155.898590
-155.879272
-155.806854
-155.458710
-155.491959
-155.439926
-155.740875
-155.771454
-155.353027
-155.473724
-155.263443
-155.794510
-155.751068
-155.411499
-155.460312
-155.346054
-155.924332
-155.788620
-155.451736
-155.537018
-155.595490
-156.148026
-156.046112
-155.587448
-155.630905
-155.564377
-155.546143
-155.610519
-155.618561
-155.618561
-155.797195
-156.053085
-156.596497
-157.040131
-156.452194
-156.056305
-156.466675
-156.363144
-156.062195
-156.022507
-155.813828
-155.940430
-156.381927
-156.388351
-156.187729
-155.777893
-156.358856
-156.188797
-155.961884
-156.210266
-156.038605
-156.265518
-156.541245
-156.944641
-156.865784
-156.192017
-156.288040
-156.368515
-156.221527
-156.245132
-156.048782
-156.249954
-155.960281
-155.586380
-155.855667
-156.086884
-156.222061
-155.779495
-155.482849
-155.439926
-155.472656
-155.745163
-155.737656
-155.661484
-155.712448
-155.575653
-155.569748
-155.606232
-155.425980
-155.599792
-155.254852
-155.652359
-155.767151
-155.456558
-155.359467
-155.251099
-155.402908
-155.576721
-155.633041
-155.556870
-155.541855
-155.836899
-155.863724
-155.776810
-155.896439
-155.601395
-155.791840
-155.825089
-155.448517
-154.965714
-154.854141
-155.334793
-155.073532
-154.587524
-154.598251
-154.412643
-154.744156
-154.890610
-154.690521
-154.742554
-154.591278
-155.084808
-154.972687
-154.631516
-154.475937
-154.209335
-154.324661
-154.124573
-153.461533
-153.495865
-153.499619
-153.756577
-153.706146
-153.400375
-153.586517
-153.503372
-153.744232
-153.438461
-153.267334
-153.217987
-153.401993
-153.801102
-153.973297
-154.103119
-154.116531
-154.147644
-154.137985
-154.134232
-153.694351
-152.911682
-152.228790
-151.516388
-150.772354
-149.871124
-149.434464
-148.720459
-148.888901
-149.469864
-149.841629
-149.105621
-148.422195
-148.444733
-148.098724
-147.467331
-147.119720
-147.217880
-147.934570
-148.269318
-147.479126
-146.940002
-146.800003
-147.012970
-146.863831
-146.653549
-146.502274
-145.897171
-146.026443
-145.941147
-145.809723
-145.781830
-145.732483
-145.687958
-145.648788
-145.372528
-145.134888
-144.842514
-144.949814
-145.019547
-144.805511
-144.726654
-144.462723
-144.382248
-144.329681
-144.311447
-144.131195
-143.655914
-143.899460
-144.057175
-143.522339
-143.492294
-143.566330
-143.752472
-143.482635
-143.302933
-143.192429
-143.108734
-143.038467
-143.112503
-142.962830
-142.929565
-142.638275
-142.830856
-142.659195
-142.416733
-142.412445
-142.294952
-142.115250
-141.843811
-141.855072
-141.867950
-141.680191
-141.950027
-141.768707
-141.592758
-141.619049
-141.436646
-141.589539
-141.468842
-141.135712
-141.080994
-140.985504
-141.255875
-141.287521
-141.004822
-141.556808
-142.730545
-143.760513
-143.930038
-142.942444
-141.967728
-141.355652
-141.705948
-141.674835
-141.095474
-140.921661
-140.921661
-141.094406
-140.745712
-140.721573
-140.649155
-140.628235
-141.025742
-140.577805
-140.273117
-140.360016
-140.232880
-140.413116
-140.282761
-139.891159
-139.833771
-139.895996
-140.207123
-139.875610
-139.766708
-139.851471
-141.406082
-142.364166
-141.909256
-140.255402
-140.217850
-140.859436
-141.342773
-141.414658
-141.377640
-142.405472
-144.691238
-148.622284
-147.938324
-145.919693
-145.898239
-145.831177
-146.146072
-146.500122
-147.694778
-150.259506
-150.182266
-148.961853
-148.443649
-148.298813
-148.302567
-147.938858
-148.214600
-148.246246
-148.886215
-148.400742
-147.454987
-147.570328
-147.294601
-147.054276
-146.922836
-146.883682
-147.099869
-146.764053
-146.603119
-146.433075
-146.453461
-147.170135
-147.476990
-146.784439
-146.858475
-147.510239
-148.177048
-147.402954
-146.926590
-146.824677
-146.335434
-146.465256
-146.484039
-146.870270
-148.498901
-149.541748
-148.049911
-147.246323
-146.561813
-146.344559
-146.148758
-146.184158
-146.263550
-148.686127
-148.326706
-146.902451
-146.983459
-146.611176
-148.019867
-149.352386
-147.317123
-146.777466
-146.419662
-146.175583
-146.194351
-145.749649
-145.934174
-145.970657
-145.599442
-146.105835
-146.233521
-146.266769
-145.922379
-145.561356
-145.417053
-145.282410
-145.474442
-145.596222
-145.470688
-145.211594
-144.951416
-145.186386
-145.289383
-144.926208
-145.156342
-144.961075
-144.905823
-144.719131
-144.721817
-144.719681
-144.572159
-144.867737
-144.620438
-144.368835
-144.190750
-143.928421
-144.419266
-144.888657
-144.705185
-144.659058
-144.325928
-144.439117
-144.176804
-143.697754
-143.775009
-143.879608
-144.217560
-144.279251
-144.181091
-144.132813
-144.589859
-145.081238
-144.677292
-144.435364
-144.338272
-144.034103
-144.396194
-144.494370
-144.459503
-144.958389
-144.536209
-144.289444
-144.221863
-143.980453
-143.949341
-143.910721
-144.384399
-144.059845
-143.820602
-144.075409
-143.931107
-144.081314
-144.296417
-144.402100
-144.284622
-144.065216
-144.566254
-145.207306
-144.557663
-144.193420
-143.978851
-144.202011
-144.173584
-144.053955
-143.968124
-143.838303
-144.228836
-144.367233
-144.124222
-144.557663
-144.374207
-144.174118
-144.013718
-143.725647
-143.735306
-143.599045
-143.847961
-143.595825
-143.418808
-143.600662
-143.388763
-143.533600
-143.699905
-143.403244
-143.373199
-143.278793
-143.211731
-143.161316
-143.098541
-143.367844
-143.232117
-143.373199
-143.254120
-142.947815
-142.780975
-142.688171
-143.112503
-142.848038
-142.549774
-142.727325
-142.216644
-142.612534
-142.574982
-142.411362
-142.432831
-142.151199
-142.269211
-142.253113
-142.307831
-142.109344
-142.270279
-142.466080
-142.257401
-142.190353
-142.205902
-142.053558
-142.430145
-142.458038
-142.363617
-142.465012
-142.089508
-142.219864
-142.326065
-142.299789
-142.390442
-142.567474
-142.756836
-142.307831
-142.330368
-142.697296
-142.349670
-142.330902
-142.651688
-142.379715
-141.953247
-141.912476
-142.069122
-142.457504
-142.352356
-142.108810
-142.097549
-142.348068
-142.300858
-142.244003
-142.403854
-142.144760
-142.165680
-142.079849
-142.193039
-142.065369
-141.985428
-142.384537
-142.216644
-141.893707
-141.989182
-141.864197
-142.082535
-141.879211
-141.593826
-141.540726
-141.658737
-141.910873
-142.065369
-141.736526
-141.412506
-141.149124
-141.697357
-141.566467
-141.197937
-141.164139
-141.287521
-141.861511
-141.598663
-141.435577
-141.678055
-141.404999
-141.565399
-141.340622
-141.345459
-141.270889
-141.261765
-141.649612
-141.456497
-140.963516
-140.905045
-140.988724
-141.373886
-141.234421
-141.088501
-141.146973
-140.990875
-141.129807
-140.903427
-140.830475
-140.813843
-140.566544
-140.816528
-140.806335
-140.626083
-140.762878
-140.643784
-140.778976
-140.736588
-140.599808
-140.769852
-140.537033
-140.802582
-140.701187
-140.671692
-140.574051
-140.279007
-140.596054
-140.419556
-140.354645
-140.328369
-140.070877
-140.430283
-140.093399
-140.027954
-140.241455
-140.176544
-140.348206
-140.305832
-140.079453
-140.022049
-140.125595
-140.218933
-140.092865
-140.018829
-139.957687
-139.846100
-139.956070
-140.017227
-139.836441
-139.808548
-139.791916
-140.158844
-140.040298
-139.899216
-140.089111
-139.698578
-140.045120
-140.151871
-139.764557
-140.023132
-139.721649
-139.863266
-139.684631
-139.580566
-139.749542
-139.585388
-139.832153
-139.782272
-139.527451
-139.379395
-139.303757
-139.432510
-139.699646
-139.603088
-139.553207
-139.351501
-139.777969
-139.995773
-139.679276
-139.460403
-139.288208
-139.445374
-139.546768
-139.235626
-139.177689
-139.256546
-139.356873
-139.141754
-139.157303
-139.067719
-138.794678
-139.343460
-139.125656
-139.186279
-139.207199
-139.133713
-139.478104
-139.253876
-138.979752
-139.042511
-138.932541
-139.193787
-139.097763
-138.977066
-138.903030
-138.978668
-139.234558
-139.129410
-139.046265
-139.044128
-138.893921
-139.274796
-139.039825
-139.046799
-139.442703
-139.305908
-139.517258
-139.371887
-139.389587
-139.113861
-138.940048
-139.274796
-139.120834
-139.008713
-139.019440
-139.048416
-139.478638
-139.224899
-139.010330
-138.966339
-138.891769
-139.126740
-139.112244
-139.013550
-138.919662
-138.697586
-138.936295
-138.941666
-138.774292
-138.778046
-138.798431
-139.215240
-138.928253
-138.636429
-138.744247
-138.416489
-138.793060
-138.903580
-138.758194
-139.004959
-138.778580
-138.669678
-138.432037
-138.596191
-138.421844
-138.366592
-138.783417
-138.633209
-138.636963
-138.424530
-138.123581
-138.268967
-138.194397
-138.137527
-138.154694
-137.985718
-138.284515
-138.389664
-138.079605
-137.911697
-137.716965
-138.108032
-138.150406
-137.953537
-137.897202
-137.797974
-138.088715
-138.080139
-137.774368
-137.696045
-137.540482
-137.662781
-137.657425
-137.610214
-137.580704
-137.447678
-137.913300
-137.698730
-137.173019
-137.223969
-137.307663
-137.533508
-137.505066
-137.347885
-137.248108
-136.981506
-137.369888
-137.351105
-137.108109
-136.808228
-136.819504
-137.502930
-137.819427
-137.277618
-137.301758
-137.396713
-137.546906
-137.174622
-136.948242
-136.872604
-136.989014
-140.119690
-141.103516
-140.288132
-140.198547
-138.744781
-138.567764
-138.294708
-138.266281
-138.240524
-137.252945
-136.622086
-136.241211
-135.612503
-134.978958
-134.368500
-134.263885
-133.768753
-133.272003
-133.018265
-132.952286
-133.132538
-132.896500
-132.917953
-132.861633
-132.715714
-133.103027
-133.228561
-132.959259
-133.015594
-133.341202
-133.500000
-133.129318
-132.938339
-132.886307
-132.700699
-132.802078
-132.997879
-132.709274
-132.660461
-132.670654
-133.046158
-132.908295
-133.116440
-135.565292
-135.157059
-134.277298
-133.973129
-133.370712
-133.017197
-132.886307
-132.885239
-132.755951
-132.661530
-132.612717
-132.491486
-132.720016
-132.249542
-132.184097
-132.433014
-132.371323
-132.461975
-132.112213
-132.091843
-132.104706
-131.930374
-132.246872
-131.767822
-131.610641
-131.688965
-131.713638
-131.850433
-132.055359
-131.965240
-131.781235
-131.695938
-132.126175
-131.802689
-131.721695
-131.751724
-131.673950
-131.557007
-131.841858
-131.681458
-131.679306
-131.865463
-131.946457
-131.824692
-131.730804
-131.690582
-131.233536
-131.697021
-131.721161
-131.434692
-131.519989
-131.632111
-131.852585
-131.622986
-131.529648
-131.522141
-131.584900
-131.874573
-131.870285
-131.732956
-131.575241
-131.173981
-131.405731
-131.584900
-131.475998
-131.368713
-131.399292
-131.543060
-131.367645
-131.338669
-131.340286
-131.193832
-131.364960
-131.384262
-131.115509
-130.892349
-130.916489
-131.329544
-131.410019
-131.344574
-131.307022
-131.293610
-131.566116
-131.120880
-130.966385
-131.035583
-131.069382
-131.455612
-131.200806
-131.247482
-131.294144
-131.230850
-131.253906
-131.003403
-130.997498
-131.032364
-130.991592
-131.414307
-131.159500
-130.981934
-130.923462
-130.799011
-130.844070
-131.139114
-130.832809
-130.696548
-130.858551
-131.015732
-131.175064
-130.820465
-130.645050
-130.553314
-130.692795
-130.515762
-130.606964
-130.753418
-130.389709
-130.588196
-130.362885
-130.216431
-130.398819
-130.169769
-130.403122
-130.395065
-130.330704
-130.176208
-130.060333
-130.464813
-130.595703
-130.385422
-130.088226
-129.901550
-130.096802
-130.142944
-129.891357
-130.214828
-130.386490
-130.604279
-130.345718
-130.183716
-129.895111
-129.802307
-130.149384
-130.114517
-130.047989
-129.904221
-130.138107
-130.620911
-130.302795
-130.046387
-129.964310
-130.037262
-130.281342
-129.946075
-129.897247
-130.000244
-130.014191
-130.333908
-130.171906
-130.042633
-130.094131
-129.919250
-130.319962
-130.287781
-129.927292
-129.949280
-129.816254
-129.955719
-129.980408
-129.899399
-129.870438
-129.863998
-130.313538
-130.029221
-129.829117
-129.885452
-129.819473
-130.027069
-129.615082
-129.398361
-129.502960
-129.444489
-129.716476
-129.492233
-129.514771
-129.682144
-129.564651
-129.599533
-129.622589
-129.674622
-129.427322
-129.421432
-129.652100
-129.340958
-129.111908
-129.147308
-129.200409
-129.615616
-129.524429
-129.173050
-129.127457
-129.217041
-129.378510
-129.512619
-129.704132
-129.679993
-129.844147
-129.936951
-129.632248
-129.726120
-129.550705
-129.373154
-129.846832
-129.623672
-129.390320
-129.168228
-128.848511
-129.215973
-129.410706
-129.287323
-129.105469
-129.106003
-129.245468
-129.006760
-128.862457
-128.939697
-129.004608
-129.072205
-129.223480
-128.932724
-128.628571
-128.541122
-128.858170
-128.861923
-128.910736
-128.853333
-128.599594
-128.959015
-128.889816
-128.811493
-129.146240
-129.117264
-129.783524
-129.904221
-129.619919
-129.658539
-129.970215
-130.349472
-130.031906
-130.041016
-130.088226
-130.058182
-130.244324
-130.360199
-130.514160
-130.694946
-130.833344
-131.765686
-131.974884
-132.272079
-132.495239
-132.882019
-133.788071
-133.730667
-133.722076
-133.442062
-132.901855
-132.994675
-132.874496
-132.286026
-131.660004
-131.227631
-131.240509
-130.964767
-130.841919
-130.878403
-130.564590
-131.047379
-130.792038
-130.650955
-130.878937
-130.712112
-130.948685
-131.471176
-131.572556
-131.683609
-132.291397
-132.866989
-132.575699
-132.327332
-132.783844
-132.748444
-133.359985
-133.284348
-133.313309
-133.521454
-133.973129
-134.643158
-134.309479
-133.657166
-133.210312
-133.055817
-133.088013
-132.626129
-132.104706
-132.129379
-132.164261
-132.348785
-131.992599
-131.469559
-131.356369
-131.090302
-131.248016
-131.023773
-130.924545
-130.955109
-130.766830
-131.143402
-130.812424
-130.720688
-130.531326
-130.283493
-130.702454
-130.531860
-130.259354
-130.422958
-130.270615
-130.464813
-130.154739
-130.187469
-130.200882
-130.184250
-130.383804
-129.999176
-129.722366
-129.695007
-129.696625
-130.108078
-129.881165
-129.617233
-129.817322
-129.728806
-129.855408
-129.726120
-129.652100
-129.635468
-129.613480
-129.890808
-129.803375
-129.687500
-129.692337
-129.548569
-129.627426
-129.511017
-129.618835
-129.787277
-129.678391
-129.931046
-129.447174
-129.486877
-129.508331
-129.417679
-129.402649
-129.203094
-129.126923
-129.177887
-129.031433
-129.127457
-128.918243
-128.935944
-129.245468
-129.249771
-129.143555
-129.261566
-129.088837
-129.038940
-128.975113
-129.199341
-129.108688
-129.020706
-129.076492
-129.160721
-129.531937
-129.237961
-129.031433
-129.099564
-129.146774
-129.350616
-129.262100
-129.255127
-129.145691
-129.027145
-129.261566
-129.260498
-129.344177
-129.133362
-128.940247
-129.527115
-129.751343
-129.745438
-129.426788
-129.398895
-129.986832
-129.950363
-129.912811
-130.042633
-130.002396
-130.150986
-129.782455
-129.557144
-129.645126
-129.616699
-129.861847
-129.600067
-129.435913
-129.138718
-129.130676
-129.722916
-129.473999
-129.122635
-128.957947
-129.001389
-129.384949
-129.162323
-129.125854
-129.327545
-129.151596
-129.465958
-129.492233
-129.298050
-128.872650
-129.035187
-129.879013
-130.005615
-130.082855
-129.655853
-129.069519
-129.177887
-128.905365
-128.632858
-128.792725
-129.007294
-128.975113
-128.725662
-128.631256
-128.986908
-129.012131
-129.050751
-128.719223
-128.500900
-128.360886
-128.453690
-128.789505
-128.918777
-128.827057
-128.895721
-128.599594
-128.586182
-128.662903
-128.514297
-128.187607
-128.003616
-128.522888
-128.415070
-128.047607
-128.029892
-127.789574
-127.911346
-127.294434
-128.027756
-128.777161
-128.718155
-128.863525
-129.237427
-129.501892
-129.634933
-129.926758
-130.315674
-130.549026
-130.692795
-131.073669
-131.172913
-131.381592
-131.191147
-130.890213
-130.531860
-130.683670
-130.922394
-130.693863
-130.625748
-130.763611
-130.728195
-130.610718
-130.343033
-130.855881
-131.094055
-131.037186
-131.432541
-131.638535
-131.673416
-131.938950
-131.721161
-131.947525
-131.981323
-131.638000
-131.351013
-131.451324
-131.872971
-131.656784
-131.738327
-131.790894
-131.553787
-131.828445
-131.545731
-131.315063
-131.427719
-131.388565
-131.450790
-131.478683
-131.432007
-131.339203
-131.224411
-131.378372
-131.622452
-131.839172
-131.867599
-131.875656
-132.394928
-132.369171
-132.303192
-131.997955
-132.024246
-132.266174
-132.103104
-132.008148
-132.143875
-131.834351
-132.118118
-132.102036
-132.199127
-132.047852
-131.912125
-132.416916
-132.213608
-132.024246
-131.780167
-131.681458
-131.958801
-131.790894
-131.608505
-131.667511
-131.712036
-132.005463
-131.732956
-131.594025
-131.512482
-131.517838
-131.918030
-131.578461
-131.418594
-131.575241
-131.497452
-131.837021
-131.738327
-131.648727
-131.448105
-131.420746
-131.694870
-131.451859
-131.412704
-131.472244
-131.252838
-131.755493
-131.508194
-131.418060
-131.269470
-131.366028
-131.727051
-131.756561
-131.938416
-131.685211
-131.684143
-131.863846
-131.601532
-131.674484
-131.576309
-131.604752
-132.150314
-132.170151
-131.640686
-131.655167
-131.650345
-131.617615
-131.670197
-131.702911
-131.787140
-131.620300
-132.048920
-131.899796
-131.553787
-131.521591
-131.528030
-131.805908
-131.646057
-131.471710
-131.764603
-131.663223
-131.722229
-131.538757
-131.552719
-131.414307
-131.336533
-131.710419
-131.411087
-131.046310
-131.452927
-131.531784
-131.320969
-131.416992
-131.318817
-131.219574
-131.214218
-131.636932
-131.545731
-131.238358
-131.261963
-131.254990
-131.590256
-131.621918
-131.233536
-131.206177
-131.391785
-131.755493
-131.304337
-131.251770
-131.123016
-131.176132
-131.790894
-131.567734
-131.170227
-131.336533
-131.236206
-131.376755
-131.315063
-131.441132
-131.375687
-131.504425
-131.642303
-131.257675
-131.407333
-131.274292
-131.402512
-131.957184
-131.673416
-131.447571
-131.502289
-131.525894
-131.906219
-131.776947
-131.621384
-131.472244
-131.355835
-131.539841
-131.480286
-131.484055
-131.176666
-131.265717
-131.512482
-131.510330
-131.615479
-131.562897
-131.541977
-131.906769
-131.745834
-131.458832
-131.281815
-131.501205
-131.612259
-131.466873
-131.349930
-131.357452
-131.315598
-131.484055
-131.385880
-131.207779
-131.152527
-130.986771
-131.517838
-131.648193
-131.481369
-131.345108
-131.434692
-131.698624
-131.594559
-131.634247
-131.606354
-131.623520
-131.532867
-131.324722
-131.289856
-131.299515
-131.226547
-131.597778
-131.300583
-131.273224
-131.281815
-131.141266
-131.477066
-131.199738
-131.348862
-131.231918
-131.051132
-131.369781
-131.286636
-131.219040
-130.993744
-131.072601
-131.391235
-130.991592
-130.881622
-130.877869
-131.038803
-131.541977
-131.157883
-130.852112
-131.140182
-131.322571
-131.392853
-131.202408
-131.187927
-131.280731
-131.076355
-131.361740
-131.260345
-130.909515
-130.926682
-131.355301
-131.580063
-131.278061
-131.434692
-131.265182
-130.911133
-131.266251
-131.208847
-131.467957
-131.913742
-132.220047
-132.836960
-132.803696
-132.547806
-132.547272
-132.712494
-133.081573
-132.856262
-132.971069
-132.714645
-132.434616
-132.863770
-132.716797
-132.711960
-132.589111
-132.569809
-132.752197
-132.392242
-132.382050
-132.644913
-132.878265
-133.344421
-133.386810
-133.238205
-133.264496
-132.991455
-133.175446
-133.061188
-132.779022
-132.554245
-132.426575
-133.011826
-133.447968
-133.307953
-133.053146
-132.993591
-133.238205
-132.833191
-132.891678
-133.085327
-133.542374
-133.839569
-133.584213
-133.514481
-133.440445
-133.292923
-133.413635
-133.407730
-133.738174
-133.495697
-133.549347
-133.706528
-133.464050
-133.292923
-133.282730
-133.739792
-133.831512
-133.555786
-133.630890
-133.359451
-133.502136
-134.010681
-133.594406
-133.716721
-134.092758
-133.917343
-133.789139
-133.570801
-133.582077
-133.671127
-133.786453
-133.534332
-132.989838
-132.772049
-132.517227
-132.165863
-132.278519
-131.768356
-131.366028
-131.252304
-131.094055
-131.333847
-131.331161
-131.151459
-131.186325
-131.121414
-131.282883
-130.971741
-131.192764
-131.258743
-131.243729
-131.513550
-131.055435
-131.080109
-131.011978
-131.069916
-131.151459
-130.823685
-131.037735
-130.913803
-130.797943
-131.038269
-131.090836
-131.002853
-130.998032
-131.062943
-131.332764
-130.986221
-130.862854
-130.969604
-131.092438
-131.309174
-131.141800
-131.266785
-131.169159
-130.966385
-131.151459
-130.993744
-131.022705
-130.927216
-131.064011
-131.285568
-131.232986
-131.147705
-131.145020
-131.112289
-131.370865
-131.000717
-131.083328
-131.116043
-131.228165
-131.611725
-131.426117
-131.437912
-131.489410
-131.363876
-131.807526
-131.933578
-131.992599
-132.148163
-132.242569
-132.437836
-132.347183
-131.953964
-131.710419
-131.830582
-131.853119
-131.743683
-131.504425
-131.272156
-131.669662
-132.245255
-132.139572
-132.067703
-131.966309
-131.870819
-132.169083
-132.140121
-131.992050
-132.117584
-132.118118
-132.260818
-131.980789
-131.654633
-131.721695
-131.908905
-132.302124
-132.191620
-132.107391
-132.047318
-131.994736
-132.330017
-132.173370
-132.207703
-132.132065
-131.957184
-132.071991
-131.973282
-131.845612
-131.858490
-131.753342
-132.166931
-131.892822
-131.444885
-131.576309
-131.611191
-131.920715
-131.730270
-131.603134
-131.677170
-131.710419
-132.062866
-131.820389
-131.790894
-131.775330
-131.778549
-131.939484
-131.813416
-131.954514
-131.738861
-131.665359
-132.006012
-131.794113
-131.717941
-131.860626
-131.684143
-131.804840
-131.603668
-131.621384
-131.735641
-131.799469
-131.978653
-131.853119
-132.228622
-132.232376
-132.279587
-132.623444
-132.433548
-132.222733
-132.297836
-132.347717
-132.745758
-132.672272
-132.887909
-133.110535
-133.121811
-133.494629
-133.271469
-133.413635
-133.317062
-133.498383
-134.296616
-134.038589
-133.642151
-133.655029
-133.933975
-134.084717
-134.059509
-134.216141
-133.910370
-133.746765
-134.091690
-133.776794
-133.990311
-134.246719
-134.222046
-134.478470
-134.271942
-134.507431
-134.765457
-134.777802
-134.884552
-134.580383
-134.482758
-134.425354
-134.402832
-134.591660
-134.419998
-134.448425
-134.420532
-134.625443
-135.040649
-134.731125
-134.363129
-134.368500
-134.222580
-134.310028
-134.195221
-134.355087
-134.109390
-134.319138
-135.438156
-135.504684
-135.218216
-134.626526
-134.394241
-134.382980
-134.157135
-134.137283
-133.983871
-134.218292
-134.796570
-135.547592
-136.003036
-135.749298
-135.832977
-136.014297
-135.882874
-135.906479
-136.004105
-136.468124
-136.734741
-136.223511
-136.026093
-135.822784
-136.009476
-136.327042
-136.139282
-135.981033
-135.983719
-136.805557
-137.580704
-137.052307
-136.967026
-136.802872
-136.744400
-137.211639
-137.248657
-137.542084
-137.895065
-137.969635
-137.906860
-137.729309
-137.512039
-137.299606
-137.115616
-137.361298
-137.384369
-137.445526
-137.222366
-137.276016
-137.502930
-137.298004
-137.443909
-137.299072
-137.322144
-137.626846
-137.344681
-137.394562
-137.249191
-137.249725
-137.629532
-137.490051
-137.483078
-137.507751
-137.496490
-137.807617
-137.560318
-137.544235
-137.207352
-137.435333
-137.811371
-137.556564
-137.463760
-137.580170
-137.585007
-137.990005
-137.675659
-137.582855
-137.561401
-137.548523
-137.780258
-137.555496
-137.683167
-137.407974
-137.559250
-137.762024
-137.306580
-136.681091
-136.432190
-136.485291
-136.672516
-136.203125
-135.664001
-135.301910
-135.567978
-136.269104
-135.632355
-135.211243
-134.999344
-135.348572
-135.826538
-135.408661
-135.501999
-135.536331
-135.856583
-136.214920
-136.066330
-135.814743
-135.918808
-135.963867
-135.808838
-135.477859
-135.600708
-135.424210
-135.106094
-135.363602
-135.136673
-135.476776
-135.605530
-135.463379
-135.883408
-135.554031
-135.837814
-136.732056
-137.125809
-137.767395
-137.550125
-137.531357
-137.443375
-137.367203
-137.554962
-137.315170
-137.483078
-137.390274
-137.312485
-137.600021
-137.705704
-137.869858
-137.624695
-137.714813
-138.101059
-138.054382
-138.186890
-137.778656
-137.841415
-138.600479
-138.757126
-139.011398
-138.647156
-138.323685
-138.736740
-138.649307
-138.863876
-138.191711
-137.669754
-137.764175
-137.507217
-137.519012
-137.391342
-137.416550
-137.572662
-137.388657
-137.438019
-137.546906
-137.794205
-138.404678
-137.767395
-137.773834
-137.861267
-137.940659
-138.381622
-137.986252
-137.822113
-138.086029
-138.248047
-138.398788
-138.354797
-138.421844
-138.322601
-138.170792
-138.537186
-138.456177
-138.502853
-138.334412
-138.714752
-139.412659
-139.323074
-139.132095
-139.256012
-139.038223
-139.551056
-139.398178
-138.631592
-137.799042
-138.403610
-139.046799
-138.796280
-138.242142
-137.729309
-137.686386
-137.817276
-137.603775
-137.867706
-137.428360
-136.703629
-136.387131
-135.922028
-135.754120
-135.764847
-135.817429
-135.966019
-135.636108
-135.925247
-136.062042
-135.733734
-135.506287
-135.580856
-135.591583
-135.545990
-136.691284
-136.234238
-136.153244
-136.077057
-136.279831
-136.206879
-136.302902
-135.908615
-136.110321
-135.852295
-135.570663
-135.591049
-135.461761
-135.242889
-135.221970
-135.234848
-135.512192
-134.989700
-134.841095
-134.623306
-134.307343
-134.237610
-133.975815
-134.128708
-133.821854
-133.959183
-134.276230
-133.996201
-134.387802
-134.137283
-133.985474
-134.647446
-133.887314
-133.429718
-133.609436
-133.440994
-134.063263
-133.566513
-133.489807
-133.557938
-133.498917
-133.577774
-133.520920
-133.678101
-133.892670
-134.295532
-134.564835
-134.149094
-134.039124
-133.922180
-133.929688
-133.968842
-133.734421
-133.803619
-133.841705
-133.751587
-133.995667
-133.864243
-133.912521
-133.976898
-133.924850
-134.111008
-134.179672
-134.296082
-134.000488
-134.605072
-134.907623
-135.045486
-135.034225
-135.094833
-135.330338
-135.510040
-135.328720
-135.276154
-135.129166
-135.266495
-135.564758
-135.497162
-135.625381
-135.366806
-135.359833
-135.364136
-134.628662
-134.552490
-134.680710
-134.416245
-133.976898
-133.316528
-133.304199
-133.015045
-133.097672
-133.244644
-132.603058
-133.094986
-133.625519
-133.172760
-133.322433
-133.665756
-133.739243
-133.816498
-133.711884
-133.970993
-133.666824
-133.549347
-133.350861
-133.524673
-133.799332
-133.762314
-133.618546
-133.692581
-133.686142
-133.796112
-134.117447
-134.426971
-134.286423
-134.686066
-134.294464
-133.834198
-133.299362
-133.154526
-132.990906
-132.884155
-132.796188
-133.148087
-132.657242
-132.378296
-132.801544
-132.669052
-132.541367
-132.313919
-132.593414
-133.145950
-132.692657
-132.449112
-132.300507
-132.123489
-132.392776
-132.137436
-132.169617
-132.215210
-132.193756
-132.222733
-132.012436
-131.889603
-132.125626
-132.187851
-132.417450
-132.352005
-132.068771
-132.045166
-132.346649
-132.723221
-132.319290
-131.882080
-131.632645
-131.716324
-132.032288
-131.802155
-131.870285
-131.906769
-131.934662
-131.965775
-131.523209
-131.536621
-131.515167
-131.878860
-132.166397
-131.779633
-131.742615
-131.858490
-131.949677
-132.384201
-132.134216
-132.276367
-132.489868
-132.657776
-132.820862
-132.353088
-132.316071
-132.151917
-132.003326
-132.578384
-132.511337
-132.393311
-132.317139
-131.928223
-132.299438
-131.973282
-131.906219
-131.843994
-131.845078
-131.930374
-131.911591
-132.338058
-132.161041
-132.341278
-132.687286
-132.718933
-132.490417
-132.222733
-132.232376
-132.475388
-132.318207
-132.414780
-132.143875
-132.391708
-132.467880
-132.075745
-132.295685
-132.338593
-132.438919
-132.405121
-132.172302
-132.370255
-132.080566
-132.137436
-132.908295
-133.357834
-133.784317
-132.995209
-132.905624
-133.002182
-133.957047
-134.132462
-133.762314
-134.028931
-134.257446
-134.137817
-133.857803
-133.567047
-133.508041
-134.538544
-133.802017
-133.951141
-133.372864
-132.159424
-132.119736
-132.100418
-132.089691
-131.772110
-132.763458
-132.402969
-132.443741
-132.574631
-131.676636
-131.892822
-131.989914
-131.952896
-132.085938
-131.771576
-131.592407
-131.760315
-131.481369
-131.471710
-130.902008
-131.175598
-132.380981
-132.640610
-131.573090
-131.223343
-131.298981
-131.517303
-131.433090
-131.408951
-131.258209
-131.118195
-131.523209
-132.673874
-132.389557
-132.105789
-132.090225
-131.968460
-131.840240
-132.890060
-133.046707
-131.657852
-131.731888
-131.846146
-131.957184
-131.450256
-131.480286
-131.764069
-132.138504
-131.858490
-131.418060
-131.991516
-132.912598
-132.003326
-131.669113
-131.677170
-131.145554
-131.604202
-131.669662
-132.178741
-132.065018
-131.521057
-131.633179
-130.860168
-131.170761
-131.218506
-131.124100
-131.845612
-131.516235
-130.891281
-130.914352
-131.116577
-132.575699
-133.060120
-131.507111
-130.868744
-131.753876
-132.991455
-131.332764
-130.895569
-130.523819
-131.416992
-133.226410
-132.022095
-131.046310
-130.904694
-132.924393
-132.776871
-131.378372
-130.945999
-130.782913
-130.516312
-130.567261
-130.608566
-131.106934
-131.433090
-130.684219
-130.739471
-130.343033
-130.804382
-130.912735
-130.876801
-130.997498
-130.689041
-130.790970
-131.124634
-131.541443
-131.356903
-131.029678
-130.560287
-131.230850
-131.390167
-130.741074
-130.157425
-130.424042
-131.646057
-131.074203
-130.815109
-130.398819
-132.015656
-132.354156
-130.941162
-130.924545
-132.509186
-132.487198
-131.072067
-130.681000
-131.077423
-132.673340
-132.483444
-131.178268
-130.641830
-130.795258
-131.795181
-132.509720
-130.997498
-130.569412
-130.543671
-130.830124
-132.598236
-131.782303
-130.917557
-130.914352
-130.526505
-129.971283
-129.740616
-129.670868
-130.064621
-130.016342
-129.931046
-130.664902
-130.466415
-130.464813
-129.802307
-129.596313
-129.373154
-129.750809
-130.409561
-129.833420
-129.637085
-129.619919
-129.747589
-129.687500
-129.594162
-129.614548
-129.477753
-129.431091
-131.132675
-130.244873
-129.476151
-129.205780
-130.051743
-131.930908
-130.222336
-129.446106
-129.604889
-131.523209
-130.899323
-129.708420
-129.399963
-130.315674
-131.998489
-130.594620
-129.666580
-129.556076
-129.387634
-130.640228
-130.448715
-129.606506
-129.374222
-129.591476
-129.624207
-130.895035
-130.935806
-129.883301
-129.526031
-129.222946
-130.223404
-130.058182
-129.349548
-129.385483
-130.280807
-129.933731
-129.127991
-128.911804
-129.017487
-129.884384
-129.810349
-129.078644
-128.980469
-129.095810
-129.667114
-130.242188
-129.625809
-129.703598
-129.417679
-129.364029
-129.670868
-129.414993
-129.235825
-128.979935
-129.682144
-130.542053
-130.821548
-129.857025
-130.871429
-130.188004
-129.742752
-130.160110
-131.205627
-130.002396
-129.608643
-129.404266
-130.184784
-129.842529
-129.132278
-129.001938
-129.260498
-129.807129
-130.205704
-129.024994
-128.935944
-129.027679
-129.829117
-130.410629
-130.214828
-131.046310
-130.779694
-130.092514
-129.859695
-129.870438
-129.374222
-129.315750
-128.941315
-129.382263
-129.586655
-128.901611
-128.901611
-129.028748
-129.148376
-128.615692
-128.359818
-128.939697
-128.968674
-129.266403
-129.366180
-128.947754
-128.816315
-129.250839
-130.192825
-131.158432
-130.930435
-129.751877
-129.250305
-129.853256
-129.153748
-128.713318
-128.941849
-129.585037
-129.297516
-128.709564
-129.141937
-130.044235
-129.100632
-128.775558
-128.843674
-129.572708
-129.275513
-128.575455
-128.474609
-128.475677
-129.243332
-130.126846
-129.177353
-128.754623
-128.886063
-129.444489
-130.836029
-130.699234
-129.958939
-129.552856
-129.543732
-129.807663
-129.269608
-129.132828
-129.280884
-129.044312
-129.015335
-128.715469
-128.692398
-127.997711
-128.100174
-128.481049
-128.165085
-128.248230
-128.008972
-128.214966
-128.589951
-127.947289
-127.926361
-127.886131
-127.748802
-127.818001
-127.711250
-127.721977
-127.651169
-127.518669
-127.637222
-127.630783
-127.746658
-127.522423
-127.676918
-127.947823
-127.901154
-128.100708
-127.839996
-127.926361
-128.019165
-127.738075
-127.742363
-127.683357
-127.894180
-127.643127
-127.566414
-127.575531
-127.333595
-127.317505
-127.833557
-127.745049
-127.595917
-127.408165
-127.775085
-128.014343
-127.588409
-127.420502
-127.322334
-127.509010
-127.675308
-127.451080
-127.397430
-127.240257
-127.349693
-127.723053
-127.973038
-128.152740
-128.010590
-127.643127
-127.537445
-127.561584
-127.358810
-127.138870
-127.284782
-127.350227
-127.236504
-127.238647
-127.079857
-127.161400
-127.094879
-127.041771
-127.425865
-127.171051
-127.266006
-127.293365
-126.801987
-126.608330
-126.518204
-126.716156
-126.947357
-126.707031
-126.845436
-126.464027
-126.624420
-127.008514
-126.966133
-126.893181
-126.524109
-126.370682
-126.555756
-126.547173
-126.452225
-126.178101
-126.362640
-126.540733
-126.150208
-126.115875
-125.926514
-126.109970
-126.312744
-125.999466
-125.800446
-125.766113
-126.053108
-126.209213
-125.840141
-126.182396
-126.260712
-125.809563
-125.705498
-125.728027
-125.777916
-125.837997
-125.630394
-125.688332
-125.820297
-125.754852
-125.578896
-125.850334
-126.225845
-126.163620
-126.012344
-125.884666
-126.048279
-126.442032
-126.351372
-126.169518
-126.048820
-126.289680
-126.650703
-126.273590
-126.226913
-125.954407
-126.028435
-126.822365
-126.833633
-126.710785
-126.123383
-126.615303
-126.652313
-126.310066
-126.473679
-126.423790
-126.545029
-126.550926
-126.218338
-126.419502
-126.280022
-125.983910
-126.654465
-126.265541
-126.261787
-126.294510
-126.393753
-126.763893
-126.722054
-126.735466
-126.838463
-127.048744
-127.268684
-127.091660
-127.102928
-127.235428
-127.336815
-127.585724
-127.371147
-127.424789
-127.328766
-127.676384
-127.741295
-127.585190
-127.390999
-127.149597
-127.284782
-127.455902
-127.284782
-127.518135
-127.597527
-127.601280
-127.568558
-127.474144
-127.758461
-127.502579
-127.703743
-128.025070
-127.770264
-127.541199
-127.162476
-127.810493
-128.476212
-128.215500
-128.179031
-127.911346
-128.077103
-128.419891
-128.485870
-128.623734
-128.691864
-128.717621
-128.775009
-128.684891
-128.972427
-128.849579
-129.028748
-129.378510
-129.485260
-129.624207
-129.658539
-129.889206
-129.914413
-129.548569
-129.515305
-129.504578
-129.542130
-129.800690
-129.807129
-130.095734
-129.788895
-130.102707
-130.413849
-130.276520
-130.164398
-129.955185
-130.431015
-130.844604
-130.599991
-130.856415
-130.549561
-130.660080
-130.921860
-130.650421
-130.708893
-130.638611
-130.838715
-131.041489
-130.928833
-130.996964
-130.990524
-131.068298
-131.203491
-131.044159
-130.950287
-130.749664
-130.838715
-131.497452
-131.505508
-130.859634
-130.827972
-131.867599
-131.761917
-131.021637
-130.846756
-130.981400
-131.681458
-131.895493
-132.180878
-132.281738
-131.919098
-131.901398
-132.124557
-131.711502
-131.729736
-131.982941
-132.399750
-132.041946
-131.634247
-131.890137
-131.792496
-131.356903
-131.472244
-131.244263
-131.179352
-131.247482
-131.541977
-131.616013
-131.008224
-130.810272
-130.777557
-131.422363
-131.523209
-131.054352
-131.200806
-131.648727
-131.624054
-131.957184
-131.698624
-131.528030
-131.316681
-131.815033
-131.996887
-131.526962
-131.613327
-131.464737
-131.434692
-131.427719
-131.285568
-131.204559
-131.023773
-130.956192
-131.213684
-131.058655
-131.533936
-131.538757
-132.082184
-132.346115
-131.791428
-131.887451
-131.940552
-132.130463
-133.091766
-133.601913
-134.521378
-134.733276
-135.146866
-135.479996
-135.311554
-134.978958
-134.591660
-134.512802
-134.721466
-135.327652
-135.484299
-134.795502
-134.727905
-134.916199
-134.914597
-134.784241
-134.897964
-136.016983
-136.771225
-136.997055
-137.262604
-137.155304
-137.578018
-137.939590
-138.014694
-138.088715
-138.167038
-138.746399
-139.550522
-139.656204
-139.846100
-139.775833
-140.200150
-140.398102
-138.633209
-136.886017
-137.578018
-138.161133
-138.233551
-138.204590
-138.318848
-138.110184
-138.303833
-138.458328
-138.305984
-138.394485
-137.943344
-138.454575
-139.149796
-138.593506
-138.390732
-138.270569
-138.324753
-138.740494
-138.723328
-138.645538
-138.283447
-138.422928
-138.636429
-138.325287
-138.405762
-138.501236
-138.618729
-138.522705
-137.730377
-137.321609
-136.980972
-137.235245
-137.213242
-136.845779
-136.728836
-136.610825
-136.946091
-137.118301
-136.791061
-136.821640
-136.595795
-136.594727
-136.668762
-136.398392
-136.410187
-136.294327
-136.644073
-137.971237
-137.343597
-137.131699
-136.765320
-136.799118
-136.913376
-136.693970
-136.822174
-136.665009
-136.677872
-136.880646
-136.567902
-136.627457
-136.382828
-136.468658
-136.772827
-136.820038
-136.624771
-136.371033
-136.715424
-136.961655
-136.663391
-136.369965
-136.066864
-136.369965
-136.421463
-136.272324
-136.258911
-136.077057
-136.269104
-136.371033
-136.125885
-136.192398
-136.226196
-136.622620
-136.803940
-136.423599
-136.493881
-135.993912
-135.912918
-136.434875
-136.298080
-136.645691
-137.370422
-137.127945
-136.704697
-136.479385
-136.329727
-136.600632
-136.948242
-136.568985
-135.440842
-135.908081
-135.924713
-135.751434
-136.086716
-135.799179
-135.068558
-134.218292
-134.072922
-134.009613
-133.751587
-133.844391
-133.830978
-133.901794
-134.119049
-133.879257
-134.005325
-133.802551
-133.803085
-134.095444
-133.951675
-134.393173
-134.422134
-134.173767
-134.073456
-133.721008
-133.452789
-132.971603
-132.936188
-133.062256
-132.851974
-133.632492
-133.705460
-134.297684
-134.559464
-134.476852
-134.796570
-134.615799
-134.691971
-134.791214
-134.657104
-135.825470
-136.740646
-135.799179
-134.625992
-136.299683
-135.376465
-133.613724
-135.372177
-134.193619
-133.832047
-135.479462
-133.172226
-132.261353
-134.143723
-136.123199
-135.988007
-133.343353
-134.815353
-134.929077
-132.662613
-134.448959
-135.198914
-136.550735
-137.049637
-137.285126
-137.508286
-137.130096
-137.134384
-137.463760
-137.278687
-137.222900
-137.339844
-137.493271
-137.679947
-137.586075
-137.657425
-137.560318
-137.930466
-138.109634
-138.492661
-139.063965
-139.163208
-139.109573
-138.778580
-138.493195
-138.625168
-138.375717
-138.488907
-138.708847
-138.458862
-138.467453
-138.272720
-138.558105
-139.408371
-139.697510
-139.850937
-139.568222
-139.187347
-139.207199
-138.886948
-138.824722
-138.824173
-138.812378
-138.960968
-138.782867
-138.854752
-138.808090
-139.194321
-139.392273
-139.144974
-139.376175
-139.369736
-139.715210
-140.305298
-140.288132
-140.122910
-139.670151
-139.685699
-139.951248
-139.489899
-139.537109
-139.647614
-139.708771
-139.814453
-139.503845
-139.295715
-139.343994
-139.592361
-139.688919
-139.588074
-139.360092
-139.488831
-139.786560
-140.092865
-139.944809
-139.711456
-139.675507
-139.852539
-139.985580
-139.878281
-140.581024
-140.736053
-140.409363
-140.449600
-140.349289
-140.283295
-140.081604
-139.922272
-140.233414
-140.215714
-140.192108
-139.965195
-140.154022
-140.516647
-140.377716
-140.241455
-140.217316
-140.603027
-140.531677
-140.378250
-140.488754
-140.397034
-140.635208
-140.947418
-140.362152
-140.079453
-140.099304
-140.325684
-140.603561
-140.434586
-140.360016
-140.273651
-140.557953
-140.917374
-140.923279
-141.287521
-140.865341
-140.687775
-140.806870
-140.469986
-140.643250
-140.680267
-140.616974
-140.732834
-140.270966
-140.258621
-140.280090
-140.808472
-139.707703
-138.417023
-139.525314
-137.363449
-138.489975
-139.316101
-137.461075
-138.786087
-137.105423
-138.094620
-138.057068
-136.477249
-138.171326
-136.209030
-137.232025
-137.073776
-136.599564
-137.422455
-135.899506
-137.957291
-136.774979
-136.570587
-137.748611
-135.849609
-137.709457
-137.442307
-136.047562
-138.355331
-137.181595
-137.206802
-138.279694
-136.138214
-137.469131
-136.064728
-136.833984
-138.401993
-137.422989
-138.638565
-136.837738
-138.252335
-138.036682
-137.031921
-138.293640
-136.383911
-137.348434
-138.381073
-136.169861
-137.870392
-137.047485
-136.499771
-137.186966
-136.424133
-136.667679
-136.054535
-138.246964
-136.725082
-137.223969
-137.153168
-136.100662
-138.017914
-136.700943
-136.669830
-136.765320
-136.012695
-136.894058
-136.915527
-137.374710
-136.239609
-137.419235
-136.496017
-137.308731
-136.025024
-137.664398
-136.082962
-137.706238
-136.788376
-136.390884
-138.273788
-136.855438
-137.406357
-138.617111
-136.607071
-138.091400
-138.309189
-136.482605
-138.130554
-138.413803
-136.660172
-137.991623
-137.795822
-135.977814
-138.214783
-137.768463
-136.215469
-137.426208
-136.550735
-138.214783
-137.046417
-136.575958
-137.505066
-136.552887
-137.367737
-136.139832
-137.583923
-136.222443
-137.911697
-137.694977
-136.020737
-137.946030
-136.471344
-136.527679
-136.558243
-135.997131
-137.870392
-135.999283
-136.912842
-137.026566
-135.382370
-136.474030
-135.638260
-137.287277
-136.430038
-137.670837
-136.123199
-137.741638
-136.369415
-136.430038
-137.316772
-135.315857
-137.261520
-136.948776
-135.672592
-137.582855
-135.762711
-136.432724
-137.880585
-135.520767
-137.569977
-138.157379
-136.138748
-137.757202
-136.273392
-137.528137
-136.317917
-136.932144
-137.270645
-136.769608
-137.789383
-135.417770
-136.715424
-136.101730
-136.835587
-135.514328
-137.065186
-135.819565
-136.999207
-137.054993
-135.485367
-135.967087
-135.757874
-137.625229
-135.404358
-137.214859
-136.426285
-136.299683
-137.440155
-135.223053
-135.926315
-135.087860
-135.996063
-135.841568
-136.150024
-136.077591
-136.434875
-137.068405
-137.093079
-137.581238
-136.709534
-137.278687
-137.296387
-138.316177
-137.322144
-138.664322
-136.781403
-137.468597
-137.151550
-137.479324
-137.265823
-136.978287
-137.041580
-136.893524
-136.349579
-136.878510
-136.764236
-136.350647
-137.025497
-136.284134
-137.339844
-136.347961
-136.842026
-136.388733
-135.685989
-136.159668
-136.027176
-136.055069
-135.611969
-135.501465
-135.719788
-135.616791
-135.657028
-135.382370
-135.209091
-136.207947
-135.349640
-135.269714
-135.492874
-134.958588
-136.154846
-135.075531
-136.117294
-135.395248
-135.989090
-135.350189
-135.544907
-135.486969
-135.334091
-135.525604
-135.051392
-135.617325
-135.066940
-135.286346
-134.867920
-134.756882
-135.567978
-134.910843
-135.696182
-134.716110
-134.983261
-135.317993
-134.792816
-135.088943
-135.262741
-135.153305
-135.595337
-134.458618
-134.462372
-135.302979
-134.355087
-135.071762
-134.629745
-135.517014
-134.447357
-134.585754
-134.602386
-134.769211
-135.422607
-134.557861
-135.166183
-134.369034
-135.355545
-135.110931
-135.365204
-135.393097
-135.127563
-135.906479
-135.334625
-136.232086
-135.511108
-135.514328
-134.996674
-135.337311
-134.614182
-134.388885
-134.562149
-135.009003
-135.208023
-134.902252
-134.906540
-134.500458
-135.196228
-134.845398
-135.759491
-134.745621
-135.479462
-134.988083
-136.436478
-135.664001
-136.432724
-135.886093
-136.458466
-135.555099
-135.296539
-135.063721
-135.013840
-135.562607
-135.895203
-135.844254
-135.582458
-135.599625
-134.934982
-135.344818
-135.064789
-134.616867
-134.838425
-135.556717
-136.060425
-137.340912
-136.262131
-137.611282
-138.191177
-137.347351
-139.333801
-140.577271
-141.214035
-141.561111
-141.291809
-140.502167
-142.044983
-139.873459
-141.024658
-140.818130
-139.746857
-141.420563
-139.833771
-140.725327
-138.731369
-138.178299
-138.080673
-137.642395
-138.884262
-138.041519
-140.055313
-139.631531
-140.414200
-142.476807
-141.344925
-141.049347
-143.135559
-141.677521
-142.584106
-142.848572
-143.178482
-143.247681
-143.987976
-142.550308
-142.846954
-142.792236
-143.748718
-145.298492
-143.884979
-142.927429
-142.408142
-142.749863
-142.112030
-142.107208
-142.698898
-141.822357
-143.000381
-143.129120
-142.407074
-142.589462
-142.160309
-142.524017
-141.908722
-142.306763
-142.347534
-142.272964
-143.517502
-143.162384
-142.988037
-143.012711
-142.920990
-142.646332
-144.416580
-143.382858
-143.982071
-144.813019
-144.405853
-145.135422
-142.725189
-143.984207
-142.687103
-142.460190
-143.064758
-141.955399
-143.118393
-141.539108
-143.603882
-142.754150
-143.276108
-141.711304
-142.730545
-142.138855
-140.451202
-142.800293
-142.443558
-142.686020
-141.673218
-141.826645
-142.002594
-142.924744
-141.845413
-143.933792
-142.728409
-141.255341
-143.376419
-141.590607
-142.520264
-140.779510
-141.510147
-141.615829
-141.372818
-140.922211
-140.532211
-140.893234
-140.365921
-140.319778
-140.751083
-142.002060
-140.075165
-141.325073
-139.871307
-140.874466
-139.732910
-140.397568
-140.118607
-140.040298
-139.703949
-140.041367
-140.335876
-140.601944
-139.974854
-140.658279
-141.554138
-139.632599
-140.619110
-139.203445
-140.202835
-138.942734
-140.131485
-139.445374
-139.635818
-138.592972
-138.959900
-138.143967
-138.868164
-137.627914
-138.340317
-137.770065
-139.189499
-140.105743
-138.539871
-139.417480
-140.473740
-140.603027
-138.853149
-139.625626
-140.743027
-140.799896
-141.048798
-140.806870
-140.104126
-141.836838
-139.696976
-141.285904
-143.433289
-140.687775
-140.996231
-142.216095
-140.271500
-142.308365
-141.477951
-140.928101
-141.713455
-140.167435
-141.396423
-139.540863
-141.276794
-139.942123
-140.955994
-140.301544
-141.449524
-141.313812
-138.846710
-139.971634
-139.171265
-141.510147
-141.748856
-138.724945
-140.429214
-139.312347
-139.687851
-139.812302
-138.508209
-140.613220
-138.535568
-140.022598
-139.144974
-139.175018
-139.985580
-138.526993
-140.111099
-138.382156
-139.006027
-139.449142
-138.520554
-140.621262
-140.420090
-142.469299
-142.536362
-142.746643
-139.834305
-140.071411
-140.398102
-138.628922
-140.964050
-138.769470
-139.334869
-139.452347
-138.002350
-140.497345
-138.509293
-139.778503
-139.555893
-138.684708
-140.544006
-138.208344
-139.962509
-139.739349
-138.300079
-140.508072
-138.424530
-140.025803
-140.380402
-139.281235
-141.571838
-138.888016
-140.548309
-140.700119
-139.368134
-141.828796
-139.589676
-141.496735
-140.634140
-140.170120
-141.550385
-139.202377
-141.347061
-139.690536
-140.697433
-141.843811
-139.872391
-141.606705
-139.203445
-141.319168
-141.778366
-139.306976
-142.973557
-143.089966
-139.557495
-142.767029
-144.837158
-141.081528
-141.696289
-145.744278
-144.237946
-140.743576
-143.828110
-145.794174
-142.282623
-141.592224
-145.357498
-143.337799
-140.555283
-144.552841
-144.066284
-140.656662
-143.793243
-144.132278
-140.628235
-142.966049
-145.585495
-142.684952
-141.001602
-145.249146
-144.911179
-141.380325
-144.405319
-146.550018
-143.258408
-142.696213
-146.208298
-144.535675
-141.013931
-144.436432
-146.764587
-143.663956
-141.445236
-144.832870
-147.074112
-144.438049
-141.896912
-145.946518
-146.465790
-143.099091
-145.415436
-147.617538
-146.879929
-142.716064
-144.585571
-147.686203
-145.561890
-142.368454
-145.618210
-147.496841
-144.688568
-142.926346
-146.583817
-146.978638
-143.400024
-144.666031
-147.619675
-145.545258
-143.544327
-147.052658
-148.329926
-144.093643
-144.430527
-147.710342
-146.582199
-143.072800
-145.823669
-148.538605
-144.788879
-143.287918
-147.331604
-147.275284
-143.818985
-145.658447
-148.634094
-147.133133
-143.234802
-145.955093
-148.050980
-145.603195
-143.332977
-147.047302
-148.273605
-144.649933
-143.167755
-146.916397
-144.749176
-142.786880
-146.629410
-148.601364
-146.164307
-143.038467
-146.452377
-148.349777
-146.723816
-143.357117
-146.150909
-148.754257
-148.343338
-144.457886
-145.653625
-148.493546
-148.697388
-144.620438
-144.798538
-148.754791
-149.617386
-146.876709
-144.565186
-148.034882
-150.070679
-150.482666
-150.840469
-149.321808
-145.500732
-147.326248
-149.409790
-147.070358
-144.587708
-148.217270
-149.606659
-145.999084
-144.888123
-148.315979
-149.239197
-145.977097
-145.073196
-148.411469
-148.778931
-145.474442
-147.392227
-149.657623
-150.629654
-150.947769
-151.434311
-152.189087
-151.995438
-152.303894
-152.454086
-152.607513
-153.058121
-152.959961
-152.745911
-152.552261
-152.557083
-153.132156
-152.806000
-152.638626
-152.679398
-152.920258
-153.058670
-152.727142
-152.604828
-152.688522
-152.980881
-153.209946
-153.060806
-152.752350
-152.669205
-152.833359
-152.801178
-151.637634
-148.805756
-150.564209
-151.006775
-148.666809
-150.468719
-151.373703
-151.423584
-152.100037
-152.505051
-152.341980
-152.423523
-152.356995
-152.497543
-152.465897
-152.437469
-152.654190
-152.594101
-152.723923
-152.957809
-152.934738
-153.021118
-153.021118
-153.257141
-153.613342
