108.000015
155.311188
108.000015
151.465973
108.000015
154.538712
108.000015
160.582794
108.000015
161.878296
108.000015
157.156006
108.000015
152.392944
108.000015
154.793518
108.000015
160.985123
108.000015
162.693161
108.000015
158.914459
108.000015
155.938812
108.000015
158.702560
108.000015
165.647873
108.000015
168.938416
108.000015
165.996033
108.000015
162.730179
108.000015
165.210678
108.000015
171.136215
108.000015
173.044876
108.000015
168.205093
108.000015
164.175888
108.000015
167.276520
108.000015
172.937592
108.000015
174.513657
108.000015
169.965164
108.000015
165.338348
108.000015
166.949295
108.000015
171.171082
108.000015
170.687210
108.000015
164.278351
108.000015
157.175858
108.000015
154.355240
108.000015
149.837326
108.000015
140.510757
108.000015
133.014511
108.000015
129.641907
108.000015
132.446426
108.000015
137.860199
108.000015
139.508682
108.000015
135.585144
108.000015
131.716324
108.000015
134.728989
108.000015
141.450058
108.000015
144.681595
108.000015
142.785263
108.000015
139.097229
108.000015
139.321457
108.000015
144.733627
108.000015
148.464569
108.000015
145.640213
108.000015
140.321930
108.000015
140.406677
108.000015
144.803360
108.000015
147.442657
108.000015
144.581802
108.000015
139.139603
108.000015
139.966263
108.000015
147.788116
108.000015
154.772598
108.000015
153.393402
108.000015
148.518219
108.000015
149.575012
108.000015
155.940964
108.000015
163.678070
108.000015
162.505936
108.000015
161.468460
108.000015
165.708496
108.000015
177.343918
108.000015
190.885864
108.000015
194.450531
108.000015
193.056854
108.000015
192.817596
108.000015
197.552231
108.000015
203.438080
108.000015
198.346161
108.000015
193.008575
108.000015
192.031708
108.000015
194.218246
108.000015
203.868301
108.000015
206.183044
108.000015
197.199799
108.000015
187.594254
108.000015
185.584198
108.000015
195.685425
108.000015
211.652603
108.000015
206.098282
108.000015
165.482651
108.000015
119.332565
108.000015
165.094803
108.000015
50.760181
108.000015
39.296860
108.000015
199.520782
108.000015
182.376633
108.000015
-35.410812
108.000015
182.795395
108.000015
155.990387
108.000015
180.815826
108.000015
144.474579
108.000015
99.738556
108.000015
53.900131
108.000015
7.632557
108.000015
-33.589245
108.000015
-65.838524
108.000015
-93.047920
108.000015
-122.605873
108.000015
-157.342621
108.000015
-177.480118
108.000015
-178.435516
108.000015
-186.923630
108.000015
-215.032135
108.000015
-246.423630
108.000015
254.869049
108.000015
237.648727
108.000015
120.745178
108.000015
-18.659973
108.000015
-158.435806
108.000015
198.508423
108.000015
44.521706
108.000015
-67.768982
108.000015
-126.642944
108.000015
-183.238098
108.000015
215.825928
108.000015
68.441208
108.000015
-28.300716
108.000015
-47.078861
108.000015
-67.646042
108.000015
-166.822876
108.000015
209.227798
108.000015
121.674042
108.000015
110.542877
108.000015
98.274452
108.000015
-7.643319
108.000015
-194.167389
108.000015
192.636826
108.000015
200.933960
108.000015
228.834839
108.000015
137.988403
108.000015
-49.796291
108.000015
-187.094284
108.000015
-187.807755
108.000015
-158.461166
108.000015
236.469574
108.000015
-51.682327
108.000015
165.573502
108.000015
86.563126
108.000015
4.387211
108.000015
-30.008274
108.000015
134.954224
108.000015
-224.917267
108.000015
246.638306
108.000015
227.684204
108.000015
180.512177
108.000015
105.642609
108.000015
40.779804
108.000015
14.447485
108.000015
1.418922
108.000015
-45.290680
108.000015
-123.611191
108.000015
-191.102554
108.000015
-221.954407
108.000015
-240.465393
108.000015
223.647034
108.000015
146.475037
108.000015
80.985680
108.000015
52.096146
108.000015
34.723473
108.000015
-12.253278
108.000015
-88.247238
108.000015
-152.624023
108.000015
-180.293152
108.000015
-195.880020
108.000015
-239.398315
108.000015
201.825760
108.000015
142.893845
108.000015
120.750069
108.000015
111.933647
108.000015
75.787117
108.000015
11.139974
108.000015
-43.558857
108.000015
-63.423298
108.000015
-71.643730
108.000015
-108.915184
108.000015
-175.595428
108.000015
-231.599442
108.000015
-250.031570
108.000015
-252.473465
108.000015
230.784042
108.000015
174.082672
108.000015
131.304123
108.000015
128.117661
108.000015
140.638214
108.000015
126.193977
108.000015
108.000015
108.000015
108.000015
108.000015
108.000015
108.000015
108.000015
108.000015
108.000015
108.000015
108.000015
108.000015
108.000015
108.000015
112.633263
108.000015
187.000732
108.000015
225.806412
108.000015
224.987259
108.000015
231.912720
108.000015
-230.789948
108.000015
-162.924683
108.000015
-127.851044
108.000015
-133.018585
108.000015
-134.095230
108.000015
-97.622543
108.000015
-44.360298
108.000015
-21.972435
108.000015
-36.461193
108.000015
-41.543446
108.000015
0.196560
108.000015
68.048943
108.000015
110.183235
108.000015
111.816704
108.000015
110.437515
108.000015
141.008789
108.000015
186.959869
108.000015
201.432007
108.000015
174.429657
108.000015
147.379578
108.000015
152.376526
108.000015
168.418823
108.000015
151.502670
108.000015
93.572311
108.000015
41.005302
108.000015
33.612598
108.000015
52.349442
108.000015
46.806385
108.000015
7.952437
108.000015
-19.511778
108.000015
-2.617614
108.000015
36.755611
108.000015
45.811283
108.000015
12.526677
108.000015
-17.423409
108.000015
-4.162566
108.000015
34.068573
108.000015
45.372475
108.000015
18.049345
108.000015
-6.811516
108.000015
10.593340
108.000015
51.148884
108.000015
65.679482
108.000015
37.550079
108.000015
8.387491
108.000015
16.389595
108.000015
42.963314
108.000015
40.520893
108.000015
0.450834
108.000015
-34.569164
108.000015
-28.592667
108.000015
-0.957862
108.000015
-0.060395
108.000015
-35.748798
108.000015
-65.656509
108.000015
-53.823673
108.000015
-19.438822
108.000015
-10.894375
108.000015
-38.400433
108.000015
-59.950912
108.000015
-40.458221
108.000015
0.728174
108.000015
15.896605
108.000015
-5.677478
108.000015
-23.045855
108.000015
-0.574843
108.000015
43.491173
108.000015
61.927608
108.000015
44.085552
108.000015
30.183125
108.000015
56.372753
108.000015
105.312347
108.000015
129.863678
108.000015
119.032921
108.000015
112.751183
108.000015
146.845810
108.000015
204.949448
108.000015
240.193680
108.000015
241.097580
108.000015
248.960205
108.000015
-201.943420
108.000015
-95.244583
108.000015
-8.533053
108.000015
30.004930
108.000015
55.122749
108.000015
108.349586
108.000015
181.811539
108.000015
227.309860
108.000015
228.271698
108.000015
220.820526
108.000015
245.640610
108.000015
-213.972153
108.000015
-175.418594
108.000015
-174.567795
108.000015
-179.705841
108.000015
-146.878281
108.000015
-84.678925
108.000015
-41.590839
108.000015
-38.287968
108.000015
-38.833530
108.000015
-1.309422
108.000015
65.029663
108.000015
112.156616
108.000015
120.222557
108.000015
125.169090
108.000015
168.137543
108.000015
239.476273
108.000015
-220.613388
108.000015
-208.938812
108.000015
-201.138947
108.000015
-12.471263
108.000015
223.348495
108.000015
-159.110077
108.000015
-61.892864
108.000015
-54.476555
108.000015
-97.685974
108.000015
224.539551
108.000015
-215.325272
108.000015
-162.552795
108.000015
-196.105637
108.000015
221.848038
108.000015
-25.747980
108.000015
-102.817070
108.000015
-65.454964
108.000015
-65.473740
108.000015
-65.561180
108.000015
-65.620728
108.000015
-65.557426
108.000015
-65.320854
108.000015
-65.316025
108.000015
-65.657204
108.000015
-66.059532
108.000015
-66.112640
108.000015
-65.920593
108.000015
-65.933472
108.000015
-66.290207
108.000015
-66.663567
108.000015
-66.690392
108.000015
-66.491371
108.000015
-66.502098
108.000015
-66.818062
108.000015
-67.140999
108.000015
-67.165680
108.000015
-66.999916
108.000015
-66.997238
108.000015
-67.299255
108.000015
-67.637207
108.000015
-67.682808
108.000015
-67.524559
108.000015
-67.522949
108.000015
-67.804581
108.000015
-68.109818
108.000015
-68.161316
108.000015
-68.011108
108.000015
-67.982140
108.000015
-68.225685
108.000015
-68.534676
108.000015
-68.599586
108.000015
-68.481567
108.000015
-68.491760
108.000015
-68.770714
108.000015
-69.086678
108.000015
-69.156952
108.000015
-69.025520
108.000015
-69.031960
108.000015
-69.326469
108.000015
-69.660667
108.000015
-69.742744
108.000015
-69.626335
108.000015
-69.634384
108.000015
-69.907433
108.000015
-70.216957
108.000015
-70.266846
108.000015
-70.106987
108.000015
-70.053879
108.000015
-70.270607
108.000015
-70.522728
108.000015
-70.527023
108.000015
-70.323174
108.000015
-70.254509
108.000015
-70.476059
108.000015
-70.760910
108.000015
-70.814018
108.000015
-70.673470
108.000015
-70.660057
108.000015
-71.731331
108.000015
-80.031700
108.000015
-93.125710
108.000015
-104.280487
108.000015
-117.383072
108.000015
-139.103607
108.000015
-168.226486
108.000015
-198.065018
108.000015
-223.989639
108.000015
-249.595078
108.000015
229.517349
108.000015
189.582458
108.000015
153.016983
108.000015
126.103157
108.000015
101.230499
108.000015
68.317101
108.000015
28.996986
108.000015
-3.588639
108.000015
-22.413992
108.000015
-38.021233
108.000015
-65.094383
108.000015
-102.127647
108.000015
-132.126541
108.000015
-146.239792
108.000015
-158.259308
108.000015
-183.473145
108.000015
-218.009827
108.000015
-244.184433
108.000015
-254.210526
108.000015
250.647888
108.000015
230.447098
108.000015
199.926239
108.000015
178.109680
108.000015
174.277328
108.000015
174.152344
108.000015
151.493576
108.000015
103.963760
108.000015
73.504585
108.000015
83.113335
108.000015
105.274292
108.000015
101.498276
108.000015
75.032913
108.000015
67.450310
108.000015
100.479568
108.000015
143.508636
108.000015
156.295807
108.000015
142.093506
108.000015
144.278442
108.000015
185.248642
108.000015
232.063934
108.000015
243.471375
108.000015
226.316498
108.000015
228.316345
108.000015
-239.291000
108.000015
-188.219055
108.000015
-174.572510
108.000015
-192.201614
108.000015
-192.891464
108.000015
-152.901321
108.000015
-106.906807
108.000015
-99.884789
108.000015
-175.547226
108.000015
224.462021
108.000015
-154.152847
108.000015
-63.283356
108.000015
-137.950699
108.000015
-26.261261
108.000015
236.227890
108.000015
-49.634571
108.000015
218.986023
108.000015
51.798542
108.000015
71.574562
108.000015
-177.259354
108.000015
59.340473
108.000015
-170.394058
108.000015
174.962997
108.000015
190.991440
108.000015
-44.797279
108.000015
232.234177
108.000015
58.615204
108.000015
-58.258312
108.000015
-13.974405
108.000015
-228.907883
108.000015
69.181595
108.000015
-89.117126
108.000015
-201.906189
108.000015
-180.268158
108.000015
97.099739
108.000015
-123.617760
108.000015
234.499573
108.000015
134.835098
108.000015
170.059570
108.000015
-83.372719
108.000015
248.706787
108.000015
206.933441
108.000015
185.389923
108.000015
237.926453
108.000015
5.506039
108.000015
-140.238876
108.000015
-152.179626
108.000015
-157.062851
108.000015
-121.714996
108.000015
117.283897
108.000015
-33.302944
108.000015
-1.983952
108.000015
37.814133
108.000015
76.485252
108.000015
-217.912445
108.000015
109.235031
108.000015
102.061630
108.000015
102.787437
108.000015
105.437019
108.000015
-229.593460
108.000015
60.935410
108.000015
31.574242
108.000015
22.511593
108.000015
17.866638
108.000015
193.426468
108.000015
-18.911280
108.000015
-31.976418
108.000015
-22.529139
108.000015
-4.468656
108.000015
190.661621
108.000015
-17.162479
108.000015
-6.369364
108.000015
46.165459
108.000015
100.411636
108.000015
-180.595932
108.000015
185.620056
108.000015
-244.406418
108.000015
-111.267982
108.000015
38.764709
108.000015
-149.185745
108.000015
-216.354797
108.000015
-111.942924
108.000015
38.168530
108.000015
-226.730225
108.000015
137.953781
108.000015
-49.551517
108.000015
131.180038
108.000015
153.303970
108.000015
132.636475
108.000015
124.811401
108.000015
167.083557
108.000015
226.729996
108.000015
249.479416
108.000015
231.757538
108.000015
226.688156
108.000015
-240.780792
108.000015
-180.067368
108.000015
-158.322708
108.000015
-179.494461
108.000015
-190.840195
108.000015
-154.546158
108.000015
-102.421715
108.000015
-89.143700
108.000015
-119.032631
108.000015
-138.487762
108.000015
-108.508179
108.000015
-60.705845
108.000015
-50.750557
108.000015
-83.667702
108.000015
-105.979393
108.000015
-78.369263
108.000015
-32.590389
108.000015
-24.531425
108.000015
-59.961800
108.000015
-85.829025
108.000015
-62.686924
108.000015
-21.957039
108.000015
-19.038260
108.000015
-59.221512
108.000015
-89.526718
108.000015
-69.698753
108.000015
-30.286909
108.000015
-27.842344
108.000015
-68.323853
108.000015
-97.990166
108.000015
-76.035744
108.000015
-33.384323
108.000015
-27.169109
108.000015
-64.885262
108.000015
-93.656250
108.000015
-72.224327
108.000015
-30.714991
108.000015
-25.671364
108.000015
-63.969021
108.000015
-92.183174
108.000015
-68.813087
108.000015
-24.154842
108.000015
-15.462875
108.000015
-51.335815
108.000015
-78.547363
108.000015
-54.918175
108.000015
-9.413957
108.000015
0.649157
108.000015
-35.309612
108.000015
-66.039688
108.000015
-48.736755
108.000015
-13.362705
108.000015
-18.883764
108.000015
-74.428566
108.000015
-120.924667
108.000015
-108.562363
108.000015
-67.881294
108.000015
-61.440773
108.000015
-103.684494
108.000015
-141.255814
108.000015
-126.004768
108.000015
-85.606941
108.000015
-81.293945
108.000015
-125.250534
108.000015
-163.135117
108.000015
-147.469421
108.000015
-106.013725
108.000015
-100.339249
108.000015
-142.598526
108.000015
-177.762283
108.000015
-157.976166
108.000015
-111.221504
108.000015
-99.424080
108.000015
-136.394043
108.000015
-168.222198
108.000015
-146.466263
108.000015
-98.833992
108.000015
-87.700134
108.000015
-126.661911
108.000015
-160.929810
108.000015
-140.985977
108.000015
-94.324120
108.000015
-83.801811
108.000015
-124.386322
108.000015
-161.523651
108.000015
-144.815094
108.000015
-101.481865
108.000015
-95.163109
108.000015
-141.432831
108.000015
-186.157059
108.000015
-178.596985
108.000015
-144.455688
108.000015
-146.674942
108.000015
-199.674866
108.000015
-248.054947
108.000015
-240.520630
108.000015
-202.397858
108.000015
-198.053207
108.000015
-243.451202
108.000015
228.464844
108.000015
245.744171
108.000015
-217.000870
108.000015
-200.593262
108.000015
-235.171768
108.000015
244.888550
108.000015
-243.812225
108.000015
-190.658340
108.000015
-172.269119
108.000015
-206.559570
108.000015
-238.923645
108.000015
-215.973053
108.000015
-162.730652
108.000015
-143.718079
108.000015
-176.152420
108.000015
-205.567154
108.000015
-179.119476
108.000015
-121.830177
108.000015
-98.777130
108.000015
-128.148926
108.000015
-155.955383
108.000015
-128.149460
108.000015
-68.874779
108.000015
-43.390038
108.000015
-70.574226
108.000015
-97.139374
108.000015
-68.713852
108.000015
-8.594810
108.000015
17.784182
108.000015
-8.863566
108.000015
-34.395519
108.000015
-3.410635
108.000015
61.014961
108.000015
93.087746
108.000015
72.544701
108.000015
52.126122
108.000015
86.620399
108.000015
153.310852
108.000015
186.351379
108.000015
164.511765
108.000015
140.406738
108.000015
169.860077
108.000015
230.863190
108.000015
-253.967712
108.000015
230.327286
108.000015
200.202316
108.000015
224.659241
108.000015
-232.353928
108.000015
-212.178360
108.000015
-246.900620
108.000015
228.629440
108.000015
247.374329
108.000015
-212.193375
108.000015
-192.134735
108.000015
-226.669800
108.000015
248.082428
108.000015
-247.151672
108.000015
-196.376389
108.000015
-177.685669
108.000015
-214.380981
108.000015
-254.527222
108.000015
-240.871552
108.000015
-193.133591
108.000015
-178.421661
108.000015
-222.605179
108.000015
241.011063
108.000015
248.804489
108.000015
-217.845322
108.000015
-200.694214
108.000015
-236.870773
108.000015
236.187912
108.000015
252.469986
108.000015
-207.373978
108.000015
-187.083588
108.000015
-224.843750
108.000015
242.106476
108.000015
247.719269
108.000015
-243.742050
108.000015
205.853195
108.000015
36.639042
108.000015
-172.659653
108.000015
122.970337
108.000015
-210.991455
108.000015
-44.674782
108.000015
212.827789
108.000015
89.128044
108.000015
89.421478
108.000015
89.553444
108.000015
89.741737
108.000015
90.081841
108.000015
90.399414
108.000015
90.516357
108.000015
90.480415
108.000015
90.523872
108.000015
90.744347
108.000015
90.966431
108.000015
90.996475
108.000015
90.890259
108.000015
90.866653
108.000015
91.029732
108.000015
91.203537
108.000015
91.195496
108.000015
91.059776
108.000015
91.015251
108.000015
91.159554
108.000015
91.333893
108.000015
91.325310
108.000015
91.191200
108.000015
91.153648
108.000015
91.307076
108.000015
91.491074
108.000015
91.498047
108.000015
91.373589
108.000015
91.344086
108.000015
91.505020
108.000015
91.692772
108.000015
91.694923
108.000015
91.561348
108.000015
91.514679
108.000015
91.650932
108.000015
91.819374
108.000015
91.805962
108.000015
91.653076
108.000015
91.576904
108.000015
91.680977
108.000015
91.824203
108.000015
91.803284
108.000015
91.654686
108.000015
91.594604
108.000015
91.714233
108.000015
91.831711
108.000015
91.730324
108.000015
91.523796
108.000015
91.396126
108.000015
91.429916
108.000015
91.484634
108.000015
91.409531
108.000015
91.251823
108.000015
91.176720
108.000015
91.256645
108.000015
91.355888
108.000015
91.327461
108.000015
91.211052
108.000015
91.212120
108.000015
91.436356
108.000015
91.608017
108.000015
91.508240
108.000015
91.330139
108.000015
91.444405
108.000015
91.933098
108.000015
92.380493
108.000015
92.434135
108.000015
92.063995
108.000015
92.266769
108.000015
93.309608
108.000015
94.292908
108.000015
94.361038
108.000015
93.914719
108.000015
94.033272
108.000015
95.002625
108.000015
95.956947
108.000015
96.022942
108.000015
95.617920
108.000015
95.870049
108.000015
97.040573
108.000015
98.223961
108.000015
98.545288
108.000015
101.449051
108.000015
233.594528
108.000015
12.633492
108.000015
216.950256
108.000015
-118.339424
108.000015
48.765438
108.000015
198.473495
108.000015
-212.477554
108.000015
-94.678673
108.000015
4.572189
108.000015
60.017212
108.000015
126.925995
108.000015
242.622559
108.000015
-146.782288
108.000015
-85.017448
108.000015
-75.160332
108.000015
-49.146660
108.000015
-7.808448
108.000015
-0.776231
108.000015
-0.767648
108.000015
-0.767112
108.000015
-0.767648
108.000015
-0.767648
108.000015
-0.769258
108.000015
-0.768721
108.000015
-0.768185
108.000015
-0.767648
108.000015
-0.767648
108.000015
-0.767112
108.000015
-0.768185
108.000015
-0.766575
108.000015
-0.767112
108.000015
-0.768721
108.000015
-0.768185
108.000015
-0.768185
108.000015
-0.768185
108.000015
-0.768185
108.000015
-0.768185
108.000015
-0.767112
108.000015
-0.766575
108.000015
-0.766575
108.000015
-0.766575
108.000015
-0.766575
108.000015
-0.765503
108.000015
-0.767112
108.000015
-0.767648
108.000015
-0.766039
108.000015
-0.767112
108.000015
-0.769258
108.000015
-0.768185
108.000015
-0.768721
108.000015
-0.767648
108.000015
-0.766575
108.000015
-0.767112
108.000015
-0.767112
108.000015
-0.766575
108.000015
-0.767112
108.000015
-0.768185
108.000015
-0.767648
108.000015
-0.768185
108.000015
-0.768185
108.000015
-0.767648
108.000015
-0.767648
108.000015
-0.766575
108.000015
-0.766039
108.000015
-0.768185
108.000015
-0.767648
108.000015
-0.767648
108.000015
-0.767648
108.000015
-0.766575
108.000015
-0.768185
108.000015
-0.767648
108.000015
-0.766575
108.000015
-0.767112
108.000015
-0.767112
108.000015
-0.767112
108.000015
-0.766575
108.000015
-0.768185
108.000015
-0.768721
108.000015
-0.767648
108.000015
-0.767648
108.000015
-0.767112
108.000015
-0.766575
108.000015
-0.767648
108.000015
-0.768721
108.000015
-0.767648
108.000015
-0.767112
108.000015
-0.766575
108.000015
-0.767648
108.000015
-0.767112
108.000015
-0.767112
108.000015
-0.766039
108.000015
-0.762284
108.000015
-0.754774
108.000015
-0.337422
108.000015
16.513826
108.000015
61.465508
108.000015
91.190285
108.000015
111.580444
108.000015
150.410248
108.000015
208.420013
108.000015
-253.435623
108.000015
-228.301178
108.000015
-213.180481
108.000015
-177.965744
108.000015
-121.168900
108.000015
-71.748657
108.000015
-48.913403
108.000015
-36.839703
108.000015
-4.726684
108.000015
49.507591
108.000015
97.512703
108.000015
118.900635
108.000015
128.564102
108.000015
157.736877
108.000015
208.492874
108.000015
250.573517
108.000015
251.328278
108.000015
236.130890
108.000015
255.907883
108.000015
-224.373978
108.000015
-227.709579
108.000015
251.756363
108.000015
241.879395
108.000015
-215.234085
108.000015
-141.086014
108.000015
-136.869583
108.000015
-214.537247
108.000015
239.934265
108.000015
-195.207108
108.000015
-22.250725
108.000015
58.761116
108.000015
62.194344
108.000015
42.703800
108.000015
56.479092
108.000015
111.166656
108.000015
156.153748
108.000015
147.729996
108.000015
101.800385
108.000015
102.621140
108.000015
154.034805
108.000015
197.227493
108.000015
194.104874
108.000015
170.288986
108.000015
181.141205
108.000015
235.545532
108.000015
-227.809448
108.000015
-223.483047
108.000015
-239.105835
108.000015
-220.582504
108.000015
-160.694656
108.000015
-109.842125
108.000015
-107.606232
108.000015
-129.866425
108.000015
-121.223808
108.000015
-71.888855
108.000015
-29.790512
108.000015
-33.510735
108.000015
-59.805508
108.000015
-53.854221
108.000015
-6.078708
108.000015
34.203247
108.000015
25.745707
108.000015
-8.723366
108.000015
-13.498236
108.000015
22.839264
108.000015
52.390774
108.000015
35.560982
108.000015
-4.639970
108.000015
-13.439226
108.000015
19.033209
108.000015
46.003895
108.000015
28.942900
108.000015
-10.148692
108.000015
-16.885866
108.000015
19.495623
108.000015
51.038940
108.000015
37.104324
108.000015
-0.053392
108.000015
-5.337881
108.000015
33.953266
108.000015
70.150215
108.000015
61.488293
108.000015
28.475122
108.000015
25.803106
108.000015
65.342628
108.000015
100.522484
108.000015
90.280197
108.000015
54.223797
108.000015
46.772079
108.000015
80.992241
108.000015
110.676796
108.000015
94.732666
108.000015
53.111217
108.000015
40.106792
108.000015
69.268845
108.000015
94.999275
108.000015
75.789833
108.000015
31.225996
108.000015
16.309156
108.000015
45.160072
108.000015
72.144707
108.000015
55.113216
108.000015
12.816385
108.000015
-0.105964
108.000015
30.446011
108.000015
58.844707
108.000015
42.693512
108.000015
0.171913
108.000015
-13.497162
108.000015
16.275898
108.000015
43.648914
108.000015
26.015537
108.000015
-18.806326
108.000015
-35.742332
108.000015
-9.002852
108.000015
16.233519
108.000015
-2.882050
108.000015
-48.720474
108.000015
-66.015892
108.000015
-38.340858
108.000015
-11.202800
108.000015
-28.515926
108.000015
-73.353348
108.000015
-90.841347
108.000015
-63.929672
108.000015
-37.258854
108.000015
-54.706627
108.000015
-99.969452
108.000015
-118.581833
108.000015
-93.776756
108.000015
-69.706612
108.000015
-90.150948
108.000015
-138.893661
108.000015
-160.987015
108.000015
-138.706985
108.000015
-115.918938
108.000015
-137.442596
108.000015
-188.019394
108.000015
-212.771378
108.000015
-193.476105
108.000015
-173.779556
108.000015
-197.984894
108.000015
-251.067413
108.000015
233.230789
108.000015
249.777878
108.000015
-244.963776
108.000015
239.645020
108.000015
182.700104
108.000015
150.972794
108.000015
163.833984
108.000015
177.894653
108.000015
147.922043
108.000015
78.286522
108.000015
-9.766650
108.000015
44.621044
108.000015
77.759743
108.000015
-122.560524
108.000015
231.280472
108.000015
-208.211334
108.000015
-73.455521
108.000015
101.387512
108.000015
254.437698
108.000015
177.787216
108.000015
29.554918
108.000015
28.234735
108.000015
28.228298
108.000015
28.107061
108.000015
28.095261
108.000015
28.104380
108.000015
27.971878
108.000015
27.840450
108.000015
27.771250
108.000015
27.728870
108.000015
27.625338
108.000015
27.449385
108.000015
27.317419
108.000015
27.335659
108.000015
27.450993
108.000015
27.528778
108.000015
27.531996
108.000015
27.549162
108.000015
27.638748
108.000015
27.749792
108.000015
27.777149
108.000015
27.718142
108.000015
27.681664
108.000015
27.754084
108.000015
27.897850
108.000015
27.993336
108.000015
27.994410
108.000015
27.980461
108.000015
28.038397
108.000015
28.139248
108.000015
28.170362
108.000015
28.104380
108.000015
28.030888
108.000015
28.056099
108.000015
28.160706
108.000015
28.206841
108.000015
28.149977
108.000015
28.082922
108.000015
28.100088
108.000015
28.169289
108.000015
28.170362
108.000015
28.058783
108.000015
27.924671
108.000015
27.875319
108.000015
27.875854
108.000015
27.832403
108.000015
27.678982
108.000015
27.521267
108.000015
27.465477
108.000015
27.464941
108.000015
27.403250
108.000015
27.239100
108.000015
27.078167
108.000015
27.013794
108.000015
27.006821
108.000015
26.934401
108.000015
26.762739
108.000015
26.586250
108.000015
26.521877
108.000015
26.529922
108.000015
26.491837
108.000015
26.358261
108.000015
26.205912
108.000015
26.144222
108.000015
26.162996
108.000015
26.114717
108.000015
25.965586
108.000015
25.790707
108.000015
25.714531
108.000015
25.713995
108.000015
25.664642
108.000015
25.498344
108.000015
25.319710
108.000015
25.229052
108.000015
25.218859
108.000015
25.149658
108.000015
24.969950
108.000015
24.772003
108.000015
24.673298
108.000015
24.653450
108.000015
24.582640
108.000015
24.398104
108.000015
24.196938
108.000015
24.096622
108.000015
24.072483
108.000015
23.995234
108.000015
23.812307
108.000015
23.611141
108.000015
23.497416
108.000015
23.468447
108.000015
23.390127
108.000015
23.200228
108.000015
22.994234
108.000015
22.887482
108.000015
22.860659
108.000015
22.793604
108.000015
22.620871
108.000015
22.430433
108.000015
22.332800
108.000015
22.327972
108.000015
22.281301
108.000015
22.162212
108.000015
22.175623
108.000015
22.169186
108.000015
22.036148
108.000015
21.961046
108.000015
73.911682
108.000015
-62.562439
108.000015
130.331863
108.000015
-132.134125
108.000015
-185.764893
108.000015
-134.552490
108.000015
72.174400
108.000015
-226.696228
108.000015
25.009361
108.000015
-29.567698
108.000015
-115.059998
108.000015
112.239006
108.000015
134.493301
108.000015
114.672310
108.000015
111.145203
108.000015
158.077423
108.000015
218.496872
108.000015
238.682648
108.000015
218.665863
108.000015
212.289703
108.000015
254.318848
108.000015
-201.572083
108.000015
-183.892548
108.000015
-205.298737
108.000015
-213.747162
108.000015
-173.746826
108.000015
-123.723091
108.000015
-124.392036
108.000015
-156.539383
108.000015
-163.924576
108.000015
-120.526436
108.000015
-61.161633
108.000015
-40.327839
108.000015
-59.068974
108.000015
-63.866371
108.000015
-20.024050
108.000015
37.657398
108.000015
55.872818
108.000015
34.441429
108.000015
27.679581
108.000015
71.087379
108.000015
130.653885
108.000015
152.382462
108.000015
134.863342
108.000015
131.708527
108.000015
178.560822
108.000015
241.275711
108.000015
-246.798508
108.000015
248.381958
108.000015
245.427765
108.000015
-219.411545
108.000015
-156.000351
108.000015
-130.940475
108.000015
-146.602966
108.000015
-149.075424
108.000015
-101.178680
108.000015
-35.979000
108.000015
-8.018577
108.000015
-20.292902
108.000015
-19.427622
108.000015
31.648081
108.000015
100.372192
108.000015
131.823776
108.000015
122.402245
108.000015
125.838692
108.000015
179.893784
108.000015
252.204010
108.000015
-224.182755
108.000015
-229.540192
108.000015
-223.015991
108.000015
-166.836578
108.000015
-93.208321
108.000015
-57.188934
108.000015
-63.260384
108.000015
-58.285419
108.000015
-3.919182
108.000015
68.407127
108.000015
104.192093
108.000015
98.518684
108.000015
104.395943
108.000015
160.623627
108.000015
235.610153
108.000015
-238.094925
108.000015
-241.462708
108.000015
-233.433792
108.000015
-175.761993
108.000015
-100.935867
108.000015
-64.330139
108.000015
-71.409561
108.000015
-69.721916
108.000015
-18.884932
108.000015
49.440060
108.000015
80.080544
108.000015
68.002556
108.000015
65.199112
108.000015
112.777756
108.000015
181.200897
108.000015
213.839111
108.000015
202.023438
108.000015
196.158524
108.000015
236.694214
108.000015
-215.865417
108.000015
-192.110153
108.000015
-214.227661
108.000015
-231.331024
108.000015
-200.138550
108.000015
-148.147659
108.000015
-130.298645
108.000015
-155.416992
108.000015
-172.778931
108.000015
-141.422836
108.000015
-89.737732
108.000015
-73.169724
108.000015
-99.790657
108.000015
-118.128922
108.000015
-86.233154
108.000015
-32.893669
108.000015
-15.746842
108.000015
-44.081699
108.000015
-66.191689
108.000015
-46.477985
108.000015
-69.982727
108.000015
-131.464325
108.000015
-192.410568
108.000015
-234.296478
108.000015
-225.581451
108.000015
-194.445297
108.000015
-190.602737
108.000015
-221.264694
108.000015
-243.110748
108.000015
-220.472382
108.000015
-178.702850
108.000015
-166.690308
108.000015
-191.765213
108.000015
-210.059509
108.000015
-183.906876
108.000015
-137.341583
108.000015
-122.460152
108.000015
-148.988266
108.000015
-172.468323
108.000015
-154.072128
108.000015
-116.596840
108.000015
-110.014702
108.000015
-143.894226
108.000015
-173.524582
108.000015
-159.642548
108.000015
-126.428207
108.000015
-123.981499
108.000015
-162.386444
108.000015
-197.967575
108.000015
-191.036194
108.000015
-164.829391
108.000015
-169.654160
108.000015
-215.451279
108.000015
253.770233
108.000015
254.155396
108.000015
-237.169128
108.000015
-246.870682
108.000015
214.456558
108.000015
166.561401
108.000015
162.216766
108.000015
179.510040
108.000015
166.920822
108.000015
112.440865
108.000015
59.959148
108.000015
51.192616
108.000015
64.884224
108.000015
49.856876
108.000015
-5.817208
108.000015
-57.275394
108.000015
-61.836761
108.000015
-40.843105
108.000015
-46.114719
108.000015
-89.684525
108.000015
-126.766609
108.000015
-114.001976
108.000015
-72.840256
108.000015
-56.173008
108.000015
-77.578644
108.000015
-93.042114
108.000015
-59.300465
108.000015
1.998749
108.000015
36.616417
108.000015
30.312687
108.000015
26.736767
108.000015
69.385506
108.000015
137.270615
108.000015
176.963013
108.000015
173.800690
108.000015
170.550385
108.000015
210.571106
108.000015
-238.583725
108.000015
-206.458374
108.000015
-220.647247
108.000015
-237.212585
108.000015
-211.172623
108.000015
-162.682556
108.000015
-145.918747
108.000015
-177.308640
108.000015
-213.165497
108.000015
-208.011902
108.000015
-181.365219
108.000015
-186.988205
108.000015
-240.828735
108.000015
213.034988
108.000015
196.958893
108.000015
204.325851
108.000015
181.077530
108.000015
111.092789
108.000015
39.160759
108.000015
12.243180
108.000015
11.148838
108.000015
-17.322813
108.000015
-89.435081
108.000015
-160.884308
108.000015
-183.433640
108.000015
-174.431610
108.000015
-187.193558
108.000015
-238.737579
108.000015
226.398926
108.000015
230.819733
108.000015
-243.047363
108.000015
-225.209061
108.000015
-245.754776
108.000015
249.629532
108.000015
-228.391235
108.000015
-162.097198
108.000015
-118.761292
108.000015
-116.801666
108.000015
-114.813080
108.000015
-65.643890
108.000015
12.658922
108.000015
65.003845
108.000015
71.978127
108.000015
75.560486
108.000015
123.474403
108.000015
198.971085
108.000015
247.919266
108.000015
251.101974
108.000015
249.700775
108.000015
-220.693390
108.000015
-152.676315
108.000015
-112.818146
108.000015
-120.319748
108.000015
-133.549469
108.000015
-104.538704
108.000015
-48.365192
108.000015
-18.770227
108.000015
-35.098984
108.000015
-56.238548
108.000015
-34.075989
108.000015
16.484194
108.000015
41.997906
108.000015
22.912912
108.000015
0.499836
108.000015
23.254089
108.000015
77.120361
108.000015
108.932976
108.000015
98.677284
108.000015
86.747345
108.000015
121.712097
108.000015
189.691071
108.000015
237.264893
108.000015
243.413055
108.000015
248.083313
108.000015
-211.995087
108.000015
-126.947578
108.000015
-62.547737
108.000015
-40.085304
108.000015
-20.853327
108.000015
42.067013
108.000015
134.391342
108.000015
202.806992
108.000015
226.079987
108.000015
242.476334
108.000015
-212.845978
108.000015
-129.292999
108.000015
-108.000549
108.000015
-108.000549
108.000015
-108.000549
108.000015
-108.000549
108.000015
-108.000549
108.000015
-108.000549
108.000015
-108.000549
108.000015
-108.000549
108.000015
-108.000549
108.000015
-108.000549
108.000015
-108.000549
108.000015
-108.000549
108.000015
-108.000549
108.000015
-108.000549
108.000015
-108.000549
108.000015
-108.000549
108.000015
-108.000549
108.000015
-108.000549
108.000015
-108.000549
108.000015
-108.000549
108.000015
-108.000549
108.000015
-108.000549
108.000015
-108.000549
108.000015
-108.000549
108.000015
-108.000549
108.000015
-108.000549
108.000015
-108.000549
108.000015
-108.000549
108.000015
-108.000549
108.000015
-108.000549
108.000015
-108.000549
108.000015
-108.000549
108.000015
-108.000549
108.000015
-108.000549
108.000015
-108.000549
108.000015
-108.000549
108.000015
-108.000549
108.000015
-108.000549
108.000015
-108.000549
108.000015
-108.000549
108.000015
-108.000549
108.000015
-108.000549
108.000015
-108.000549
108.000015
-108.000549
108.000015
-108.000549
108.000015
-108.000549
108.000015
-108.000549
108.000015
-108.000549
108.000015
-108.000549
108.000015
-108.000549
108.000015
-108.000549
108.000015
-108.000549
108.000015
-108.000549
108.000015
-108.000549
108.000015
-108.000549
108.000015
-108.000549
108.000015
-108.000549
108.000015
-143.082779
108.000015
-156.185898
108.000015
-130.487122
108.000015
-125.662361
108.000015
-173.395493
108.000015
-234.641602
108.000015
-251.257889
108.000015
-228.673691
108.000015
-226.436188
108.000015
234.852417
108.000015
169.600693
108.000015
148.174133
108.000015
166.419601
108.000015
165.583817
108.000015
112.511490
108.000015
45.612892
108.000015
24.044176
108.000015
44.056137
108.000015
46.495338
108.000015
-2.615377
108.000015
-65.616722
108.000015
-83.520462
108.000015
-59.543663
108.000015
-52.854767
108.000015
-97.812889
108.000015
-157.284973
108.000015
-171.885315
108.000015
-144.326157
108.000015
-134.260895
108.000015
-177.244904
108.000015
-236.849503
108.000015
-253.043076
108.000015
-227.441925
108.000015
-218.859924
108.000015
249.434082
108.000015
190.287064
108.000015
175.912567
108.000015
204.857376
108.000015
217.856430
108.000015
178.757858
108.000015
124.082092
108.000015
114.216934
108.000015
147.965561
108.000015
166.073151
108.000015
132.105652
108.000015
82.050797
108.000015
76.305504
108.000015
114.046341
108.000015
135.899368
108.000015
104.551857
108.000015
55.139660
108.000015
48.831104
108.000015
86.004372
108.000015
107.675026
108.000015
76.183197
108.000015
26.692146
108.000015
20.541304
108.000015
58.216690
108.000015
80.646393
108.000015
49.801529
108.000015
0.459066
108.000015
-6.112347
108.000015
31.273897
108.000015
53.976116
108.000015
23.531431
108.000015
-25.681747
108.000015
-32.054138
108.000015
6.152324
108.000015
29.634531
108.000015
-0.424453
108.000015
-49.573257
108.000015
-56.023972
108.000015
-17.534266
108.000015
6.636195
108.000015
-23.153494
108.000015
-72.678879
108.000015
-79.644043
108.000015
-41.339947
108.000015
-17.067562
108.000015
-46.638382
108.000015
-96.769951
108.000015
-104.436783
108.000015
-66.470100
108.000015
-41.738522
108.000015
-70.832451
108.000015
-120.749977
108.000015
-129.363617
108.000015
-93.021294
108.000015
-70.202126
108.000015
-100.604439
108.000015
-152.320648
108.000015
-162.905182
108.000015
-127.649689
108.000015
-105.364822
108.000015
-136.774567
108.000015
-190.031967
108.000015
-202.762283
108.000015
-169.606415
108.000015
-148.259247
108.000015
-180.054153
108.000015
-233.706924
108.000015
-247.181808
108.000015
-215.370270
108.000015
-195.910309
108.000015
-230.145493
108.000015
225.410690
108.000015
209.031525
108.000015
238.492371
108.000015
-255.586777
108.000015
221.087509
108.000015
163.642624
108.000015
145.951309
108.000015
174.263107
108.000015
191.399200
108.000015
155.787506
108.000015
96.933945
108.000015
77.835533
108.000015
105.223579
108.000015
122.484131
108.000015
88.116982
108.000015
30.681223
108.000015
11.808125
108.000015
39.047569
108.000015
56.286667
108.000015
21.099298
108.000015
-37.599243
108.000015
-58.025341
108.000015
-31.724133
108.000015
-15.215134
108.000015
-51.455540
108.000015
-110.865402
108.000015
-132.368134
108.000015
-108.025482
108.000015
-93.070549
108.000015
-130.736282
108.000015
-192.821381
108.000015
-217.295471
108.000015
-194.438217
108.000015
-179.145325
108.000015
-214.969467
108.000015
236.706116
108.000015
213.073700
108.000015
236.356354
108.000015
251.656738
108.000015
215.838531
108.000015
156.298828
108.000015
134.109451
108.000015
159.817886
108.000015
180.098068
108.000015
151.887680
108.000015
101.271706
108.000015
89.067108
108.000015
125.660500
108.000015
157.501541
108.000015
141.576721
108.000015
107.687012
108.000015
125.124588
108.000015
207.085403
108.000015
-219.845718
108.000015
-183.917511
108.000015
-176.710419
108.000015
-141.180801
108.000015
-66.930809
108.000015
-4.425678
108.000015
6.669549
108.000015
-7.588003
108.000015
9.913949
108.000015
67.999336
108.000015
116.740448
108.000015
117.212517
108.000015
94.652985
108.000015
104.496162
108.000015
155.891586
108.000015
199.774673
108.000015
197.826859
108.000015
173.716461
108.000015
181.048553
108.000015
228.598236
108.000015
-243.001328
108.000015
-247.496170
108.000015
237.993469
108.000015
242.302719
108.000015
-225.347015
108.000015
-187.795013
108.000015
-194.408813
108.000015
-222.485107
108.000015
-219.517502
108.000015
-176.212692
108.000015
-138.188095
108.000015
-142.157227
108.000015
-166.212341
108.000015
-159.581390
108.000015
-112.817612
108.000015
-71.020203
108.000015
-71.607605
108.000015
-94.068962
108.000015
-88.208870
108.000015
-44.045223
108.000015
-4.770169
108.000015
6.334714
108.000015
72.180809
108.000015
193.870514
108.000015
-220.087311
108.000015
-157.948013
108.000015
-136.757492
108.000015
-142.849869
108.000015
-130.888290
108.000015
-87.273415
108.000015
-46.357380
108.000015
-37.181007
108.000015
-43.826450
108.000015
-29.671360
108.000015
13.042826
108.000015
53.834404
108.000015
65.742874
108.000015
62.520470
108.000015
79.526749
108.000015
123.981689
108.000015
165.425568
108.000015
177.375351
108.000015
173.531738
108.000015
188.424438
108.000015
229.910721
108.000015
-243.041214
108.000015
-232.257111
108.000015
-237.062561
108.000015
-223.967484
108.000015
-184.714951
108.000015
-147.220886
108.000015
-136.850388
108.000015
-141.477737
108.000015
-128.476532
108.000015
-108.000549
108.000015
-108.000549
108.000015
-108.000549
108.000015
-108.000549
108.000015
-108.000549
108.000015
-108.000549
108.000015
-108.000549
108.000015
-108.000549
108.000015
-108.000549
108.000015
-108.000549
108.000015
-108.000549
108.000015
-108.000549
108.000015
-108.000549
108.000015
-108.000549
108.000015
-108.000549
108.000015
-108.000549
108.000015
-108.000549
108.000015
-108.000549
108.000015
-108.000549
108.000015
-108.000549
108.000015
-108.000549
108.000015
-108.000549
108.000015
-108.000549
108.000015
-108.000549
108.000015
-108.000549
108.000015
-108.000549
108.000015
-108.000549
108.000015
-108.000549
108.000015
-108.000549
108.000015
-108.000549
108.000015
-108.000549
108.000015
-108.000549
108.000015
-108.000549
108.000015
-108.000549
108.000015
-108.000549
108.000015
-108.000549
108.000015
-108.000549
108.000015
-108.000549
108.000015
-108.000549
108.000015
-108.000549
108.000015
-108.000549
108.000015
-108.000549
108.000015
-108.000549
108.000015
-108.000549
108.000015
-108.000549
108.000015
-108.000549
108.000015
-108.000549
108.000015
-108.000549
108.000015
-108.000549
108.000015
-108.000549
108.000015
-108.000549
108.000015
-108.000549
108.000015
-108.000549
108.000015
-108.000549
108.000015
-108.000549
108.000015
-108.000549
108.000015
-108.000549
108.000015
-108.000549
108.000015
-108.000549
108.000015
-108.000549
108.000015
-108.000549
108.000015
-108.000549
108.000015
-108.000549
108.000015
-108.000549
108.000015
-108.000549
108.000015
-108.000549
108.000015
-108.000549
108.000015
-108.000549
108.000015
-108.000549
108.000015
-108.000549
108.000015
-108.000549
108.000015
-108.000549
108.000015
-108.000549
108.000015
-108.000549
108.000015
-108.000549
108.000015
-108.000549
108.000015
-108.000549
108.000015
-108.000549
108.000015
-108.000549
108.000015
-108.000549
108.000015
-108.000549
108.000015
-108.000549
108.000015
-151.250107
108.000015
-209.785568
108.000015
-254.340820
108.000015
238.204102
108.000015
223.899353
108.000015
190.926941
108.000015
144.134201
108.000015
109.681755
108.000015
97.497551
108.000015
87.994476
108.000015
57.868446
108.000015
12.165743
108.000015
-22.894487
108.000015
-36.562489
108.000015
-47.285961
108.000015
-76.910431
108.000015
-120.857361
108.000015
-154.478317
108.000015
-166.688263
108.000015
-175.164047
108.000015
-202.441055
108.000015
-244.530807
108.000015
235.254852
108.000015
224.193420
108.000015
217.190704
108.000015
191.948959
108.000015
152.486694
108.000015
122.765671
108.000015
114.104279
108.000015
109.325653
108.000015
86.503265
108.000015
48.745274
108.000015
19.603603
108.000015
10.772697
108.000015
6.000511
108.000015
-16.298841
108.000015
-53.048328
108.000015
-80.234665
108.000015
-87.265266
108.000015
-90.809540
108.000015
-112.777374
108.000015
-149.821899
108.000015
-178.874512
108.000015
-189.696701
108.000015
-198.784576
108.000015
-226.791122
108.000015
242.211517
108.000015
208.097580
108.000015
193.908691
108.000015
182.772675
108.000015
154.055878
108.000015
111.304146
108.000015
77.529762
108.000015
63.570473
108.000015
53.472492
108.000015
26.164921
108.000015
-14.843380
108.000015
-46.466091
108.000015
-58.094006
108.000015
-66.217880
108.000015
-92.033607
108.000015
-131.701874
108.000015
-161.498535
108.000015
-171.266068
108.000015
-178.695251
108.000015
-205.215332
108.000015
-246.201096
108.000015
235.680435
108.000015
226.449875
108.000015
219.235809
108.000015
192.337006
108.000015
151.214432
108.000015
122.398392
108.000015
115.206322
108.000015
109.414894
108.000015
83.404434
108.000015
43.943768
108.000015
16.755287
108.000015
10.333541
108.000015
4.647794
108.000015
-20.109533
108.000015
-58.202271
108.000015
-86.008736
108.000015
-93.996887
108.000015
-99.535660
108.000015
-122.811333
108.000015
-159.130051
108.000015
-185.967697
108.000015
-194.035263
108.000015
-199.261276
108.000015
-220.862183
108.000015
-255.016891
108.000015
231.064987
108.000015
222.867081
108.000015
218.270844
108.000015
198.800690
108.000015
166.815872
108.000015
141.715759
108.000015
133.544678
108.000015
129.519760
108.000015
111.303261
108.000015
79.945549
108.000015
55.021393
108.000015
47.196312
108.000015
43.443901
108.000015
24.546127
108.000015
-7.225179
108.000015
-31.575348
108.000015
-37.844742
108.000015
-40.397133
108.000015
-59.353382
108.000015
-92.002838
108.000015
-115.854118
108.000015
-120.681023
108.000015
-122.536575
108.000015
-141.956848
108.000015
-174.933533
108.000015
-198.142166
108.000015
-200.604431
108.000015
-200.143631
108.000015
-219.007599
108.000015
-252.543259
108.000015
237.032990
108.000015
236.895126
108.000015
239.071472
108.000015
220.114685
108.000015
185.495407
108.000015
162.516922
108.000015
160.674774
108.000015
159.823441
108.000015
139.398956
108.000015
105.611176
108.000015
82.684715
108.000015
78.587372
108.000015
75.918037
108.000015
55.030605
108.000015
20.307259
108.000015
-6.082463
108.000015
-15.135992
108.000015
-22.034098
108.000015
-44.336666
108.000015
-79.448395
108.000015
-107.332649
108.000015
-118.830208
108.000015
-125.966492
108.000015
-145.734375
108.000015
-177.739563
108.000015
-202.034485
108.000015
-207.163406
108.000015
-207.274460
108.000015
-228.912369
108.000015
250.289108
108.000015
227.710800
108.000015
224.421341
108.000015
222.375885
108.000015
203.727570
108.000015
172.832260
108.000015
149.200928
108.000015
142.582840
108.000015
139.911362
108.000015
95.581947
108.000015
-165.958664
108.000015
30.694036
108.000015
-84.823891
108.000015
-144.021866
108.000015
126.199020
108.000015
220.750214
108.000015
-112.454216
108.000015
-212.720032
108.000015
-250.441544
108.000015
82.823059
108.000015
-18.137445
108.000015
-21.831385
108.000015
-21.867327
108.000015
-21.857134
108.000015
-21.952620
108.000015
-22.085121
108.000015
-22.126427
108.000015
-22.140375
108.000015
-22.139837
108.000015
-22.135546
108.000015
-22.157003
108.000015
-22.185972
108.000015
-22.211185
108.000015
-22.222986
108.000015
-22.227816
108.000015
-22.238007
108.000015
-22.261074
108.000015
-22.287897
108.000015
-22.313646
108.000015
-22.325447
108.000015
-22.326521
108.000015
-22.349586
108.000015
-22.384993
108.000015
-22.407522
108.000015
-22.417179
108.000015
-22.425762
108.000015
-22.450975
108.000015
-22.490671
108.000015
-22.538950
108.000015
-22.573820
108.000015
-22.592058
108.000015
-22.615662
108.000015
-22.657505
108.000015
-22.707394
108.000015
-22.735289
108.000015
-22.733143
108.000015
-22.746553
108.000015
-22.791079
108.000015
-22.839895
108.000015
-22.866180
108.000015
-22.872082
108.000015
-22.881737
108.000015
-22.923044
108.000015
-22.980442
108.000015
-23.010483
108.000015
-23.008337
108.000015
-23.023357
108.000015
-23.073248
108.000015
-23.140839
108.000015
-23.185364
108.000015
-23.211113
108.000015
-23.245445
108.000015
-23.303381
108.000015
-23.382238
108.000015
-23.428907
108.000015
-23.448755
108.000015
-23.485235
108.000015
-23.554436
108.000015
-23.641874
108.000015
-23.696056
108.000015
-23.737362
108.000015
-23.800125
108.000015
-23.893467
108.000015
-23.998072
108.000015
-24.075321
108.000015
-24.116629
108.000015
-24.160080
108.000015
-24.226599
108.000015
-24.301701
108.000015
-24.352663
108.000015
-24.365002
108.000015
-24.375729
108.000015
-24.420254
108.000015
-24.487846
108.000015
-24.528616
108.000015
-24.543098
108.000015
-24.567776
108.000015
-24.619810
108.000015
-24.677746
108.000015
-24.720661
108.000015
-24.731390
108.000015
-24.748556
108.000015
-24.792545
108.000015
-24.852089
108.000015
-24.886959
108.000015
-24.895542
108.000015
-24.910563
108.000015
-24.956696
108.000015
-25.016777
108.000015
-25.052719
108.000015
-25.066666
108.000015
-25.081150
108.000015
-25.127821
108.000015
-25.193804
108.000015
-25.232428
108.000015
-25.241011
108.000015
-25.259785
108.000015
-25.308065
108.000015
-25.371902
108.000015
-25.411062
108.000015
-25.418036
108.000015
-25.434130
108.000015
-25.479191
108.000015
-25.543564
108.000015
-25.580578
108.000015
-25.593988
108.000015
-25.613838
108.000015
-25.664263
108.000015
-25.728636
108.000015
-25.772087
108.000015
-25.786036
108.000015
-25.803738
108.000015
-25.850945
108.000015
-25.914246
108.000015
-25.956623
108.000015
-25.961988
108.000015
-25.979691
108.000015
-26.034409
108.000015
-26.101463
108.000015
-26.141697
108.000015
-26.155643
108.000015
-26.171738
108.000015
-26.225918
108.000015
-26.292973
108.000015
-26.336424
108.000015
-26.355200
108.000015
-26.370756
108.000015
-26.423864
108.000015
-26.494139
108.000015
-26.541882
108.000015
-26.557438
108.000015
-26.577286
108.000015
-26.633076
108.000015
-26.704960
108.000015
-26.745729
108.000015
-26.758068
108.000015
-26.780598
108.000015
-26.828878
108.000015
-26.892715
108.000015
-26.925974
108.000015
-26.936167
108.000015
-26.954405
108.000015
-26.997320
108.000015
-27.052574
108.000015
-27.082615
108.000015
-27.089052
108.000015
-27.112656
108.000015
-27.155035
108.000015
-27.207069
108.000015
-27.243547
108.000015
-27.260178
108.000015
-27.288073
108.000015
-27.336887
108.000015
-27.394825
108.000015
-27.439348
108.000015
-27.462416
108.000015
-27.482800
108.000015
-27.531080
108.000015
-27.592236
108.000015
-27.636223
108.000015
-27.654461
108.000015
-27.680210
108.000015
-27.731173
108.000015
-27.796619
108.000015
-27.837389
108.000015
-27.856163
108.000015
-27.882450
108.000015
-27.938776
108.000015
-28.005831
108.000015
-28.053038
108.000015
-28.077179
108.000015
-28.102390
108.000015
-28.153353
108.000015
-28.213970
108.000015
-28.267614
108.000015
-28.288536
108.000015
-28.308922
108.000015
-28.360420
108.000015
-28.431229
108.000015
-28.476292
108.000015
-28.499357
108.000015
-28.526180
108.000015
-28.574997
108.000015
-28.643124
108.000015
-28.691404
108.000015
-28.716080
108.000015
-28.736465
108.000015
-28.785282
108.000015
-28.848045
108.000015
-28.892033
108.000015
-28.907589
108.000015
-28.919392
108.000015
-28.963917
108.000015
-29.023998
108.000015
-29.063158
108.000015
-29.075497
108.000015
-29.100172
108.000015
-29.142551
108.000015
-29.205853
108.000015
-29.253595
108.000015
-29.276125
108.000015
-29.297583
108.000015
-29.345863
108.000015
-29.415064
108.000015
-29.466026
108.000015
-29.492311
108.000015
-29.524498
108.000015
-29.574924
108.000015
-29.647881
108.000015
-29.707962
108.000015
-29.735319
108.000015
-29.763214
108.000015
-29.823296
108.000015
-29.898933
108.000015
-29.959015
108.000015
-29.993885
108.000015
-30.025536
108.000015
-30.081861
108.000015
-30.158573
108.000015
-30.217581
108.000015
-30.240648
108.000015
-30.258886
108.000015
-30.313604
108.000015
-30.389242
108.000015
-30.440741
108.000015
-30.465954
108.000015
-30.491165
108.000015
-30.540520
108.000015
-30.616158
108.000015
-30.670874
108.000015
-30.693405
108.000015
-30.703060
108.000015
-30.728273
108.000015
-30.770653
108.000015
-30.794792
108.000015
-30.781382
108.000015
-30.765823
108.000015
-30.781918
108.000015
-30.825905
108.000015
-30.860237
108.000015
-30.864529
108.000015
-30.869358
108.000015
-30.909592
108.000015
-30.977718
108.000015
-31.028145
108.000015
-31.040482
108.000015
-31.059795
108.000015
-31.114511
108.000015
-31.196587
108.000015
-31.252377
108.000015
-31.279200
108.000015
-31.300657
108.000015
-31.353228
108.000015
-31.437986
108.000015
-31.503967
108.000015
-31.524889
108.000015
-31.553322
108.000015
-31.609112
108.000015
-31.688503
108.000015
-31.750732
108.000015
-31.774872
108.000015
-31.792038
108.000015
-31.839781
108.000015
-31.920784
108.000015
-31.981401
108.000015
-32.008224
108.000015
-32.031826
108.000015
-32.086006
108.000015
-32.164864
108.000015
-32.229237
108.000015
-32.252304
108.000015
-32.271080
108.000015
-32.320969
108.000015
-32.408947
108.000015
-32.481903
108.000015
-32.510334
108.000015
-32.536617
108.000015
-32.591335
108.000015
-32.679314
108.000015
-32.749050
108.000015
-32.769436
108.000015
-32.780701
108.000015
-32.834343
108.000015
-32.919102
108.000015
-32.984013
108.000015
-33.002251
108.000015
-33.012444
108.000015
-33.061794
108.000015
-33.148163
108.000015
-33.219509
108.000015
-33.238285
108.000015
-33.253304
108.000015
-33.310169
108.000015
-33.453396
108.000015
-33.776337
108.000015
-33.914738
108.000015
-33.971066
108.000015
-34.027390
108.000015
-34.091763
108.000015
-34.145409
108.000015
-34.168476
108.000015
-34.196369
108.000015
-34.259670
108.000015
-34.362667
108.000015
-34.439377
108.000015
-34.459225
108.000015
-34.481220
108.000015
-34.541302
108.000015
-34.640007
108.000015
-34.720474
108.000015
-34.747833
108.000015
-34.764462
108.000015
-34.825615
108.000015
-34.929150
108.000015
-35.016052
108.000015
-35.034290
108.000015
-35.045559
108.000015
-35.106174
108.000015
-35.205952
108.000015
-35.285347
108.000015
-35.304123
108.000015
-35.301975
108.000015
-35.348648
108.000015
-35.448963
108.000015
-35.526745
108.000015
-35.533184
108.000015
-35.512798
108.000015
-35.542839
108.000015
-35.626522
108.000015
-35.688213
108.000015
-35.684460
108.000015
-35.663540
108.000015
-35.700554
108.000015
-35.790676
108.000015
-35.867924
108.000015
-35.865776
108.000015
-35.847538
108.000015
-35.888844
108.000015
-35.990768
108.000015
-36.073917
108.000015
-36.078209
108.000015
-36.058361
108.000015
-36.107174
108.000015
-36.215000
108.000015
-36.302441
108.000015
-36.309414
108.000015
-36.302441
108.000015
-36.349110
108.000015
-36.460155
108.000015
-36.555641
108.000015
-36.566368
108.000015
-36.555641
108.000015
-36.610359
108.000015
-36.729446
108.000015
-36.824398
108.000015
-36.846394
108.000015
-36.833519
108.000015
-36.896282
108.000015
-37.034145
108.000015
-37.149483
108.000015
-37.178986
108.000015
-37.180595
108.000015
-37.254089
108.000015
-37.405365
108.000015
-37.527672
108.000015
-37.562542
108.000015
-37.568443
108.000015
-37.651054
108.000015
-37.803940
108.000015
-37.932686
108.000015
-37.975601
108.000015
-37.978821
108.000015
-38.059288
108.000015
-38.214855
108.000015
-38.350040
108.000015
-38.384907
108.000015
-38.390808
108.000015
-38.468056
108.000015
-38.623623
108.000015
-38.762028
108.000015
-38.799576
108.000015
-38.806015
108.000015
-38.889164
108.000015
-39.050095
108.000015
-39.190105
108.000015
-39.226048
108.000015
-39.227119
108.000015
-39.314560
108.000015
-39.482468
108.000015
-39.627842
108.000015
-39.673439
108.000015
-39.675587
108.000015
-39.753368
108.000015
-39.918594
108.000015
-40.055923
108.000015
-40.092937
108.000015
-40.088108
108.000015
-40.166965
108.000015
-40.322536
108.000015
-40.457180
108.000015
-40.489368
108.000015
-40.481323
108.000015
-40.542477
108.000015
-40.687851
108.000015
-40.815525
108.000015
-40.838593
108.000015
-40.821426
108.000015
-40.878826
108.000015
-41.026882
108.000015
-41.154556
108.000015
-41.176014
108.000015
-41.162067
108.000015
-41.226440
108.000015
-41.374496
108.000015
-41.498417
108.000015
-41.518799
108.000015
-41.497341
108.000015
-41.559570
108.000015
-41.702801
108.000015
-41.826717
108.000015
-41.853004
108.000015
-41.831009
108.000015
-41.885189
108.000015
-42.029491
108.000015
-42.150730
108.000015
-42.164139
108.000015
-42.129272
108.000015
-42.181305
108.000015
-42.315418
108.000015
-42.426460
108.000015
-42.430752
108.000015
-42.390518
108.000015
-42.431286
108.000015
-42.560032
108.000015
-42.661423
108.000015
-42.661423
108.000015
-42.607777
108.000015
-42.632454
108.000015
-42.748859
108.000015
-42.848640
108.000015
-42.842739
108.000015
-42.785877
108.000015
-42.809479
108.000015
-42.922131
108.000015
-43.018692
108.000015
-43.011719
108.000015
-42.954319
108.000015
-42.975777
108.000015
-43.087357
108.000015
-43.181770
108.000015
-43.178013
108.000015
-43.121689
108.000015
-43.143681
108.000015
-43.252045
108.000015
-43.348602
108.000015
-43.339485
108.000015
-43.283157
108.000015
-43.301933
108.000015
-43.416733
108.000015
-43.517048
108.000015
-43.508999
108.000015
-43.451599
108.000015
-43.471447
108.000015
-43.588394
108.000015
-43.686024
108.000015
-43.686024
108.000015
-43.632381
108.000015
-43.651691
108.000015
-43.767029
108.000015
-43.864124
108.000015
-43.865734
108.000015
-43.813698
108.000015
-43.843204
108.000015
-43.970875
108.000015
-44.092648
108.000015
-44.110352
108.000015
-44.076553
108.000015
-44.118397
108.000015
-44.256798
108.000015
-44.384472
108.000015
-44.410221
108.000015
-44.390373
108.000015
-44.442410
108.000015
-44.592075
108.000015
-44.725113
108.000015
-44.763737
108.000015
-44.746571
108.000015
-44.799679
108.000015
-44.949345
108.000015
-45.086674
108.000015
-45.123688
108.000015
-45.104916
108.000015
-45.159096
108.000015
-45.303932
108.000015
-45.441261
108.000015
-45.482033
108.000015
-45.465405
108.000015
-45.520657
108.000015
-45.664421
108.000015
-45.804970
108.000015
-45.844131
108.000015
-45.829109
108.000015
-45.880074
108.000015
-46.027592
108.000015
-46.164387
108.000015
-46.208374
108.000015
-46.199791
108.000015
-46.250217
108.000015
-46.389690
108.000015
-46.527557
108.000015
-46.566181
108.000015
-46.547405
108.000015
-46.599442
108.000015
-46.744282
108.000015
-46.883217
108.000015
-46.921841
108.000015
-46.906822
108.000015
-46.949200
108.000015
-47.092968
108.000015
-47.231369
108.000015
-47.264091
108.000015
-47.236732
108.000015
-47.275356
108.000015
-47.413761
108.000015
-47.550552
108.000015
-47.580593
108.000015
-47.556454
108.000015
-47.597759
108.000015
-47.735088
108.000015
-47.870270
108.000015
-47.904602
108.000015
-47.879391
108.000015
-47.913723
108.000015
-48.050518
108.000015
-48.188385
108.000015
-48.218964
108.000015
-48.188385
108.000015
-48.228619
108.000015
-48.358974
108.000015
-48.491474
108.000015
-48.523663
108.000015
-48.493084
108.000015
-48.529564
108.000015
-48.661526
108.000015
-48.790810
108.000015
-48.820313
108.000015
-48.785446
108.000015
-48.812267
108.000015
-48.941551
108.000015
-49.066002
108.000015
-49.091217
108.000015
-49.050446
108.000015
-49.071369
108.000015
-49.199043
108.000015
-49.319740
108.000015
-49.336906
108.000015
-49.290771
108.000015
-49.316521
108.000015
-49.441513
108.000015
-49.555237
108.000015
-49.571331
108.000015
-49.533783
108.000015
-49.550411
108.000015
-49.666283
108.000015
-49.788589
108.000015
-49.804684
108.000015
-49.761768
108.000015
-49.776253
108.000015
-49.887295
108.000015
-50.000484
108.000015
-50.009605
108.000015
-49.959179
108.000015
-49.962936
108.000015
-50.076122
108.000015
-50.194679
108.000015
-50.202187
108.000015
-50.139961
108.000015
-50.144787
108.000015
-50.247250
108.000015
-50.347565
108.000015
-50.350246
108.000015
-50.279972
108.000015
-50.263878
108.000015
-50.344879
108.000015
-50.430176
108.000015
-50.407646
108.000015
-50.308403
108.000015
-50.254761
108.000015
-50.303574
108.000015
-50.359901
108.000015
-50.310547
108.000015
-50.166782
108.000015
-50.023018
108.000015
-49.958641
108.000015
-49.928604
108.000015
-49.791275
108.000015
-49.463509
108.000015
-49.008068
108.000015
-48.640606
108.000015
-48.409401
108.000015
-48.090752
108.000015
-47.451309
108.000015
-46.531849
108.000015
-45.789951
108.000015
-45.348457
108.000015
-44.856007
108.000015
-43.960682
108.000015
-42.738132
108.000015
-41.796677
108.000015
-41.257553
108.000015
-40.707699
108.000015
-39.763561
108.000015
-38.513653
108.000015
-37.592583
108.000015
-37.097446
108.000015
-36.600166
108.000015
-35.733810
108.000015
-34.569733
108.000015
-33.735565
108.000015
-33.336452
108.000015
-32.956116
108.000015
-32.302731
108.000015
-31.424576
108.000015
-30.783527
108.000015
-30.470781
108.000015
-30.155890
108.000015
-29.616766
108.000015
-28.915100
108.000015
-28.424793
108.000015
-28.220943
108.000015
-28.014414
108.000015
-27.642124
108.000015
-27.165764
108.000015
-26.875549
108.000015
-26.790791
108.000015
-26.674383
108.000015
-26.426010
108.000015
-26.118092
108.000015
-25.938385
108.000015
-25.872402
108.000015
-25.742584
108.000015
-25.442177
108.000015
-25.052719
108.000015
-24.812929
108.000015
-24.748556
108.000015
-24.662189
108.000015
-24.483017
108.000015
-24.332813
108.000015
-24.344616
108.000015
-24.461559
108.000015
-24.518959
108.000015
-24.512522
108.000015
-24.567240
108.000015
-24.736755
108.000015
-24.947041
108.000015
-25.082224
108.000015
-25.160543
108.000015
-25.310747
108.000015
-25.584333
108.000015
-25.897079
108.000015
-26.140087
108.000015
-26.334816
108.000015
-26.601963
108.000015
-27.003222
108.000015
-27.442032
108.000015
-27.801983
108.000015
-27.553074
108.000015
220.144135
108.000015
-28.823654
108.000015
244.676849
108.000015
-95.776077
108.000015
30.452984
108.000015
171.229279
108.000015
-163.522339
108.000015
22.425571
108.000015
178.792465
108.000015
-203.728760
108.000015
-60.453182
108.000015
118.744156
108.000015
-205.647705
108.000015
-48.557144
108.000015
80.472145
108.000015
221.282242
108.000015
-115.207458
108.000015
68.016945
108.000015
220.458176
108.000015
-167.701599
108.000015
-33.254791
108.000015
134.956741
108.000015
-202.133759
108.000015
-108.000549
108.000015
-108.000549
108.000015
-108.000549
108.000015
-108.000549
108.000015
-108.000549
108.000015
-108.000549
108.000015
-108.000549
108.000015
-108.000549
108.000015
-108.000549
108.000015
-108.000549
108.000015
-108.000549
108.000015
-108.000549
108.000015
-108.000549
108.000015
-108.000549
108.000015
-108.000549
108.000015
-108.000549
108.000015
-108.000549
108.000015
-108.000549
108.000015
-108.000549
108.000015
-108.000549
108.000015
-108.000549
108.000015
-108.000549
108.000015
-108.000549
108.000015
-108.000549
108.000015
-108.000549
108.000015
-108.000549
108.000015
-108.000549
108.000015
-108.000549
108.000015
-108.000549
108.000015
-108.000549
108.000015
-108.000549
108.000015
-108.000549
108.000015
-108.000549
108.000015
-108.000549
108.000015
-108.000549
108.000015
-108.000549
108.000015
-108.000549
108.000015
-108.000549
108.000015
-108.000549
108.000015
-108.000549
108.000015
-108.000549
108.000015
-108.000549
108.000015
-108.000549
108.000015
-108.000549
108.000015
-108.000549
108.000015
-108.000549
108.000015
-108.000549
108.000015
-108.000549
108.000015
-108.000549
108.000015
-108.000549
108.000015
-108.000549
108.000015
-108.000549
108.000015
-108.000549
108.000015
-108.000549
108.000015
-108.000549
108.000015
-108.000549
108.000015
-108.000549
108.000015
-108.000549
108.000015
-108.000549
108.000015
-108.000549
108.000015
-108.000549
108.000015
-108.000549
108.000015
-108.000549
108.000015
-108.000549
108.000015
-108.000549
108.000015
-108.000549
108.000015
-108.000549
