-0.606716
-190.356918
-0.608325
-190.527512
-0.609398
-191.116531
-0.604034
-191.083801
-0.603497
-190.802704
-0.611007
-190.587601
-0.605643
-190.736725
-0.612080
-190.520538
-0.612080
-190.849915
-0.604034
-190.264664
-0.611007
-190.037735
-0.609398
-190.605301
-0.609934
-190.867615
-0.605643
-190.763016
-0.606179
-190.643921
-0.612080
-190.882645
-0.608325
-191.195389
-0.598669
-191.025330
-0.593841
-190.969009
-0.601351
-190.795197
-0.609934
-190.953445
-0.609934
-191.076294
-0.602961
-191.368652
-0.598133
-191.117599
-0.601351
-190.835968
-0.608325
-190.861710
-0.608325
-191.067703
-0.596523
-191.432495
-0.597596
-191.249023
-0.606179
-190.507126
-0.607252
-190.805389
-0.601888
-190.996368
-0.607252
-190.710434
-0.605643
-190.694885
-0.606716
-190.611206
-0.604570
-190.246948
-0.605643
-190.495331
-0.604570
-190.835434
-0.605106
-190.781250
-0.615835
-190.794662
-0.615835
-190.434708
-0.608325
-190.387497
-0.597060
-190.823624
-0.597596
-190.960953
-0.602961
-190.810760
-0.606179
-190.454025
-0.599206
-190.584915
-0.604034
-190.959885
-0.598133
-190.915359
-0.595987
-190.966324
-0.605643
-190.407349
-0.607252
-190.475479
-0.604034
-190.921799
-0.596523
-190.970078
-0.609398
-190.547363
-0.617981
-190.885315
-0.613153
-191.216843
-0.606716
-191.459320
-0.607252
-191.492035
-0.601888
-191.577866
-0.612080
-191.244202
-0.602961
-191.128326
-0.595987
-191.505447
-0.596523
-192.000061
-0.594914
-191.684616
-0.611007
-191.561234
-0.607252
-191.781708
-0.598669
-192.209808
-0.593841
-192.349823
-0.588477
-192.060684
-0.630856
-191.774200
-0.608862
-191.817123
-0.594378
-192.210876
-0.594914
-191.943726
-0.602424
-191.708221
-0.609398
-191.784927
-0.603497
-191.619171
-0.607789
-191.869690
-0.603497
-192.199615
-0.605643
-191.774734
-0.609934
-191.353104
-0.607252
-191.276917
-0.607789
-191.453949
-0.603497
-191.630432
-0.601351
-191.344513
-0.607252
-191.199142
-0.612617
-191.279602
-0.609398
-191.494720
-0.600815
-191.651352
-0.598133
-191.336472
-0.605106
-191.042496
-0.602961
-191.385818
-0.609398
-191.505981
-0.604034
-191.503845
-0.602961
-191.288193
-0.609398
-191.081116
-0.613153
-191.288193
-0.604034
-191.620789
-0.595450
-191.534409
-0.601888
-191.155685
-0.602961
-191.076294
-0.608862
-191.325745
-0.607789
-191.549438
-0.604034
-191.228104
-0.611007
-191.270493
-0.615299
-191.030701
-0.607789
-191.070389
-0.599206
-191.348267
-0.595987
-191.308029
-0.599206
-190.846695
-0.609934
-190.552719
-0.610471
-190.729218
-0.604034
-191.056976
-0.590622
-191.164810
-0.592232
-190.965256
-0.597596
-191.113846
-0.608325
-190.835434
-0.606716
-190.949158
-0.605643
-190.886932
-0.599206
-190.788223
-0.609398
-190.758179
-0.609934
-190.960419
-0.601888
-191.201279
-0.608325
-191.290878
-0.613153
-191.088638
-0.617445
-190.875122
-0.609398
-190.686844
-0.605106
-190.433640
-0.606716
-190.760330
-0.608325
-190.492645
-0.613153
-190.223358
-0.607252
-190.266266
-0.597596
-190.649292
-0.598669
-191.050552
-0.602961
-190.864395
-0.608325
-190.247498
-0.606716
-190.311325
-0.607252
-190.993683
-0.600278
-190.989395
-0.605643
-190.421295
-0.615299
-190.503372
-0.617445
-190.755508
-0.607252
-191.128326
-0.601888
-191.231857
-0.604570
-190.878891
-0.607252
-190.789841
-0.602961
-190.635880
-0.605643
-191.049469
-0.604034
-191.078445
-0.600278
-191.095062
-0.607252
-190.816650
-0.607252
-190.722244
-0.614226
-191.041428
-0.602424
-191.315018
-0.595987
-190.984024
-0.612080
-190.808609
-0.600278
-190.953979
-0.594914
-191.318771
-0.599206
-191.475403
-0.605643
-191.170166
-0.613153
-191.146027
-0.608862
-191.472183
-0.600278
-191.227570
-0.598669
-191.581619
-0.606716
-191.282822
-0.619590
-191.009781
-0.608862
-190.971695
-0.599742
-191.292480
-0.593841
-191.445358
-0.604570
-191.467361
-0.604570
-191.101501
-0.602424
-191.206116
-0.602424
-191.577332
-0.604570
-191.364899
-0.605106
-191.124039
-0.609398
-190.763550
-0.604570
-191.035522
-0.600815
-191.397629
-0.602424
-191.208801
-0.611007
-191.096680
-0.610471
-190.829529
-0.610471
-190.886932
-0.603497
-191.335388
-0.595450
-191.265121
-0.604034
-191.166412
-0.614762
-190.977585
-0.608325
-190.975449
-0.600815
-191.247955
-0.603497
-191.180893
-0.602961
-190.853668
-0.613153
-190.723312
-0.611007
-190.965790
-0.602961
-191.470581
-0.598669
-191.099899
-0.601888
-190.899261
-0.609398
-191.325211
-0.602961
-191.487747
-0.599206
-191.298920
-0.608325
-191.257614
-0.607252
-191.023727
-0.608325
-190.628372
-0.609398
-191.026398
-0.599742
-191.310715
-0.601888
-191.075226
-0.603497
-190.771057
-0.604570
-190.690048
-0.602424
-190.922333
-0.603497
-190.937363
-0.592232
-190.900345
-0.605106
-190.853134
-0.617445
-190.777496
-0.602961
-191.283356
-0.593841
-191.299988
-0.599206
-191.143890
-0.609934
-190.869232
-0.614762
-190.532349
-0.599206
-190.853134
-0.598669
-191.145493
-0.598133
-190.897659
-0.602961
-190.693817
-0.606716
-190.529129
-0.608325
-190.769989
-0.604570
-190.953979
-0.604570
-190.802170
-0.601888
-190.747452
-0.606716
-190.714203
-0.604034
-190.670746
-0.599206
-190.802704
-0.598669
-190.887466
-0.594378
-190.814514
-0.606716
-190.632126
-0.608325
-190.700790
-0.600815
-190.828461
-0.599206
-190.863327
-0.598669
-190.638565
-0.599206
-190.390182
-0.594378
-190.370331
-0.602961
-190.735657
-0.597596
-190.727600
-0.604570
-190.425049
-0.609398
-190.342438
-0.608325
-190.801102
-0.607252
-191.038742
-0.604034
-191.164810
-0.601888
-191.232391
-0.611007
-191.074142
-0.602961
-191.323593
-0.599206
-191.676575
-0.597596
-191.710373
-0.597060
-191.349350
-0.601888
-191.038742
-0.602424
-191.195389
-0.608325
-191.494720
-0.608862
-191.519394
-0.603497
-191.410492
-0.603497
-191.236694
-0.606716
-191.226501
-0.604570
-191.665848
-0.600278
-191.693207
-0.609934
-191.472717
-0.609398
-191.131012
-0.604570
-191.050552
-0.602961
-191.423370
-0.594914
-191.282822
-0.606716
-191.158371
-0.613153
-190.857422
-0.605643
-191.125641
-0.602961
-191.467896
-0.604034
-191.333252
-0.605643
-191.102585
-0.608862
-191.035522
-0.606179
-190.974365
-0.605643
-191.218445
-0.599206
-191.452347
-0.600815
-191.121353
-0.601351
-190.944336
-0.604570
-190.987244
-0.607252
-191.016220
-0.597596
-191.102585
-0.606179
-190.969009
-0.610471
-190.711517
-0.607789
-190.747986
-0.605106
-191.075226
-0.601351
-191.093994
-0.608325
-190.764084
-0.604570
-190.609055
-0.604570
-190.742096
-0.604570
-191.000656
-0.601888
-191.169632
-0.602961
-190.829529
-0.611544
-190.601013
-0.604034
-190.646072
-0.596523
-191.097748
-0.593841
-190.917511
-0.602961
-190.656799
-0.609934
-190.855820
-0.610471
-190.985641
-0.604034
-191.280685
-0.597060
-191.237228
-0.597060
-190.811295
-0.604034
-190.562378
-0.613689
-190.884781
-0.610471
-190.945938
-0.596523
-190.947006
-0.604034
-190.995285
-0.608325
-190.701859
-0.614762
-190.544678
-0.607252
-190.995834
-0.604034
-191.255997
-0.605106
-190.946472
-0.612617
-190.729752
-0.609934
-190.854202
-0.613689
-191.081665
-0.604034
-191.035522
-0.607252
-190.810226
-0.605106
-190.878891
-0.601888
-191.099899
-0.606179
-191.244736
-0.598669
-191.437851
-0.599206
-191.184662
-0.600278
-191.140671
-0.604570
-191.357391
-0.602424
-191.530655
-0.595987
-191.363831
-0.603497
-191.192703
-0.601888
-191.166946
-0.607252
-191.460388
-0.604034
-191.710373
-0.599742
-191.682480
-0.601351
-191.349884
-0.611544
-191.044113
-0.612080
-191.165878
-0.605643
-191.661011
-0.596523
-191.697495
-0.594914
-191.541382
-0.602961
-191.187881
-0.608325
-191.143890
-0.605643
-191.445358
-0.603497
-191.304276
-0.601888
-191.199677
-0.596523
-191.070923
-0.607252
-191.154617
-0.609398
-191.423370
-0.601888
-191.294632
-0.599206
-190.804321
-0.600278
-190.559708
-0.609398
-191.006561
-0.609934
-191.199142
-0.605106
-190.889618
-0.606716
-190.701859
-0.600278
-190.757111
-0.603497
-190.981339
-0.606716
-191.299988
-0.603497
-191.535492
-0.601351
-191.093460
-0.609398
-190.870300
-0.600815
-191.134766
-0.606716
-191.592346
-0.605643
-191.567139
-0.606716
-191.099899
-0.612080
-191.167496
-0.616372
-191.761337
-0.615299
-191.924408
-0.601888
-191.868622
-0.595987
-191.804779
-0.601888
-191.689453
-0.612080
-192.163681
-0.596523
-192.622330
-0.594914
-192.550446
-0.600815
-192.148651
-0.613153
-191.879349
-0.602961
-192.285980
-0.600278
-192.435654
-0.593841
-192.313873
-0.598669
-192.060150
-0.614762
-191.765625
-0.613153
-191.871841
-0.614762
-192.305832
-0.601888
-192.328903
-0.592768
-191.988251
-0.600278
-191.751678
-0.599206
-191.830002
-0.602961
-192.164215
-0.597596
-192.154556
-0.607789
-192.118073
-0.608862
-191.684082
-0.609934
-191.805862
-0.604570
-192.206589
-0.597596
-192.301544
-0.609398
-192.187820
-0.609934
-192.130417
-0.602424
-192.020981
-0.602961
-192.119690
-0.600278
-192.364304
-0.600278
-191.982346
-0.608325
-191.898117
-0.609934
-192.415802
-0.600278
-192.657196
-0.600815
-192.117004
-0.608325
-191.780640
-0.611544
-191.970001
-0.605643
-192.291351
-0.602961
-192.416870
-0.598669
-192.395950
-0.608325
-192.189423
-0.607252
-191.982346
-0.605643
-192.130417
-0.612080
-192.116470
-0.608862
-192.444778
-0.612617
-192.378250
-0.612080
-192.356796
-0.609398
-192.641113
-0.606716
-192.913620
-0.601888
-192.951706
-0.601351
-192.531677
-0.606179
-192.488220
-0.604570
-192.824570
-0.602961
-192.846024
-0.594914
-193.005890
-0.594914
-192.701721
-0.605643
-192.379333
-0.604034
-192.591217
-0.599742
-192.690460
-0.596523
-192.977997
-0.601351
-192.784882
-0.613689
-192.526855
-0.611007
-192.618042
-0.611007
-192.933472
-0.594914
-192.893234
-0.600815
-192.834229
-0.608325
-192.689392
-0.605106
-192.795074
-0.601351
-193.118546
-0.594378
-193.069183
-0.604570
-192.922211
-0.621736
-192.784332
-0.617445
-192.767181
-0.606179
-193.095474
-0.596523
-193.107819
-0.600278
-192.783264
-0.608325
-192.786484
-0.604034
-192.547226
-0.597060
-192.669006
-0.596523
-192.584778
-0.601888
-192.578888
-0.609934
-192.675980
-0.615299
-192.849792
-0.605643
-192.855148
-0.593841
-192.874466
-0.596523
-192.707092
-0.609934
-192.466232
-0.611007
-192.535431
-0.609398
-192.948486
-0.604570
-192.979065
-0.604034
-192.823502
-0.608862
-192.543472
-0.608325
-192.613754
-0.606716
-192.548843
-0.597596
-192.855682
-0.599742
-192.859985
-0.607252
-192.605698
-0.605643
-192.623947
-0.605643
-192.640030
-0.595987
-192.726410
-0.594914
-192.599808
-0.605643
-192.237701
-0.608862
-192.446381
-0.606179
-192.513443
-0.603497
-192.604630
-0.601351
-192.446915
-0.609934
-192.127197
-0.605106
-192.368057
-0.605643
-192.417419
-0.604034
-192.523087
-0.600278
-192.583710
-0.604570
-192.423859
-0.601888
-192.390594
-0.602961
-192.321396
-0.595987
-192.408829
-0.599206
-192.468918
-0.612617
-192.459793
-0.613689
-192.659882
-0.614762
-192.701721
-0.605643
-192.731766
-0.606716
-192.412048
-0.605643
-192.308517
-0.605106
-192.480713
-0.611544
-192.784332
-0.615835
-192.862122
-0.608862
-192.580490
-0.606716
-192.302078
-0.605643
-192.464081
-0.609398
-192.757523
-0.598669
-192.932938
-0.602961
-192.594437
-0.606716
-192.339096
-0.609934
-192.418488
-0.611007
-192.782730
-0.598669
-192.925430
-0.598669
-192.716217
-0.605106
-192.333725
-0.609398
-192.621796
-0.605643
-192.717285
-0.596523
-192.592834
-0.596523
-192.610535
-0.605643
-192.356262
-0.610471
-192.441010
-0.606716
-192.623947
-0.600815
-192.778976
-0.597060
-192.736053
-0.602424
-192.464615
-0.606179
-192.387375
-0.606716
-192.659348
-0.607252
-192.803650
-0.604034
-192.681335
-0.605106
-192.345535
-0.609398
-192.355194
-0.606716
-192.508606
-0.589550
-192.614822
-0.596523
-192.525772
-0.608325
-192.171188
-0.611007
-192.380402
-0.612617
-192.724258
-0.602961
-192.727478
-0.598133
-192.504318
-0.601888
-192.331589
-0.604034
-192.797745
-0.604034
-192.967804
-0.605106
-192.767181
-0.608325
-192.655594
-0.604570
-192.619659
-0.606179
-192.305298
-0.606716
-192.042435
-0.592768
-192.166351
-0.591695
-191.921188
-0.608325
-191.681931
-0.604570
-191.686768
-0.594914
-191.827316
-0.598669
-191.927094
-0.605643
-191.548904
-0.612080
-191.235611
-0.610471
-191.456100
-0.608862
-191.711441
-0.607252
-191.527435
-0.606716
-191.483994
-0.609934
-191.237762
-0.607789
-191.218994
-0.598669
-191.573578
-0.594378
-191.537628
-0.598669
-191.451263
-0.608325
-191.301056
-0.609934
-191.221130
-0.601888
-191.589676
-0.593841
-191.634735
-0.601351
-191.602005
-0.613153
-191.308029
-0.610471
-191.229721
-0.607789
-191.537094
-0.595987
-191.734512
-0.602961
-191.416397
-0.613153
-191.294083
-0.604570
-191.225967
-0.604034
-191.544067
-0.601351
-191.721100
-0.600278
-191.481308
-0.604570
-191.282822
-0.611007
-191.338608
-0.609934
-191.540314
-0.600815
-191.854675
-0.601888
-191.346130
-0.605643
-191.116531
-0.609398
-191.276917
-0.605106
-191.526367
-0.601888
-191.705536
-0.598133
-191.413712
-0.612617
-191.137985
-0.611544
-191.308029
-0.598669
-191.629364
-0.592232
-191.720566
-0.600278
-191.510269
-0.607252
-191.352020
-0.607789
-191.372406
-0.604570
-191.474869
-0.601888
-191.639557
-0.605643
-191.416931
-0.604034
-190.903030
-0.613153
-190.944870
-0.612617
-191.204498
-0.597596
-191.486679
-0.601351
-191.152466
-0.606179
-190.882645
-0.607789
-190.824173
-0.604570
-191.219528
-0.598669
-191.388504
-0.602424
-190.748535
-0.606716
-190.429352
-0.604034
-190.511963
-0.602424
-190.528580
-0.596523
-190.450272
-0.592232
-189.483063
-0.606179
-188.785156
-0.615299
-189.138672
-0.612617
-189.942795
-0.600815
-189.602692
-0.598669
-189.561386
-0.611007
-189.094147
-0.614226
-189.425659
-0.612080
-188.428421
-0.602961
-188.433243
-0.607252
-189.080200
-0.612617
-188.894592
-0.606716
-188.314148
-0.601351
-188.439148
-0.592232
-187.970291
-0.604570
-187.819550
-0.614762
-188.156448
-0.608862
-188.582916
-0.608325
-189.498611
-0.599206
-193.791779
-0.605106
-195.517517
-0.609398
-196.208984
-0.609934
-196.950348
-0.607252
-197.128448
-0.593841
-197.548477
-0.595450
-197.368240
-0.600278
-197.678299
-0.602424
-197.531845
-0.605643
-197.742676
-0.602961
-197.919159
-0.593305
-197.868195
-0.600815
-197.624649
-0.613689
-197.559204
-0.610471
-198.354218
-0.602961
-198.674469
-0.600815
-198.163773
-0.604034
-198.496368
-0.613153
-199.398132
-0.618517
-200.398590
-0.609398
-201.109924
-0.605106
-200.826141
-0.606716
-200.460815
-0.600815
-200.715637
-0.605643
-201.450027
-0.604570
-201.370621
-0.597596
-200.493546
-0.600278
-200.725281
-0.608862
-201.494003
-0.604034
-201.810516
-0.599206
-201.775101
-0.604034
-201.501526
-0.612080
-201.480591
-0.607789
-202.070679
-0.594914
-202.404892
-0.596523
-202.160263
-0.602424
-201.745056
-0.606716
-201.126541
-0.609398
-201.553558
-0.602961
-202.534164
-0.599206
-202.627518
-0.598669
-202.492325
-0.597596
-202.536316
-0.615299
-202.549194
-0.613153
-202.926315
-0.597596
-203.568970
-0.600278
-203.494400
-0.602961
-203.175751
-0.607252
-203.474014
-0.602424
-204.535629
-0.601351
-205.101578
-0.608325
-204.458923
-0.612617
-203.833969
-0.608325
-203.881180
-0.602424
-204.282440
-0.599742
-204.668137
-0.604034
-204.133301
-0.604570
-203.592575
-0.609398
-203.763153
-0.607252
-204.132767
-0.600278
-204.216446
-0.601888
-203.808762
-0.605643
-203.330780
-0.615299
-203.596329
-0.615299
-204.065170
-0.600278
-204.267410
-0.599742
-203.625824
-0.605106
-202.948303
-0.607252
-203.060959
-0.607252
-203.735794
-0.601888
-203.915512
-0.601351
-203.482605
-0.606716
-202.801315
-0.608325
-202.773956
-0.609398
-203.604904
-0.598133
-203.969147
-0.596523
-203.776566
-0.597596
-203.102264
-0.606716
-203.029846
-0.601888
-203.555557
-0.605643
-203.777649
-0.610471
-203.614029
-0.607252
-203.025543
-0.608862
-203.041107
-0.609398
-203.604370
-0.597596
-203.618317
-0.600815
-203.241196
-0.608325
-203.108704
-0.606179
-203.241196
-0.600815
-203.304504
-0.598669
-203.453094
-0.598669
-203.280365
-0.598669
-202.743912
-0.601351
-202.712265
-0.610471
-203.356537
-0.606716
-203.683762
-0.599742
-203.572723
-0.601351
-202.898407
-0.609398
-202.915039
-0.602961
-203.506744
-0.587940
-203.605438
-0.586867
-203.222427
-0.593841
-202.512711
-0.606179
-202.786301
-0.610471
-203.669281
-0.607252
-203.974518
-0.604034
-203.395691
-0.608862
-202.842621
-0.607252
-203.134979
-0.602961
-203.644073
-0.597596
-203.612411
-0.598133
-203.196136
-0.605643
-202.974594
-0.604570
-203.165024
-0.601351
-203.687515
-0.598133
-203.743851
-0.598669
-203.138199
-0.601351
-202.817413
-0.601351
-203.023941
-0.607789
-203.930527
-0.604034
-204.340912
-0.605643
-203.751892
-0.611007
-203.257828
-0.604034
-203.462753
-0.601351
-203.601685
-0.593841
-203.079193
-0.605643
-202.495010
-0.603497
-202.300812
-0.604034
-202.122177
-0.605643
-202.526657
-0.600815
-202.766449
-0.599742
-202.611420
