-0.646949
-85.706779
-0.645340
-85.683708
-0.643194
-85.814064
-0.634611
-85.734673
-0.631392
-85.658501
-0.637829
-85.704636
-0.643194
-85.709999
-0.639975
-85.667618
-0.642121
-85.786705
-0.639439
-85.840889
-0.628173
-85.720192
-0.642121
-85.900970
-0.644803
-85.876831
-0.634611
-85.536728
-0.641048
-85.598419
-0.645876
-85.759346
-0.645876
-85.648842
-0.641584
-85.551208
-0.637829
-85.578568
-0.646949
-85.747009
-0.644267
-85.576958
-0.636756
-85.609680
-0.636756
-85.501320
-0.635147
-85.486839
-0.631392
-85.684250
-0.639975
-85.887558
-0.644803
-85.752373
-0.644803
-85.390274
-0.634074
-85.441772
-0.631929
-85.207886
-0.638902
-84.757278
-0.641048
-84.762108
-0.646949
-84.659645
-0.637829
-84.359238
-0.642121
-83.991776
-0.644267
-83.901649
-0.648558
-84.050781
-0.647485
-83.851227
-0.639439
-83.787926
-0.638902
-83.979439
-0.638366
-84.201523
-0.646412
-84.095840
-0.652850
-83.924721
-0.641048
-83.681175
-0.644803
-83.852303
-0.649631
-84.077065
-0.644803
-83.868393
-0.642121
-83.711212
-0.637829
-83.747154
-0.639439
-83.844788
-0.643194
-83.941887
-0.644803
-84.154312
-0.641584
-84.092087
-0.625491
-83.951004
-0.635147
-84.258385
-0.642121
-84.207420
-0.653386
-84.079216
-0.652850
-84.185432
-0.636756
-84.216545
-0.637829
-84.053467
-0.644267
-83.993919
-0.647485
-84.119980
-0.646412
-84.006256
-0.629783
-84.038445
-0.637829
-84.187035
-0.653386
-84.210106
-0.646412
-84.318466
-0.639439
-84.178993
-0.634074
-84.152702
-0.643194
-84.181671
-0.642121
-84.183281
-0.642121
-84.279846
-0.645876
-84.193474
-0.645876
-84.087799
-0.651240
-84.299690
-0.653923
-84.403221
-0.651777
-84.219223
-0.641584
-84.148949
-0.640512
-84.159142
-0.637829
-84.247124
-0.632465
-84.319542
-0.637293
-84.373184
-0.648022
-84.168266
-0.639439
-84.149490
-0.641584
-84.369965
-0.646412
-84.596878
-0.645340
-84.606537
-0.641584
-84.457939
-0.626028
-84.314178
-0.622809
-84.476181
-0.630856
-84.560402
-0.629246
-84.367287
-0.641048
-84.220833
-0.639439
-84.438629
-0.650704
-84.688072
-0.647485
-84.590446
-0.645876
-84.338852
-0.643194
-84.305595
-0.634074
-84.378548
-0.630856
-84.470818
-0.636756
-84.447212
-0.644803
-84.400543
-0.645340
-84.349579
-0.631392
-84.448822
-0.636220
-84.658035
-0.643730
-84.552353
-0.652850
-84.442383
-0.648558
-84.381233
-0.637829
-84.338852
-0.638902
-84.228882
-0.636756
-84.065269
-0.630856
-84.166656
-0.631392
-84.121056
-0.628173
-84.104424
-0.631392
-84.144127
-0.634611
-84.101746
-0.638902
-84.062584
-0.641584
-83.849617
-0.628710
-83.961197
-0.635147
-83.916138
-0.634074
-83.878044
-0.635147
-83.957443
-0.643730
-84.104965
-0.629783
-84.080284
-0.629783
-84.151100
-0.635147
-84.160217
-0.635147
-83.863029
-0.643194
-83.830307
-0.636756
-83.872147
-0.634074
-83.802948
-0.637829
-83.798119
-0.636220
-83.613045
-0.631392
-83.771835
-0.633001
-84.564690
-0.637829
-84.849541
-0.636220
-84.638184
-0.640512
-84.686462
-0.639975
-84.697197
-0.627637
-84.821648
-0.635147
-84.805557
-0.644803
-84.829697
-0.635147
-84.793755
-0.643730
-84.546989
-0.644267
-84.600098
-0.641048
-84.853836
-0.639439
-84.929474
-0.639975
-84.862953
-0.639439
-84.778732
-0.633001
-84.977219
-0.631392
-84.995995
-0.639439
-84.979362
-0.645340
-85.010475
-0.648022
-85.027107
-0.635684
-85.075920
-0.637829
-84.909088
-0.644267
-84.949860
-0.640512
-84.783562
-0.640512
-84.914993
-0.642121
-85.021202
-0.641048
-85.134392
-0.641048
-85.146194
-0.642121
-84.954689
-0.646949
-85.029785
-0.640512
-84.992775
-0.638902
-84.852760
-0.645340
-85.170334
-0.641584
-85.382767
-0.644803
-85.075386
-0.642121
-85.234711
-0.640512
-85.543159
-0.645340
-85.394035
-0.646949
-85.330193
-0.643194
-85.458405
-0.636220
-85.512589
-0.635147
-85.689613
-0.643194
-85.608612
-0.645876
-85.416023
-0.646949
-85.456795
-0.637829
-85.703026
-0.641584
-85.852150
-0.651240
-85.731987
-0.644267
-85.802803
-0.643194
-85.774910
-0.639439
-85.641869
-0.640512
-85.682640
-0.639439
-85.690681
-0.639975
-85.656349
-0.651777
-85.471283
-0.643194
-85.382233
-0.646412
-85.549599
-0.643730
-85.605392
-0.643194
-85.556572
-0.650704
-85.337166
-0.645340
-85.411201
-0.643194
-85.632751
-0.639975
-85.519562
-0.646949
-85.453041
-0.651240
-85.604851
-0.641584
-85.657425
-0.642657
-85.765785
-0.644803
-85.837669
-0.649095
-85.825867
-0.648558
-85.758278
-0.641584
-85.823189
-0.641584
-85.763641
-0.640512
-85.866104
-0.650704
-86.008255
-0.651240
-85.683708
-0.650168
-85.654747
-0.638902
-85.855370
-0.639439
-85.959976
-0.649631
-85.822647
-0.648558
-85.695511
-0.644267
-85.705170
-0.642121
-85.831772
-0.648022
-85.861275
-0.644803
-85.917061
-0.651240
-85.926186
-0.646949
-85.921356
-0.639975
-85.875755
-0.641048
-85.937981
-0.639439
-85.806023
-0.644803
-85.658501
-0.640512
-85.758278
-0.648558
-85.815140
-0.648022
-85.949249
-0.646412
-85.791000
-0.648022
-85.423538
-0.637293
-85.617729
-0.629783
-85.775444
-0.641584
-85.848938
-0.646949
-85.889168
-0.642657
-85.942810
-0.641048
-85.728233
-0.642121
-85.684250
-0.640512
-85.841965
-0.642657
-85.890244
-0.644803
-85.855370
-0.640512
-85.767395
-0.639439
-85.953545
-0.641584
-85.981438
-0.640512
-85.895607
-0.644803
-85.665474
-0.641584
-85.578568
-0.640512
-85.729843
-0.646949
-85.773834
-0.642657
-85.815140
-0.645876
-85.664932
-0.645340
-85.651527
-0.645340
-85.950325
-0.646949
-86.001282
-0.649631
-85.901505
-0.644803
-85.914917
-0.639439
-86.016838
-0.641048
-86.074242
-0.637829
-86.218010
-0.646949
-86.056541
-0.645340
-85.955147
-0.637829
-86.073708
-0.644267
-86.005577
-0.644803
-86.168655
-0.649631
-86.093552
-0.647485
-85.913841
-0.642657
-85.910629
-0.651240
-86.214249
-0.642121
-86.139687
-0.644803
-85.936913
-0.643730
-85.966415
-0.642121
-85.964272
-0.643194
-85.935303
-0.647485
-86.069412
-0.645876
-86.145050
-0.642121
-86.032402
-0.638902
-86.000748
-0.647485
-86.102135
-0.646949
-86.178848
-0.641584
-85.934769
-0.643730
-85.944420
-0.639975
-86.146126
-0.647485
-86.104820
-0.647485
-86.054932
-0.643194
-85.990021
-0.637293
-85.656891
-0.635147
-85.691223
-0.643730
-85.884880
-0.637829
-85.875755
-0.641048
-85.775444
-0.648022
-85.647766
-0.636756
-85.670837
-0.642657
-85.821579
-0.642657
-85.894531
-0.641048
-85.795288
-0.644803
-85.740578
-0.634611
-85.751305
-0.636220
-86.002892
-0.641584
-86.009331
-0.640512
-85.776512
-0.646949
-85.672447
-0.635147
-85.783485
-0.641048
-85.847862
-0.640512
-85.949783
-0.639439
-85.829086
-0.645876
-85.671371
-0.638366
-85.556572
-0.634074
-85.701416
-0.640512
-85.713753
-0.636756
-85.811386
-0.635684
-85.724480
-0.635147
-85.676201
-0.631392
-85.760422
-0.644803
-85.861275
-0.646412
-85.856979
-0.640512
-85.905800
-0.641584
-86.178307
-0.641584
-85.930473
-0.638366
-85.674591
-0.632465
-85.871468
-0.637293
-85.944420
-0.639439
-85.905258
-0.635147
-86.024887
-0.637829
-85.838745
-0.638366
-85.799049
-0.646412
-85.689613
-0.640512
-85.752373
-0.636220
-85.861275
-0.644803
-85.828552
-0.651777
-85.861809
-0.645876
-85.744331
-0.641584
-85.877907
-0.639439
-85.911163
-0.641584
-85.851616
-0.635147
-85.590370
-0.641584
-85.414421
-0.639439
-85.619339
-0.637829
-85.904190
-0.640512
-85.869316
-0.651777
-85.830696
-0.650168
-85.674591
-0.639975
-85.681030
-0.640512
-85.787247
-0.642121
-85.834984
-0.643194
-85.896141
-0.643194
-85.712143
-0.638902
-85.810310
-0.643730
-85.890244
-0.648558
-85.884880
-0.648022
-85.840889
-0.649631
-85.745941
-0.643194
-85.766861
-0.642121
-85.806557
-0.645876
-85.744331
-0.650168
-85.765785
-0.648558
-85.800652
-0.643194
-85.815674
-0.640512
-85.979294
-0.652313
-86.072632
-0.657141
-86.123596
-0.651240
-85.957298
-0.641048
-85.906868
-0.642121
-85.937447
-0.656068
-85.965881
-0.645876
-85.844109
-0.637829
-85.772224
-0.629783
-85.786705
-0.645340
-85.681030
-0.644803
-85.724480
-0.642121
-85.875221
-0.649631
-85.811386
-0.650168
-85.642403
-0.645340
-85.915451
-0.652313
-85.717506
-0.642657
-85.616653
-0.639975
-85.865028
-0.638902
-85.772758
-0.646949
-85.831230
-0.645340
-85.964272
-0.643194
-85.718582
-0.641048
-85.707848
-0.637293
-85.829086
-0.639439
-85.823189
-0.642121
-86.000748
-0.645340
-85.696053
-0.648558
-85.645088
-0.647485
-85.899361
-0.648022
-85.791534
-0.646949
-85.913307
-0.639439
-85.812454
-0.644803
-85.912773
-0.646949
-85.857521
-0.650168
-85.947105
-0.649631
-86.073708
-0.651240
-86.169731
-0.648022
-86.099457
-0.639439
-85.963196
-0.637829
-85.953003
-0.639439
-85.958908
-0.639975
-85.907944
-0.649095
-85.900970
-0.646949
-85.946571
-0.640512
-86.016838
-0.643730
-85.992699
-0.639975
-85.941200
-0.644803
-85.984657
-0.644267
-86.040443
-0.640512
-86.434196
-0.645340
-86.265747
-0.651240
-86.185287
-0.645876
-86.292038
-0.640512
-86.087654
-0.648022
-86.004501
-0.652313
-86.173485
-0.650168
-86.194939
-0.646949
-86.093018
-0.638902
-86.138611
-0.643194
-86.166512
-0.651240
-86.139153
-0.646949
-86.128960
-0.647485
-85.933693
-0.642657
-85.926186
-0.645876
-86.122520
-0.645876
-86.090332
-0.648558
-86.016304
-0.652850
-86.020599
-0.652313
-86.027573
-0.649631
-85.974464
-0.649631
-85.931007
-0.645876
-85.924576
-0.644803
-85.819427
-0.639439
-85.887024
-0.639439
-85.953545
-0.644803
-86.063515
-0.645340
-85.793678
-0.645876
-85.818893
-0.646949
-86.140221
-0.648022
-86.211037
-0.645876
-86.118233
-0.652313
-86.058685
-0.654459
-86.174553
-0.650168
-86.397179
-0.638902
-86.355873
-0.644267
-86.473892
-0.644803
-86.364456
-0.640512
-86.361237
-0.642121
-86.232491
-0.639439
-86.431511
-0.651240
-86.504463
-0.647485
-86.387520
-0.645340
-86.433655
-0.649631
-86.294716
-0.651240
-86.221764
-0.652850
-86.330658
-0.645340
-86.250732
-0.638366
-86.365532
-0.639439
-86.411125
-0.642657
-86.448143
-0.648558
-86.466919
-0.646949
-86.431511
-0.638902
-86.223373
-0.635147
-86.137543
-0.641584
-86.148804
-0.637829
-86.216400
-0.640512
-86.309204
-0.651240
-86.296326
-0.639975
-86.005043
-0.639439
-85.977142
-0.644267
-86.155243
-0.643194
-86.023277
-0.651240
-85.979294
-0.652313
-86.228203
-0.648022
-86.153099
-0.639439
-86.027031
-0.646949
-86.102135
-0.652313
-86.118233
-0.646412
-86.258240
-0.639975
-86.393425
-0.643194
-86.402008
-0.651240
-86.330124
-0.644267
-86.233025
-0.648022
-86.214790
-0.649095
-86.228203
-0.646412
-86.243217
-0.650704
-86.277016
-0.652313
-86.235710
-0.644267
-86.197624
-0.637829
-86.299545
-0.642657
-86.326370
-0.642657
-86.325294
-0.643730
-86.389130
-0.647485
-86.485153
-0.645876
-86.514122
-0.646949
-86.544167
-0.651777
-86.486229
-0.646949
-86.489449
-0.639439
-86.482475
-0.648558
-86.583862
-0.639439
-86.871933
-0.643194
-86.631065
-0.645876
-86.416489
-0.637293
-86.280769
-0.641584
-86.413269
-0.649631
-86.581177
-0.654996
-86.555428
-0.639439
-86.346214
-0.634611
-86.409515
-0.634074
-86.380547
-0.650168
-86.330658
-0.655532
-86.445992
-0.648022
-86.277016
-0.644803
-86.216934
-0.640512
-86.424538
-0.637293
-86.383766
-0.643194
-86.155243
-0.636756
-86.390205
-0.635147
-86.474426
-0.646949
-86.423462
-0.651240
-86.514656
-0.655532
-86.489449
-0.652313
-86.310272
-0.644803
-86.606926
-0.646949
-86.727089
-0.643194
-86.817215
-0.637829
-86.621948
-0.637293
-86.500175
-0.638902
-86.538261
-0.644803
-86.588692
-0.643194
-86.699730
-0.649631
-86.520027
-0.654996
-86.439018
-0.644803
-86.305450
-0.639975
-86.398788
-0.638902
-86.524849
-0.644803
-86.430977
-0.643194
-86.452965
-0.640512
-86.421318
-0.644267
-86.458870
-0.650704
-86.465309
-0.653923
-86.293106
-0.647485
-86.239464
-0.646949
-86.228203
-0.639439
-86.238930
-0.641048
-86.242149
-0.644267
-86.313492
-0.653386
-86.283455
-0.637829
-86.359093
-0.637829
-86.348900
-0.649631
-86.330658
-0.650704
-86.379478
-0.632465
-86.615509
-0.630856
-86.547386
-0.638366
-86.330124
-0.642121
-86.319931
-0.649631
-86.396103
-0.640512
-86.442780
-0.643194
-86.371964
-0.646949
-86.386986
-0.647485
-86.250191
-0.645876
-86.170265
-0.647485
-86.263069
-0.644803
-86.341927
-0.635147
-86.485695
-0.642657
-86.267357
-0.648558
-86.177773
-0.650704
-86.255020
-0.648558
-86.197624
-0.645876
-86.370895
-0.643194
-86.368210
-0.640512
-86.231415
-0.647485
-86.118767
-0.648558
-86.229805
-0.639439
-86.155777
-0.642121
-86.247513
-0.645340
-86.297935
-0.644267
-86.234100
-0.639439
-86.090874
-0.635147
-86.294716
-0.633001
-86.383766
-0.638902
-86.143974
-0.642657
-86.197083
-0.635147
-86.425613
-0.647485
-86.413269
-0.646949
-86.441704
-0.641584
-86.322617
-0.643194
-86.097305
-0.643730
-86.000214
-0.648558
-86.368744
-0.658214
-86.481934
-0.636220
-86.212105
-0.644803
-86.106430
-0.640512
-86.200844
-0.636220
-86.333344
-0.646949
-86.417564
-0.649631
-86.042053
-0.636756
-85.986801
-0.637829
-86.142372
-0.646949
-86.160072
-0.646412
-86.119301
-0.650168
-86.108040
-0.644803
-86.113403
-0.643194
-85.990021
-0.644267
-86.196548
-0.643730
-86.261459
-0.645876
-86.268433
-0.650704
-86.022209
-0.645340
-85.966949
-0.639975
-85.996460
-0.640512
-86.083359
-0.645876
-85.961586
-0.648022
-85.940666
-0.645876
-86.021667
-0.644803
-85.861275
-0.643730
-85.788857
-0.644803
-85.911163
-0.644267
-85.876831
-0.640512
-85.862343
-0.647485
-85.863419
-0.643194
-85.972855
-0.648558
-85.886482
-0.647485
-85.778122
-0.643194
-85.807632
-0.642657
-85.926186
-0.642121
-86.144516
-0.648022
-86.013626
-0.646949
-85.958366
-0.636756
-85.900436
-0.645340
-85.808701
-0.649631
-85.923500
-0.639439
-85.812996
-0.637829
-85.735207
-0.642121
-85.919212
-0.642121
-85.941200
-0.639975
-85.959442
-0.651777
-86.104279
-0.651240
-86.128960
-0.638902
-86.054932
-0.637829
-86.119835
-0.660360
-86.146660
-0.643194
-86.134323
-0.641584
-86.185822
-0.640512
-86.037766
-0.660360
-85.973389
-0.626028
-86.185287
-0.634074
-86.061905
-0.654996
-85.902580
-0.640512
-86.034004
-0.642657
-85.958908
-0.647485
-85.971779
-0.649631
-85.832840
-0.650704
-85.844643
-0.644267
-85.756668
-0.643730
-85.850006
-0.645876
-85.870926
-0.644267
-85.921890
-0.647485
-85.735207
-0.640512
-85.718040
-0.647485
-85.917603
-0.642121
-85.771149
-0.644267
-85.829086
-0.651240
-85.772758
-0.642121
-85.698196
-0.645876
-85.907944
-0.647485
-85.884880
-0.656605
-85.829086
-0.647485
-85.960518
-0.645340
-85.703026
-0.651777
-85.719116
-0.644803
-85.974464
-0.643194
-85.928329
-0.652313
-85.700874
-0.641584
-85.717506
-0.643730
-85.810844
-0.651240
-85.653137
-0.649631
-85.557648
-0.641048
-85.601639
-0.634074
-85.844643
-0.643194
-85.810310
-0.646949
-85.680489
-0.648022
-85.919746
-0.645876
-85.793678
-0.644803
-85.530823
-0.644267
-85.536728
-0.655532
-85.742180
-0.664651
-85.794220
-0.646949
-85.593056
-0.639975
-85.384911
-0.644803
-85.548531
-0.652850
-85.678345
-0.644803
-85.500786
-0.644267
-85.439629
-0.644267
-85.736282
-0.648558
-85.620949
-0.651240
-85.605392
-0.645340
-85.844643
-0.639439
-85.588226
-0.654996
-85.539406
-0.645876
-85.723946
-0.648558
-85.850006
-0.653923
-85.684784
-0.652850
-85.546379
-0.637829
-85.519020
-0.648022
-85.579102
-0.637829
-85.672981
-0.646949
-85.674591
-0.658214
-85.522781
-0.643194
-85.684250
-0.643194
-85.954613
-0.649631
-85.931007
-0.651240
-85.669762
-0.649095
-85.682640
-0.642657
-85.537796
-0.647485
-85.580177
-0.652850
-85.728233
-0.650168
-85.530289
-0.661969
-85.502396
-0.633538
-85.625778
-0.635684
-85.708389
-0.650704
-85.477180
-0.643194
-85.590370
-0.646412
-85.500786
-0.641048
-85.538872
-0.648558
-85.544235
-0.648022
-85.602707
-0.648558
-85.648842
-0.648558
-85.586082
-0.646949
-85.391350
-0.646949
-85.490059
-0.641048
-85.755592
-0.646949
-85.655815
-0.645340
-85.655281
-0.643194
-85.375259
-0.640512
-85.429977
-0.653386
-85.647232
-0.653923
-85.375259
-0.644267
-85.400467
-0.646412
-86.056541
-0.649631
-85.986801
-0.649095
-86.080681
-0.653923
-85.872002
-0.664115
-85.714821
-0.627101
-85.718582
-0.643730
-85.678345
-0.646949
-85.720192
-0.650168
-85.660110
-0.654459
-85.831230
-0.644267
-85.685860
-0.643194
-85.893463
-0.639439
-85.963196
-0.649631
-85.758812
-0.651777
-85.843033
-0.646949
-85.845177
-0.643194
-85.741646
-0.645876
-85.733063
-0.638902
-85.713219
-0.644803
-85.591446
-0.636756
-85.632210
-0.634074
-85.721802
-0.644267
-85.804947
-0.659823
-85.821037
-0.649631
-85.723946
-0.646949
-85.601097
-0.642121
-85.657959
-0.648022
-85.837669
-0.658214
-85.702484
-0.654996
-85.899895
-0.663579
-85.993240
-0.626028
-85.865028
-0.657678
-85.880585
-0.654996
-85.701950
-0.652850
-85.846252
-0.644803
-85.998070
-0.649631
-85.979828
-0.645340
-86.056541
-0.648558
-86.093552
-0.645876
-86.130569
-0.641584
-85.977684
-0.648022
-86.096771
-0.649631
-85.992165
-0.643730
-85.941742
-0.643730
-85.952469
-0.641048
-85.877907
-0.646949
-85.907410
-0.648022
-85.910629
-0.646412
-86.081749
-0.635147
-86.018990
-0.653923
-86.145584
-0.657678
-86.166512
-0.646412
-85.924034
-0.639439
-86.021667
-0.654996
-85.780273
-0.645340
-85.764717
-0.639439
-86.005043
-0.641584
-85.877365
-0.650168
-86.139153
-0.656605
-85.896141
-0.646949
-85.841423
-0.642657
-85.954613
-0.642121
-85.891312
-0.653386
-85.808167
-0.657141
-85.883804
-0.642121
-85.796898
-0.642121
-85.814606
-0.645876
-85.952469
-0.649631
-85.940132
-0.648558
-85.850006
-0.652313
-85.730919
-0.641584
-85.718582
-0.637293
-85.916527
-0.642657
-85.837135
-0.657141
-85.817818
-0.643730
-85.668152
-0.641048
-85.597878
-0.648558
-85.530289
-0.648558
-85.704094
-0.650168
-85.871468
-0.645876
-85.777588
-0.644267
-86.021133
-0.645876
-85.995918
-0.647485
-85.536728
-0.652313
-85.431046
-0.644267
-85.838203
-0.643194
-85.915993
-0.648558
-85.843575
-0.648022
-85.814606
-0.645876
-85.744331
-0.639975
-85.794754
-0.642657
-85.780273
-0.642657
-85.960518
-0.645876
-85.998604
-0.644803
-85.909554
-0.636756
-85.937981
-0.638902
-85.961052
-0.641584
-85.834450
-0.646412
-85.662788
-0.649631
-85.749153
-0.651240
-85.843575
-0.640512
-85.910629
-0.633538
-85.895607
-0.675380
-85.939056
-0.649095
-85.861275
-0.640512
-85.898285
-0.640512
-86.068878
-0.646949
-85.867714
-0.645876
-85.916527
-0.651240
-85.977684
-0.653923
-85.892921
-0.652850
-85.881119
-0.653923
-85.873611
-0.650704
-86.077461
-0.659287
-85.885414
-0.644267
-85.920815
-0.638902
-85.984657
-0.656068
-85.740578
-0.649095
-85.762032
-0.652313
-85.937981
-0.646949
-86.007187
-0.642121
-86.019524
-0.638902
-86.039375
-0.652313
-86.117691
-0.648558
-86.017914
-0.643194
-85.918671
-0.645876
-85.871468
-0.649631
-85.885414
-0.649095
-85.865028
-0.651240
-85.702484
-0.639439
-85.931549
-0.637829
-86.122520
-0.646412
-85.948715
-0.649631
-86.009865
-0.655532
-85.890778
-0.646412
-85.912239
-0.636756
-86.094627
-0.642121
-86.090332
-0.644803
-85.915993
-0.653923
-85.927795
-0.646949
-86.008255
-0.641584
-85.973389
-0.642121
-85.981438
-0.651240
-86.061905
-0.649095
-86.044739
-0.645876
-85.855911
-0.645876
-85.703026
-0.653923
-85.619339
-0.655532
-85.840889
-0.658214
-85.835526
-0.647485
-85.935303
-0.650168
-85.950859
-0.648558
-85.635429
-0.646412
-85.689613
-0.650168
-85.884880
-0.635684
-85.962662
-0.637829
-85.968025
-0.642657
-86.040443
-0.644267
-85.869858
-0.648558
-85.920815
-0.635147
-85.904724
-0.643194
-85.875221
-0.644803
-85.904190
-0.646949
-86.039375
-0.653923
-86.189041
-0.648558
-86.053322
-0.644803
-85.826408
-0.646949
-85.986801
-0.654996
-85.878975
-0.646949
-85.765785
-0.648558
-85.872002
-0.652313
-85.881660
-0.650704
-85.949783
-0.651777
-86.125206
-0.646949
-85.991089
-0.649631
-85.925110
-0.647485
-85.989479
-0.650168
-85.722870
-0.652313
-85.992165
-0.650168
-85.939590
-0.645340
-85.808167
-0.645876
-86.079605
-0.642121
-86.075310
-0.650168
-86.177238
-0.660896
-86.128960
-0.638366
-86.080681
-0.644267
-86.173485
-0.644267
-86.034004
-0.644267
-85.898285
-0.644803
-86.066193
-0.646949
-86.217468
-0.654996
-85.871468
-0.652313
-85.984657
-0.653386
-85.992165
-0.646412
-85.935837
-0.636756
-86.030792
-0.644803
-86.084969
-0.647485
-85.888092
-0.644803
-85.929939
-0.646949
-85.897217
-0.645340
-85.957298
-0.645340
-86.221764
-0.640512
-86.247513
-0.646949
-86.056000
-0.656605
-85.896141
-0.642657
-86.072632
-0.640512
-86.051712
-0.644803
-86.032936
-0.649631
-85.883804
-0.648558
-85.927795
-0.643194
-86.008797
-0.650168
-86.095695
-0.647485
-86.078529
-0.649095
-86.060829
-0.659287
-86.198158
-0.646412
-86.064583
-0.641584
-85.964272
-0.647485
-85.928329
-0.658214
-86.163292
-0.654996
-86.207275
-0.642121
-86.184212
-0.649095
-86.318321
-0.648022
-86.571526
-0.650704
-86.264137
-0.644267
-86.174553
-0.643194
-86.464767
-0.644267
-86.590294
-0.635684
-86.492126
-0.662506
-86.247513
-0.655532
-86.227661
-0.632465
-86.208885
-0.649631
-86.091942
-0.647485
-86.181526
-0.643730
-86.299545
-0.654459
-86.294182
-0.650168
-86.018990
-0.639439
-86.183678
-0.660896
-86.153633
-0.648558
-86.057076
-0.650704
-86.057076
-0.645876
-86.098381
-0.642121
-86.253410
-0.648558
-86.220688
-0.658214
-86.056000
-0.652850
-85.870926
-0.653923
-85.850006
-0.645876
-85.954613
-0.633001
-85.984116
-0.671625
-86.077995
-0.643194
-86.121445
-0.645876
-86.127884
-0.648022
-86.169731
-0.640512
-86.132179
-0.645340
-86.193871
-0.656068
-86.125206
-0.649631
-85.888092
-0.648022
-85.873611
-0.649095
-85.972855
-0.652313
-86.016838
-0.650168
-86.095161
-0.642657
-86.209427
-0.644803
-85.912239
-0.646412
-85.861275
-0.653923
-86.134857
-0.647485
-86.353729
-0.639975
-86.022743
-0.654459
-85.780273
-0.638902
-86.288818
-0.650168
-86.235710
-0.644803
-86.075851
-0.638902
-86.008797
-0.642121
-85.990021
-0.645876
-85.957832
-0.645876
-85.874687
-0.636756
-86.053856
-0.644267
-86.242683
-0.661969
-86.181526
-0.641048
-86.066193
-0.652850
-86.144516
-0.642657
-86.066193
-0.643194
-85.920815
-0.645876
-86.060829
-0.658214
-86.134857
-0.646949
-86.084969
-0.646412
-86.192261
-0.641584
-86.430977
-0.645876
-86.442238
-0.648558
-86.329048
-0.657678
-86.473892
-0.637829
-86.345146
-0.650168
-86.015236
-0.646949
-86.201912
-0.643194
-86.286133
-0.647485
-86.339241
-0.658214
-86.452431
-0.631929
-86.487297
-0.641584
-86.102669
-0.654996
-86.150955
-0.659287
-86.239464
-0.659823
-86.137543
-0.643730
-86.309204
-0.644267
-86.420242
-0.654459
-86.427223
-0.642657
-86.236786
-0.645876
-86.356407
-0.656605
-86.501785
-0.634611
-86.552750
-0.639439
-86.531288
-0.651240
-86.419174
-0.641584
-86.376259
-0.632465
-86.317245
-0.641584
-86.282379
-0.646949
-86.562401
-0.651777
-86.656815
-0.655532
-86.506073
-0.646949
-86.572594
-0.646949
-86.743187
-0.641584
-86.552208
-0.650168
-86.371964
-0.648558
-86.466919
-0.643194
-86.303299
-0.650168
-86.310272
-0.648022
-86.394493
-0.655532
-86.443314
-0.658214
-86.558647
-0.644803
-86.668617
-0.634074
-86.525925
-0.633538
-86.638039
-0.641048
-86.559181
-0.651777
-86.472282
-0.642121
-86.496422
-0.638902
-86.547920
-0.638902
-86.633217
-0.643730
-86.761955
-0.649095
-86.477112
-0.642121
-86.544701
-0.641584
-86.388062
-0.641048
-86.135399
-0.640512
-86.424004
-0.644803
-86.529144
-0.652313
-86.700806
-0.649095
-86.768936
-0.644803
-86.513054
-0.652313
-86.514122
-0.648558
-86.641258
-0.633001
-86.640724
-0.642121
-86.716896
-0.649095
-86.874077
-0.654996
-86.626778
-0.646949
-86.703484
-0.634074
-86.720116
-0.630856
-86.709923
-0.637829
-86.808090
-0.647485
-86.842964
-0.650168
-86.830620
-0.646412
-86.761955
-0.645876
-86.888023
-0.645876
-86.908409
-0.645876
-86.830620
-0.647485
-86.897682
-0.644803
-86.809700
-0.633538
-86.818825
-0.638902
-86.904114
-0.646949
-86.963127
-0.652313
-86.670761
-0.646949
-86.755524
-0.646949
-86.881584
-0.643730
-86.745331
-0.651777
-86.880516
-0.653923
-86.992096
-0.644267
-87.009262
-0.641584
-86.917526
-0.643194
-86.862274
-0.648558
-86.850471
-0.644803
-86.899826
-0.644267
-86.974388
-0.641048
-86.852081
-0.642121
-86.717972
-0.645340
-87.116013
-0.650704
-87.250122
-0.646949
-87.186821
-0.638366
-86.878906
-0.639439
-86.702415
-0.647485
-86.700806
-0.651240
-86.773758
-0.644267
-86.720116
-0.644803
-87.242073
-0.641584
-86.807556
-0.651777
-86.765175
-0.648558
-86.841354
-0.651777
-86.854767
-0.643194
-86.696510
-0.647485
-86.938988
-0.653923
-86.903046
-0.650168
-86.837601
-0.639439
-86.988876
-0.643194
-87.098305
-0.642121
-87.142830
-0.644267
-87.290352
-0.646412
-86.980827
-0.643194
-86.994240
-0.647485
-86.961517
-0.644267
-87.004433
-0.646949
-87.014084
-0.650168
-86.996384
-0.650168
-87.132103
-0.651240
-86.943275
-0.649095
-86.739967
-0.652313
-86.604248
-0.647485
-86.829552
-0.645876
-87.213646
-0.644267
-87.212570
-0.642657
-87.151413
-0.645340
-87.272118
-0.650704
-87.197014
-0.643194
-86.854225
-0.641048
-86.786636
-0.639975
-87.269432
-0.646412
-87.414268
-0.644267
-87.357948
-0.637293
-87.137466
-0.644803
-86.891243
-0.648558
-86.962585
-0.644267
-87.174484
-0.641048
-87.010330
-0.645340
-87.360626
-0.644803
-87.061295
-0.648558
-86.678810
-0.646949
-86.415955
-0.650704
-86.265747
-0.651240
-85.771149
-0.644267
-85.115616
-0.652313
-84.348511
-0.654459
-83.706383
-0.652313
-83.245049
-0.648558
-82.837891
-0.643730
-82.137833
-0.644803
-81.602463
-0.651777
-80.975899
-0.646412
-80.224342
-0.644803
-80.065018
-0.647485
-80.032295
-0.644803
-80.123489
-0.646949
-79.987236
-0.651777
-80.083260
-0.652313
-80.015129
-0.646949
-80.085938
-0.642121
-80.318222
-0.657678
-80.312859
-0.651240
-80.222733
-0.648022
-80.305885
-0.640512
-80.161041
-0.638366
-79.903015
-0.657141
-79.687904
-0.657678
-79.861168
-0.620663
-80.230782
-0.653923
-80.084869
-0.644267
-79.921257
-0.647485
-80.014061
-0.648558
-79.768364
-0.645340
-80.040878
-0.650168
-80.127785
-0.649631
-79.831131
-0.652313
-80.097206
-0.643730
-80.136368
-0.637829
-79.996353
-0.671089
-80.131538
-0.639439
-80.166946
-0.639439
-80.107933
-0.648022
-80.213081
-0.647485
-80.220589
-0.646949
-80.219513
-0.652313
-80.209862
-0.653923
-80.076820
-0.644803
-80.228096
-0.637829
-80.078964
-0.643730
-80.073601
-0.645340
-80.275307
-0.649631
-80.238289
-0.650168
-80.305885
-0.644267
-80.460381
-0.644803
-80.586441
-0.644803
-80.471107
-0.654996
-80.494171
-0.656068
-80.364891
-0.643194
-79.870293
-0.649631
-80.247414
-0.649631
-79.989922
-0.641048
-80.213615
-0.671625
-80.350410
-0.652313
-80.220055
-0.642121
-80.353622
-0.646949
-80.467354
-0.642121
-80.407272
-0.646949
-80.288177
-0.640512
-80.211472
-0.644803
-80.091843
-0.647485
-80.032829
-0.652850
-80.601997
-0.655532
-80.685684
-0.644803
-80.382591
-0.646949
-79.966850
-0.653923
-79.808601
-0.654459
-80.133148
-0.647485
-79.931442
-0.642657
-80.003326
-0.643194
-80.015129
-0.642657
-79.705605
-0.654996
-79.897110
-0.654996
-79.619240
-0.650168
-79.626213
-0.645876
-79.860100
-0.637829
-79.822014
-0.645340
-79.673416
-0.650168
-79.782852
-0.650704
-80.034439
-0.649631
-79.819328
-0.649631
-79.987236
-0.648558
-79.874580
-0.656605
-80.045708
-0.648022
-79.957733
-0.645340
-79.867607
-0.656068
-79.896576
-0.656605
-80.151924
-0.649631
-80.192154
-0.642657
-79.927689
-0.641584
-79.765686
-0.650168
-79.954514
-0.629783
-80.215225
-0.654996
-80.135292
-0.644267
-79.851517
-0.636756
-80.095062
-0.647485
-79.886383
-0.660896
-79.837029
-0.646949
-80.123489
-0.658214
-80.067703
-0.651240
-79.879410
-0.633538
-80.093987
-0.649631
-80.036591
-0.656068
-80.150314
-0.637829
-80.114906
-0.635147
-79.944321
-0.649631
-80.281746
-0.655532
-80.075752
-0.647485
-80.104713
-0.642657
-80.142265
-0.646949
-80.164795
-0.645876
-80.164795
-0.642657
-80.310173
-0.641048
-81.433479
-0.639975
-81.765541
-0.643194
-82.546066
-0.644803
-83.122734
-0.651240
-83.712288
-0.648558
-84.481010
-0.651777
-85.138153
-0.653923
-85.730385
-0.645340
-85.964806
-0.654996
-86.495346
-0.648022
-86.776978
-0.642657
-86.695442
-0.641584
-86.486229
-0.635147
-86.673447
-0.646949
-86.719582
-0.651240
-86.833305
-0.644267
-86.781807
-0.642121
-86.995308
-0.644803
-87.087044
-0.657678
-86.852615
-0.657141
-86.746399
-0.643194
-87.239929
-0.636756
-87.143372
-0.638902
-87.099915
-0.648022
-86.963661
-0.651777
-87.077927
-0.642121
-87.106888
-0.637293
-86.998528
-0.642121
-87.023743
-0.645340
-86.958298
-0.648558
-86.955612
-0.641584
-86.861740
-0.633001
-86.935226
-0.663042
-87.001213
-0.644803
-87.222229
-0.648558
-87.403542
-0.646412
-87.212036
-0.646412
-87.227592
-0.650168
-86.956688
-0.649631
-87.004433
-0.648558
-87.344002
-0.649631
-87.355797
-0.647485
-87.289284
-0.642657
-87.310738
-0.641584
-87.324684
-0.650704
-87.035545
-0.645876
-87.171799
-0.640512
-88.084824
-0.642121
-88.432976
-0.652850
-88.211960
-0.657141
-88.010796
-0.649631
-87.983437
-0.645876
-88.194260
-0.652850
-88.439949
-0.650168
-88.320320
-0.648558
-88.134712
-0.646949
-88.098236
-0.644267
-88.217323
-0.648558
-87.863274
-0.648558
-87.924431
-0.641584
-88.016159
-0.646949
-88.126129
-0.647485
-88.183533
-0.648558
-88.370209
-0.650704
-88.191574
-0.644803
-88.007042
-0.642121
-87.978607
-0.644267
-88.191574
-0.644267
-87.976997
-0.653923
-87.627243
-0.652850
-88.194260
-0.645340
-88.513443
-0.646412
-88.134712
-0.653923
-87.951248
-0.656605
-88.038689
-0.651240
-88.073563
-0.644803
-88.084290
-0.638902
-88.395958
-0.648022
-88.639503
-0.657141
-88.072487
-0.651777
-87.907799
-0.647485
-87.993629
-0.650168
-88.015083
-0.644803
-87.849861
-0.644803
-88.157242
-0.646412
-88.178169
-0.645340
-88.119156
-0.641584
-88.019913
-0.637829
-87.964661
-0.645876
-88.076241
-0.651240
-88.200157
-0.643194
-88.032249
-0.637293
-87.867027
-0.646412
-87.998459
-0.650168
-87.766182
-0.636756
-87.904579
-0.647485
-88.323006
-0.644803
-88.178703
-0.643194
-88.023132
-0.649095
-87.935158
-0.643730
-88.065514
-0.639439
-88.047272
-0.641048
-88.040298
-0.641584
-88.320862
-0.648558
-88.524704
-0.652313
-88.207672
-0.646949
-88.018845
-0.656605
-88.103065
-0.639975
-88.233421
-0.644803
-88.073563
-0.653386
-88.172798
-0.650168
-87.964127
-0.640512
-87.938377
-0.641584
-88.406693
-0.635147
-88.169044
-0.644803
-88.164757
-0.647485
-88.215714
-0.649631
-88.399719
-0.657678
-88.409904
-0.644803
-88.162605
-0.641584
-88.415810
-0.643194
-88.444237
-0.646412
-88.331589
-0.644803
-88.419563
-0.647485
-88.301544
-0.652313
-88.357872
-0.646949
-88.475357
-0.644267
-88.527924
-0.642121
-88.498955
-0.643730
-88.262924
-0.648558
-88.250046
-0.649631
-88.561188
-0.639975
-88.554214
-0.645876
-88.305305
-0.646412
-88.230736
-0.647485
-88.296722
-0.647485
-88.331589
-0.643194
-88.324615
-0.635147
-88.387917
-0.640512
-88.182457
-0.645340
-88.262390
-0.646412
-88.471596
-0.640512
-88.200699
-0.643194
-88.204453
-0.652850
-88.328369
-0.640512
-88.196404
-0.651777
-88.465164
-0.648558
-88.785957
-0.641048
-88.618050
-0.652313
-88.448532
-0.645876
-88.585861
-0.640512
-88.437805
-0.645340
-88.413124
-0.649631
-88.546165
-0.652850
-88.415276
-0.652850
-88.582108
-0.645340
-88.530609
-0.642121
-88.319252
-0.647485
-88.264000
-0.653923
-88.501640
-0.644267
-88.606247
-0.645876
-88.613754
-0.645876
-88.635750
-0.643194
-88.729630
-0.653923
-88.625023
-0.644803
-88.559578
-0.642121
-88.428680
-0.651240
-88.465164
-0.642121
-88.839600
-0.652313
-88.692078
-0.650168
-88.343391
-0.648558
-88.325684
-0.654996
-88.719437
-0.646949
-88.675987
-0.652313
-88.681885
-0.653923
-88.746254
-0.649631
-88.854080
-0.638902
-88.615364
-0.642657
-88.500031
-0.647485
-88.719971
-0.651240
-88.851936
-0.649631
-88.866417
-0.639975
-88.822433
-0.638366
-88.868027
-0.651777
-88.524170
-0.648558
-88.380943
-0.643194
-88.568695
-0.644267
-88.566551
-0.636220
-88.706558
-0.649095
-88.720505
-0.651777
-88.598732
-0.651777
-88.627701
-0.644267
-88.586395
-0.639439
-88.508614
-0.650168
-88.559036
-0.650168
-88.570305
-0.649631
-88.613220
-0.649631
-88.709778
-0.647485
-88.677055
-0.645876
-88.650230
-0.641584
-88.562256
-0.641584
-88.390060
-0.651777
-88.475357
-0.653386
-88.476425
-0.642121
-88.307983
-0.656605
-88.467842
-0.650168
-88.569229
-0.634074
-88.595520
-0.645876
-88.718895
-0.662506
-88.593369
-0.650168
-88.538116
-0.647485
-88.666862
-0.647485
-88.761818
-0.641584
-88.722656
-0.650168
-88.739281
-0.650168
-88.950645
-0.647485
-88.900215
-0.641584
-88.653450
-0.640512
-88.778984
-0.649631
-88.777908
-0.646949
-88.910408
-0.646412
-88.846039
-0.646949
-88.891632
-0.650168
-88.914703
-0.650168
-88.947960
-0.655532
-88.806877
-0.647485
-88.621803
-0.642657
-88.780052
-0.649631
-88.975853
-0.649095
-88.834236
-0.645340
-88.826187
-0.644267
-88.974785
-0.642657
-89.122307
-0.646412
-88.827797
-0.651240
-88.850327
-0.646949
-88.960297
-0.646949
-88.975853
-0.647485
-88.891632
-0.652850
-89.149124
-0.660896
-89.060074
-0.661433
-88.953323
-0.647485
-89.015015
-0.648558
-89.226906
-0.643194
-89.371208
-0.647485
-89.175949
-0.647485
-89.121765
-0.644267
-89.140541
-0.643730
-89.146980
-0.643730
-89.182381
-0.651777
-89.252121
-0.660896
-88.651840
-0.652850
-88.818680
-0.648022
-89.266609
-0.650168
-89.208672
-0.660896
-89.032181
-0.658214
-89.111572
-0.644803
-89.254807
-0.648558
-89.429688
-0.651240
-89.063828
-0.652313
-88.947426
-0.645876
-89.127670
-0.642657
-89.366920
-0.648022
-89.410370
-0.643730
-89.266068
-0.659287
-89.085289
-0.653923
-89.171120
-0.646949
-89.101379
-0.644803
-88.986046
-0.638902
-88.799904
-0.638902
-88.994629
-0.646949
-89.144295
-0.647485
-89.165215
-0.644267
-89.276260
-0.639439
-89.261238
-0.650168
-89.146446
-0.650168
-89.342781
-0.643194
-89.012329
-0.647485
-88.817604
-0.646949
-89.252655
-0.654996
-89.114792
-0.647485
-89.128204
-0.634074
-89.319176
-0.659287
-89.461868
-0.657678
-89.297180
-0.640512
-89.302544
-0.647485
-89.274117
-0.645340
-89.642654
-0.646949
-89.771400
-0.643194
-89.573448
-0.641584
-89.604027
-0.652850
-89.369064
-0.639975
-89.332054
-0.639439
-89.159851
-0.644267
-89.436661
-0.651240
-89.512299
-0.653923
-89.423248
-0.640512
-89.265533
-0.637829
-89.453285
-0.642121
-89.525169
-0.649631
-89.451141
-0.644267
-89.723122
-0.644803
-89.672691
-0.638366
-89.511223
-0.639439
-89.400177
-0.648558
-89.517128
-0.648022
-89.663033
-0.643194
-89.457581
-0.639439
-89.645866
-0.647485
-89.583641
-0.651240
-89.832016
-0.647485
-89.692543
-0.653923
-89.545021
-0.646949
-89.784805
-0.639975
-89.804657
-0.648558
-89.726334
-0.644803
-89.574524
-0.646949
-89.770325
-0.651240
-89.681274
-0.649631
-89.752083
-0.656605
-89.676445
-0.655532
-89.565407
-0.651240
-89.632462
-0.645876
-89.672157
-0.648558
-89.560036
-0.654996
-89.331512
-0.646412
-89.717751
-0.638366
-89.927505
-0.643194
-89.971489
-0.646412
-89.845428
-0.649095
-89.769791
-0.650168
-89.943062
-0.651777
-89.894241
-0.641584
-89.709709
-0.636756
-89.768715
-0.649631
-89.753693
-0.652313
-89.699516
-0.647485
-89.604027
-0.651240
-89.864204
-0.650168
-89.884590
-0.657141
-89.826118
-0.648558
-89.688789
-0.645876
-89.661964
-0.654996
-89.820747
-0.649631
-90.061073
-0.648558
-90.172119
-0.648558
-90.037476
-0.654996
-89.965591
-0.640512
-89.742966
-0.639975
-89.658211
-0.643194
-89.410912
-0.649095
-89.843285
-0.644267
-90.056786
-0.650168
-89.930183
-0.647485
-89.851326
-0.650704
-89.823967
-0.657678
-89.795540
-0.648558
-89.673225
-0.647485
-89.797150
-0.639439
-89.752625
-0.645876
-89.815926
-0.653923
-89.614754
-0.651777
-89.673225
-0.643194
-89.849182
-0.640512
-89.759056
-0.653923
-89.700050
-0.654459
-89.533752
-0.645876
-89.768181
-0.638902
-89.963448
-0.645876
-89.675911
-0.659287
-89.830940
-0.656605
-90.002602
-0.652850
-89.882980
-0.652313
-89.872246
-0.643194
-89.661430
-0.647485
-89.973099
-0.651240
-90.063759
-0.651240
-89.981682
-0.642657
-89.661964
-0.642121
-89.840599
-0.649631
-89.952713
-0.647485
-90.034790
-0.652313
-90.181778
-0.649631
-90.043907
-0.646949
-89.937691
-0.653923
-89.629242
-0.657678
-89.155029
-0.647485
-89.513367
-0.644267
-89.524101
-0.645876
-89.715607
-0.647485
-89.771400
-0.644803
-89.513908
-0.646949
-89.583641
-0.636756
-89.489769
-0.644267
-89.665718
-0.652850
-89.511757
-0.651240
-89.481720
-0.650168
-89.567551
-0.642121
-89.532684
-0.643730
-89.343857
-0.657678
-89.470993
-0.648022
-89.672157
-0.646949
-89.808952
-0.644267
-89.748863
-0.644267
-89.245148
-0.646412
-89.317032
-0.647485
-89.422707
-0.652850
-89.440948
-0.651240
-89.578812
-0.647485
-89.792854
-0.652850
-89.555748
-0.652313
-89.570229
-0.648558
-89.326691
-0.643194
-89.549309
-0.645876
-89.443634
-0.653386
-89.264999
-0.645876
-89.643188
-0.654996
-89.729019
-0.650168
-89.739212
-0.645876
-89.583641
-0.653923
-89.232811
-0.651777
-89.408226
-0.650704
-89.657135
-0.642657
-89.597054
-0.644803
-89.634071
-0.648022
-89.659821
-0.653923
-89.632462
-0.645876
-89.650696
-0.645876
-89.267677
-0.643194
-89.387306
-0.659287
-90.068047
-0.657678
-89.908730
-0.650168
-89.430756
-0.649631
-89.599739
-0.644267
-89.678055
-0.652313
-89.460800
-0.654459
-89.526245
-0.640512
-89.854546
-0.639975
-90.123306
-0.646949
-89.916771
-0.654996
-89.744576
-0.649631
-89.813774
-0.651777
-89.814850
-0.652313
-89.555214
-0.647485
-89.835770
-0.654996
-90.090584
-0.647485
-89.940376
-0.644267
-89.788025
-0.652850
-89.816994
-0.648558
-89.799828
-0.645876
-89.648018
-0.649631
-89.583641
-0.646412
-89.509613
-0.642657
-89.518196
-0.653923
-89.886192
-0.658214
-89.972023
-0.657678
-89.681808
-0.655532
-89.820747
-0.653386
-90.037476
-0.648022
-89.841133
-0.649631
-89.599197
-0.654996
-89.842743
-0.650168
-89.724724
-0.644803
-89.624413
-0.647485
-89.889412
-0.651777
-89.920525
-0.646949
-89.749405
-0.652313
-89.924820
-0.642121
-90.077171
-0.648022
-89.725266
-0.652313
-89.815926
-0.650168
-89.814850
-0.652313
-89.913017
-0.636756
-90.171585
-0.638902
-90.188751
-0.647485
-89.982216
-0.650168
-89.932327
-0.652313
-90.244003
-0.648558
-90.105598
-0.645876
-89.967201
-0.648558
-89.905510
-0.651777
-89.924820
-0.648558
-89.946281
-0.649631
-89.921600
-0.645876
-89.825577
-0.646412
-89.838989
-0.647485
-89.902824
-0.656605
-89.985977
-0.645340
-90.117943
-0.644267
-90.063759
-0.649631
-90.120087
-0.646949
-89.985977
-0.653923
-90.094872
-0.650168
-90.353973
-0.647485
-90.272972
-0.649631
-90.034790
-0.643194
-89.854012
-0.647485
-90.002068
-0.650704
-89.973099
-0.644267
-89.977394
-0.653386
-90.023521
-0.656605
-90.397423
-0.649095
-90.163536
-0.640512
-89.966660
-0.645340
-90.228981
-0.647485
-90.317497
-0.645876
-90.333588
-0.649631
-90.313744
-0.652850
-90.232735
-0.650168
-90.232735
-0.652313
-90.324471
-0.649631
-90.136711
-0.652850
-89.908188
-0.654996
-89.916237
-0.648558
-90.089508
-0.651777
-89.899605
-0.654996
-89.987045
-0.652313
-90.137787
-0.650168
-90.183388
-0.644803
-90.177483
-0.652313
-90.262245
-0.650168
-90.187675
-0.650168
-90.167290
-0.646949
-90.249901
-0.646412
-90.322327
-0.645876
-90.244537
-0.648022
-90.152275
-0.652313
-90.186066
-0.645876
-90.045517
-0.642657
-90.064293
-0.652850
-89.882980
-0.653386
-89.851860
-0.652313
-90.165680
-0.642121
-90.330910
-0.639439
-90.241318
-0.651777
-90.360413
-0.650168
-90.151733
-0.650704
-90.264923
-0.646412
-90.340561
-0.650168
-90.283165
-0.656605
-90.198944
-0.657678
-90.145294
-0.655532
-90.323936
-0.651240
-90.357193
-0.648558
-90.578743
-0.649631
-90.450531
-0.649631
-90.384552
-0.652850
-90.412445
-0.641584
-90.615219
-0.646412
-90.686028
-0.651240
-90.512764
-0.662506
-90.785812
-0.635684
-90.598595
-0.624418
-90.488617
-0.655532
-90.557281
-0.653386
-90.695686
-0.652850
-90.555672
-0.653923
-90.260635
-0.644267
-90.483253
-0.645340
-90.540115
-0.649095
-90.401718
-0.641584
-90.278870
-0.649631
-90.555138
-0.645876
-90.773468
-0.642657
-90.709099
-0.644267
-90.664574
-0.644267
-90.530464
-0.648558
-90.364700
-0.649631
-90.330368
-0.651777
-90.482719
-0.652850
-90.489693
-0.644803
-90.431221
-0.654459
-90.690323
-0.646949
-90.699440
-0.640512
-90.878616
-0.654996
-90.668861
-0.653923
-90.270287
-0.641584
-90.395813
-0.643194
-90.542801
-0.652850
-90.733238
-0.652850
-90.780441
-0.649095
-90.647408
-0.654996
-90.551918
-0.656605
-90.522415
-0.656605
-90.382408
-0.653923
-90.537437
-0.645876
-90.497200
-0.646412
-90.442490
-0.638366
-90.605568
-0.641584
-90.474136
-0.652313
-90.249367
-0.647485
-90.252052
-0.658214
-90.630241
-0.658214
-90.705345
-0.645876
-90.708565
-0.650168
-90.762741
-0.657141
-90.706413
-0.658214
-90.750404
-0.652313
-90.837845
-0.649631
-90.619514
-0.653923
-90.772400
-0.654996
-90.784203
-0.652313
-90.705879
-0.639439
-90.671547
-0.644267
-90.769180
-0.650168
-90.617905
-0.648022
-90.641502
-0.648022
-90.648483
-0.651777
-90.521339
-0.652850
-90.857689
-0.645876
-90.824432
-0.653923
-90.650627
-0.652313
-90.716606
-0.648022
-90.672623
-0.647485
-90.422104
-0.656605
-90.468773
-0.653923
-90.768105
-0.654996
-90.850716
-0.650168
-90.970345
-0.646412
-91.015945
-0.654459
-90.845894
-0.656068
-90.783127
-0.649095
-90.903290
-0.645876
-91.013794
-0.643194
-91.055099
-0.655532
-90.914558
-0.658214
-90.900604
-0.651777
-90.904900
-0.647485
-91.006821
-0.645876
-90.697296
-0.649631
-90.845894
-0.644267
-90.914017
-0.649631
-90.670471
-0.653923
-90.763275
-0.647485
-90.713387
-0.655532
-90.600739
-0.653386
-90.616295
-0.649631
-90.668861
-0.640512
-90.944595
-0.643194
-91.050278
-0.651240
-90.790634
-0.654996
-90.632927
-0.653923
-90.687637
-0.654459
-90.901146
-0.657141
-91.072266
-0.654996
-91.005211
-0.649095
-90.914017
-0.650168
-91.011650
-0.650168
-90.955322
-0.649095
-90.803513
-0.651777
-91.079247
-0.649095
-91.204773
-0.648558
-91.021843
-0.646412
-90.938698
-0.647485
-90.883438
-0.654459
-90.904366
-0.648558
-90.668861
-0.649631
-90.840523
-0.648022
-90.894173
-0.641048
-91.134499
-0.676453
-91.069588
-0.661969
-91.050278
-0.652850
-90.911339
-0.635684
-90.574448
-0.647485
-90.843742
-0.658214
-91.061005
-0.653386
-91.182777
-0.649631
-90.972488
-0.647485
-91.176338
-0.645876
-91.175804
-0.650704
-90.873787
-0.649631
-90.638290
-0.652850
-90.641502
-0.645876
-91.064224
-0.639439
-91.244469
-0.652313
-90.967659
-0.647485
-91.010040
-0.644803
-90.907585
-0.651240
-90.925819
-0.650168
-90.854477
-0.649631
-91.039009
-0.644803
-91.172585
-0.640512
-90.968735
-0.649631
-90.884514
-0.649095
-91.077637
-0.651240
-91.770180
-0.654996
-91.842064
-0.655532
-91.889267
-0.654996
-92.101166
-0.650704
-92.383873
-0.649631
-92.869888
-0.649631
-92.807655
-0.651777
-92.840378
-0.648022
-93.110748
-0.643730
-93.078560
-0.644267
-93.054955
-0.642121
-92.955177
-0.640512
-93.195503
-0.644803
-93.177803
-0.647485
-93.219643
-0.645876
-93.195503
-0.653923
-93.096260
-0.648022
-92.985222
-0.643194
-93.117722
-0.647485
-93.379509
-0.645340
-93.363411
-0.652850
-93.376289
-0.654996
-93.326935
-0.647485
-93.228767
-0.642657
-93.300110
-0.654996
-93.512543
-0.654459
-93.466408
-0.651240
-93.462120
-0.646949
-93.304939
-0.652850
-93.160637
-0.657678
-93.225014
-0.650704
-93.374138
-0.651240
-93.089828
-0.639439
-93.191750
-0.637829
-93.419205
-0.647485
-93.245934
-0.652850
-93.065689
-0.647485
-93.586571
-0.649095
-93.377899
-0.652313
-93.230377
-0.651240
-93.235199
-0.650168
-93.268463
-0.654996
-93.379509
-0.652313
-93.441734
-0.648022
-93.320496
-0.644267
-93.373604
-0.645876
-93.662743
-0.651240
-93.668648
-0.650168
-93.565117
-0.645876
-93.480354
-0.646949
-93.414909
-0.651240
-93.537758
-0.661969
-93.273827
-0.653923
-93.588715
-0.648022
-93.975494
-0.646949
-94.003387
-0.645876
-94.193291
-0.643194
-94.325249
-0.638902
-94.388550
-0.642657
-94.326859
-0.650168
-94.121941
-0.658751
-94.090294
-0.661969
-94.157349
-0.643194
-94.153053
-0.642121
-94.205627
-0.646949
-94.264099
-0.653923
-94.361191
-0.645340
-94.098877
-0.642657
-94.067223
-0.652313
-94.110138
-0.652313
-93.985687
-0.646949
-94.081169
-0.649631
-94.172905
-0.645876
-94.266777
-0.647485
-94.235664
-0.652313
-94.104774
-0.646949
-93.995338
-0.646949
-94.157349
-0.649631
-94.324715
-0.645876
-94.305939
-0.640512
-94.178802
-0.642657
-94.004463
-0.648558
-93.922920
-0.649095
-94.099411
-0.645340
-94.214745
-0.651240
-94.248543
-0.654996
-94.162170
-0.653923
-94.135353
-0.643194
-94.232445
-0.641584
-94.103699
-0.645340
-94.261414
-0.653923
-94.592934
-0.655532
-94.378357
-0.652850
-94.488327
-0.651777
-94.554314
-0.650168
-94.303261
-0.653386
-94.324715
-0.649631
-94.234596
-0.645876
-94.155197
-0.645876
-94.287704
-0.651777
-94.398209
-0.658214
-94.362801
-0.652313
-94.280190
-0.650168
-94.361191
-0.645876
-94.388016
-0.649631
-94.398743
-0.659287
-94.265709
-0.658751
-94.170753
-0.644267
-94.470093
-0.645340
-94.413765
-0.651240
-94.249611
-0.647485
-94.077950
-0.647485
-94.180946
-0.644803
-94.249611
-0.644267
-94.243179
-0.641048
-94.173439
-0.650704
-94.429321
-0.656605
-94.479210
-0.648558
-94.103165
-0.652850
-94.204018
-0.653923
-94.323105
-0.651240
-94.190605
-0.646949
-94.131599
-0.652313
-94.239418
-0.659287
-94.090294
-0.654996
-94.052200
-0.658214
-94.324715
-0.656068
-94.529099
-0.646949
-94.399818
-0.650168
-94.170219
-0.648558
-94.183632
-0.652850
-94.172905
-0.655532
-94.105309
-0.646949
-94.149834
-0.644803
-94.283409
-0.649631
-94.482964
-0.652313
-94.689499
-0.654996
-94.620834
-0.649095
-94.487259
-0.647485
-94.458824
-0.657141
-94.357437
-0.660360
-94.292526
-0.655532
-94.261414
-0.646949
-94.214745
-0.650168
-94.357979
-0.656068
-94.339203
-0.654996
-94.250153
-0.649631
-94.288239
-0.642121
-94.337051
-0.641584
-94.347244
-0.648558
-94.385330
-0.660360
-94.242104
-0.660896
-94.151443
-0.656605
-94.153587
-0.651240
-94.197044
-0.657678
-93.774864
-0.653923
-93.175659
-0.654996
-92.523346
-0.647485
-92.919777
-0.644803
-92.828041
-0.656068
-92.731483
-0.663579
-92.424103
-0.661969
-92.553383
-0.643730
-92.663895
-0.637829
-92.580742
-0.644267
-92.441803
-0.647485
-92.528709
-0.648558
-92.767426
-0.642121
-92.633850
-0.644267
-92.523346
-0.649631
-92.696617
-0.658214
-92.515297
-0.656605
-92.758308
-0.649095
-92.725044
-0.649095
-92.660675
-0.652313
-92.595764
-0.648558
-92.568939
-0.653386
-92.694466
-0.650168
-92.875252
-0.652313
-92.618294
-0.655532
-92.503494
-0.649095
-92.592010
-0.656068
-92.671402
-0.651777
-92.554459
-0.649631
-92.251366
-0.650704
-92.743286
-0.652850
-92.703049
-0.652313
-92.197723
-0.646949
-92.383331
-0.647485
-92.318420
-0.654996
-92.515831
-0.652850
-92.596840
-0.653386
-92.502960
-0.646949
-92.520126
-0.648022
-92.626877
-0.652313
-92.428391
-0.652850
-92.201477
-0.653923
-92.322716
-0.650704
-92.539970
-0.649631
-92.425713
-0.653923
-92.337738
-0.656068
-92.535683
-0.655532
-92.300720
-0.657141
-92.163925
-0.653923
-92.873642
-0.644803
-93.490547
-0.647485
-93.757698
-0.651240
-93.918633
-0.649631
-94.451851
-0.649631
-95.069298
-0.652850
-95.991440
-0.658751
-96.754807
-0.654996
-97.152847
-0.644803
-97.999352
-0.645340
-98.662392
-0.644803
-99.077599
-0.650168
-99.222435
-0.656605
-99.234238
-0.648558
-99.215462
-0.643194
-99.256767
-0.648022
-99.502998
-0.643194
-99.769608
-0.651240
-99.330261
-0.647485
-99.406433
-0.649095
-99.563614
-0.647485
-99.506218
-0.650704
-99.279839
-0.655532
-99.309875
-0.646949
-99.526596
-0.651777
-99.691826
-0.657141
-99.435944
-0.649631
-99.331871
-0.649631
-99.442375
-0.646949
-99.371033
-0.644267
-99.441307
-0.651777
-99.505142
-0.649095
-99.378006
-0.648558
-99.105492
-0.640512
-98.904861
-0.646949
-99.194008
-0.655532
-99.355476
-0.656068
-98.956902
-0.651240
-99.062576
-0.648558
-99.028244
-0.646412
-99.243355
-0.652850
-99.065262
-0.654996
-99.155380
-0.653923
-99.301834
-0.648022
-99.286812
-0.646949
-99.593658
-0.650168
-99.459541
-0.643194
-99.529816
-0.647485
-99.220825
-0.644267
-99.363518
-0.643730
-99.646225
-0.649095
-99.588829
-0.657141
-99.437012
-0.652313
-99.549667
-0.643194
-99.477783
-0.649631
-99.574883
-0.648022
-99.733665
-0.647485
-99.474030
-0.648022
-99.631203
-0.648558
-99.639252
-0.650704
-99.380684
-0.644803
-99.301834
-0.651777
-99.233704
-0.648558
-99.411263
-0.646412
-99.507828
-0.644803
-99.522308
-0.658214
-99.290565
-0.654996
-99.051849
-0.650168
-99.258377
-0.642657
-99.320068
-0.644267
-99.560394
-0.646949
-99.405365
-0.650704
-99.021271
-0.650168
-99.144653
-0.646412
-99.558784
-0.648022
-99.426285
-0.645340
-99.362450
-0.652850
-99.780334
-0.646949
-100.110786
-0.641048
-99.756195
-0.646949
-99.427361
-0.652850
-99.846855
-0.652313
-99.920883
-0.651777
-99.774971
-0.648558
-99.975601
-0.647485
-99.918739
-0.649631
-99.802330
-0.649631
-99.693436
-0.652850
-99.735809
-0.641584
-99.671440
-0.648022
-99.483681
-0.653923
-99.486900
-0.651240
-99.526596
-0.649095
-99.946632
-0.650704
-99.806084
-0.650704
-99.719185
-0.640512
-99.859726
-0.644267
-99.547523
-0.649631
-99.591507
-0.644267
-99.486900
-0.643194
-99.551811
-0.640512
-99.506752
-0.653386
-99.784630
-0.648022
-99.601700
-0.643194
-99.565758
-0.650168
-99.827003
-0.648558
-99.759949
-0.648022
-99.529282
-0.645876
-99.176842
-0.642121
-99.530357
-0.647485
-99.762100
-0.652850
-99.795357
-0.656605
-99.854362
-0.652850
-99.749756
-0.645876
-99.475639
-0.645340
-99.547523
-0.647485
-99.552345
-0.650704
-99.463303
-0.655532
-99.770683
-0.645876
-99.881187
-0.649631
-99.938583
-0.650704
-99.756729
-0.652313
-99.272324
-0.650704
-99.317924
-0.643730
-99.561470
-0.646412
-99.737419
-0.653923
-100.071625
-0.656605
-99.961655
-0.653386
-99.718109
-0.645876
-99.455254
-0.643194
-99.511040
-0.645876
-99.701477
-0.647485
-99.531967
-0.653923
-99.557716
-0.645876
-99.402145
-0.650168
-99.583466
-0.653923
-99.505142
-0.651777
-99.494949
-0.649631
-99.464905
-0.644803
-99.456329
-0.645340
-99.582924
-0.652313
-99.847931
-0.651240
-99.677338
-0.644803
-99.592583
-0.642121
-99.434334
-0.650168
-99.288956
-0.652850
-99.393028
-0.650168
-99.321144
-0.646412
-99.462227
-0.635684
-99.712212
-0.642657
-99.536789
-0.648022
-99.504608
-0.644803
-99.437553
-0.648558
-99.462227
-0.651777
-99.622086
-0.651240
-99.704163
-0.645876
-99.629059
-0.644267
-99.688606
-0.645340
-99.767998
-0.642121
-99.575417
-0.647485
-99.756729
-0.646949
-99.483147
-0.653386
-99.380684
-0.653923
-99.401611
-0.648022
-99.468666
-0.644803
-99.630669
-0.645340
-99.615112
-0.651240
-99.494415
-0.652313
-99.498169
-0.641584
-99.624771
-0.642657
-99.427361
-0.651240
-99.375320
-0.656605
-99.587753
-0.649095
-99.403221
-0.638366
-99.345284
-0.639975
-99.352257
-0.641048
-99.467590
-0.654996
-99.462227
-0.657141
-99.572197
-0.648558
-99.754585
-0.649631
-99.721863
-0.648022
-99.253548
-0.652850
-99.448280
-0.659823
-99.685921
-0.650168
-99.860802
-0.647485
-99.968094
-0.650168
-99.957359
-0.646949
-99.800186
-0.645340
-99.848465
-0.643194
-99.769608
-0.647485
-99.925713
-0.646412
-100.112396
-0.645876
-100.139755
-0.649631
-100.101128
-0.644267
-99.824326
-0.653386
-99.838272
-0.647485
-99.957359
-0.645876
-99.690216
-0.651240
-99.740105
-0.644803
-99.794823
-0.644267
-99.832909
-0.651240
-99.630135
-0.644803
-99.649445
-0.653923
-99.751366
-0.647485
-99.668755
-0.647485
-99.985260
-0.648022
-100.028175
-0.650168
-99.810913
-0.653386
-99.752975
-0.648558
-100.108101
-0.651240
-99.861877
-0.656068
-99.679489
-0.649095
-99.904793
-0.655532
-99.789459
-0.654996
-99.553955
-0.640512
-99.451500
-0.648558
-99.515869
-0.652313
-99.604919
-0.660360
-99.726692
-0.652850
-99.559326
-0.646949
-99.553955
-0.643730
-99.515869
-0.652313
-99.694504
-0.659287
-99.620476
-0.646949
-99.409653
-0.648558
-99.568977
-0.649095
-99.709526
-0.651777
-99.501389
-0.652850
-99.572197
-0.651240
-99.648369
-0.649631
-99.664467
-0.646412
-99.699867
-0.651777
-99.145187
-0.652850
-98.610893
-0.643730
-98.054604
-0.636220
-97.342209
-0.642121
-96.524132
-0.650704
-95.568184
-0.645876
-94.654625
-0.646412
-94.196503
-0.645340
-93.972275
-0.642121
-93.355362
-0.658214
-92.816238
-0.659287
-92.801224
-0.649095
-92.752937
-0.644803
-92.637604
-0.650168
-92.775475
-0.650168
-92.971809
-0.652313
-93.088753
-0.643194
-92.960007
-0.641584
-92.940697
-0.647485
-92.777084
-0.650704
-92.719147
-0.646949
-92.927818
-0.645876
-92.797462
-0.643730
-92.982536
-0.642121
-92.715393
-0.646949
-92.575378
-0.644267
-92.560898
-0.637829
-92.869888
-0.645876
-92.814629
-0.649095
-92.818390
-0.650704
-92.760986
-0.656605
-92.526024
-0.648022
-92.558746
-0.643730
-92.585571
-0.637829
-92.542656
-0.644803
-92.564651
-0.659287
-92.455750
-0.645876
-92.500275
-0.644803
-92.525490
-0.648558
-92.439125
-0.651240
-92.470772
-0.651777
-92.786736
-0.648022
-92.727196
-0.642121
-92.574303
-0.647485
-92.286774
-0.657678
-92.412300
-0.654459
-92.736313
-0.653386
-92.959473
-0.654459
-92.867203
-0.651240
-92.636536
-0.655532
-92.557678
-0.661969
-92.496521
-0.644803
-92.769035
-0.644803
-93.034576
-0.651240
-92.841988
-0.652313
-92.837166
-0.649631
-92.836090
-0.644803
-92.800682
-0.642121
-93.027596
-0.650168
-93.187462
-0.644267
-93.066757
-0.645876
-92.817848
-0.646949
-92.900459
-0.646949
-92.917625
-0.646949
-92.898315
-0.649095
-92.766891
-0.657678
-92.910118
-0.652313
-93.079094
-0.645876
-92.826431
-0.652313
-92.859695
-0.653923
-92.699837
-0.652313
-92.857544
-0.646949
-93.045303
-0.645876
-93.105385
-0.647485
-92.951424
-0.656605
-92.689644
-0.653386
-92.593079
-0.649631
-92.604347
-0.644803
-93.319420
-0.651240
-93.273293
-0.661969
-92.690178
-0.655532
-92.616150
-0.650704
-92.715393
-0.646412
-93.164925
-0.644267
-93.178879
-0.653386
-93.008827
-0.651240
-93.030281
-0.650168
-92.826431
-0.653923
-92.590401
-0.652313
-92.750259
-0.649095
-93.080704
-0.654996
-93.013115
-0.648558
-92.949280
-0.650168
-92.877396
-0.646949
-92.850037
-0.657141
-92.758308
-0.663579
-92.959473
-0.646949
-92.963760
-0.644803
-92.798004
-0.642121
-92.621513
-0.646949
-92.836624
-0.656068
-92.885445
-0.646949
-92.816780
-0.647485
-93.278656
-0.648558
-93.325859
-0.654996
-92.943375
-0.658751
-92.839844
-0.654996
-92.859154
-0.644267
-92.898857
-0.645340
-92.907433
-0.650704
-92.971275
-0.648558
-93.006142
-0.643194
-93.025993
-0.646949
-92.864525
-0.645876
-92.935867
-0.645876
-93.207306
-0.651240
-93.113426
-0.648558
-92.800148
-0.649631
-92.928360
-0.651240
-93.198189
-0.655532
-93.204628
-0.657141
-92.999702
-0.653386
-93.086075
-0.652313
-92.777084
-0.649631
-92.602203
-0.656068
-92.672478
-0.652313
-92.778694
-0.652313
-92.873642
-0.652850
-93.038864
-0.646412
-92.786736
-0.654996
-92.941765
-0.652850
-92.961082
-0.647485
-93.121475
-0.650168
-93.210526
-0.653923
-93.355904
-0.654459
-93.104309
-0.654996
-92.975029
-0.650168
-93.201942
-0.653923
-93.267921
-0.647485
-93.318352
-0.657678
-93.137573
-0.654459
-93.117722
-0.652850
-93.182091
-0.645876
-92.984688
-0.646949
-93.133812
-0.658214
-93.334442
-0.652313
-93.226082
-0.642121
-93.285629
-0.651240
-93.236809
-0.653386
-93.266319
-0.656605
-93.321030
-0.657678
-93.284019
-0.655532
-93.464798
-0.652850
-93.617683
-0.651240
-93.454605
-0.649631
-93.162781
-0.654459
-93.193893
-0.652313
-93.281876
-0.654459
-93.197655
-0.648558
-92.959473
-0.653386
-93.247543
-0.649631
-93.400963
-0.648022
-93.248611
-0.641584
-93.323181
-0.639975
-93.265778
-0.650168
-93.182091
-0.650168
-93.189072
-0.641584
-93.229836
-0.646949
-93.109673
-0.641048
-93.263634
-0.648558
-93.225014
-0.650168
-93.379509
-0.645340
-93.382187
-0.650704
-93.144547
-0.653923
-93.111282
-0.659287
-93.229301
-0.655532
-93.372528
-0.651777
-93.197113
-0.646949
-93.377357
-0.644803
-93.358047
-0.654996
-93.177269
-0.654996
-93.338196
-0.649095
-93.218575
-0.652850
-93.289383
-0.652850
-93.465340
-0.659287
-93.532394
-0.653923
-93.570480
-0.651777
-93.462654
-0.653386
-93.202477
-0.647485
-93.295822
-0.654459
-93.565651
-0.650704
-93.352684
-0.641584
-93.271683
-0.640512
-93.273827
-0.641584
-93.095192
-0.649631
-93.424568
-0.653923
-93.228767
-0.650168
-93.131134
-0.649631
-93.510399
-0.648558
-93.293137
-0.655532
-93.405251
-0.654996
-93.379509
-0.648558
-93.264709
-0.644267
-93.100021
-0.652850
-93.335518
-0.656605
-93.448708
-0.658214
-93.474991
-0.651777
-93.418129
-0.654459
-93.630020
-0.660360
-93.414375
-0.658214
-93.265244
-0.652313
-93.405792
-0.646949
-93.574768
-0.643730
-93.538292
-0.652313
-93.411690
-0.654996
-93.392380
-0.656605
-93.167076
-0.648558
-93.302795
-0.643194
-93.376289
-0.648558
-93.493233
-0.648022
-93.503960
-0.659287
-93.255585
-0.652850
-93.401497
-0.645876
-93.322105
-0.649631
-93.326935
-0.636756
-93.224472
-0.655532
-93.407402
-0.654459
-93.384872
-0.647485
-93.377899
-0.644803
-93.381111
-0.655532
-93.316208
-0.653386
-93.322105
-0.648558
-93.496452
-0.646412
-93.347321
-0.645876
-93.498596
-0.649631
-93.630020
-0.650168
-93.530243
-0.652850
-93.649872
-0.647485
-93.631096
-0.642657
-93.531319
-0.647485
-93.545799
-0.648022
-93.573158
-0.653386
-93.700294
-0.650168
-93.785057
-0.650168
-93.714783
-0.656605
-93.724976
-0.652313
-93.671867
-0.650704
-93.297432
-0.645340
-93.257736
-0.649631
-93.615005
-0.649631
-93.512009
-0.652313
-93.577988
-0.652850
-93.528099
-0.648022
-93.630020
-0.646949
-93.893951
-0.655532
-93.391304
-0.650168
-93.241104
-0.646949
-93.804367
-0.645876
-93.903610
-0.641584
-93.452461
-0.645876
-92.784058
-0.649631
-92.486328
-0.645876
-91.987442
-0.643194
-91.437050
-0.641584
-90.801903
-0.650704
-90.164612
-0.655532
-89.481720
-0.652850
-88.922211
-0.649631
-88.095551
-0.645876
-87.660500
-0.647485
-87.141762
-0.658751
-86.695442
-0.657678
-86.724411
-0.651240
-87.000679
-0.646412
-87.016769
-0.660896
-86.835991
-0.658214
-86.856911
-0.650168
-86.873543
-0.655532
-86.797363
-0.650168
-86.949715
-0.651240
-86.921822
-0.649631
-87.116547
-0.645876
-86.854767
-0.642657
-86.766251
-0.645876
-86.829018
-0.657678
-87.070412
-0.659287
-87.172340
-0.649631
-87.268898
-0.647485
-86.993164
-0.647485
-86.923965
-0.659287
-86.936836
-0.649095
-86.699196
-0.647485
-86.903580
-0.649095
-87.428757
-0.650704
-87.371361
-0.657678
-87.171265
-0.650168
-87.235100
-0.643730
-87.124596
-0.645876
-87.002823
-0.644267
-86.942207
-0.649631
-87.078995
-0.654996
-87.074165
-0.646412
-86.985657
-0.657678
-86.891243
-0.653923
-86.579567
-0.653923
-86.742111
-0.649631
-86.829552
-0.647485
-86.869781
-0.655532
-86.849937
-0.646949
-87.091873
-0.649631
-86.776978
-0.656605
-86.315636
-0.651240
-86.228737
-0.656068
-86.042053
-0.637293
-86.027573
-0.654459
-86.011475
-0.647485
-85.901505
-0.650168
-85.662788
-0.653386
-85.959976
-0.645876
-86.225517
-0.654996
-86.272728
-0.650168
-85.826942
-0.650168
-85.533508
-0.644267
-85.776512
-0.642657
-85.711609
-0.645340
-85.796364
-0.649631
-86.093018
-0.639975
-85.796898
-0.650704
-85.729309
-0.648558
-85.774910
-0.649095
-85.910629
-0.653923
-85.730919
-0.649631
-85.915451
-0.653923
-86.038300
-0.652313
-85.856979
-0.646949
-85.788857
-0.644267
-85.668152
-0.646949
-85.699806
-0.647485
-85.909019
-0.645876
-86.075310
-0.650168
-85.918671
-0.650168
-85.745399
-0.645876
-86.015770
-0.650168
-85.889702
-0.649631
-85.841965
-0.656068
-85.675667
-0.656605
-85.506149
-0.653923
-85.513657
-0.650168
-85.844109
-0.645876
-85.766319
-0.646949
-85.799583
-0.651240
-85.910629
-0.650704
-86.018990
-0.645876
-85.921356
-0.646412
-85.867172
-0.656605
-85.843033
-0.656068
-85.713219
-0.652313
-85.971245
-0.644803
-85.999138
-0.652313
-86.010941
-0.656068
-86.148804
-0.657141
-85.993774
-0.650168
-86.016304
-0.652313
-86.094627
-0.653386
-86.007187
-0.657678
-86.062439
-0.651240
-86.142906
-0.643194
-85.730385
-0.644267
-85.649376
-0.648558
-85.590904
-0.653386
-85.536728
-0.652850
-85.423538
-0.649631
-85.347900
-0.650704
-85.108109
-0.646412
-85.127960
-0.658214
-85.387062
-0.657141
-85.235245
-0.648558
-85.171410
-0.648558
-84.942345
-0.643194
-85.110794
-0.650168
-85.244362
-0.654459
-85.122597
-0.657678
-84.837204
-0.641584
-85.022278
-0.649095
-84.636574
-0.657678
-84.766930
-0.665188
-84.920891
-0.648558
-84.852226
-0.650168
-85.085579
-0.646949
-85.241684
-0.645340
-85.118835
-0.655532
-84.969704
-0.649631
-84.992241
-0.649631
-85.167656
-0.651777
-85.118301
-0.651240
-85.206276
-0.652850
-85.295326
-0.653386
-85.149948
-0.647485
-85.050713
-0.648022
-84.832375
-0.656605
-84.913383
-0.652850
-85.066269
-0.659287
-84.829163
-0.656605
-84.940742
-0.645876
-85.136002
-0.647485
-85.362923
-0.648558
-85.134392
-0.650168
-85.178383
-0.648558
-85.023354
-0.644803
-84.982582
-0.658214
-85.374718
-0.657141
-85.596809
-0.658214
-85.318398
-0.643194
-85.033546
-0.642121
-85.041054
-0.653923
-85.093628
-0.659287
-85.611290
-0.654996
-85.610756
-0.650168
-85.521706
-0.648022
-85.585007
-0.654996
-85.303375
-0.652850
-85.123665
-0.652850
-85.296402
-0.645876
-85.677277
-0.655532
-85.603783
-0.658751
-85.699265
-0.663579
-85.528679
-0.651240
-85.421928
-0.639439
-85.512589
-0.642121
-85.463768
-0.655532
-85.634895
-0.651240
-85.612900
-0.636220
-85.911163
-0.633001
-85.707848
-0.649095
-85.705704
-0.660360
-85.574280
-0.658214
-85.389740
-0.657141
-85.528679
-0.649095
-85.572128
-0.654459
-85.783485
-0.659287
-85.902580
-0.653923
-85.792610
-0.652313
-85.635971
-0.648558
-85.571060
-0.650168
-85.528679
-0.656605
-85.587685
-0.659287
-85.696587
-0.655532
-85.644554
-0.649631
-85.556572
-0.649095
-85.499176
-0.659287
-85.507759
-0.646949
-85.509903
-0.639439
-85.715363
-0.643194
-85.718582
-0.661433
-85.881660
-0.658751
-85.510979
-0.658751
-85.288887
-0.650168
-85.217003
-0.642657
-85.306053
-0.647485
-85.438560
-0.656605
-85.325905
-0.658214
-85.317322
-0.651240
-85.613976
-0.652313
-85.537796
-0.651240
-85.066803
-0.658214
-85.136543
-0.655532
-85.751839
-0.655532
-86.819359
-0.649631
-87.699661
-0.653923
-88.139008
-0.661969
-88.977997
-0.654459
-89.973633
-0.649631
-90.530464
-0.649631
-91.591011
-0.652850
-92.115112
-0.652850
-92.403717
-0.654459
-92.424637
-0.650168
-92.431076
-0.653923
-92.802834
-0.653923
-92.772789
-0.657678
-92.845207
-0.650704
-92.825897
-0.648558
-92.904221
-0.644803
-92.924599
-0.650704
-92.880081
-0.651240
-92.920311
-0.651777
-93.094658
-0.651240
-93.050667
-0.655532
-92.768501
-0.649095
-92.668716
-0.649631
-92.670868
-0.650168
-92.729874
-0.646949
-92.904221
-0.648558
-92.933723
-0.644803
-92.717003
-0.650704
-92.833946
-0.651777
-92.919235
-0.652313
-93.068367
-0.651240
-93.085533
-0.651777
-93.124695
-0.647485
-93.318886
-0.649631
-92.927284
-0.649095
-92.858086
-0.648558
-92.896172
-0.644267
-93.198189
-0.651240
-93.137032
-0.656605
-93.186386
-0.657678
-93.292603
-0.644803
-93.117188
-0.654996
-92.890266
-0.656068
-93.009895
-0.646949
-93.343025
-0.648558
-93.181023
-0.648558
-92.901535
-0.646949
-93.062469
-0.655532
-93.015800
-0.658751
-92.487404
-0.654996
-92.274971
-0.647485
-93.057640
-0.643194
-93.058716
-0.654996
-92.809807
-0.650704
-92.904221
-0.645876
-92.961082
-0.641048
-92.780296
-0.641584
-92.729874
-0.652850
-92.579674
-0.652850
-92.433762
-0.646949
-92.675156
-0.650168
-92.953033
-0.645876
-92.959473
-0.652850
-92.816238
-0.654996
-92.786736
-0.655532
-92.793175
-0.646412
-93.002922
-0.652850
-92.791565
-0.646412
-92.607033
-0.651240
-92.729874
-0.651777
-92.818390
-0.649631
-92.743820
-0.645876
-92.809265
-0.650168
-92.917625
-0.649631
-92.912262
-0.645876
-92.939621
-0.656605
-93.133812
-0.652313
-92.506714
-0.650704
-92.634384
-0.652313
-92.997025
-0.643730
-92.939621
-0.641048
-93.083923
-0.643194
-92.950356
-0.652313
-92.962692
-0.653923
-92.891342
-0.647485
-92.833405
-0.637829
-92.869347
-0.647485
-92.908508
-0.657141
-92.949814
-0.658751
-93.166534
-0.655532
-93.178337
-0.652313
-93.303864
-0.653386
-93.175117
-0.652850
-92.912804
-0.657141
-92.867737
-0.657678
-92.851112
-0.651240
-92.949814
-0.645876
-93.033501
-0.649631
-92.999702
-0.652313
-93.003998
-0.649631
-92.855934
-0.644803
-92.901535
-0.646412
-92.770103
-0.655532
-92.581276
-0.661969
-92.640289
-0.655532
-92.835014
-0.643194
-92.835014
-0.649631
-92.968590
-0.660360
-92.801758
-0.652850
-92.793709
-0.653923
-92.696617
-0.646949
-92.902611
-0.645876
-92.980927
-0.649631
-92.968056
-0.652313
-92.891876
-0.645340
-92.906898
-0.642121
-92.791031
-0.655532
-92.901535
-0.656605
-92.837700
-0.659287
-92.947136
-0.662506
-92.819458
-0.638902
-92.764740
-0.641048
-92.771713
-0.648558
-92.807121
-0.652313
-92.555534
-0.651777
-92.016403
-0.648022
-91.580818
-0.646412
-91.356583
-0.650168
-90.880226
-0.649631
-90.632927
-0.654459
-89.938232
-0.655532
-89.436119
-0.644267
-88.877151
-0.644267
-88.125061
-0.648022
-87.858986
-0.654459
-87.349365
-0.648558
-87.088654
-0.646949
-86.726555
-0.659287
-86.176163
-0.655532
-85.971245
-0.652313
-86.106964
-0.648022
-86.034004
-0.660360
-85.781342
-0.674307
-85.733063
-0.643730
-85.873611
-0.635147
-85.832840
-0.651240
-86.053856
-0.656605
-86.285065
-0.652850
-86.208885
-0.644803
-86.252342
-0.644803
-86.174553
-0.647485
-85.880051
-0.648022
-85.862343
-0.651240
-85.785095
-0.657141
-85.999672
-0.653923
-85.915993
-0.651777
-86.153099
-0.649631
-86.157928
-0.646949
-86.095161
-0.648022
-85.992165
-0.651240
-85.729843
-0.641584
-85.627922
-0.647485
-85.983047
-0.654996
-86.244293
-0.650168
-86.028107
-0.642121
-86.067268
-0.645876
-86.103210
-0.649631
-85.623627
-0.648558
-85.571594
-0.652313
-85.897751
-0.655532
-86.125206
-0.645876
-85.935303
-0.645876
-85.902580
-0.655532
-85.595200
-0.658751
-85.482544
-0.651777
-85.492203
-0.645876
-85.740036
-0.647485
-85.946571
-0.647485
-85.767395
-0.656068
-85.569984
-0.651240
-85.646698
-0.642121
-85.671913
-0.647485
-85.282455
-0.657678
-85.332344
-0.657678
-85.710533
-0.650704
-85.688004
-0.644803
-85.603249
-0.645876
-85.681564
-0.646949
-85.671913
-0.649631
-85.281914
-0.656605
-85.709999
-0.650168
-85.646698
-0.656605
-85.837135
-0.657678
-85.485764
-0.660896
-85.510979
-0.655532
-85.784561
-0.639975
-85.890778
-0.648558
-86.008255
-0.652850
-85.832840
-0.651777
-85.504539
-0.657141
-85.329659
-0.651240
-85.085579
-0.647485
-84.615120
-0.656068
-84.608681
-0.649631
-84.796440
-0.652850
-84.758347
-0.648022
-85.108643
-0.648022
-85.500786
-0.658214
-85.510437
-0.663579
-85.151558
-0.656068
-85.149948
-0.657678
-85.529755
-0.646412
-85.675667
-0.654996
-85.799583
-0.653386
-85.935303
-0.654996
-85.791534
-0.651240
-86.067802
-0.650168
-86.041519
-0.651777
-85.787247
-0.647485
-85.461090
-0.654996
-85.208961
-0.655532
-85.822647
-0.647485
-85.922424
-0.652313
-85.602707
-0.653923
-85.524925
-0.660896
-85.714287
-0.650704
-85.555504
-0.641584
-85.730385
-0.647485
-85.631676
-0.651777
-85.775444
-0.654996
-85.775444
-0.649631
-85.672981
-0.649095
-85.459480
-0.656605
-85.469673
-0.652313
-85.913307
-0.652850
-85.984657
-0.643730
-86.026497
-0.639975
-85.750763
-0.647485
-85.600029
-0.646949
-85.344147
-0.652313
-85.491127
-0.648022
-85.742722
-0.636756
-85.846252
-0.648558
-85.865028
-0.663042
-85.755592
-0.656605
-85.671913
-0.642121
-85.808701
-0.639975
-85.819427
-0.650704
-85.905258
-0.642121
-85.781883
-0.646412
-85.788315
-0.652313
-85.518486
-0.653923
-85.741646
-0.658214
-85.929405
-0.657141
-85.794220
-0.654996
-85.698196
-0.649095
-85.881660
-0.647485
-85.861275
-0.649631
-85.832840
-0.647485
-85.684784
-0.658751
-85.666008
-0.655532
-85.783485
-0.645340
-85.726089
-0.646949
-85.777588
-0.653386
-85.931007
-0.661433
-85.598419
-0.656605
-85.606461
-0.651240
-85.823723
-0.647485
-85.736282
-0.654996
-86.198692
-0.651240
-85.661179
-0.645340
-85.155853
-0.650168
-85.626312
-0.649631
-86.391281
-0.651240
-86.515198
-0.649631
-86.989944
-0.645876
-87.102066
-0.646412
-87.022133
-0.649095
-86.900360
-0.654996
-86.957764
-0.657141
-87.044662
-0.647485
-87.118690
-0.642657
-87.120842
-0.650168
-87.202377
-0.661433
-87.089188
-0.663042
-87.011940
-0.648558
-86.965805
-0.651240
-86.915382
-0.654996
-87.081680
-0.648022
-86.879974
-0.657678
-86.745865
-0.646949
-86.971169
-0.645876
-87.191109
-0.642657
-87.011406
-0.646949
-86.854225
-0.649631
-87.183067
-0.646412
-87.149803
-0.649631
-87.038765
-0.649631
-86.995308
-0.649631
-87.089722
-0.656068
-87.208275
-0.651777
-87.007652
-0.650704
-87.092407
-0.659287
-87.014084
-0.655532
-87.177704
-0.658214
-87.488838
-0.645340
-87.180382
-0.644267
-87.180923
-0.659287
-87.106888
-0.661969
-87.334343
-0.660360
-87.139076
-0.652850
-87.219009
-0.646949
-87.345070
-0.653923
-87.474358
-0.657678
-87.060760
-0.651777
-87.227592
-0.650704
-87.348289
-0.652850
-87.117081
-0.651240
-87.363846
-0.652850
-87.370285
-0.658751
-87.123520
-0.648558
-87.200233
-0.650168
-87.273186
-0.651240
-87.231346
-0.653923
-87.282310
-0.652850
-87.225441
-0.650168
-87.088654
-0.649095
-87.279625
-0.655532
-87.455040
-0.650168
-87.406227
-0.645876
-87.444847
-0.644267
-87.524246
-0.652850
-87.574669
-0.658751
-87.679276
-0.654459
-87.650841
-0.649631
-87.761887
-0.646949
-87.789246
-0.652850
-87.547310
-0.659287
-87.408905
-0.652850
-87.568230
-0.648558
-87.522636
-0.648022
-87.629921
-0.645876
-87.692146
-0.649631
-87.624023
-0.652850
-87.645477
-0.646949
-87.605247
-0.653386
-87.767784
-0.649631
-87.760277
-0.653923
-87.509224
-0.668943
-87.858444
-0.648022
-87.737213
-0.640512
-88.118080
-0.639975
-88.938301
-0.646949
-89.189896
-0.650704
-89.079926
-0.649095
-89.390526
-0.645340
-88.999992
-0.637829
-89.163071
-0.646949
-89.251587
-0.648558
-89.036476
-0.651240
-89.220474
-0.646949
-89.176483
-0.652850
-89.317032
-0.651777
-89.385696
-0.653386
-89.057930
-0.649095
-88.930794
-0.648022
-89.281090
-0.649095
-89.190971
-0.653923
-89.139473
-0.655532
-88.881439
-0.658751
-88.857300
-0.641584
-89.285919
-0.645340
-89.222084
-0.651777
-89.325081
-0.653923
-89.079926
-0.650704
-89.067589
-0.641048
-89.169510
-0.641584
-89.267143
-0.644267
-89.197945
-0.651240
-89.177559
-0.651777
-88.962982
-0.637829
-89.278404
-0.642657
-89.693077
-0.647485
-89.266068
-0.650168
-89.192574
-0.655532
-89.450066
-0.647485
-89.405540
-0.648558
-89.237640
-0.644803
-89.341171
-0.647485
-89.448463
-0.645340
-89.417885
-0.628710
-89.391594
-0.660896
-89.195259
-0.664115
-88.862663
-0.640512
-89.164146
-0.660896
-89.932327
-0.655532
-90.898460
-0.653386
-91.581352
-0.651240
-91.825966
-0.646412
-92.360268
-0.642121
-93.065689
-0.640512
-93.775932
-0.650168
-94.141251
-0.649631
-94.571480
-0.655532
-94.896027
-0.658214
-94.886368
-0.649631
-94.632095
-0.647485
-94.736168
-0.648558
-95.238274
-0.653386
-95.194824
-0.657678
-95.093437
-0.657141
-94.697540
-0.651240
-94.603127
-0.649631
-94.655167
-0.651777
-94.401428
-0.658214
-94.703979
-0.652850
-95.072517
-0.647485
-95.228622
-0.650168
-95.025848
-0.650168
-94.951279
-0.653386
-94.883148
-0.643194
-94.786591
-0.642657
-94.821999
-0.655532
-94.679306
-0.649095
-94.524811
-0.649631
-94.864914
-0.654996
-94.734558
-0.652313
-94.378357
-0.656068
-94.779617
-0.656605
-94.923386
-0.651240
-94.422348
-0.643730
-94.387482
-0.643194
-94.751190
-0.655532
-94.692177
-0.653923
-94.492088
-0.664115
-94.722221
-0.653386
-94.629951
-0.646412
-94.888519
-0.649095
-94.921242
-0.651777
-94.313454
-0.650168
-94.406258
-0.650704
-94.706665
-0.652850
-94.587570
-0.648022
-94.405182
-0.647485
-94.576309
-0.655532
-94.880470
-0.651777
-94.969521
-0.647485
-94.765137
-0.650168
-94.688423
-0.652313
-94.913193
-0.655532
-94.706665
-0.650168
-94.422882
-0.657678
-94.497452
-0.658214
-95.029060
-0.657141
-94.986145
-0.659287
-94.675545
-0.653923
-94.647118
-0.646949
-94.176125
-0.648558
-94.151443
-0.655532
-94.760307
-0.655532
-96.008080
-0.651777
-96.263962
-0.649631
-95.424957
-0.648558
-95.588036
-0.649095
-96.155060
-0.648558
-96.483368
-0.649631
-96.252159
-0.650704
-96.296150
-0.654459
-96.596016
-0.648022
-96.595482
-0.642121
-96.553642
-0.645876
-96.473175
-0.650168
-96.367493
-0.654996
-96.499992
-0.653923
-96.298294
-0.660360
-96.179741
-0.656068
-96.626060
-0.654996
-96.842781
-0.654996
-96.319214
-0.653386
-95.728050
-0.652850
-95.665817
-0.646949
-95.838554
-0.654996
-96.139503
-0.647485
-95.995193
-0.653386
-95.504349
-0.661969
-95.224327
-0.648558
-95.123474
-0.643730
-94.778008
-0.652850
-95.350929
-0.649631
-96.239822
-0.645876
-96.609962
-0.649631
-96.486046
-0.652313
-97.131920
-0.650704
-97.706985
-0.656605
-97.872749
-0.653923
-97.981644
-0.650168
-98.086792
-0.649631
-98.531502
-0.654996
-98.851219
-0.653923
-99.073845
-0.651777
-99.309341
-0.646412
-99.196152
-0.647485
-99.531967
-0.649631
-100.132782
-0.653923
-100.004036
-0.653386
-99.928391
-0.649631
-100.516335
-0.645876
-100.801720
-0.645876
-101.758736
-0.647485
-101.605309
-0.653923
-101.203514
-0.649631
-101.575806
-0.643194
-102.674438
-0.646949
-103.248436
-0.660360
-103.946342
-0.656068
-104.759056
-0.646412
-105.515434
-0.648022
-106.522339
-0.650704
-107.269600
-0.655532
-108.249680
-0.652313
-109.769958
-0.648558
-110.904533
-0.648558
-111.702217
-0.651777
-112.067001
-0.659287
-112.271385
-0.654996
-112.641525
-0.641584
-113.015968
-0.646949
-113.462288
-0.661969
-113.340515
-0.648558
-113.410248
-0.637829
-113.640381
-0.645876
-113.883392
-0.646949
-114.386574
-0.646412
-115.033524
-0.652850
-114.940186
-0.651240
-115.002945
-0.644803
-115.241661
-0.654996
-115.270630
-0.654459
-115.712120
-0.655532
-115.924553
-0.649095
-116.269485
-0.648558
-116.794662
-0.645876
-116.683083
-0.654459
-116.714195
-0.653923
-117.110092
-0.656605
-117.406204
-0.645876
-117.627220
-0.647485
-117.507057
-0.649631
-117.456093
-0.653386
-117.715729
-0.648558
-118.055832
-0.643730
-118.417931
-0.642121
-118.707077
-0.637293
-118.712975
-0.647485
-118.358925
-0.653923
-118.815971
-0.648558
-119.455948
-0.648558
-119.101898
-0.643194
-120.025650
-0.648558
-120.611984
-0.656605
-120.319618
-0.656068
-120.075005
-0.652850
-120.137230
-0.650168
-120.496109
-0.651240
-120.787399
-0.653923
-120.867325
-0.652850
-120.592133
-0.652313
-120.977295
-0.651240
-120.868401
-0.657678
-121.034698
-0.654996
-120.893074
-0.647485
-121.060448
-0.652850
-121.121597
-0.651240
-121.089951
-0.660896
-121.081367
-0.660896
-120.850700
-0.650168
-120.482162
-0.645876
-120.747162
-0.646949
-121.480484
-0.655532
-121.699883
-0.647485
-120.894684
-0.646949
-120.859283
-0.647485
-121.281998
-0.652850
-121.386604
-0.660896
-121.047035
-0.658751
-120.876984
-0.653923
-120.936531
-0.645340
-121.262146
-0.644267
-121.246056
-0.646412
-121.096924
-0.653923
-121.097458
-0.651777
-121.106583
-0.653923
-121.079758
-0.654996
-121.349586
-0.657678
-121.461708
-0.653923
-121.356026
-0.651240
-121.232109
-0.658214
-121.357101
-0.653386
-121.310425
-0.654996
-121.319008
-0.647485
-121.238548
-0.646949
-121.442932
-0.649631
-121.475655
-0.652313
-121.349586
-0.653923
-121.527687
-0.651240
-121.483162
-0.650704
-121.691841
-0.644267
-121.661797
-0.643730
-121.454193
-0.654996
-121.532516
-0.653923
-121.597427
-0.650168
-121.385529
-0.653923
-121.484772
-0.655532
-121.711685
-0.648022
-121.800735
-0.650704
-121.874763
-0.649095
-121.818977
-0.648558
-121.751923
-0.649631
-121.964890
-0.651777
-122.012634
-0.656605
-122.101677
-0.649631
-121.800735
-0.645876
-122.011024
-0.648558
-121.946648
-0.651240
-121.566849
-0.648558
-121.803955
-0.644803
-121.988487
-0.649631
-121.882278
-0.652313
-121.939674
-0.660360
-121.812004
-0.657678
-121.807709
