-0.614762
-174.796890
-0.611007
-174.057678
-0.624418
-173.506760
-0.622809
-173.954147
-0.611007
-174.629532
-0.600278
-174.560318
-0.615835
-174.072693
-0.624955
-173.600098
-0.622273
-174.066254
-0.612617
-174.820496
-0.609934
-174.655807
-0.609934
-173.839890
-0.617981
-173.377472
-0.614762
-173.821640
-0.614762
-174.584457
-0.613689
-174.519012
-0.615299
-173.866699
-0.616372
-173.636566
-0.619054
-174.162277
-0.623345
-174.840347
-0.613689
-174.722336
-0.617981
-173.868317
-0.618517
-173.263748
-0.616372
-173.973450
-0.615299
-174.808701
-0.611544
-174.485214
-0.609398
-173.548065
-0.619054
-173.338852
-0.617981
-173.758347
-0.627101
-174.341995
-0.620127
-174.287277
-0.609934
-173.531433
-0.616372
-173.268570
-0.614762
-173.858124
-0.613153
-174.543701
-0.603497
-174.426208
-0.613153
-173.587753
-0.620127
-173.393570
-0.616372
-173.818954
-0.614762
-174.258850
-0.611544
-174.350037
-0.612080
-173.781952
-0.615299
-173.486374
-0.614226
-174.000275
-0.616372
-174.636505
-0.617445
-174.705704
-0.613153
-173.928391
-0.612617
-173.435410
-0.617445
-173.930008
-0.617445
-174.784027
-0.609934
-174.709991
-0.617981
-173.947708
-0.617445
-173.677872
-0.620127
-174.196609
-0.615835
-174.821564
-0.613689
-174.737350
-0.622809
-173.747620
-0.624955
-173.448273
-0.617445
-173.935364
-0.617445
-174.546906
-0.613153
-174.698196
-0.620127
-174.015305
-0.637829
-173.449890
-0.627637
-173.830765
-0.620127
-174.575348
-0.612617
-174.541550
-0.616372
-173.740646
-0.620127
-173.406967
-0.612617
-173.983109
-0.613689
-174.651520
-0.608325
-174.551743
-0.617981
-173.917664
-0.617445
-173.472961
-0.611007
-173.869919
-0.616372
-174.489517
-0.618517
-174.375244
-0.613153
-173.836670
-0.623345
-173.297546
-0.627101
-173.763702
-0.623345
-174.525452
-0.608325
-174.259918
-0.618517
-173.523376
-0.622809
-173.156998
-0.616372
-173.701477
-0.613689
-174.412796
-0.606716
-174.379013
-0.618517
-173.608673
-0.626028
-173.209030
-0.616908
-173.496017
-0.612617
-174.189636
-0.611007
-174.134918
-0.620127
-173.335632
-0.620127
-173.082428
-0.616372
-173.523911
-0.608325
-174.267960
-0.605106
-174.282440
-0.615299
-173.545914
-0.622273
-173.181671
-0.617981
-173.627991
-0.622809
-174.340378
-0.611007
-174.368820
-0.610471
-173.652130
-0.617981
-173.388199
-0.611544
-173.752441
-0.609398
-174.346283
-0.613689
-174.345215
-0.617981
-173.612427
-0.624955
-173.243896
-0.623345
-173.866699
-0.613153
-174.483078
-0.612080
-174.382767
-0.615299
-173.647842
-0.618517
-173.257843
-0.616908
-173.792145
-0.614762
-174.409042
-0.604034
-174.353256
-0.609398
-173.634964
-0.620127
-173.074387
-0.622273
-173.551270
-0.615835
-174.319992
-0.603497
-174.201447
-0.606179
-173.483154
-0.613689
-173.088867
-0.613689
-173.727768
-0.616372
-174.397247
-0.612080
-174.293182
-0.611544
-173.759415
-0.623345
-173.279297
-0.626028
-173.774429
-0.615835
-174.560867
-0.604570
-174.506683
-0.611007
-173.751373
-0.621200
-173.301300
-0.614226
-173.832901
-0.609398
-174.351654
-0.602961
-174.304977
-0.611007
-173.523376
-0.617445
-173.113541
-0.617445
-173.612427
-0.619590
-174.413879
-0.611007
-174.325897
-0.620663
-173.545914
-0.630319
-173.109253
-0.623345
-173.520706
-0.615299
-174.161209
-0.607789
-174.205200
-0.620663
-173.474564
-0.624418
-173.214920
-0.617981
-173.629593
-0.612080
-174.269577
-0.605106
-174.317322
-0.617981
-173.610291
-0.625491
-173.122116
-0.617981
-173.515869
-0.620663
-174.049088
-0.612617
-174.139221
-0.609398
-173.285202
-0.614226
-172.904861
-0.609934
-173.541626
-0.614226
-174.215927
-0.611007
-174.142441
-0.620127
-173.357620
-0.621736
-172.948318
-0.614762
-173.412338
-0.614762
-174.097382
-0.611007
-173.855438
-0.619054
-173.231018
-0.620127
-172.834061
-0.617445
-173.307190
-0.612617
-174.071625
-0.611007
-173.983109
-0.614762
-173.298080
-0.612617
-172.905396
-0.617445
-173.351181
-0.619590
-174.176773
-0.605106
-174.019592
-0.614762
-173.208496
-0.619590
-172.802399
-0.616372
-173.131775
-0.615835
-173.945557
-0.607252
-174.023880
-0.610471
-173.126419
-0.617981
-172.619476
-0.618517
-173.199371
-0.617981
-173.947708
-0.617981
-173.833984
-0.615299
-172.980499
-0.617981
-172.665604
-0.616372
-173.075989
-0.612080
-173.620483
-0.609934
-173.698792
-0.612080
-172.910767
-0.612617
-172.515411
-0.613689
-173.091553
-0.617981
-174.028717
-0.616908
-173.948776
-0.617981
-173.152161
-0.617981
-172.880188
-0.609934
-173.463303
-0.609934
-174.008865
-0.602961
-173.899963
-0.606716
-173.170410
-0.617445
-172.821182
-0.615299
-173.281448
-0.611007
-174.075912
-0.601888
-174.043732
-0.608325
-173.109253
-0.620127
-172.696732
-0.616372
-173.048630
-0.620127
-173.737961
-0.617445
-173.882263
-0.615299
-173.091003
-0.621200
-172.618408
-0.623882
-173.145187
-0.619054
-173.805008
-0.613153
-173.814667
-0.608325
-172.988007
-0.617981
-172.493408
-0.619054
-173.107635
-0.614762
-173.822174
-0.610471
-173.896210
-0.620663
-173.261063
-0.619590
-172.634491
-0.610471
-173.159668
-0.609934
-173.977219
-0.606716
-173.955750
-0.613153
-173.122665
-0.619054
-172.764313
-0.617981
-173.346359
-0.614762
-174.068405
-0.609398
-173.990082
-0.616372
-173.180588
-0.620663
-172.901642
-0.612617
-173.452576
-0.609934
-174.190186
-0.612617
-174.127411
-0.619590
-173.354935
-0.620663
-173.048096
-0.613689
-173.484222
-0.612617
-174.127945
-0.611007
-174.080215
-0.616372
-173.390350
-0.621736
-173.087784
-0.621736
-173.430038
-0.615299
-174.133316
-0.607252
-174.124741
-0.620127
-173.457932
-0.620663
-172.937592
-0.609934
-173.357086
-0.612080
-174.063049
-0.612080
-173.947708
-0.613689
-173.270187
-0.620127
-172.866241
-0.619054
-173.250336
-0.621200
-174.067871
-0.609934
-174.083969
-0.613689
-173.272324
-0.619590
-172.839951
-0.620663
-173.192398
-0.614762
-173.824326
-0.611007
-173.824326
-0.621200
-173.208496
-0.617445
-172.747147
-0.620127
-173.077057
-0.619054
-173.770676
-0.610471
-173.810379
-0.621200
-173.227264
-0.614762
-172.893066
-0.614762
-173.239609
-0.618517
-173.912308
-0.606716
-174.022278
-0.608325
-173.291641
-0.611007
-172.887695
-0.615299
-173.135529
-0.613689
-173.891388
-0.604570
-173.977219
-0.611007
-173.162888
-0.617981
-172.709595
-0.616372
-173.016449
-0.619054
-173.866165
-0.607789
-174.005112
-0.613689
-173.150558
-0.621736
-172.675797
-0.614762
-173.065262
-0.611544
-173.840424
-0.612080
-173.746536
-0.617445
-172.967621
-0.616908
-172.498779
-0.613153
-172.927933
-0.616372
-173.573807
-0.614762
-173.498169
-0.615299
-172.749832
-0.616372
-172.397934
-0.621736
-172.745010
-0.616908
-173.486374
-0.607789
-173.591507
-0.623345
-173.006256
-0.626028
-172.616257
-0.618517
-172.925781
-0.614226
-173.832901
-0.606179
-173.948776
-0.616908
-173.128555
-0.621200
-172.735886
-0.626564
-173.108170
-0.621736
-173.761566
-0.607789
-173.726700
-0.612617
-173.015915
-0.623345
-172.606598
-0.623345
-172.955292
-0.619054
-173.645691
-0.620127
-173.692902
-0.619054
-172.930084
-0.620127
-172.564224
-0.616372
-172.963867
-0.614762
-173.638718
-0.614762
-173.584000
-0.609934
-173.063644
-0.616908
-172.586212
-0.621736
-173.029861
-0.618517
-173.770142
-0.605106
-173.854904
-0.606716
-173.084030
-0.612617
-172.469269
-0.614226
-172.913452
-0.624418
-173.588287
-0.616908
-173.742783
-0.617445
-173.013763
-0.617981
-172.469803
-0.614762
-172.926315
-0.606179
-173.757813
-0.614226
-173.734207
-0.612617
-173.077591
-0.619054
-172.686539
-0.617445
-173.178452
-0.613689
-173.800720
-0.611007
-173.723480
-0.614226
-173.130173
-0.620663
-172.788452
-0.621736
-173.012695
-0.611007
-173.681625
-0.607789
-173.888168
-0.607252
-173.194000
-0.616908
-172.630203
-0.620127
-173.000885
-0.620663
-173.617264
-0.612080
-173.720261
-0.611544
-173.152161
-0.614762
-172.619476
-0.617445
-172.891983
-0.622809
-173.704163
-0.612617
-173.683243
-0.612080
-172.959045
-0.614226
-172.414551
-0.614762
-172.690826
-0.613689
-173.351715
-0.612617
-173.427353
-0.609398
-172.740707
-0.613689
-172.454788
-0.614762
-172.906479
-0.614226
-173.622086
-0.617981
-173.773361
-0.617981
-173.192932
-0.617981
-172.580856
-0.620127
-172.868927
-0.611007
-173.703629
-0.609934
-173.682709
-0.616372
-172.883408
-0.619054
-172.471954
-0.618517
-172.864624
-0.617445
-173.630676
-0.604034
-173.860260
-0.612617
-173.153778
-0.610471
-172.621094
-0.623882
-172.994446
-0.621736
-173.646225
-0.612617
-173.795364
-0.618517
-173.085648
-0.613689
-172.551346
-0.616372
-172.888229
-0.616908
-173.642471
-0.611007
-173.657486
-0.613689
-172.913452
-0.620127
-172.526138
-0.613689
-173.133392
-0.608325
-173.645157
-0.597596
-173.620483
-0.606179
-173.016983
-0.616372
-172.439774
-0.621736
-172.800797
-0.620127
-173.634964
-0.612080
-173.850082
-0.614762
-173.095840
-0.622809
-172.629135
-0.614762
-172.974060
-0.607252
-173.622620
-0.604034
-173.796967
-0.612080
-173.071701
-0.620663
-172.566910
-0.622809
-173.173615
-0.617981
-173.844177
-0.611544
-173.736893
-0.619054
-173.056137
-0.615835
-172.666687
-0.612617
-172.878586
-0.614762
-173.726151
-0.604570
-173.870453
-0.609398
-173.131775
-0.611544
-172.660248
-0.623345
-173.020737
-0.620663
-173.788925
-0.609934
-173.840424
-0.616908
-173.156448
-0.621736
-172.536331
-0.615835
-172.797043
-0.609398
-173.733124
-0.613689
-173.794281
-0.617445
-172.911835
-0.620663
-172.474640
-0.618517
-172.907013
-0.615835
-173.665009
-0.619590
-173.741180
-0.622809
-172.939194
-0.626028
-172.171555
-0.617981
-172.327118
-0.611007
-173.230484
-0.611007
-173.212250
-0.616372
-172.532578
-0.616908
-172.165649
-0.611007
-172.417236
-0.608862
-173.081360
-0.613689
-173.314163
-0.614762
-172.645233
-0.614762
-172.262207
-0.615299
-172.668289
-0.609934
-173.272858
-0.609934
-173.361374
-0.618517
-172.657028
-0.622809
-172.012222
-0.615299
-172.381836
-0.611007
-173.242279
-0.609398
-173.386581
-0.613689
-172.662399
-0.615835
-172.149551
-0.612617
-172.519165
-0.613689
-173.308807
-0.609934
-173.368347
-0.611007
-172.544373
-0.614226
-172.121658
-0.619054
-172.446747
-0.619590
-173.134995
-0.612080
-173.203125
-0.617981
-172.525604
-0.622273
-172.024567
-0.622273
-172.273468
-0.618517
-173.069016
-0.608325
-173.258377
-0.606716
-172.683319
-0.608862
-172.101807
-0.620663
-172.458542
-0.615299
-173.254089
-0.613689
-173.277161
-0.621736
-172.558853
-0.624418
-172.033676
-0.620127
-172.186569
-0.619054
-173.177383
-0.616372
-173.409653
-0.613689
-172.525070
-0.615299
-171.969315
-0.609934
-172.359299
-0.605643
-173.222977
-0.606179
-173.216537
-0.613689
-172.607681
-0.619590
-172.153305
-0.620663
-172.448883
-0.615299
-173.264816
-0.616372
-173.325974
-0.613689
-172.638260
-0.617445
-172.161362
-0.612080
-172.434937
-0.612080
-173.059891
-0.607252
-173.296997
-0.611544
-172.484299
-0.609398
-172.013840
-0.615835
-172.443527
-0.616372
-173.250336
-0.609398
-173.248184
-0.612080
-172.517014
-0.615299
-172.092697
-0.617981
-172.427963
-0.617445
-173.153244
-0.612617
-173.306122
-0.612617
-172.464447
-0.617445
-172.053528
-0.615299
-172.326050
-0.612080
-172.975677
-0.612080
-173.229416
-0.613689
-172.510040
-0.615835
-172.004181
-0.615299
-172.479462
-0.611007
-173.149475
-0.604570
-173.097443
-0.608325
-172.550278
-0.612617
-172.048706
-0.619054
-172.381302
-0.614762
-173.101746
-0.615299
-173.075989
-0.612080
-172.565826
-0.609934
-172.101807
-0.611007
-172.417236
-0.613689
-173.157532
-0.611007
-173.298615
-0.612617
-172.595337
-0.620127
-172.147415
-0.628710
-172.359833
-0.618517
-173.149475
-0.605643
-173.154312
-0.614762
-172.366272
-0.615299
-171.914597
-0.613153
-172.172089
-0.612080
-172.950455
-0.617445
-173.113541
-0.616908
-172.564224
-0.616908
-171.935516
-0.612617
-172.317993
-0.621736
-173.026108
-0.607789
-173.190781
-0.612617
-172.485367
-0.619054
-171.790680
-0.619054
-172.150620
-0.617445
-173.065262
-0.612080
-173.249252
-0.609398
-172.544907
-0.614762
-171.900116
-0.623882
-172.162430
-0.620127
-173.067413
-0.616372
-173.205276
-0.619054
-172.565826
-0.622809
-171.909225
-0.615299
-172.375931
-0.615299
-172.947250
-0.610471
-172.874283
-0.616372
-172.297073
-0.616372
-171.929611
-0.617981
-172.276154
-0.612617
-173.110855
-0.609934
-173.284668
-0.619590
-172.623764
-0.615299
-172.031006
-0.619054
-172.427963
-0.621200
-173.111923
-0.614226
-173.169861
-0.613689
-172.505219
-0.618517
-172.049240
-0.616372
-172.371643
-0.614762
-173.018051
-0.607252
-173.050781
-0.608325
-172.455856
-0.609934
-171.831451
-0.619054
-172.184418
-0.622809
-172.981033
-0.612080
-173.122665
-0.616372
-172.413483
-0.612080
-171.763855
-0.609398
-172.102341
-0.600815
-172.979431
-0.604034
-173.119980
-0.613689
-172.438690
-0.615835
-171.757950
-0.616908
-172.194611
-0.617445
-173.007324
-0.612080
-173.047028
-0.616908
-172.367889
-0.621736
-171.704849
-0.626028
-171.838959
-0.613689
-172.788986
-0.604034
-173.055603
-0.611007
-172.294937
-0.614226
-171.721481
-0.609398
-172.184952
-0.607252
-172.779343
-0.598133
-172.792755
-0.608325
-172.089478
-0.620127
-171.583069
-0.625491
-171.975204
-0.611007
-172.796509
-0.607252
-172.957977
-0.616372
-172.137222
-0.622809
-171.580933
-0.614226
-171.727905
-0.608862
-172.692429
-0.608862
-172.831375
-0.614226
-172.085175
-0.619054
-171.704849
-0.622273
-171.950531
-0.614762
-172.508438
-0.607252
-172.940811
-0.620127
-172.352859
-0.620127
-171.564301
-0.621736
-171.975754
-0.623882
-172.822784
-0.614762
-173.011078
-0.607789
-172.246109
-0.616908
-171.722015
-0.621200
-171.868988
-0.611544
-172.563690
-0.608862
-173.239609
-0.617445
-172.640930
-0.617981
-171.832520
-0.619590
-172.112000
-0.613689
-172.697266
-0.609398
-173.042725
-0.613689
-172.343750
-0.613689
-171.705917
-0.617445
-172.008469
-0.609398
-172.728378
-0.605643
-172.824936
-0.604034
-172.123810
-0.613689
-171.250473
-0.620663
-171.211853
-0.616372
-171.765991
-0.609934
-171.642624
-0.612617
-170.441528
-0.611007
-169.414230
-0.607252
-169.520447
-0.608325
-170.436691
-0.602961
-170.448502
-0.610471
-169.810135
-0.612617
-169.225403
-0.615835
-169.529572
-0.612080
-170.384125
-0.612080
-170.443130
-0.620127
-169.803696
-0.611007
-169.043015
-0.609934
-169.135284
-0.609934
-169.935654
-0.608325
-170.321899
-0.609934
-169.599304
-0.611007
-168.973816
-0.614762
-169.499527
-0.621200
-170.291321
-0.616908
-170.196365
-0.611007
-169.611649
-0.616372
-168.935196
-0.621736
-169.216293
-0.616372
-170.158279
-0.607252
-170.472641
-0.614226
-169.892212
-0.621200
-169.375610
-0.625491
-169.776337
-0.606716
-170.383591
-0.602961
-170.541840
-0.612080
-169.863770
-0.619054
-169.058044
-0.621736
-169.445892
-0.612617
-170.313858
-0.605643
-170.530029
-0.620663
-169.805847
-0.617445
-169.058044
-0.614762
-169.502213
-0.610471
-170.366425
-0.606179
-170.340668
-0.613689
-169.614334
-0.616372
-169.070908
-0.614762
-169.356308
-0.616372
-170.138428
-0.604034
-170.305267
-0.605643
-169.777405
-0.615835
-169.257599
-0.623345
-169.487198
-0.615299
-170.140045
-0.604570
-170.260742
-0.609934
-169.497391
-0.612080
-168.912125
-0.617981
-169.210388
-0.615299
-170.081573
-0.609934
-170.303665
-0.615835
-169.656174
-0.611007
-168.945389
-0.620663
-169.137970
-0.624418
-169.825150
-0.608862
-170.082108
-0.606179
-169.465729
-0.615299
-169.159958
-0.622273
-169.570877
-0.623345
-170.127167
-0.612617
-170.464584
-0.617981
-169.785995
-0.615835
-168.934662
-0.611007
-169.351471
-0.609934
-170.188324
-0.606179
-170.455475
-0.609398
-169.688354
-0.611007
-168.797333
-0.612617
-169.141190
-0.611007
-169.923325
-0.606716
-170.291855
-0.611007
-169.669586
-0.609934
-169.143875
-0.615835
-169.299438
-0.612080
-170.083710
-0.609934
-170.209778
-0.620663
-169.584290
-0.617981
-169.063400
-0.616372
-169.280121
-0.614762
-170.112152
-0.612080
-170.187790
-0.602961
-169.290314
-0.600815
-168.987228
-0.614762
-169.179810
-0.613153
-169.871292
-0.611007
-170.067627
-0.615835
-169.415848
-0.617445
-168.650879
-0.615299
-169.012436
-0.615299
-169.652420
-0.609934
-169.758102
-0.605643
-169.231842
-0.617445
-168.572556
-0.624955
-168.938950
-0.616908
-169.739853
-0.601351
-169.913132
-0.613153
-168.980255
-0.620127
-168.591339
-0.619590
-169.013519
-0.615299
-169.926010
-0.605643
-170.133606
-0.611007
-169.143875
-0.614762
-168.422363
-0.615299
-168.834885
-0.617445
-169.787598
-0.616908
-170.013977
-0.614762
-169.502747
-0.615835
-169.127243
-0.616372
-169.128311
-0.616372
-169.738785
-0.607252
-169.926010
-0.609398
-169.527420
-0.613689
-168.912659
-0.620663
-169.118118
-0.621200
-170.149170
-0.617445
-170.368561
-0.614762
-169.698013
-0.613689
-168.785522
-0.616908
-169.115982
-0.622273
-169.924393
-0.620127
-170.225342
-0.622273
-169.583221
-0.617981
-168.909439
-0.612080
-169.202881
-0.617981
-169.980713
-0.612080
-170.165787
-0.614226
-169.516159
-0.612617
-168.870285
-0.619590
-169.063934
-0.610471
-169.826218
-0.609398
-169.959259
-0.607789
-169.097733
-0.613153
-168.495850
-0.624418
-168.619232
-0.612617
-169.197510
-0.606716
-169.224335
-0.614762
-168.553787
-0.612080
-168.031296
-0.609398
-168.012512
-0.612080
-168.847748
-0.603497
-169.041412
-0.614762
-168.473312
-0.616908
-167.961014
-0.621736
-168.004471
-0.618517
-168.738327
-0.609934
-168.958801
-0.610471
-168.046844
-0.609934
-167.535614
-0.613153
-167.927750
-0.609934
-168.555923
-0.608862
-168.610107
-0.617981
-168.126770
-0.620663
-167.566193
-0.617981
-167.787216
-0.613689
-168.667511
-0.613689
-168.820389
-0.613689
-168.010910
-0.623345
-167.650955
-0.613689
-167.930435
-0.610471
-168.463669
-0.604570
-168.530182
-0.610471
-167.770050
-0.615299
-167.076965
-0.614762
-167.498611
-0.613689
-168.248016
-0.606716
-168.352081
-0.606716
-167.414917
-0.611544
-166.677307
-0.616372
-166.931046
-0.614226
-167.678314
-0.611007
-167.802231
-0.616372
-167.191223
-0.614762
-166.769043
-0.621736
-166.623123
-0.606716
-167.353226
-0.602961
-167.515762
-0.615299
-166.792648
-0.620127
-166.055573
-0.620663
-166.385483
-0.614762
-167.169235
-0.607252
-167.419205
-0.615299
-166.713257
-0.612617
-166.255127
-0.625491
-166.536758
-0.622273
-167.287247
-0.615835
-167.487335
-0.614762
-166.789963
-0.612617
-166.080246
-0.619054
-166.300735
-0.613689
-166.795334
-0.604034
-167.394531
-0.617445
-167.507187
-0.622809
-167.368256
-0.623345
-167.484650
-0.614762
-168.262497
-0.610471
-168.870285
-0.608325
-168.235672
-0.615299
-167.606430
-0.619054
-167.937943
-0.626028
-168.926605
-0.615299
-169.229706
-0.614762
-168.573639
-0.616372
-167.922928
-0.620663
-168.202408
-0.620663
-168.882629
-0.611544
-169.336456
-0.614762
-168.761917
-0.614226
-168.003937
-0.620663
-168.471710
-0.617445
-169.294617
-0.610471
-169.408875
-0.616372
-168.820389
-0.614762
-168.334915
-0.619590
-168.652496
-0.612080
-169.536011
-0.605643
-169.548355
-0.614762
-168.865997
-0.612617
-168.359589
-0.619590
-168.445953
-0.617981
-169.395462
-0.613689
-169.701233
-0.614226
-169.157288
-0.623345
-168.838638
-0.620663
-168.887985
-0.619054
-169.524750
-0.608325
-169.709824
-0.612617
-169.100418
-0.616372
-168.577927
-0.616372
-168.771576
-0.614762
-169.612183
-0.613153
-170.102493
-0.613689
-169.485580
-0.607252
-168.714722
-0.614226
-168.840240
-0.609934
-169.762924
-0.604570
-170.101425
-0.607252
-169.522064
-0.615299
-168.914810
-0.619054
-169.032822
-0.619054
-169.881485
-0.611007
-170.159897
-0.616908
-169.503830
-0.618517
-168.911591
-0.614762
-169.039795
-0.609398
-169.807449
-0.606716
-170.512863
-0.615835
-170.164185
-0.614226
-169.819244
-0.622809
-170.136292
-0.612617
-171.188782
-0.609934
-171.760635
-0.612080
-171.504211
-0.620663
-171.094910
-0.618517
-171.557327
-0.620663
-172.475174
-0.622809
-172.959579
-0.619054
-172.467133
-0.620127
-171.817490
-0.614226
-172.145264
-0.615299
-172.779877
-0.609398
-173.174698
-0.612080
-172.571732
-0.619054
-172.105560
-0.625491
-172.454788
-0.619054
-173.067947
-0.612080
-173.191330
-0.613689
-172.735352
-0.616908
-172.128098
-0.614762
-172.246643
-0.616372
-173.007858
-0.609398
-173.418777
-0.614762
-172.809921
-0.612080
-172.029922
-0.618517
-172.250412
-0.609398
-172.817429
-0.602961
-173.010010
-0.603497
-172.622696
-0.612617
-172.024033
-0.617445
-172.131317
-0.609934
-172.976746
-0.601888
-173.280380
-0.604570
-172.778259
-0.611544
-172.311020
-0.614226
-172.577103
-0.611007
-172.903793
-0.606716
-173.237457
-0.617445
-172.863022
-0.616372
-172.004715
-0.622809
-172.162430
-0.618517
-173.028778
-0.612080
-173.446136
-0.614226
-172.633423
-0.617981
-172.243973
-0.614226
-172.647903
-0.609398
-173.189178
-0.607252
-173.443451
-0.609934
-172.952072
-0.612617
-172.175842
-0.617981
-172.505219
-0.619590
-173.421463
-0.616908
-173.561462
-0.611007
-172.890915
-0.617445
-172.437088
-0.621736
-172.813126
-0.616372
-173.434326
-0.602961
-173.673584
-0.605643
-173.249802
-0.615299
-172.379150
-0.623882
-172.660248
-0.620127
-173.537323
-0.610471
-173.837738
-0.609934
-173.428436
-0.612617
-172.395782
-0.613689
-172.759491
-0.615299
-173.584000
-0.610471
-173.770676
-0.611007
-173.220825
-0.622273
-172.283127
-0.623345
-172.316925
-0.617981
-173.194000
-0.605643
-173.452042
-0.605643
-172.918274
-0.617981
-172.342667
-0.617981
-172.524521
-0.607252
-173.175232
-0.607252
-173.528748
-0.612617
-172.847458
-0.611007
-171.943024
-0.612617
-172.547592
-0.611007
-173.281982
-0.605106
-173.526062
-0.609934
-173.052917
-0.623345
-172.347504
-0.622809
-172.486969
-0.617445
-173.412338
-0.604034
-173.625305
-0.612617
-172.939728
-0.617445
-172.262741
-0.618517
-172.351791
-0.613153
-172.948318
-0.616372
-173.182205
-0.617981
-172.979965
-0.614226
-172.726761
-0.617445
-172.839417
-0.616372
-173.298080
-0.607789
-173.292175
-0.607789
-172.549744
-0.611007
-171.952148
-0.613689
-172.467133
-0.612080
-173.169327
-0.612617
-173.396240
-0.620127
-172.820114
-0.619054
-172.172089
-0.619054
-172.196228
-0.617445
-172.946701
-0.609934
-173.248718
-0.610471
-172.595871
-0.613689
-172.127563
-0.621736
-172.262741
-0.617445
-172.937057
-0.608325
-173.290024
-0.615299
-172.603928
-0.620127
-172.002029
-0.623345
-172.241821
-0.616908
-172.953674
-0.601351
-173.234772
-0.605643
-172.535263
-0.616372
-171.971985
-0.617445
-172.190857
-0.611007
-172.864090
-0.609398
-172.959579
-0.616372
-172.575485
-0.615299
-171.849686
-0.614762
-171.931763
-0.613689
-172.572800
-0.606716
-173.220291
-0.609934
-172.798111
-0.608325
-172.028320
-0.614762
-172.071228
-0.616372
-172.897354
-0.609934
-172.951004
-0.612617
-172.213394
-0.613689
-171.801941
-0.615299
-172.006866
-0.614226
-172.807236
-0.605106
-172.903793
-0.609934
-172.235916
-0.621736
-171.833588
-0.615299
-172.149017
-0.611544
-172.848541
-0.607252
-172.898956
-0.606716
-172.272400
-0.614762
-171.728989
-0.620663
-172.039047
-0.609934
-172.636108
-0.601888
-172.772903
-0.616908
-172.299759
-0.617445
-171.883484
-0.619590
-172.108246
-0.617445
-172.654343
-0.615299
-172.832977
-0.615835
-172.386658
-0.615835
-171.856659
-0.615835
-171.988083
-0.608325
-172.562607
-0.601351
-173.035217
-0.614762
-172.688141
-0.616372
-172.071228
-0.619054
-171.954285
-0.617445
-172.666687
-0.602961
-172.972458
-0.602424
-172.312637
-0.605643
-171.688751
-0.617445
-171.922638
-0.615299
-172.593735
-0.610471
-172.620544
-0.613689
-172.180130
-0.616372
-171.616867
-0.625491
-171.730057
-0.616908
-172.570129
-0.611007
-172.937057
-0.615299
-172.396317
-0.622809
-171.621689
-0.624418
-171.840027
-0.612080
-172.624847
-0.604034
-172.974060
-0.617445
-172.398468
-0.619054
-171.450027
-0.619590
-171.634033
-0.611007
-172.309952
-0.606716
-172.742859
-0.609398
-172.523453
-0.609398
-171.889923
-0.623345
-171.960190
-0.626028
-172.770218
-0.608862
-172.845856
-0.610471
-172.335159
-0.616372
-171.886154
-0.619054
-171.918884
-0.620663
-172.586212
-0.614762
-173.012146
-0.608862
-172.305664
-0.609398
-171.682846
-0.609398
-171.899567
-0.609398
-172.614655
-0.613689
-172.809921
-0.617981
-172.356613
-0.616908
-171.745621
-0.623882
-171.467743
-0.617981
-172.418304
-0.613153
-172.714966
-0.615835
-172.321747
-0.609398
-171.491882
-0.622273
-171.789597
-0.624955
-172.585144
-0.613689
-172.885010
-0.615835
-172.301910
-0.615835
-171.653885
-0.622809
-172.066940
-0.617445
-172.749832
-0.615299
-172.884476
-0.617981
-172.356079
-0.617445
-171.903870
-0.616372
-172.031006
-0.616908
-172.756271
-0.617445
-173.069016
-0.619590
-172.475708
-0.611544
-171.648514
-0.611007
-171.732742
-0.605643
-172.725159
-0.607252
-173.114609
-0.611007
-172.554031
-0.620127
-171.848618
-0.619054
-172.091614
-0.614762
-172.821182
-0.609934
-173.051315
-0.608325
-172.410263
-0.611544
-171.862015
-0.618517
-172.221436
-0.614762
-172.772369
-0.610471
-172.949387
-0.620127
-172.469269
-0.620663
-171.759018
-0.619054
-171.890457
-0.619054
-172.562607
-0.611544
-173.134995
-0.607789
-172.565826
-0.612617
-171.855591
-0.619054
-171.943558
-0.620127
-172.503601
-0.609398
-172.948318
-0.607789
-172.571198
-0.615299
-171.820709
-0.614762
-171.848618
-0.612617
-172.514877
-0.609934
-172.706924
-0.610471
-172.427963
-0.614762
-171.924789
-0.616372
-171.979507
-0.616372
-172.865173
-0.617445
-173.155914
-0.619054
-172.431717
-0.614762
-171.727905
-0.616372
-171.742935
-0.618517
-172.469803
-0.612080
-173.016983
-0.617445
-172.478928
-0.621736
-171.732208
-0.618517
-171.971451
-0.617981
-172.702087
-0.612617
-173.114609
-0.614226
-172.675797
-0.620127
-171.787994
-0.620127
-171.907623
-0.609934
-172.923111
-0.606716
-173.011078
-0.611007
-172.513260
-0.616908
-171.852905
-0.619054
-171.841629
-0.620127
-172.557785
-0.609398
-173.048630
-0.611007
-172.531494
-0.614762
-171.733276
-0.616372
-171.743469
-0.615299
-172.602844
-0.616372
-172.992310
-0.613689
-172.284744
-0.617981
-171.616867
-0.620663
-171.735428
-0.620663
-172.413483
-0.609934
-172.788986
-0.618517
-172.118439
-0.617445
-171.364197
-0.614226
-171.702698
-0.616908
-172.576569
-0.611007
-173.113007
-0.605643
-172.394714
-0.611007
-171.857193
-0.617445
-171.682312
-0.605643
-172.235382
-0.599206
-172.557785
-0.600815
-172.196762
-0.617981
-171.602921
-0.613689
-171.583069
-0.617981
-172.179062
-0.614762
-172.582458
-0.614762
-172.035294
-0.608325
-171.325043
-0.604570
-171.595413
-0.608325
-172.190857
-0.609398
-172.476242
-0.606716
-171.775116
-0.615835
-170.996201
-0.621736
-171.220978
-0.614226
-172.037979
-0.605643
-172.471954
-0.618517
-172.009537
-0.615299
-171.406052
-0.622809
-171.645294
-0.617981
-172.151703
-0.611007
-172.364670
-0.614762
-171.971985
-0.616372
-171.382980
-0.622273
-171.273544
-0.620127
-172.033676
-0.613689
-172.317459
-0.612080
-171.689285
-0.606716
-171.292313
-0.612080
-171.742401
-0.609934
-172.495560
-0.617445
-172.632889
-0.613153
-171.505295
-0.612080
-171.143723
-0.615299
-171.648514
-0.612617
-172.130249
-0.609398
-172.271866
-0.614762
-171.776733
-0.613689
-171.294998
-0.616908
-171.516022
-0.617445
-172.250412
-0.617981
-172.626450
-0.612617
-172.057816
-0.617445
-171.454865
-0.617981
-171.877045
-0.614226
-172.260605
-0.604570
-172.127029
-0.614762
-171.900650
-0.614762
-171.422134
-0.612617
-171.689819
-0.608862
-172.358765
-0.605643
-172.381302
-0.613153
-171.796570
-0.612080
-171.332550
-0.611007
-171.443604
-0.618517
-171.623840
-0.620127
-171.134064
-0.615835
-169.936203
-0.612617
-169.284424
-0.615835
-169.327332
-0.619054
-169.479691
-0.609398
-168.914276
-0.609398
-167.484650
-0.623882
-166.786743
-0.616908
-167.386490
-0.612617
-168.045242
-0.613689
-168.157349
-0.609398
-167.631638
-0.607789
-167.122025
-0.615299
-167.200348
-0.612080
-167.737854
-0.607789
-167.935272
-0.607252
-167.391312
-0.609398
-167.066238
-0.624418
-167.157959
-0.621736
-167.711029
-0.613153
-167.678848
-0.608325
-167.257736
-0.617981
-166.925690
-0.627637
-167.429947
-0.619054
-168.097275
-0.609934
-167.672409
-0.616372
-167.047455
-0.624418
-166.804977
-0.623882
-167.418671
-0.617981
-167.905762
-0.616908
-168.171295
-0.615835
-167.623062
-0.612617
-166.858627
-0.618517
-166.907440
-0.611007
-167.897186
-0.609934
-168.317749
-0.609398
-167.542053
-0.616372
-166.877945
-0.616372
-167.404190
-0.614226
-168.135361
-0.609934
-168.108536
-0.612080
-167.499680
-0.614762
-167.178879
-0.617981
-167.118271
-0.619590
-167.913803
-0.615299
-168.286102
-0.608325
-167.556534
-0.609934
-166.732025
-0.615835
-167.061935
-0.616372
-167.950821
-0.612617
-168.199738
-0.613153
-167.537766
-0.615299
-166.599533
-0.619054
-166.863998
-0.615835
-167.696014
-0.612617
-167.828522
-0.613689
-167.318893
-0.617981
-166.728271
-0.619054
-167.060867
-0.617981
-167.675095
-0.608325
-167.817245
-0.609934
-167.381119
-0.608325
-166.645126
-0.609398
-167.205704
-0.613153
-168.108002
-0.607252
-168.220123
-0.604570
-167.604813
-0.613153
-167.074814
-0.614226
-167.075882
-0.616372
-167.693863
-0.620663
-167.936874
-0.618517
-167.321045
-0.614762
-166.843613
-0.622273
-166.958939
-0.616372
-167.693863
-0.611007
-167.820465
-0.611544
-167.328018
-0.617445
-166.673019
-0.621736
-167.039948
-0.613153
-167.603210
-0.608862
-167.676697
-0.609398
-167.163330
-0.617445
-166.733643
-0.620127
-167.324265
-0.612617
-167.811890
-0.609398
-167.846222
-0.609398
-167.287247
-0.616908
-166.915497
-0.622809
-167.266327
-0.616372
-167.922928
-0.607789
-168.124100
-0.610471
-167.473389
-0.609934
-166.987915
-0.617981
-166.823227
-0.612080
-167.544739
-0.609398
-167.700836
-0.615835
-167.137039
-0.614226
-167.575851
-0.612080
-168.585434
-0.612080
-168.920181
-0.609934
-169.613800
-0.616908
-169.789215
-0.617445
-170.222656
-0.615299
-170.852432
-0.608862
-171.997208
-0.607789
-172.939194
-0.610471
-172.482147
-0.608862
-171.843781
-0.616372
-172.560471
-0.607252
-173.347961
-0.608862
-173.782486
-0.620127
-173.269638
-0.610471
-172.527206
-0.616372
-172.400070
-0.611544
-173.139282
-0.605643
-173.651062
-0.611007
-173.360306
-0.609398
-172.968170
-0.616372
-173.174698
-0.615299
-173.902649
-0.608325
-173.763702
-0.612080
-172.986938
-0.612080
-172.730515
-0.618517
-173.063644
-0.617981
-173.798569
-0.609398
-174.151016
-0.612080
-173.587753
-0.609934
-172.678482
-0.623345
-172.817963
-0.616908
-173.570053
-0.614226
-173.798569
-0.614226
-173.100128
-0.611007
-172.687073
-0.617981
-172.930084
-0.616372
-173.472427
-0.609934
-173.387131
-0.615835
-172.910767
-0.618517
-172.743393
-0.617445
-172.969772
-0.611007
-173.454712
-0.609934
-173.495483
-0.612617
-173.260529
-0.611007
-172.805084
-0.617445
-172.835129
-0.620127
-173.529282
-0.614762
-173.877975
-0.611007
-173.482071
-0.614762
-172.589966
-0.619054
-172.756805
-0.617981
-173.545380
-0.608325
-173.447205
-0.609934
-172.794357
-0.611544
-172.469803
-0.616372
-172.810989
-0.611544
-173.235306
-0.608325
-173.382294
-0.615299
-172.850143
-0.616372
-172.457474
-0.619054
-172.596405
-0.614762
-173.246582
-0.609934
-173.420380
-0.609934
-172.559937
-0.612617
-172.048172
-0.612080
-172.434937
-0.611007
-173.122665
-0.605643
-173.577026
-0.609398
-172.859802
-0.609934
-171.971985
-0.619054
-171.551956
-0.613153
-172.142578
-0.609934
-172.319077
-0.611544
-171.565369
-0.612617
-170.895355
-0.616372
-170.720474
-0.615835
-171.340607
-0.615835
-171.596481
-0.612080
-170.959183
-0.617445
-170.481750
-0.615299
-171.006393
-0.609934
-171.541229
-0.606179
-171.731659
-0.609934
-171.476852
-0.612080
-170.497849
-0.617981
-170.739792
-0.615299
-171.706985
-0.608325
-171.834656
-0.612617
-171.220978
-0.609398
-170.692581
-0.617981
-171.037506
-0.612080
-171.627594
-0.608325
-171.668900
-0.614226
-171.142654
-0.619054
-170.662537
-0.616372
-171.097061
-0.615299
-172.152771
-0.614762
-172.343750
-0.607789
-171.465057
-0.613153
-170.758026
-0.624955
-170.890518
-0.615299
-171.999344
-0.608862
-172.265427
-0.617445
-171.463440
-0.620127
-171.082565
-0.617981
-171.170013
-0.616372
-171.886703
-0.611007
-172.124344
-0.607789
-171.637787
-0.612080
-171.096512
-0.616372
-171.223114
-0.612080
-172.122192
-0.613153
-172.181747
-0.602961
-171.726837
-0.611007
-171.095978
-0.621736
-171.267639
-0.613689
-172.079285
-0.609398
-171.974670
-0.617981
-171.237610
-0.619054
-170.889984
-0.617445
-171.237610
-0.607789
-171.911911
-0.603497
-172.090012
-0.614762
-171.482758
-0.612617
-170.984406
-0.619590
-170.840103
-0.614226
-171.336304
-0.611007
-171.509583
-0.608325
-170.821854
-0.613153
-170.152374
-0.621736
-170.924316
-0.621736
-171.772430
-0.611007
-171.478470
-0.615835
-171.202194
-0.609934
-170.474777
-0.621200
-170.978500
-0.623882
-171.639404
-0.614762
-171.494553
-0.612080
-170.969925
-0.616372
-170.338531
-0.613689
-170.552032
-0.612617
-171.155533
-0.616372
-171.380829
-0.606179
-170.696869
-0.605643
-169.958725
-0.614226
-170.623383
-0.608325
-171.330948
-0.607789
-171.584152
-0.604570
-170.771973
-0.608325
-170.071381
-0.623345
-170.562225
-0.624418
-171.207031
-0.609398
-171.404968
-0.606716
-170.834732
-0.607252
-170.284348
-0.619054
-170.420609
-0.614226
-170.721008
-0.604034
-170.938263
-0.608325
-170.558472
-0.610471
-170.334778
-0.612617
-170.351395
-0.611544
-171.035370
-0.614762
-171.252090
-0.614762
-170.614792
-0.618517
-170.204422
-0.620127
-170.108398
-0.616908
-170.672195
-0.609398
-170.612656
-0.607789
-170.322433
-0.616372
-170.084793
-0.621736
-170.287033
-0.615299
-170.743546
-0.608325
-170.923248
-0.605106
-170.097122
-0.612080
-169.331619
-0.613153
-169.241501
-0.609934
-168.372467
-0.609398
-168.037186
-0.605643
-169.251160
-0.611544
-169.662613
-0.621736
-169.743073
-0.614762
-169.982864
-0.612080
-169.757553
-0.621736
-169.405121
-0.612080
-169.430862
-0.614762
-169.709824
-0.612080
-169.886307
-0.604570
-169.591263
-0.609934
-169.331619
-0.617981
-169.363815
-0.619054
-169.819794
-0.615299
-170.216217
-0.611007
-169.991455
-0.608325
-169.545670
-0.610471
-169.230774
-0.617445
-169.351471
-0.611544
-169.726990
-0.612080
-169.340210
-0.608325
-168.994736
-0.606716
-168.988846
-0.615299
-169.196976
-0.619054
-169.091843
-0.614226
-168.488876
-0.617445
-168.186325
-0.620663
-168.377838
-0.626028
-168.987762
-0.615835
-169.796188
-0.604570
-169.511337
-0.605106
-169.158356
-0.606716
-169.161041
-0.612080
-169.470566
-0.619054
-170.171158
-0.614226
-170.271469
-0.615299
-169.348251
-0.607789
-169.154602
-0.620127
-169.738251
-0.613689
-170.033829
-0.614762
-170.173843
-0.616372
-169.940491
-0.619054
-169.272614
-0.621736
-169.728058
-0.616372
-170.215149
-0.609398
-170.224258
-0.609934
-169.896500
-0.613153
-169.113831
-0.617445
-169.591263
-0.613153
-170.377151
-0.612080
-170.555786
-0.606716
-170.022018
-0.612617
-170.160431
-0.619590
-170.398605
-0.609934
-171.167862
-0.598669
-171.750443
-0.608325
-171.120117
-0.620127
-170.834732
-0.620127
-171.310562
-0.619054
-172.106644
-0.616908
-172.379684
-0.604570
-171.914597
-0.615299
-171.072922
-0.625491
-171.361526
-0.617445
-172.010086
-0.605643
-172.289032
-0.613153
-171.814285
-0.616908
-170.861023
-0.619590
-170.652344
-0.613689
-171.767609
-0.607789
-171.944626
-0.606716
-171.318604
-0.612080
-170.977966
-0.613689
-171.267105
-0.616372
-171.927475
-0.614762
-172.237000
-0.616372
-171.600235
-0.619054
-171.055756
-0.613153
-171.058975
-0.609398
-171.889374
-0.611544
-172.634491
-0.612617
-171.859344
-0.612080
-170.883011
-0.620663
-171.197372
-0.614762
-172.024033
-0.606716
-171.933365
-0.609934
-171.490265
-0.608325
-171.104568
-0.613689
-171.357224
-0.602961
-172.296539
-0.610471
-172.162430
-0.615299
-171.562149
-0.620663
-171.185028
-0.619054
-171.081497
-0.615835
-171.589508
-0.611007
-171.890991
-0.610471
-171.886154
-0.613689
-171.141586
-0.622809
-171.178055
-0.616908
-171.975754
-0.614762
-172.424744
-0.605106
-171.841629
-0.615299
-171.018204
-0.627101
-171.211319
-0.618517
-172.124878
-0.613689
-172.458542
-0.611544
-171.511719
-0.612617
-171.237061
-0.622809
-171.086868
-0.614226
-171.850220
-0.611007
-172.157608
-0.611007
-171.946243
-0.610471
-171.432861
-0.621736
-171.467743
-0.609934
-171.991837
-0.608862
-172.022949
-0.612080
-171.336838
-0.609934
-170.784317
-0.612617
-171.202194
-0.609398
-171.881866
-0.613689
-172.101807
-0.612617
-171.219360
-0.612617
-170.584213
-0.615835
-171.091156
-0.608325
-172.059967
-0.604570
-172.308884
-0.610471
-171.571808
-0.610471
-170.666824
-0.615835
-170.937729
-0.612617
-171.671585
-0.611007
-171.670517
-0.617445
-170.975815
-0.615835
-170.233917
-0.619590
-170.729050
-0.617445
-171.357773
-0.617445
-171.498306
-0.611007
-171.261749
-0.620127
-170.848145
-0.621200
-171.004791
-0.611544
-171.592728
-0.604570
-171.747223
-0.607789
-171.469345
-0.615835
-170.994598
-0.621736
-170.985474
-0.617981
-171.432861
-0.613689
-171.408722
-0.615835
-170.937729
-0.613689
-170.730133
-0.610471
-170.475861
-0.608325
-170.905014
-0.607252
-171.494019
-0.607252
-170.900177
-0.606716
-170.157211
-0.612617
-170.162033
-0.613153
-170.996201
-0.611544
-171.412491
-0.611007
-170.760712
-0.609398
-170.087479
-0.618517
-169.958725
-0.607252
-170.546661
-0.605643
-170.826157
-0.615299
-170.329941
-0.618517
-169.917419
-0.621736
-169.782776
-0.617981
-170.129318
-0.615299
-170.660934
-0.607789
-169.895432
-0.609398
-169.136902
-0.620127
-169.525818
-0.609934
-170.148087
-0.611007
-170.587967
-0.615835
-170.225342
-0.619590
-169.492020
-0.620663
-169.489883
-0.613153
-170.314392
-0.605643
-170.653412
-0.604034
-170.416306
-0.608862
-169.768295
-0.617445
-170.025238
-0.613689
-170.668442
-0.608325
-170.677551
-0.607789
-170.187256
-0.611007
-169.582138
-0.614762
-169.559616
-0.614762
-170.065475
-0.612080
-170.335846
-0.612080
-169.782242
-0.612617
-168.826828
-0.625491
-169.190536
-0.615299
-169.748978
-0.613689
-170.075668
-0.606716
-169.821930
-0.613153
-169.548355
-0.619054
-169.887375
-0.614762
-170.570267
-0.613153
-170.699554
-0.606716
-170.202805
-0.611007
-169.454468
-0.620663
-169.666901
-0.617981
-170.762848
-0.612617
-170.604065
-0.614226
-169.393311
-0.609934
-168.357452
-0.620127
-168.303268
-0.622809
-169.038727
-0.609934
-169.140121
-0.609934
-169.122955
-0.619590
-169.068237
-0.621736
-169.612717
-0.617445
-169.660995
-0.607252
-169.665298
-0.611007
-169.811203
-0.618517
-169.489883
-0.621736
-170.177597
-0.608325
-171.121735
-0.607252
-171.441452
-0.612080
-171.124420
-0.614226
-170.376083
-0.624955
-170.477463
-0.618517
-171.453796
-0.611007
-172.036362
-0.610471
-171.436630
-0.610471
-170.865845
-0.616372
-171.192535
-0.609398
-172.173157
-0.605106
-172.492874
-0.606716
-171.543381
-0.614762
-171.140503
-0.614226
-171.630280
-0.604570
-172.399002
-0.606716
-172.838348
-0.611007
-172.558853
-0.612080
-171.815353
-0.613153
-171.691437
-0.617981
-171.923706
-0.613689
-172.283127
-0.612617
-171.938736
-0.610471
-171.370102
-0.616372
-171.439301
-0.612617
-172.193542
-0.611007
-172.198364
-0.609934
-171.297684
-0.606716
-170.762848
-0.609398
-171.132996
-0.620663
-171.991302
-0.608862
-172.037979
-0.613153
-171.475784
-0.618517
-171.128174
-0.622809
-171.472031
-0.616372
-172.072845
-0.615299
-172.252014
-0.605643
-171.726303
-0.605643
-171.279984
-0.615299
-171.385666
-0.608325
-172.005249
-0.603497
-172.448349
-0.608862
-171.639938
-0.620127
-171.402298
-0.619590
-171.641541
-0.611544
-172.274002
-0.601888
-172.614120
-0.608325
-172.102890
-0.610471
-171.431259
-0.612080
-171.517624
-0.607252
-172.128632
-0.608862
-172.448349
-0.607252
-171.757416
-0.613689
-171.453796
-0.619590
-171.683929
-0.611544
-172.269180
-0.609934
-172.096985
-0.609398
-171.559464
-0.607252
-171.157669
-0.612617
-171.482758
-0.612617
-172.183884
-0.613689
-172.550812
-0.608325
-171.954819
-0.606716
-171.150162
-0.614762
-171.381363
-0.614762
-171.790146
-0.608325
-172.114151
-0.613153
-172.202667
-0.614226
-171.534790
-0.620127
-171.577713
-0.619054
-172.167252
-0.609398
-172.248260
-0.607252
-171.680710
-0.607789
-171.258530
-0.622273
-171.396927
-0.619054
-172.108246
-0.611544
-172.637177
-0.606716
-171.990234
-0.609934
-171.400681
-0.613689
-171.622238
-0.612080
-172.474640
-0.615299
-172.737488
-0.614762
-172.258987
-0.614226
-171.661926
-0.617981
-171.721481
-0.617981
-172.234848
-0.606179
-172.413483
-0.600278
-171.701096
-0.600278
-171.259598
-0.611544
-171.396927
-0.621736
-172.236465
-0.608325
-172.627518
-0.606179
-172.036362
-0.606716
-171.548203
-0.614226
-171.826614
-0.613689
-172.395782
-0.613689
-172.464981
-0.617981
-171.914063
-0.617445
-171.396927
-0.622809
-171.598099
-0.614762
-172.181198
-0.609934
-172.562607
-0.606716
-172.225723
-0.611007
-171.273544
-0.623345
-171.600235
-0.616908
-172.151703
-0.616372
-172.467667
-0.607252
-172.195694
-0.617981
-171.631348
-0.622809
-171.819641
-0.615299
-172.342133
-0.611007
-172.369492
-0.617445
-171.852371
-0.623345
-171.488663
-0.621200
-171.855042
-0.615299
-172.451035
-0.613153
-172.339996
-0.620663
-171.885086
-0.614226
-171.408188
-0.613153
-171.695724
-0.611544
-172.306198
-0.609934
-172.667755
-0.604570
-172.204803
-0.606179
-171.513336
-0.619054
-171.539078
-0.616372
-172.212311
-0.612617
-172.521851
-0.606716
-172.045486
-0.610471
-171.529434
-0.612617
-171.533188
-0.611544
-172.102341
-0.611007
-172.276688
-0.610471
-172.139359
-0.608862
-171.826080
-0.617981
-171.901718
-0.620663
-172.662933
-0.607789
-172.837814
-0.615299
-172.182281
-0.626564
-171.415161
-0.625491
-171.667297
-0.613689
-172.309418
-0.604034
-172.567444
-0.606716
-172.154922
-0.608325
-171.542831
-0.620127
-171.595413
-0.611544
-172.256836
-0.608862
-172.527206
-0.609934
-171.790680
-0.615299
-171.050385
-0.619054
-171.688751
-0.609934
-172.302444
-0.607252
-172.536865
-0.611007
-172.089478
-0.617981
-171.205948
-0.626028
-171.447891
-0.612617
-172.438156
-0.613689
-172.547592
-0.611544
-172.165649
-0.615299
-171.693573
-0.623345
-171.737030
-0.615835
-172.313705
-0.612080
-172.710129
-0.614762
-172.317993
-0.617981
-171.682846
-0.624955
-171.521378
-0.619054
-172.270798
-0.613153
-173.045944
-0.612617
-172.500381
-0.608862
-171.534790
-0.615835
-171.660858
-0.614226
-172.466599
-0.611007
-172.588898
-0.611007
-172.218750
-0.611007
-171.918884
-0.617981
-171.834122
-0.615835
-172.309418
-0.604034
-172.607681
-0.608325
-172.225723
-0.612617
-171.584686
-0.611007
-171.718796
-0.604570
-172.297073
-0.608862
-172.550812
-0.617981
-172.149551
-0.614762
-171.482224
-0.612617
-171.365814
-0.613689
-171.970917
-0.609934
-172.128632
-0.612080
-171.625992
-0.620127
-171.606674
-0.608862
-171.842178
-0.608325
-172.294388
-0.607252
-172.539551
-0.612080
-172.048172
-0.615835
-171.636719
-0.620127
-171.845932
-0.622809
-172.473572
-0.608325
-172.573883
-0.604034
-172.143112
-0.608862
-171.606140
-0.617445
-171.800873
-0.609934
-172.299225
-0.606179
-172.610901
-0.612617
-172.010620
-0.613689
-171.413559
-0.621736
-171.843781
-0.615299
-172.540619
-0.609934
-172.406509
-0.619590
-171.871674
-0.611007
-171.860413
-0.613689
-171.585754
-0.613153
-171.858810
-0.608325
-172.154388
-0.613153
-172.080353
-0.613153
-171.253693
-0.618517
-171.714493
-0.613689
-172.208023
-0.609934
-171.865784
-0.609398
-170.960800
-0.615299
-169.863770
-0.617981
-169.416916
-0.613689
-169.546204
-0.612617
-169.692108
-0.600278
-168.918030
-0.609398
-168.052216
-0.617445
-168.125702
-0.614762
-168.492096
-0.608325
-169.102036
-0.612617
-168.526962
-0.615299
-167.688507
-0.617445
-168.182571
-0.608325
-168.575775
-0.609934
-169.020493
-0.607789
-168.359589
-0.617445
-167.667053
-0.614762
-168.093521
-0.608862
-168.930908
-0.615299
-169.027466
-0.615299
-168.403046
-0.619054
-167.963165
-0.617981
-168.134827
-0.608862
-168.714188
-0.605106
-169.014053
-0.607252
-168.342957
-0.607789
-167.487869
-0.609934
-168.127319
-0.612080
-168.719543
-0.610471
-168.999039
-0.606716
-168.451859
-0.609934
-167.833344
-0.617981
-168.494247
-0.614762
-168.805374
-0.615835
-168.467422
-0.608325
-168.309708
-0.608325
-168.028076
-0.620663
-167.937943
-0.616908
-168.398758
-0.612617
-168.975967
-0.612080
-168.213150
-0.612617
-167.815109
-0.623882
-168.425583
-0.620663
-168.837021
-0.611544
-168.980255
-0.605106
-168.155212
-0.604570
-168.013046
-0.621736
-168.297897
-0.615299
-168.860626
-0.611007
-169.141190
-0.602961
-168.556473
-0.607252
-167.643982
-0.619054
-167.386490
-0.619054
-168.346725
-0.617445
-169.118118
-0.610471
-168.328476
-0.607789
-167.467484
-0.616908
-167.714249
-0.615299
-168.428787
-0.613689
-168.677704
-0.612080
-168.270538
-0.610471
-167.721756
-0.615835
-167.811356
-0.619054
-168.482437
-0.605643
-168.862244
-0.606716
-168.823074
-0.615835
-167.971741
-0.619054
-168.193298
-0.604034
-168.868683
-0.608325
-168.900864
-0.607789
-168.483505
-0.609398
-168.188461
-0.623345
-168.370865
-0.612080
-168.614395
-0.609398
-168.926071
-0.614762
-168.774796
-0.608325
-167.878403
-0.613153
-168.021637
-0.616372
-168.522675
-0.612617
-168.960403
-0.611007
-168.956116
-0.616372
-168.597244
-0.620127
-168.489410
-0.614226
-168.685745
-0.613153
-168.903549
-0.611007
-168.450256
-0.612080
-167.674026
-0.615299
-167.476608
-0.612080
-167.721756
-0.611007
-168.167542
-0.606716
-167.688507
-0.609398
-167.034042
-0.617445
-167.004547
-0.614762
-167.333374
-0.605643
-167.821548
-0.604570
-167.875717
-0.613153
-167.150452
-0.614226
-167.338211
-0.611007
-168.022705
-0.604570
-168.250702
-0.611007
-167.646118
-0.614762
-167.030289
-0.616372
-167.476074
-0.612080
-168.050598
-0.612617
-168.162720
-0.612080
-167.762527
-0.615299
-167.373611
-0.617981
-167.357513
-0.608325
-168.003937
-0.613689
-168.687363
-0.609398
-168.103714
-0.608862
-167.217514
-0.612080
-167.220734
-0.608325
-168.007156
-0.604570
-168.460449
-0.604570
-167.854263
-0.615835
-167.429947
-0.618517
-167.341431
-0.612617
-167.808136
-0.607252
-168.326874
-0.611007
-167.704056
-0.612617
-167.142944
-0.617445
-167.525421
-0.613689
-168.252838
-0.611007
-168.532333
-0.611007
-167.826370
-0.609398
-167.258820
-0.619054
-167.312988
-0.612080
-167.963699
-0.605643
-168.466339
-0.611544
-167.929901
-0.613153
-166.847366
-0.617981
-167.303879
-0.612617
-167.765747
-0.609398
-168.292007
-0.613689
-167.958328
-0.613689
-167.281342
-0.611544
-167.208389
-0.617445
-167.984619
-0.613689
-168.207779
-0.608325
-168.173981
-0.612080
-167.490021
-0.621736
-167.571030
-0.616372
-168.355301
-0.614762
-168.447037
-0.620127
-167.928299
-0.619590
-167.147766
-0.619590
-167.229843
-0.613689
-168.051132
-0.615835
-168.330627
-0.612617
-167.666504
-0.611007
-167.390778
-0.620127
-167.455154
-0.614226
-167.675095
-0.609398
-168.259811
-0.606716
-167.893967
-0.607789
-167.190689
-0.616372
-167.785599
-0.615299
-169.026382
-0.610471
-169.407806
-0.615299
-168.908905
-0.620127
-168.142334
-0.615299
-168.033966
-0.612617
-168.480835
-0.613689
-169.118118
-0.617445
-168.558609
-0.613153
-168.029678
-0.614226
-168.141800
-0.609934
-168.926071
-0.608862
-169.173370
-0.612617
-168.432556
-0.619590
-168.128387
-0.627101
-168.256592
-0.619054
-168.687363
-0.608325
-168.862244
-0.609934
-168.270538
-0.612080
-168.173447
-0.617445
-168.180954
-0.615835
-168.617081
-0.617981
-169.021027
-0.609934
-168.480835
-0.617981
-168.146088
-0.621736
-168.068848
-0.609398
-168.510864
-0.603497
-168.930374
-0.609934
-168.426651
-0.613689
-167.965851
-0.614226
-168.213150
-0.612617
-168.147156
-0.614226
-168.750656
-0.613689
-168.431473
-0.612617
-168.097275
-0.617445
-168.383728
-0.609398
-169.281738
-0.612617
-169.331619
-0.612080
-168.300049
-0.609398
-167.826370
-0.615299
-168.005005
-0.612080
-169.357910
-0.607252
-170.561157
-0.612617
-170.565445
-0.614762
-170.231781
-0.619054
-170.519302
-0.619054
-171.572342
-0.616372
-172.643616
-0.612617
-172.589966
-0.616372
-172.104492
-0.614762
-172.343750
-0.607252
-173.049698
-0.609398
-173.415558
-0.609934
-173.015366
-0.613689
-172.123810
-0.626028
-172.484299
-0.624955
-173.477783
-0.612080
-173.287888
-0.612617
-173.011078
-0.611007
-172.367355
-0.617445
-172.373245
-0.609398
-172.998199
-0.614226
-173.384445
-0.612080
-172.906479
-0.613689
-172.154922
-0.611007
-172.442459
-0.617445
-172.984253
-0.611007
-173.524460
-0.612617
-173.221909
-0.612617
-172.522919
-0.613689
-172.044418
-0.613689
-171.527817
-0.609398
-169.810669
-0.609398
-170.193146
-0.612617
-171.525665
-0.619054
-172.099670
-0.611007
-172.505753
-0.612080
-172.720322
-0.610471
-172.558319
-0.609934
-172.503067
-0.612080
-173.119980
-0.614762
-173.393570
-0.615835
-172.914520
-0.612080
-172.606064
-0.611007
-172.659714
-0.614762
-172.981033
-0.616372
-173.173615
-0.613689
-173.079742
-0.613689
-172.674728
-0.614226
-172.664536
-0.613689
-173.109253
-0.609934
-173.481003
-0.605643
-173.109787
-0.617981
-172.806152
-0.615299
-172.398468
-0.615299
-172.691895
-0.613689
-173.094772
-0.606716
-173.426285
-0.606179
-173.040588
-0.616372
-172.830841
-0.616372
-172.787384
-0.614226
-173.283051
-0.609934
-173.296463
-0.602961
-173.187576
-0.609398
-173.025558
-0.620663
-173.155380
-0.614762
-173.327576
-0.616372
-173.237457
-0.606179
-172.999817
-0.603497
-172.916122
-0.614226
-173.446136
-0.612080
-173.393021
-0.607252
-173.160217
-0.605643
-172.879654
-0.619590
-172.725693
-0.623345
-173.167191
-0.606716
-173.575424
-0.607252
-173.347961
-0.605643
-173.020737
-0.612080
-172.578171
-0.624955
-172.954758
-0.621736
-173.205276
-0.609934
-173.029861
-0.606716
-173.235306
-0.616908
-172.753586
-0.619054
-173.258377
-0.615299
-173.638718
-0.605643
-173.481537
-0.607789
-173.163437
-0.612080
-172.783096
-0.612617
-173.062042
-0.612080
-173.492798
-0.604034
-173.362991
-0.609934
-173.166107
-0.614762
-172.881256
-0.619054
-173.099594
-0.608325
-173.639786
-0.609398
-173.387665
-0.611007
-172.706924
-0.614762
-172.876968
-0.620663
-173.334549
-0.621736
-173.432190
-0.620127
-173.315781
-0.612617
-173.162354
-0.619590
-172.688141
-0.617981
-172.761627
-0.617445
-173.153244
-0.614762
-173.426819
-0.612080
-173.062042
-0.620127
-173.119980
-0.617981
-173.359238
-0.614226
-173.516937
-0.609398
-173.184357
-0.601888
-173.126953
-0.606716
-173.762100
-0.626564
-174.412796
-0.622809
-175.106415
-0.616372
-175.675049
-0.611544
-175.781799
-0.618517
-176.264603
-0.616372
-176.743637
-0.608862
-177.119156
-0.612617
-177.826721
-0.617981
-178.209198
-0.614226
-178.307907
-0.613689
-179.172119
-0.614762
-179.748795
-0.620127
-179.507385
-0.611007
-178.599197
-0.608325
-178.454895
-0.610471
-178.970413
-0.609934
-179.188736
-0.612617
-178.957535
-0.608325
-178.547699
-0.612080
-178.526245
-0.614762
-178.783737
-0.615299
-179.015472
-0.611007
-179.305145
-0.607252
-178.761734
-0.616372
-178.456497
-0.620663
-178.837906
-0.612617
-179.153870
-0.611544
-179.018158
-0.608862
-178.580414
-0.611007
-178.651764
-0.614762
-178.735992
-0.617981
-178.696823
-0.618517
-179.231125
-0.611007
-178.856155
-0.607789
-178.754761
-0.612080
-178.567551
-0.613689
-179.232727
-0.609398
-179.438187
-0.607252
-178.965591
-0.612080
-178.850250
-0.616372
-179.222534
-0.614226
-179.471451
-0.614762
-179.304611
-0.612617
-178.962906
-0.609934
-178.761734
-0.619590
-179.053024
-0.613153
-179.274033
-0.605643
-179.219315
-0.601888
-179.243454
-0.610471
-178.882431
-0.620663
-178.885651
-0.620127
-179.014938
-0.609934
-179.245071
-0.609934
-178.642639
-0.611007
-178.337952
-0.613153
-178.768707
-0.614226
-179.302475
-0.613153
-179.208588
-0.613153
-178.900131
-0.609934
-178.850250
-0.615299
-179.165146
-0.607252
-179.415115
-0.610471
-178.619049
-0.612617
-178.401779
-0.607789
-178.677521
-0.617981
-178.984360
-0.612080
-179.244537
-0.609934
-179.213425
-0.610471
-178.555740
-0.606716
-178.681808
-0.608325
-178.983292
-0.613689
-179.363083
-0.617445
-179.342163
-0.621736
-178.932861
-0.617981
-178.812698
-0.611007
-178.916763
-0.620663
-179.348068
-0.603497
-179.610916
-0.600815
-179.095932
-0.602961
-178.244614
-0.612080
-178.339554
-0.611544
-179.081451
-0.608862
-179.514359
-0.606716
-179.331436
-0.612617
-178.517654
-0.617445
-178.466156
-0.618517
-179.162460
-0.611544
-179.422089
-0.604034
-179.078232
-0.607252
-178.535355
-0.623345
-178.454895
-0.615299
-179.258484
-0.612617
-179.503632
-0.612080
-178.961823
-0.616372
-178.453278
-0.620663
-178.681274
-0.617981
-179.319641
-0.606179
-179.606094
-0.606716
-179.214493
-0.614762
-178.588470
-0.611544
-178.597580
-0.612617
-179.462326
-0.610471
-179.882904
-0.613153
-179.526703
-0.616372
-179.032639
-0.618517
-178.710236
-0.613689
-178.995087
-0.615299
-179.441940
-0.613689
-179.154404
-0.617445
-178.937149
-0.619054
-179.078232
-0.615299
-179.446777
-0.612080
-179.764877
-0.609934
-179.168365
-0.612080
-178.504242
-0.616372
-178.625473
-0.613689
-179.115250
-0.613153
-179.436584
-0.610471
-179.045517
-0.611007
-178.479034
-0.617981
-178.582031
-0.614762
-179.336258
-0.614226
-179.470383
-0.611007
-178.913010
-0.605106
-178.152878
-0.614226
-178.439865
-0.607252
-179.170502
-0.612080
-179.596436
-0.609398
-179.361481
-0.616372
-178.751541
-0.620127
-178.430222
-0.616372
-179.058395
-0.612080
-179.465546
-0.606716
-179.255264
-0.615299
-178.607239
-0.616372
-178.489761
-0.617981
-178.953781
-0.612617
-179.475204
-0.612080
-178.951096
-0.613153
-178.278946
-0.614762
-178.619583
-0.613153
-179.451599
-0.611007
-179.738602
-0.611007
-178.970413
-0.615299
-178.246216
-0.617445
-178.600266
-0.616908
-179.242386
-0.609934
-179.399567
-0.609934
-179.067505
-0.610471
-178.504776
-0.614226
-178.649078
-0.609398
-179.227371
-0.606716
-179.135101
-0.608325
-178.934464
-0.609398
-178.611526
-0.612617
-178.146439
-0.609934
-178.967194
-0.609934
-179.523483
-0.608325
-179.015472
-0.608325
-178.330429
-0.614762
-178.467224
-0.614226
-179.360947
-0.612080
-179.649551
-0.606179
-179.208588
-0.611007
-178.525696
-0.622809
-178.566467
-0.612617
-179.222000
-0.605643
-179.420486
-0.608862
-179.088959
-0.612080
-178.518723
-0.608862
-178.638351
-0.608325
-179.267593
-0.606716
-179.399033
-0.601888
-178.959152
-0.604034
-178.380859
-0.616372
-178.585251
-0.617981
-179.399033
-0.617445
-179.255264
-0.617981
-179.057846
-0.615299
-178.330978
-0.607789
-178.185593
-0.611544
-179.162994
-0.617445
-179.812622
-0.613153
-179.223068
-0.613153
-178.504776
-0.623882
-178.415192
-0.617445
-178.875458
-0.600815
-179.129730
-0.607789
-178.731155
-0.608325
-178.171646
-0.615835
-178.231735
-0.619590
-178.974701
-0.613153
-179.629700
-0.606716
-179.070190
-0.614762
-178.337952
-0.624418
-178.246750
-0.613689
-179.013870
-0.608325
-179.471451
-0.616908
-178.769241
-0.619054
-178.135178
-0.618517
-178.229584
-0.612080
-178.830399
-0.608325
-178.953781
-0.612080
-178.356720
-0.609934
-177.388443
-0.620127
-178.047195
-0.617445
-178.649078
-0.607789
-178.729019
-0.606716
-178.434509
-0.608325
-178.011261
-0.614762
-178.037537
-0.608325
-178.729553
-0.604570
-179.124374
-0.607252
-179.021912
-0.614762
-178.231201
-0.615299
-177.377182
-0.608862
-177.491440
-0.611007
-177.562256
-0.614762
-176.243683
-0.617445
-175.227127
-0.615299
-175.180984
-0.611544
-175.341385
-0.611007
-175.726547
-0.612617
-175.268433
-0.612617
-174.380615
-0.615299
-174.573196
-0.613689
-175.094620
-0.612617
-175.839203
-0.619590
-175.081207
-0.616908
-174.156921
-0.615299
-174.342529
-0.610471
-175.366058
-0.612617
-176.004959
-0.607789
-175.230881
-0.613689
-174.319458
-0.614226
-174.651520
-0.607789
-175.349960
-0.611007
-175.863342
-0.608325
-175.313492
-0.608862
-174.934753
-0.614762
-174.824783
-0.609398
-175.125198
-0.607789
-175.440094
-0.613153
-175.022202
-0.608325
-174.745392
-0.617445
-174.825867
-0.613153
-175.591904
-0.614226
-176.103134
-0.611007
-175.083359
-0.613689
-174.502930
-0.623345
-174.390274
-0.618517
-174.934753
-0.608862
-175.459930
-0.616372
-175.204590
-0.617445
-174.582855
-0.617445
-174.608597
-0.617981
-175.062973
-0.618517
-175.231415
-0.612617
-174.859665
-0.614226
-173.489578
-0.621736
-173.201523
-0.613689
-173.519623
-0.619054
-174.007782
-0.612617
-173.542694
-0.613153
-172.587296
-0.613689
-172.666153
-0.609934
-173.253021
-0.610471
-173.596878
-0.601888
-173.585068
-0.610471
-172.756805
-0.617445
-172.567978
-0.621736
-173.095840
-0.617981
-173.678421
-0.617445
-173.439697
-0.615299
-172.783096
-0.611007
-172.630203
-0.615299
-173.031464
-0.613689
-173.446136
-0.607252
-173.308807
-0.599206
-172.592651
-0.604570
-172.743393
-0.607252
-173.394638
-0.605106
-173.623703
-0.604034
-173.296463
-0.602961
-172.678482
-0.612617
-172.834061
-0.615835
-173.367279
-0.611544
-173.673050
-0.610471
-173.412338
-0.610471
-172.839417
-0.614226
-173.259445
-0.616372
-173.935364
-0.617445
-173.831833
-0.612617
-173.173615
-0.612080
-172.883942
-0.615299
-172.860336
-0.613689
-173.415024
-0.616372
-173.761032
-0.609398
-173.176300
-0.605643
-172.732132
-0.617445
-172.777725
-0.613689
-173.352798
-0.617981
-173.960587
-0.609398
-173.534103
-0.608862
-172.760559
-0.619054
-172.800797
-0.614762
-173.699875
-0.609934
-174.144043
-0.614762
-173.480469
-0.612617
-172.951538
-0.620663
-172.987473
-0.613153
-173.712753
-0.611007
-174.248108
-0.604034
-173.881195
-0.606716
-172.945099
-0.611544
-173.078140
-0.611007
-174.022812
-0.609398
-174.005646
-0.599206
-173.675201
-0.604570
-173.228333
-0.612617
-173.230484
-0.605643
-173.891388
-0.614762
-174.405823
-0.606179
-174.000809
-0.612617
-173.298615
-0.618517
-173.154312
-0.614762
-173.817352
-0.604034
-174.250259
-0.605643
-173.600098
-0.614226
-172.798645
-0.620663
-172.921494
-0.613153
-173.710602
-0.605643
-174.098984
-0.612080
-173.549667
-0.614226
-172.673660
-0.628173
-173.406967
-0.620663
-173.654816
-0.609934
-173.552887
-0.606716
-173.257843
-0.609934
-172.561539
-0.614762
-172.651657
-0.609934
-173.038437
-0.604034
-173.535721
-0.596523
-173.449890
-0.610471
-172.782562
-0.616372
-172.681168
-0.614762
-173.143585
-0.608325
-173.708984
-0.605643
-173.468658
-0.612617
-172.622162
-0.623882
-173.111389
-0.624418
-173.610825
-0.613153
-173.728836
-0.607252
-173.431656
-0.613153
-172.806152
-0.620127
-172.980499
-0.624418
-173.941803
-0.617445
-174.049088
-0.609398
-173.311493
-0.614226
-172.630203
-0.617445
-172.600708
-0.612080
-173.218689
-0.606716
-173.418777
-0.609934
-173.251404
-0.608862
-172.748764
-0.614762
-172.552429
-0.611544
-173.417160
-0.606716
-173.743866
-0.600815
-173.537323
-0.609934
-172.911301
-0.607252
-172.562073
-0.605643
-173.163971
-0.609398
-173.769073
-0.613689
-173.081894
-0.607789
-172.393097
-0.615299
-172.679016
-0.613689
-173.387131
-0.616908
-173.667145
-0.607789
-173.396240
-0.612080
-172.498779
-0.613689
-172.510574
-0.614762
-173.432190
-0.609934
-173.782486
-0.608325
-173.413940
-0.613153
-172.636108
-0.612617
-172.432800
-0.614762
-173.305054
-0.609398
-173.880112
-0.602424
-173.163971
-0.612080
-172.807236
-0.622809
-172.840485
-0.612080
-173.509964
-0.606716
-173.976135
-0.606716
-173.244431
-0.615299
-172.658630
-0.613689
-172.670975
-0.613689
-173.277695
-0.609398
-173.956833
-0.619054
-173.310410
-0.617445
-172.521851
-0.613689
-172.583542
-0.607789
-173.295929
-0.613153
-173.673584
-0.608325
-173.378540
-0.615299
-172.965485
-0.613689
-172.844788
-0.607252
-173.346893
-0.604570
-173.685928
-0.604570
-173.438095
-0.615299
-172.797577
-0.623882
-172.960648
-0.615299
-173.486374
-0.614762
-173.749222
-0.609934
-173.527130
-0.612080
-172.973526
-0.615299
-172.927933
-0.621200
-174.006180
-0.612080
-174.197693
-0.607252
-173.540009
-0.612617
-172.550278
-0.619054
-172.986938
-0.617981
-173.729904
-0.609398
-174.031921
-0.611007
-173.527679
-0.608325
-172.835129
-0.619054
-172.589966
-0.621200
-173.390884
-0.614762
-173.902115
-0.612617
-173.250336
-0.613689
-172.741791
-0.615299
-173.095840
-0.612080
-173.256241
-0.609398
-173.003036
-0.608325
-173.307739
-0.611007
-173.159134
-0.623345
-172.927933
-0.619054
-173.375854
-0.613689
-173.911224
-0.612080
-173.723480
-0.613153
-172.749832
-0.614762
-173.003036
-0.609398
-173.780869
-0.608325
-173.561462
-0.608325
-173.636032
-0.612617
-173.065262
-0.623882
-172.896286
-0.613689
-173.362991
-0.602961
-173.727234
-0.604570
-173.355469
-0.611007
-172.650589
-0.612617
-172.593185
-0.612080
-173.402679
-0.612617
-173.738495
-0.615835
-173.507294
-0.617981
-172.602844
-0.616908
-172.455856
-0.611544
-173.126953
-0.609398
-173.725082
-0.612617
-173.556641
-0.611544
-172.680634
-0.620127
-172.693512
-0.614762
-173.349579
-0.606179
-173.629593
-0.607789
-173.094223
-0.614762
-172.336777
-0.619054
-172.779877
-0.617445
-173.046478
-0.616372
-173.715424
-0.609934
-173.468658
-0.609934
-172.662399
-0.613689
-172.571198
-0.609398
-173.202057
-0.607789
-173.770676
-0.609934
-173.161285
-0.616908
-172.551880
-0.624955
-172.525070
-0.614762
-173.145721
-0.619054
-173.664459
-0.608862
-173.074387
-0.610471
-172.402222
-0.613689
-172.573883
-0.612617
-173.094223
-0.601888
-173.552887
-0.602424
-173.288956
-0.609398
-172.436020
-0.623882
-172.626450
-0.612617
-173.406433
-0.611007
-173.707382
-0.609398
-173.299683
-0.612617
-172.603378
-0.616908
-172.690292
-0.614762
-173.227264
-0.617445
-173.803940
-0.609398
-173.554489
-0.609398
-172.755203
-0.621736
-172.801331
-0.619054
-173.584000
-0.606716
-174.137604
-0.607252
-173.475098
-0.617981
-172.966019
-0.621736
-172.933289
-0.618517
-173.241745
-0.617445
-173.455246
-0.613153
-173.386581
-0.611007
-172.756271
-0.616908
-173.019119
-0.612617
-173.789459
-0.605106
-173.948776
-0.607789
-173.667145
-0.611007
-173.032532
-0.619590
-172.520233
-0.616372
-173.227798
-0.606716
-173.756729
-0.611007
-173.381226
-0.613689
-172.800262
-0.617445
-172.791672
-0.608862
-173.746002
-0.602961
-174.010468
-0.602424
-173.644623
-0.612617
-173.090469
-0.620663
-172.981583
-0.620663
-173.230484
-0.609398
-173.612427
-0.607252
-173.464371
-0.613689
-172.790070
-0.619054
-172.748764
-0.615299
-173.314163
-0.608325
-173.788925
-0.605106
-173.225113
-0.606716
-172.445129
-0.618517
-172.580856
-0.616372
-173.110855
-0.621736
-173.617264
-0.612080
-173.412338
-0.616908
-172.783096
-0.628173
-172.804016
-0.622273
-173.295929
-0.616372
-173.393021
-0.607252
-173.038971
-0.619590
-172.813126
-0.623345
-172.779343
-0.618517
-173.401611
-0.609398
-173.585602
-0.604034
-173.325974
-0.611007
-172.751450
-0.612080
-172.729446
-0.605106
-173.188110
-0.603497
-173.472961
-0.599206
-173.239075
-0.604034
-172.799728
-0.616372
-172.709595
-0.612080
-173.122665
-0.612080
-173.485825
-0.604034
-173.182205
-0.613689
-172.537399
-0.619054
-172.660248
-0.613689
-173.276611
-0.607252
-173.631210
-0.608325
-173.305588
-0.609398
-172.368958
-0.612080
-172.132385
-0.609934
-173.141434
-0.612617
-174.291565
-0.613689
-174.241135
-0.619590
-173.357620
-0.619054
-173.356018
-0.612617
-174.469131
-0.607252
-175.138611
-0.601351
-175.143433
-0.612617
-174.277084
-0.612617
-173.905869
-0.609398
-174.295853
-0.609398
-174.774902
-0.608325
-174.631668
-0.619054
-174.163895
-0.615299
-174.300690
-0.613153
-174.674057
-0.608325
-175.106964
-0.612080
-174.671906
-0.608862
-173.906937
-0.610471
-174.108643
-0.601888
-174.837662
-0.611007
-175.266281
-0.609398
-174.725006
-0.614762
-174.284058
-0.620663
-174.203583
-0.620127
-174.326965
-0.614762
-174.780258
-0.612617
-174.433182
-0.619054
-173.859192
-0.619590
-174.007782
-0.608325
-174.607529
-0.609934
-174.804398
-0.619590
-174.403687
-0.617981
-174.024948
-0.623882
-174.212708
-0.616908
-174.721786
-0.615299
-174.995911
-0.608862
-174.810837
-0.611007
-174.241135
-0.620127
-174.136536
-0.613689
-174.939590
-0.609934
-175.237854
-0.608862
-174.800644
-0.609398
-174.312485
-0.616372
-174.462158
-0.617981
-174.767929
-0.609934
-175.121445
-0.601888
-174.712143
-0.608325
-174.252945
-0.620127
-174.563004
-0.613689
-175.201370
-0.611544
-175.171860
-0.611544
-174.642929
-0.610471
-174.397781
-0.615299
-174.681030
-0.615299
-175.220154
-0.608325
-175.450821
-0.606716
-174.836594
-0.616372
-174.375793
-0.621736
-174.039978
-0.617445
-174.623627
-0.609398
-175.474426
-0.607252
-175.087112
-0.611007
-174.319992
-0.618517
-174.279770
-0.613153
-174.947632
-0.603497
-175.115540
-0.608325
-174.662781
-0.614226
-174.157990
-0.622809
-174.192856
-0.613689
-174.762558
-0.612080
-175.243744
-0.612617
-174.826935
-0.614762
-174.227188
-0.625491
-174.059280
-0.617445
-174.560867
-0.617981
-175.199219
-0.614226
-174.807617
-0.612080
-173.853287
-0.618517
-174.138138
-0.612617
-174.553879
-0.608325
-174.938522
-0.612080
-174.789383
-0.614762
-174.270645
-0.623882
-174.104355
-0.613153
-174.251877
-0.602961
-174.904724
-0.604570
-174.918137
-0.609398
-174.077530
-0.613689
-173.751373
-0.611007
-174.254547
-0.604570
-174.606461
-0.599206
-174.401535
-0.602961
-174.049637
-0.620663
-173.957901
-0.621736
-174.566223
-0.614762
-174.959976
-0.611544
-174.566223
-0.614762
-174.044800
-0.619054
-173.805008
-0.622273
-174.588211
-0.610471
-175.109100
-0.613689
-174.579102
-0.616372
-173.988480
-0.617981
-173.928391
-0.614762
-174.696045
-0.609934
-174.908478
-0.609398
-174.640793
-0.611007
-174.239532
-0.616372
-174.035141
-0.607252
-174.604843
-0.604034
-174.996445
-0.606716
-174.636505
-0.613689
-174.066254
-0.608325
-174.263672
-0.613153
-174.888092
-0.607252
-175.160065
-0.609934
-174.907944
-0.615299
-174.389206
-0.615835
-174.305511
-0.612080
-174.745392
-0.611544
-175.187958
-0.611544
-174.630600
-0.614226
-173.982040
-0.613153
-173.811981
-0.617981
-174.199829
-0.616908
-174.624695
-0.606179
-174.653122
-0.607252
-174.141891
-0.622273
-174.063049
-0.613153
-174.609680
-0.611007
-175.194397
-0.609934
-174.794754
-0.614762
-174.080750
-0.623345
-174.023880
-0.609934
-174.558716
-0.602424
-174.870926
-0.611544
-174.358078
-0.611544
-174.171402
-0.609398
-173.904785
-0.603497
-174.485764
-0.601351
-174.586075
-0.609934
-174.339310
-0.617445
-174.010468
-0.623345
-173.827011
-0.615299
-174.569977
-0.606179
-174.869858
-0.599206
-174.617188
-0.604034
-174.154236
-0.619590
-173.913910
-0.613153
-174.600555
-0.611007
-175.059219
-0.606179
-174.717499
-0.609934
-174.263672
-0.620663
-174.182129
-0.611007
-174.436401
-0.607789
-174.733597
-0.605106
-174.602707
-0.609934
-174.118301
-0.619590
-174.167114
-0.616372
-174.849472
-0.613153
-174.985184
-0.609398
-174.738419
-0.611007
-174.112396
-0.613153
-173.798035
-0.606716
-174.383835
-0.607252
-174.668686
-0.617445
-174.387054
-0.619054
-174.122055
-0.624955
-173.956833
-0.613153
-174.647766
-0.600278
-175.044724
-0.600278
-175.032394
-0.611007
-174.234161
-0.617445
-173.954681
-0.613689
-174.086639
-0.612080
-174.387054
-0.612080
-174.243820
-0.612080
-173.546448
-0.615299
-173.530350
-0.614762
-174.203049
-0.604570
-174.628983
-0.596523
-174.288879
-0.604034
-173.644089
-0.617445
-173.558243
-0.614762
-174.234711
-0.619054
-174.431046
-0.613689
-174.046951
-0.613689
-173.805557
-0.617981
-173.633347
-0.612080
-173.976135
-0.609398
-174.606461
-0.617445
-174.254547
-0.614762
-173.714355
-0.613689
-173.534103
-0.608862
-173.946091
-0.610471
-174.177307
-0.612080
-173.825394
-0.613689
-173.234772
-0.620127
-173.059891
-0.616372
-173.630676
-0.618517
-173.869919
-0.616372
-173.312027
-0.613689
-172.839951
-0.615299
-172.776657
-0.610471
-173.198837
-0.611544
-173.646225
-0.610471
-173.608139
-0.610471
-173.212784
-0.615299
-172.998199
-0.607252
-173.349579
-0.602961
-173.720261
-0.603497
-173.207413
-0.609398
-172.514877
-0.612080
-172.499847
-0.608325
-173.167191
-0.601351
-173.627991
-0.600278
-173.116760
-0.608862
-172.439774
-0.613689
-172.392029
-0.607252
-172.812057
-0.607252
-173.231552
-0.604570
-173.072769
-0.612617
-172.386658
-0.619590
-172.459076
-0.609398
-172.977814
-0.612617
-173.397324
-0.608862
-173.148407
-0.609934
-172.416168
-0.622809
-172.208023
-0.621736
-172.701553
-0.616372
-173.034149
-0.617445
-172.699936
-0.617445
-172.363602
-0.619054
-172.458008
-0.616372
-172.886093
-0.609934
-173.229416
-0.604034
-172.778259
-0.609934
-172.128632
-0.612080
-172.227341
-0.617445
-172.993912
-0.611007
-173.263748
-0.605643
-173.087784
-0.602961
-172.490738
-0.612617
-172.373795
-0.612080
-172.941345
-0.608325
-173.357620
-0.602424
-173.258911
-0.615835
-172.610352
-0.621736
-172.501999
-0.612617
-173.269104
-0.602424
-173.659103
-0.601351
-173.281448
-0.612080
-172.628067
-0.616908
-172.523987
-0.612080
-173.105499
-0.612080
-173.331879
-0.612617
-173.156998
-0.612617
-172.732132
-0.612080
-172.479996
-0.612080
-173.087784
-0.608325
-173.343674
-0.614226
-173.086182
-0.614762
-172.443527
-0.621200
-172.370575
-0.614762
-173.161819
-0.614226
-173.524460
-0.608325
-173.370499
-0.612617
-172.731064
-0.621736
-172.673660
-0.616908
-173.132858
-0.615299
-173.653732
-0.609934
-173.670898
-0.614226
-172.953140
-0.617981
-172.855515
-0.618517
-173.362442
-0.620127
-173.718643
-0.612080
-173.448273
-0.616372
-172.948853
-0.622809
-172.835663
-0.616372
-173.254089
-0.614226
-173.473495
-0.606716
-173.667679
-0.607252
-173.251404
-0.618517
-173.031998
-0.618517
-173.601166
-0.606179
-173.762634
-0.601888
-173.541092
-0.604570
-173.087784
-0.615835
-172.909149
-0.619054
-173.364059
-0.615299
-173.567902
-0.609398
-172.725693
-0.615299
-170.354614
-0.623345
-171.034836
-0.617445
-172.772369
-0.619054
-173.353333
-0.609398
-172.964951
-0.608325
-172.780411
-0.609398
-173.101196
-0.609398
-173.625839
-0.606716
-173.660172
-0.603497
-173.235306
-0.601888
-173.027176
-0.615835
-173.211166
-0.610471
-173.542694
-0.611007
-173.241745
-0.611544
-172.950455
-0.616372
-172.933838
-0.620663
-173.194000
-0.609398
-173.459015
-0.612080
-173.195084
-0.607252
-172.996597
-0.607252
-173.094772
-0.621200
-173.307739
-0.615299
-173.420380
-0.615299
-173.352798
-0.612617
-173.018585
-0.608325
-173.014832
-0.609934
-173.308273
-0.605643
-173.635498
-0.613153
-173.772293
-0.605106
-173.554489
-0.608325
-173.514267
-0.609934
-173.364059
-0.609398
-173.356018
-0.609398
-173.349045
-0.619054
-173.219757
-0.614226
-173.147873
-0.611544
-173.844711
-0.609398
-174.189636
-0.608325
-173.715424
-0.604034
-173.278763
-0.607789
-173.254089
-0.617445
-173.645691
-0.612080
-174.097916
-0.612080
-173.894592
-0.622809
-173.424683
-0.617445
-173.677872
-0.611544
-173.910690
-0.605643
-174.015305
-0.601888
-174.139221
-0.611007
-173.710602
-0.617445
-173.502457
-0.613153
-173.658035
-0.614762
-173.918747
-0.608862
-173.842560
-0.609934
-173.465439
-0.611544
-173.394638
-0.621200
-173.335098
-0.614762
-173.394638
-0.615299
-173.501389
-0.606716
-173.136078
-0.609934
-173.152695
-0.618517
-173.295395
-0.619590
-173.506210
-0.606716
-173.381226
-0.609398
-172.990158
-0.613153
-172.874817
-0.611544
-173.060974
-0.611007
-173.209564
-0.616908
-173.270187
-0.612617
-173.090469
-0.612617
-173.012695
-0.616908
-173.365662
-0.616372
-173.544846
-0.620663
-173.263748
-0.608325
-173.035751
-0.612617
-172.665604
-0.619054
-172.713348
-0.615835
-173.008926
-0.607252
-172.870529
-0.602424
-172.494492
-0.608325
-172.402222
-0.608862
-172.902725
-0.609398
-173.203659
-0.604034
-173.195618
-0.604570
-172.878586
-0.608325
-172.825470
-0.609398
-172.878586
-0.605106
-173.296997
-0.606179
-173.236923
-0.599206
-172.969238
-0.601888
-172.988556
-0.609934
-173.040588
-0.601888
-173.053452
-0.608862
-173.132858
-0.613153
-172.925247
-0.607252
-172.577103
-0.609398
-172.690826
-0.605643
-172.955292
-0.607789
-172.835129
-0.615835
-172.779877
-0.612080
-172.599625
-0.609398
-172.727295
-0.617445
-172.944031
-0.610471
-172.909698
-0.607789
-172.650589
-0.614762
-172.492340
-0.620663
-172.898422
-0.614762
-173.122665
-0.607789
-173.078674
-0.605643
-172.971390
-0.602961
-172.994980
-0.613153
-173.220825
-0.612617
-173.470276
-0.606179
-173.372635
-0.604570
-173.011612
-0.602961
-172.918808
-0.611544
-173.249802
-0.611007
-173.622620
-0.609934
-173.389267
-0.602424
-173.111923
-0.607789
-172.755737
-0.617981
-172.915054
-0.607252
-173.195618
-0.604570
-173.089401
-0.613689
-172.889847
-0.607252
-172.933289
-0.617981
-173.191330
-0.614762
-173.347961
-0.609398
-173.250870
-0.607252
-173.062576
-0.607252
-172.820114
-0.614762
-173.007324
-0.607252
-173.358688
-0.600278
-173.243896
-0.602424
-172.917206
-0.605643
-172.819565
-0.620127
-172.976212
-0.611007
-173.254089
-0.608325
-173.347961
-0.607789
-173.016983
-0.609398
-172.885559
-0.617981
-173.144653
-0.621736
-173.191330
-0.614762
-173.270187
-0.609934
-172.967087
-0.613689
-172.878586
-0.615299
-173.101196
-0.608862
-173.287354
-0.609934
-173.119980
-0.606716
-172.745010
-0.607252
-172.750900
-0.612080
-172.959045
-0.606716
-173.470276
-0.604570
-173.531433
-0.609934
-173.225662
-0.611007
-173.107101
-0.617445
-173.359772
-0.615299
-173.461151
-0.603497
-173.247116
-0.607789
-172.993912
-0.610471
-172.964951
-0.608325
-172.992310
-0.610471
-173.338852
-0.617445
-173.633347
-0.608325
-173.044342
-0.604034
-172.485367
-0.615299
-172.639328
-0.617445
-173.200974
-0.613689
-173.711136
-0.611544
-173.688599
-0.608325
-172.768066
-0.619054
-172.586212
-0.616372
-172.729446
-0.608862
-172.987473
-0.608862
-172.768066
-0.609934
-172.095917
-0.616908
-172.160812
-0.611544
-172.628601
-0.605106
-172.504135
-0.608325
-172.193542
-0.609398
-171.623840
-0.622273
-171.214539
-0.615299
-171.337387
-0.611007
-171.316467
-0.613153
-170.707062
-0.611544
-170.548279
-0.619054
-170.420609
-0.617445
-170.950073
-0.609934
-170.845459
-0.598669
-170.315994
-0.601888
-170.002182
-0.620127
-169.916885
-0.622809
-169.321426
-0.611007
-168.835419
-0.604034
-168.180954
-0.612617
-166.981476
-0.615299
-165.831879
-0.608325
-165.860306
-0.602424
-167.236816
-0.609934
-167.558151
-0.609398
-166.851654
-0.606716
-166.665512
-0.604034
-166.178955
-0.599742
-165.477829
-0.606716
-164.861450
-0.606179
-163.715622
-0.611007
-165.857086
-0.612080
-169.537613
-0.613689
-164.990738
-0.611007
-164.169449
-0.613153
-167.388626
-0.615299
-168.421814
-0.605643
-169.276367
-0.604570
-170.488190
-0.602961
-170.667908
-0.615299
-171.143723
-0.617445
-174.479324
-0.609398
-172.676346
-0.608862
-171.649597
-0.609398
-171.525665
-0.612080
-171.818573
-0.615299
-171.624374
-0.617445
-171.145340
-0.609934
-171.849686
-0.612617
-172.198364
-0.606716
-173.956284
-0.609934
-174.928329
-0.608325
-174.619339
-0.606179
-175.143967
-0.613689
-175.852081
-0.609398
-176.183060
-0.614226
-176.271576
-0.611544
-176.873993
-0.605106
-177.852997
-0.606716
-178.005890
-0.612080
-179.305145
-0.604570
-181.452530
-0.607789
-183.011963
-0.602961
-183.556992
-0.599206
-183.898163
-0.609934
-183.811798
-0.621200
-184.079483
-0.614226
-184.454987
-0.609934
-184.738235
-0.609934
-185.097656
-0.611007
-185.054199
-0.616908
-184.907211
-0.612617
-185.106232
-0.607252
-185.398056
-0.600278
-185.409866
-0.607789
-185.203323
-0.619054
-184.891113
-0.622809
-185.263947
-0.615299
-185.813797
-0.606716
-185.795029
-0.608325
-185.600296
-0.617445
-185.903915
-0.617981
-186.370087
-0.611544
-186.914581
-0.609398
-187.267563
-0.607789
-187.406494
-0.609398
-187.388794
-0.608325
-187.569031
-0.615299
-188.200424
-0.614226
-188.213837
-0.619054
-188.251389
-0.615299
-188.499222
-0.611007
-189.056061
-0.616908
-189.836578
-0.606716
-190.334396
-0.605643
-190.567749
-0.617445
-190.630508
-0.612617
-190.936813
-0.605106
-191.281219
-0.612080
-191.005478
-0.610471
-190.595108
-0.611007
-190.923401
-0.611007
-191.754898
-0.610471
-192.158844
-0.604034
-192.297791
-0.605643
-192.627701
-0.614762
-192.887878
-0.611007
-193.349213
-0.612080
-193.819672
-0.604570
-194.058929
-0.609934
-194.201614
-0.624418
-194.465012
-0.615299
-195.043289
-0.615299
-195.276108
-0.611007
-195.133423
-0.609934
-194.717682
-0.612617
-194.875397
-0.609934
-195.001984
-0.614226
-195.347458
-0.617981
-194.996628
-0.612080
-194.651688
-0.612080
-194.734848
-0.611544
-194.808334
-0.609934
-195.143616
-0.608862
-195.154877
-0.607789
-194.728409
-0.611544
-194.400635
-0.612080
-194.723572
-0.613689
-194.908112
-0.608325
-194.795456
-0.608325
-194.575516
-0.611007
-194.436584
-0.617981
-194.640961
-0.613153
-194.796539
-0.606716
-194.725189
-0.611007
-194.563187
-0.620127
-194.474136
-0.619054
-194.786880
-0.612080
-195.050812
-0.602424
-195.008423
-0.607789
-194.922592
-0.614762
-194.720352
-0.613689
-194.926346
-0.612617
-194.983215
-0.609934
-194.929031
-0.606179
-194.644714
-0.606179
-194.519196
-0.611007
-194.692993
-0.609934
-194.961227
-0.602961
-195.177414
-0.611007
-195.001450
-0.612617
-194.669937
-0.609398
-194.721970
-0.602961
-195.052414
-0.601888
-195.185455
-0.604034
-194.749329
-0.612080
-194.573914
-0.611007
-194.905960
-0.604570
-195.164001
-0.609934
-195.313660
-0.616372
-195.012177
-0.622809
-194.705872
-0.617981
-194.913483
-0.607252
-195.269669
-0.604034
-195.156479
-0.606716
-194.687103
-0.616372
-194.677979
-0.619054
-194.949417
-0.614226
-195.258942
-0.612080
-195.161316
-0.615299
-194.893097
-0.620663
-194.780975
-0.612080
-195.027740
-0.606716
-195.249283
-0.604570
-195.155945
-0.617981
-194.910263
-0.619054
-194.706406
-0.618517
-194.890411
-0.617981
-195.159698
-0.601888
-195.045975
-0.602961
-194.971954
-0.612617
-194.817993
-0.609398
-194.906509
-0.607789
-195.227829
-0.611007
-195.063141
-0.612617
-194.745041
-0.611007
-194.657059
-0.613689
-194.817993
-0.611007
-195.182236
-0.607252
-195.114105
-0.612080
-194.653305
-0.611007
-194.721970
-0.605643
-194.978394
-0.609398
-195.106064
-0.611007
-195.091583
-0.610471
-194.752014
-0.614762
-194.663498
-0.611007
-194.849640
-0.606716
-195.109818
-0.612080
-195.174728
-0.609398
-194.860901
-0.614762
-194.632919
-0.599206
-194.808334
-0.604034
-195.180084
-0.608325
-195.131805
-0.614762
-194.746643
-0.617981
-194.473053
-0.613689
-194.662430
-0.611007
-194.958008
-0.607789
-194.945129
-0.611544
-194.844818
-0.617445
-194.761658
-0.609934
-194.986435
-0.611544
-195.144684
-0.604570
-195.042221
-0.609934
-194.700516
-0.619054
-194.525101
-0.609934
-194.755234
-0.604570
-195.067444
-0.611544
-194.979462
-0.613689
-194.667252
-0.620663
-194.540649
-0.620663
-194.473053
-0.612617
-194.751465
-0.610471
-194.485397
-0.609934
-194.172119
-0.616908
-193.683411
-0.609934
-193.474197
-0.599206
-193.669998
-0.602961
-193.744568
-0.614762
-193.447388
-0.619590
-192.988724
-0.606716
-193.090652
-0.608325
-193.501022
-0.599206
-193.424850
-0.604570
-192.927032
-0.612080
-192.566010
-0.612080
-192.466766
-0.609398
-192.485535
-0.599206
-192.349289
-0.606179
-192.251114
-0.613689
-192.330505
-0.612080
-192.653442
-0.603497
-192.938293
-0.606716
-193.053101
-0.619590
-192.805801
-0.617981
-192.564941
-0.611544
-192.497879
-0.614226
-192.642181
-0.600815
-192.648087
-0.608862
-192.178696
-0.614226
-191.861115
-0.614226
-192.156708
-0.606716
-192.504318
-0.607252
-192.441010
-0.611007
-192.206055
-0.620127
-192.264526
-0.617445
-192.326752
-0.606179
-192.318176
-0.605106
-192.277405
-0.609398
-192.084290
-0.617981
-191.983948
-0.612080
-191.990387
-0.610471
-192.236633
-0.605106
-192.293503
-0.605643
-191.898117
-0.609934
-191.806931
-0.605643
-192.050491
-0.609398
-192.123978
-0.605643
-192.080536
-0.614762
-191.944794
-0.615835
-191.791367
-0.606716
-192.001678
-0.606179
-192.555283
-0.601351
-192.454971
-0.611007
-191.927094
-0.617981
-191.868622
-0.612080
-192.121841
-0.609398
-192.467834
-0.604570
-192.443695
-0.611007
-191.948547
-0.615299
-191.791367
-0.611544
-191.915283
-0.608325
-192.032242
-0.604034
-192.082672
-0.602961
-192.019913
-0.609398
-192.094482
-0.604570
-192.340698
-0.604034
-192.453354
-0.609398
-192.156708
-0.611544
-191.751678
-0.614762
-191.583237
-0.609398
-192.013474
-0.609934
-192.350357
-0.609934
-192.272568
-0.609398
-192.151337
-0.612617
-191.968933
-0.607789
-191.942642
-0.609934
-192.344452
-0.607252
-192.263992
-0.606179
-192.239853
-0.616372
-192.371277
-0.617981
-192.437256
-0.597060
-192.533279
-0.602961
-192.485001
-0.614762
-192.283844
-0.616908
-192.002747
-0.620127
-192.031174
-0.608325
-192.461395
-0.612080
-192.657196
-0.609934
-192.739822
-0.617981
-192.652908
-0.616372
-192.549911
-0.607252
-192.576736
-0.611007
-192.525772
-0.614226
-192.393280
-0.616908
-192.333191
-0.614762
-192.410446
-0.613153
-192.638428
-0.612617
-192.792923
-0.609398
-192.501633
-0.617981
-192.248428
-0.617445
-192.324066
-0.610471
-192.661499
-0.604570
-192.748398
-0.614762
-192.443695
-0.614762
-192.298325
-0.611007
-192.563858
-0.611007
-192.720505
-0.604570
-192.690460
-0.619590
-192.327835
-0.615835
-192.052094
-0.609934
-192.238785
-0.612617
-192.532745
-0.611544
-192.599808
-0.607252
-192.139008
-0.616372
-191.932999
-0.617981
-192.317093
-0.612617
-192.567612
-0.607252
-192.341232
-0.612080
-192.007034
-0.621736
-191.819260
-0.612080
-192.012405
-0.606716
-192.319244
-0.598669
-192.355728
-0.608325
-192.119690
-0.617981
-191.942642
-0.603497
-192.294037
-0.608325
-192.564941
-0.607252
-192.349289
-0.604034
-192.220001
-0.615299
-192.073547
-0.609398
-192.178162
-0.610471
-192.457108
-0.606716
-192.561188
-0.608862
-192.325684
-0.609934
-192.147049
-0.611007
-192.435654
-0.609398
-192.750000
-0.606179
-192.697433
-0.614226
-192.313339
-0.611544
-192.329971
-0.614226
-192.491974
-0.608325
-192.652908
-0.597596
-192.768784
-0.606716
-192.551529
-0.614762
-192.346603
-0.613689
-192.631454
-0.613689
-192.826187
-0.612617
-192.833160
-0.609934
-192.623947
-0.612617
-192.314957
-0.607252
-192.620728
-0.602424
-192.778976
-0.609398
-192.539185
-0.619054
-192.658813
-0.613689
-193.002136
-0.609398
-192.996231
-0.609934
-192.935074
-0.601888
-192.937759
-0.601888
-192.711380
-0.611544
-192.563324
-0.604034
-192.741959
-0.604570
-192.961365
-0.608325
-193.031647
-0.610471
-192.654526
-0.613689
-192.336411
-0.613153
-192.607315
-0.605643
-192.992477
-0.608325
-192.943130
-0.611544
-192.631989
-0.611007
-192.604095
-0.612080
-192.741959
-0.605643
-192.921661
-0.604034
-192.973709
-0.607252
-192.680801
-0.615299
-192.497345
-0.605643
-192.651306
-0.607789
-192.905579
-0.612617
-192.873932
-0.617981
-192.597122
-0.616908
-192.488220
-0.612080
-192.648621
-0.605643
-192.929718
-0.610471
-192.872849
-0.609398
-192.632523
-0.613689
-192.485535
-0.607252
-192.526855
-0.611007
-192.707626
-0.609398
-192.831543
-0.611007
-192.607849
-0.614762
-192.442627
-0.616372
-192.545090
-0.611007
-192.806335
-0.598133
-192.861053
-0.614762
-192.653442
-0.621736
-192.457108
-0.611007
-192.587463
-0.606716
-192.820816
-0.609934
-192.835846
-0.616372
-192.634140
-0.620663
-192.673294
-0.612617
-192.893234
-0.612080
-193.211349
-0.611007
-193.210815
-0.613689
-192.900208
-0.617445
-192.617508
-0.615835
-192.809021
-0.612080
-193.190430
-0.608325
-193.164673
-0.605643
-192.910400
-0.615299
-192.806870
-0.612080
-193.032715
-0.608325
-193.171112
-0.613153
-193.127655
-0.613689
-192.984436
-0.613153
-192.744644
-0.616908
-192.974777
-0.610471
-193.118546
-0.615299
-193.087433
-0.613689
-192.899139
-0.613689
-192.829407
-0.617445
-192.832626
-0.618517
-193.071335
-0.609398
-193.194717
-0.616908
-192.864273
-0.622273
-192.699051
-0.615299
-192.839050
-0.612080
-193.218323
-0.608862
-193.027344
-0.611007
-192.655594
-0.620663
-192.681885
-0.615299
-192.851929
-0.616372
-193.115860
-0.606716
-193.216705
-0.602961
-192.890549
-0.609398
-192.711914
-0.613689
-192.908264
-0.611007
-193.249969
-0.604570
-193.109955
-0.604570
-192.821884
-0.613689
-192.774155
-0.607252
-192.856216
-0.602961
-193.302002
-0.603497
-193.364227
-0.604034
-192.995163
-0.613153
-192.858368
-0.612080
-192.858902
-0.611007
-193.328827
-0.610471
-193.284836
-0.611007
-192.955460
-0.619590
-192.701721
-0.613689
-192.838516
-0.602424
-192.955994
-0.605643
-192.983353
-0.612080
-192.702805
-0.612080
-192.593903
-0.608325
-192.961899
-0.605106
-193.202759
-0.601351
-193.021454
-0.605106
-192.776291
-0.614762
-192.669540
-0.614762
-192.923813
-0.612080
-193.194717
-0.605106
-193.157166
-0.610471
-192.813843
-0.617981
-192.560104
-0.618517
-192.777908
-0.609934
-193.078308
-0.605643
-193.133560
-0.606179
-192.784332
-0.614762
-192.642181
-0.616372
-192.761810
-0.604570
-193.076706
-0.593841
-193.025742
-0.592232
-192.746796
-0.603497
-192.635742
-0.608862
-192.909866
-0.609398
-193.189896
-0.609934
-193.042374
-0.617981
-192.781128
-0.614762
-192.847641
-0.605643
-192.976379
-0.604034
-192.997849
-0.612617
-193.120148
-0.611544
-192.831543
-0.620663
-192.721573
-0.616908
-192.840668
-0.611544
-193.027344
-0.598669
-193.069183
-0.604034
-192.862122
-0.609934
-192.679733
-0.609934
-192.783264
-0.602961
-193.212952
-0.609934
-193.185593
-0.611007
-192.798294
-0.614762
-192.686707
-0.609934
-192.952240
-0.609934
-193.254257
-0.607789
-193.407150
-0.607252
-193.092789
-0.614762
-192.799362
-0.609934
-192.930252
-0.607789
-193.061676
-0.598669
-193.156097
-0.609934
-192.927032
-0.615299
-192.876602
-0.608325
-193.164673
-0.604034
-193.276260
-0.607789
-193.259094
-0.612617
-193.028427
-0.617445
-192.983353
-0.613689
-193.093323
-0.615299
-193.361008
-0.609398
-193.283234
-0.608862
-193.071335
-0.617981
-192.953323
-0.608862
-193.023590
-0.607252
-193.224228
-0.612080
-193.293427
-0.615299
-192.949570
-0.613153
-192.643799
-0.607252
-192.865875
-0.614226
-193.194717
-0.613689
-193.126053
-0.609934
-192.936157
-0.609934
-192.692612
-0.611544
-192.768784
-0.609934
-193.093872
-0.609934
-193.090652
-0.613153
-192.742493
-0.617445
-192.586395
-0.611007
-192.813843
-0.612617
-193.130875
-0.609398
-193.200089
-0.621736
-192.912552
-0.617981
-192.836380
-0.620663
-193.071869
-0.618517
-193.264450
-0.609934
-193.258011
-0.621736
-193.135178
-0.621200
-193.019836
-0.613689
-193.145370
-0.607252
-193.325073
-0.607252
-193.361008
-0.611544
-193.130341
-0.616372
-192.866409
-0.616372
-192.944199
-0.614762
-193.133026
-0.608325
-193.243530
-0.613689
-193.049881
-0.618517
-192.909332
-0.609398
-193.066513
-0.604034
-193.358337
-0.605106
-193.519272
-0.612080
-193.113708
-0.616908
-192.887329
-0.601351
-192.909332
-0.601351
-193.084747
-0.605643
-193.272507
-0.608862
-193.122299
-0.611544
-192.843887
-0.604034
-193.011795
-0.603497
-193.167892
-0.608325
-193.138931
-0.612617
-192.897522
-0.615299
-192.732300
-0.620127
-192.945267
-0.609934
-193.216171
-0.602424
-193.127655
-0.606716
-192.902893
-0.614226
-192.764496
-0.613153
-192.910400
-0.602424
-193.217789
-0.604034
-193.302002
-0.613689
-192.977463
-0.611544
-192.898071
-0.611544
-193.002136
-0.595987
-193.245682
-0.599206
-193.382477
-0.611007
-193.239777
-0.617981
-193.069183
-0.614226
-193.180237
-0.612080
-193.350281
-0.606716
-193.456497
-0.605643
-193.192566
-0.620127
-192.836914
-0.616908
-192.934540
-0.612080
-193.082596
-0.604570
-193.277328
-0.606716
-193.777298
-0.614226
-193.731155
-0.607789
-193.451675
-0.607789
-193.553055
-0.607789
-193.816452
-0.616372
-193.328293
-0.620127
-193.037537
-0.616372
-193.217789
-0.619054
-193.524628
-0.606716
-193.822357
-0.607252
-193.438797
-0.614226
-193.107819
-0.613689
-193.320251
-0.609398
-193.626556
-0.606179
-193.731689
-0.608325
-193.629242
-0.615835
-193.405533
-0.612617
-193.669464
-0.608325
-193.844345
-0.607252
-193.704880
-0.607252
-193.519806
-0.619590
-193.331512
-0.611007
-193.468307
-0.609398
-193.709702
-0.612080
-193.645325
-0.606716
-193.395340
-0.615299
-193.147507
-0.611007
-193.253723
-0.603497
-193.460251
-0.605106
-193.563797
-0.613153
-193.371750
-0.613153
-193.178619
-0.612080
-193.417343
-0.605643
-193.813232
-0.613689
-193.659271
-0.617981
-193.476349
-0.614762
-193.326141
-0.609398
-193.576126
-0.611007
-193.800903
-0.605106
-193.748322
-0.608325
-193.632996
-0.613689
-193.535889
-0.608325
-193.577194
-0.614226
-193.736526
-0.608325
-193.783737
-0.613689
-193.582565
-0.617981
-193.135178
-0.613689
-193.178619
-0.609934
-193.652298
-0.607252
-193.633530
-0.613689
-193.473663
-0.612080
-193.172180
-0.608862
-193.490295
-0.606179
-193.771927
-0.598669
-193.731689
-0.606179
-193.694153
-0.617981
-193.551453
-0.609398
-193.582565
-0.603497
-193.887268
-0.609398
-193.968811
-0.614226
-193.597046
-0.617445
-193.506393
-0.610471
-193.720963
-0.609934
-193.937149
-0.604570
-194.019226
-0.602424
-193.780518
-0.611007
-193.663574
-0.606716
-193.744034
-0.607789
-193.901215
-0.606716
-193.685562
-0.605106
-193.222076
-0.616908
-193.306305
-0.619054
-193.634598
-0.614762
-193.747787
-0.611544
-193.807877
-0.615835
-193.560028
-0.615299
-193.281082
-0.613689
-193.621719
-0.612617
-193.935547
-0.609398
-193.798752
-0.605643
-193.570770
-0.609398
-193.579880
-0.611007
-193.726334
-0.612080
-193.844345
-0.611007
-193.865814
-0.612617
-193.680740
-0.617981
-193.321320
-0.612080
-193.354584
-0.604570
-193.744568
-0.607789
-193.822891
-0.607789
-193.629242
-0.613689
-193.339554
-0.604034
-193.789093
-0.608862
-194.172653
-0.610471
-194.062149
-0.609934
-193.718292
-0.607789
-193.609924
-0.606179
-193.832016
-0.609398
-193.873322
-0.607789
-193.842743
-0.613689
-193.759598
-0.613689
-193.608856
-0.612617
-193.656052
-0.611007
-193.857758
-0.612617
-193.938232
-0.619054
-193.855621
-0.617445
-193.698975
-0.614762
-193.736526
-0.612617
-194.064819
-0.612617
-194.180161
-0.606716
-193.754227
-0.616908
-193.548767
-0.614762
-193.798218
-0.602961
-193.981140
-0.599206
-194.069122
-0.603497
-193.902817
-0.609934
-193.727936
-0.613689
-193.757980
-0.608862
-194.125443
-0.609398
-194.125977
-0.611544
-193.768707
-0.621200
-193.551987
-0.608325
-193.851852
-0.606716
-194.117401
-0.606716
-194.060532
-0.606716
-193.992950
-0.613153
-193.821289
-0.615299
-193.840057
-0.609934
-194.081451
-0.611007
-194.171036
-0.609398
-193.792847
-0.613689
-193.568085
-0.605643
-193.755829
-0.606716
-193.857758
-0.601351
-193.997772
-0.607789
-193.744568
-0.616908
-193.651230
-0.609934
-193.707016
-0.609934
-193.976318
-0.606179
-194.159775
-0.599206
-193.896378
-0.613689
-193.591690
-0.612617
-193.770325
-0.604570
-194.102371
-0.604570
-194.184982
-0.607789
-193.832016
-0.612617
-193.718826
-0.605106
-193.917297
-0.606179
-194.123291
-0.601888
-194.304077
-0.610471
-193.855072
-0.615835
-193.565399
-0.609398
-193.902817
-0.607252
-194.159775
-0.607252
-194.034256
-0.612080
-193.837906
-0.615299
-193.666245
-0.607252
-193.762268
-0.611007
-194.077698
-0.603497
-193.994553
-0.608325
-193.720428
-0.617445
-193.586319
-0.616908
-193.710770
-0.608325
-194.109894
-0.610471
-194.004745
-0.606716
-193.870636
-0.606716
-193.806793
-0.607252
-193.964508
-0.599742
-194.268143
-0.599206
-194.143143
-0.605643
-193.963974
-0.610471
-193.996704
-0.608325
-193.995087
-0.612617
-194.151733
-0.614762
-194.283691
-0.611007
-194.024063
-0.613689
-193.672684
-0.614762
-193.812164
-0.611007
-194.113647
-0.615299
-194.157623
-0.611544
-193.983292
-0.613689
-193.804123
-0.607789
-193.982758
-0.613689
-194.363083
-0.603497
-194.313202
-0.604570
-194.042297
-0.615299
-193.974167
-0.615299
-194.061066
-0.611007
-194.272964
-0.612617
-194.176941
-0.613689
-194.186066
-0.612617
-194.076096
-0.612080
-194.136169
-0.616372
-194.279404
-0.611544
-194.308914
-0.607789
-194.010117
-0.615299
-193.613678
-0.613689
-193.753159
-0.610471
-194.109894
-0.605643
-194.160843
-0.605106
-193.875458
-0.613689
-193.690384
-0.609934
-193.807877
-0.612080
-194.035324
-0.606716
-194.018158
-0.613153
-193.994553
-0.612617
-193.900681
-0.604570
-194.149582
-0.608862
-194.439804
-0.612080
-194.459106
-0.611544
-194.478424
-0.614762
-194.323929
-0.609934
-194.394196
-0.611007
-194.515976
-0.612080
-194.236481
-0.609398
-194.004745
-0.616372
-193.676437
-0.615299
-193.777298
-0.608862
-194.013870
-0.603497
-193.922134
-0.613689
-193.664642
-0.619054
-193.511749
-0.615835
-193.710236
-0.613689
-193.967194
-0.603497
-194.058395
-0.597596
-193.923203
-0.608862
-193.645859
-0.614226
-193.651230
-0.606716
-194.018692
-0.601351
-194.012787
-0.608325
-193.903900
-0.611007
-193.943588
-0.604570
-193.953781
-0.614762
-194.191956
-0.609934
-194.336273
-0.600278
-193.962372
-0.608325
-193.313278
-0.611007
-193.291809
-0.615835
-193.418945
-0.601351
-193.231735
-0.614762
-192.890015
-0.621200
-192.541336
-0.612617
-192.682419
-0.609398
-193.118546
-0.602961
-193.171646
-0.614762
-192.800964
-0.616372
-192.400253
-0.608325
-192.475891
-0.612617
-192.804718
-0.612617
-192.691528
-0.612617
-192.379333
-0.612617
-192.229126
-0.609934
-192.415802
-0.609398
-192.851395
-0.602961
-192.930786
-0.605106
-192.541336
-0.617981
-192.296173
-0.613689
-192.352509
-0.610471
-192.633057
-0.600278
-192.763412
-0.606716
-192.764496
-0.613689
-192.640030
-0.604570
-192.767181
-0.609934
-193.218857
-0.611007
-193.194183
-0.615299
-192.776825
-0.617445
-192.400253
-0.616908
-192.537582
-0.614762
-192.925964
-0.604570
-193.041840
-0.614762
-192.799896
-0.614762
-192.559036
-0.611544
-192.518265
-0.613153
-192.992477
-0.616372
-192.950638
-0.612080
-192.669540
-0.614762
-192.445847
-0.601888
-192.519333
-0.604034
-192.867493
-0.606179
-192.949570
-0.603497
-192.731232
-0.607789
-192.507004
-0.613689
-192.669540
-0.611007
-193.149658
-0.611007
-193.096008
-0.613153
-192.841202
-0.613689
-192.766632
-0.612617
-192.934540
-0.611007
-193.229584
-0.609934
-193.216705
-0.605106
-192.929184
-0.606716
-192.775223
-0.607789
-192.899673
-0.617445
-193.218857
-0.611544
-193.186676
-0.614762
-192.916306
-0.618517
-192.635742
-0.612080
-192.657196
-0.603497
-192.981750
-0.604034
-193.077774
-0.611007
-192.860519
-0.613689
-192.807404
-0.614762
-193.086349
-0.614762
-193.140533
-0.604570
-192.999985
-0.611007
-192.738739
-0.621200
-192.524704
-0.616908
-192.684021
-0.604034
-193.072403
-0.605643
-193.397491
-0.603497
-193.012863
-0.610471
-192.652908
-0.613153
-192.749466
-0.615299
-193.093323
-0.613153
-192.862122
-0.607789
-192.420639
-0.612617
-192.519333
-0.609398
-193.036469
-0.613689
-193.324005
-0.609398
-193.432358
-0.609398
-193.360474
-0.614762
-193.227448
-0.612080
-193.239243
-0.616372
-193.867950
-0.612080
-193.982758
-0.615835
-193.708633
-0.614226
-193.486542
-0.620663
-193.725266
-0.609398
-193.985962
-0.607252
-193.953781
-0.609934
-193.562180
-0.607252
-193.277863
-0.602424
-193.631912
-0.609398
-193.974701
-0.606179
-193.975235
-0.611544
-193.800903
-0.615299
-193.621185
-0.614762
-193.587936
-0.612617
-193.788025
-0.605643
-193.776215
-0.609934
-193.750473
-0.609934
-193.438797
-0.607252
-193.506927
-0.610471
-193.865265
-0.598669
-193.928040
-0.607252
-193.649628
-0.612080
-193.386765
-0.617981
-193.433441
-0.614762
-193.644257
-0.606716
-193.557892
-0.612080
-193.208130
-0.615299
-193.295563
-0.608862
-193.501022
-0.605106
-193.819672
-0.604570
-193.994019
-0.615299
-193.690933
-0.615299
-193.439331
-0.611007
-193.464005
-0.611007
-193.862595
-0.594914
-193.975235
-0.598669
-193.769241
-0.608862
-193.583633
-0.611007
-193.566467
-0.614762
-194.087357
-0.609934
-194.199478
-0.613689
-193.793930
-0.619590
-193.411972
-0.619054
-193.823959
-0.612080
-194.765427
-0.607789
-194.651154
-0.609934
-194.417267
-0.609934
-194.494522
-0.612617
-194.352356
