-168.792908
-113.327255
-163.910217
-116.561462
-163.224106
-116.664459
-167.692673
-113.534325
-171.062592
-111.492630
-168.673813
-113.425964
-163.761093
-116.661781
-163.053513
-116.792671
-167.525299
-113.705986
-170.923660
-111.662140
-168.550446
-113.573486
-163.647354
-116.818420
-162.888290
-116.968628
-167.340759
-113.869598
-170.789017
-111.806442
-168.449585
-113.700623
-163.523972
-116.935364
-162.765457
-117.101662
-167.217377
-113.982254
-170.682800
-111.888519
-168.358932
-113.761238
-163.430099
-117.036217
-162.627045
-117.216461
-167.052689
-114.131920
-170.531525
-112.041946
-168.251633
-113.879791
-163.329788
-117.136528
-162.502594
-117.336624
-166.898193
-114.256912
-170.389359
-112.144402
-168.118607
-113.968307
-163.174225
-117.225578
-162.321808
-117.456787
-166.731903
-114.393166
-170.253098
-112.276901
-168.026337
-114.102951
-163.085175
-117.378464
-162.197891
-117.632202
-166.592422
-114.563217
-170.122208
-112.417992
-167.915298
-114.226334
-162.967682
-117.501312
-162.050369
-117.767387
-166.434174
-114.703232
-169.974152
-112.547272
-167.803177
-114.339523
-162.885620
-117.634888
-161.942017
-117.918129
-166.297913
-114.859337
-169.884567
-112.682991
-167.738266
-114.452713
-162.787979
-117.729836
-161.814346
-118.029709
-166.148788
-114.981644
-169.744019
-112.801544
-167.632050
-114.553566
-162.676941
-117.828003
-161.665207
-118.153091
-165.990005
-115.107170
-169.607773
-112.892204
-167.522079
-114.616325
-162.546585
-117.903641
-161.501587
-118.252327
-165.837646
-115.214462
-169.473114
-112.992516
-167.417480
-114.722542
-162.468796
-120.608383
-161.400742
-126.490463
-165.725540
-123.869949
-169.394791
-121.279472
-167.358994
-122.628624
-162.417831
-125.604263
-161.324570
-125.641815
-165.625763
-122.291740
-169.312729
-119.711449
-167.309113
-121.040222
-162.376526
-123.984207
-161.291840
-124.042686
-165.581238
-120.686165
-169.275177
-118.060822
-167.325211
-119.384224
-162.380280
-122.352890
-161.227478
-122.424240
-165.490036
-119.098297
-169.227966
-116.502991
-167.295166
-117.799034
-162.336838
-120.786484
-161.165237
-120.888405
-165.406891
-117.538330
-169.148575
-114.908691
-167.249023
-116.202583
-162.298203
-119.189491
-161.104095
-119.308044
-165.345200
-115.976212
-169.090103
-113.335304
-167.206650
-114.613647
-162.248856
-117.596260
-161.022018
-117.739494
-165.245956
-114.419456
-169.040741
-111.760315
-167.161057
-113.028458
-162.190918
-116.024490
-160.941010
-116.163963
-165.167099
-111.531250
-168.974762
-102.949257
-167.133163
-102.791008
-162.143707
-106.125526
-160.833725
-106.643730
-165.012604
-103.676666
-168.841187
-101.321152
-167.029633
-102.884346
-162.053055
-106.234421
-160.726974
-106.763893
-164.899414
-103.807022
-168.723709
-101.445610
-166.930389
-102.990021
-161.960785
-106.339027
-160.612717
-106.918388
-164.757797
-103.974930
-168.591751
-101.609756
-166.838654
-103.149887
-161.855652
-106.498894
-160.479675
-107.080391
-164.614563
-104.153030
-168.460846
-101.787323
-166.722778
-103.310280
-161.724213
-106.670555
-160.294601
-107.272980
-164.418762
-104.363312
-168.322449
-101.993317
-166.627838
-103.491058
-161.649658
-106.837921
-160.204483
-107.455902
-164.303970
-104.532829
-168.207123
-102.113480
-166.547363
-103.604790
-161.575623
-106.968277
-160.097183
-107.609322
-164.159668
-104.723267
-168.076218
-102.293190
-166.423981
-103.743187
-161.417374
-107.107216
-159.915878
-107.763283
-163.969757
-104.862206
-167.914749
-102.429977
-166.301132
-103.863350
-161.317062
-107.228455
-159.795715
-107.915100
-163.832428
-105.030113
-167.762939
-102.590378
-166.155228
-104.005508
-161.143784
-107.372757
-159.584885
-108.072807
-163.619995
-105.211433
-167.566605
-102.774910
-165.990005
-104.183075
-161.003235
-107.563728
-159.427170
-108.309921
-163.457458
-105.458191
-167.421768
-102.968567
-165.868225
-104.351517
-160.894882
-107.743439
-159.283936
-108.482651
-163.268097
-105.621269
-167.264053
-103.123062
-165.745377
-104.472748
-160.768280
-107.841064
-159.128906
-108.603889
-163.108780
-105.748947
-167.132080
-103.253418
-165.634338
-104.597740
-160.637924
-107.986443
-158.980850
-108.781448
-162.969833
-105.957619
-167.035522
-103.440636
-165.578552
-104.756531
-160.590714
-108.110901
-158.908432
-108.892494
-162.860931
-106.069740
-166.913757
-103.532364
-165.490036
-104.823586
-160.506500
-108.184929
-158.784515
-109.006218
-162.730576
-106.179710
-166.796280
-103.640732
-165.401520
-104.936234
-160.407257
-108.320114
-158.674545
-109.154816
-162.599152
-106.352440
-166.688980
-103.789856
-165.298523
-105.039772
-160.309616
-108.407013
-158.522202
-109.255661
-162.424805
-106.471535
-166.537704
-103.899292
-165.187485
-105.136330
-160.209305
-108.497139
-158.408463
-109.354904
-162.293915
-106.582039
-166.408966
-104.009262
-165.100586
-105.252739
-160.124542
-108.626953
-158.289917
-109.514763
-162.141571
-106.742432
-166.281296
-104.135864
-164.997589
-105.332130
-160.021011
-108.725121
-158.177795
-109.652634
-162.019257
-106.888885
-166.170776
-104.284996
-164.941788
-105.476433
-159.970047
-108.852264
-158.078552
-109.761528
-161.895874
-107.021385
-166.056519
-104.401939
-164.836121
-105.571381
-159.871887
-108.966522
-157.953033
-109.927826
-161.764450
-107.182320
-165.954056
-104.548927
-164.745987
-105.709785
-159.798386
-109.116188
-157.860229
-110.103783
-161.646439
-107.373291
-165.837112
-104.727562
-164.656403
-105.860527
-159.692169
-109.248688
-157.707870
-110.242180
-161.471558
-107.525642
-165.691742
-104.864349
-164.533569
-105.974785
-159.578979
-109.375290
-157.585037
-110.404190
-161.321884
-107.682281
-165.552261
-105.000610
-164.449875
-106.085831
-159.495834
-109.492233
-157.458435
-110.524887
-161.172760
-107.812637
-165.429962
-105.123993
-164.360825
-106.200630
-159.406250
-109.602203
-157.345779
-110.657921
-161.061172
-107.964447
-165.346802
-105.264000
-164.295380
-106.300407
-159.333298
-109.694473
-157.243851
-110.771652
-160.931885
-108.094269
-165.219131
-105.368073
-164.182190
-106.380341
-159.229767
-109.772797
-157.119400
-110.889664
-160.794022
-108.224091
-165.106476
-105.483406
-164.102264
-106.491913
-159.146072
-109.897247
-157.009964
-111.016800
-160.655624
-108.356049
-164.966476
-105.596596
-164.001419
-106.594910
-159.053268
-110.001320
-156.892487
-111.123016
-160.523117
-108.483727
-164.850067
-105.722122
-163.901093
-106.685570
-158.936859
-110.091980
-156.742279
-111.248543
-160.355209
-108.616226
-164.695572
-105.857307
-163.794876
-106.815392
-158.846207
-111.522667
-156.612457
-118.600479
-160.206085
-117.386513
-164.573792
-114.270325
-163.704758
-114.864166
-158.776474
-117.926170
-156.523407
-118.755516
-160.089676
-115.798645
-164.486893
-112.663147
-163.655411
-113.256447
-158.742142
-116.322746
-156.466019
-117.198219
-160.009750
-114.261200
-164.413406
-111.125168
-163.596939
-111.683067
-158.661667
-114.735420
-156.371063
-115.609283
-159.895493
-112.696938
-164.310410
-109.544273
-163.531494
-110.071594
-158.601059
-113.147552
-156.265381
-114.063789
-159.767807
-111.155205
-164.206863
-107.994492
-163.468185
-108.493919
-158.551163
-111.557533
-156.203690
-112.494698
-159.692719
-109.603813
-164.146255
-106.440956
-163.437073
-106.928581
-158.521118
-109.983078
-156.146835
-110.933655
-159.613861
-108.058861
-164.060425
-104.879372
-163.379669
-105.340179
-158.478745
-108.397354
-156.067978
-109.368851
-159.526413
-105.824585
-163.982635
-97.076294
-163.320663
-95.107002
-158.432068
-98.497322
-155.967117
-99.842186
-159.377823
-97.355240
-163.854431
-94.500290
-163.230545
-95.267403
-158.338730
-98.659866
-155.874863
-100.007408
-159.250687
-97.510811
-163.744995
-94.629036
-163.159195
-95.383812
-158.267380
-98.773590
-155.782043
-100.135078
-159.158417
-97.652428
-163.648438
-94.761536
-163.080872
-95.509338
-158.172974
-98.901268
-155.653305
-100.288506
-159.008743
-97.832138
-163.537933
-94.941246
-163.003632
-95.649345
-158.152054
-99.042351
-155.598587
-100.466064
-158.920242
-98.011307
-163.441360
-95.092522
-162.931747
-95.775414
-158.068359
-99.158760
-155.485931
-100.602859
-158.805969
-98.156685
-163.348557
-95.231995
-162.875427
-95.901474
-158.016327
-99.278381
-155.394211
-100.725166
-158.666504
-98.292404
-163.226257
-95.358597
-162.766525
-96.005554
-157.905823
-99.394791
-155.278870
-100.879662
-158.531845
-98.473183
-163.095367
-95.520599
-162.668350
-96.152000
-157.819992
-99.536949
-155.149582
-101.010551
-158.380035
-98.605148
-162.973053
-95.660614
-162.579300
-96.275383
-157.721283
-99.641556
-155.025665
-101.144127
-158.223938
-98.765549
-162.801392
-95.826912
-162.437683
-96.421829
-157.600586
-99.779419
-154.880829
-101.308281
-158.049057
-98.942574
-162.632416
-95.971214
-162.308395
-96.548965
-157.487930
-99.940887
-154.734375
-101.491203
-157.897781
-99.129791
-162.507965
-96.121422
-162.205948
-96.658936
-157.382263
-100.021889
-154.624939
-101.583473
-157.757767
-99.238686
-162.380814
-96.244804
-162.118500
-96.772667
-157.320023
-100.131325
-154.531067
-101.711151
-157.626877
-99.389961
-162.269241
-96.397156
-162.022476
-96.899261
-157.212738
-100.250954
-154.407684
-101.840965
-157.491684
-99.524071
-162.135666
-96.525902
-161.941483
-97.005478
-157.145691
-100.360390
-154.326691
-101.969177
-157.389771
-99.651215
-162.034286
-96.625679
-161.870667
-97.090775
-157.080246
-100.440315
-154.214035
-102.059296
-157.255661
-99.769768
-161.918945
-96.738335
-161.788055
-97.187866
-157.012650
-100.542778
-154.130341
-102.193947
-157.156952
-99.928017
-161.835266
-96.909996
-161.714020
-97.340759
-156.930573
-100.670448
-154.005356
-102.330734
-157.002457
-100.093239
-161.685593
-97.057518
-161.609955
-97.461456
-156.838837
-100.779884
-153.892700
-102.459480
-156.868347
-100.227348
-161.553085
-97.159439
-161.504272
-97.532799
-156.746567
-100.860886
-153.783798
-102.551750
-156.700974
-100.319084
-161.415756
-97.260292
-161.423813
-97.614876
-156.691315
-100.933304
-153.717819
-102.652603
-156.639282
-100.446220
-161.328857
-97.369720
-161.355148
-97.692123
-156.625870
-100.997681
-153.627701
-102.742188
-156.518051
-100.559410
-161.231232
-97.494179
-161.298279
-97.805847
-156.595840
-101.098534
-153.559570
-102.855911
-156.412369
-100.678497
-161.130371
-97.600395
-161.194748
-97.883102
-156.493378
-101.176849
-153.437805
-102.951401
-156.282547
-100.791687
-161.012894
-97.692665
-161.126617
-97.970001
-156.445099
-101.266434
-153.358948
-103.058151
-156.153275
-100.914528
-160.891663
-97.817116
-161.044540
-98.076218
-156.373749
-101.353874
-153.270432
-103.171341
-156.030426
-101.061516
-160.777939
-97.965172
-160.945297
-98.199600
-156.269135
-101.496567
-153.139542
-103.318863
-155.892014
-101.223518
-160.647583
-98.116989
-160.844986
-98.334244
-156.184387
-101.622635
-153.009720
-103.480331
-155.717682
-101.386597
-160.484497
-98.284355
-160.707657
-98.482841
-156.071198
-101.759430
-152.884186
-103.635902
-155.577667
-101.563087
-160.348236
-98.457092
-160.613785
-98.641090
-155.989120
-101.909096
-152.758133
-103.784492
-155.414047
-101.750305
-160.188385
-98.626068
-160.478058
-98.776810
-155.859833
-102.033546
-152.633133
-103.941139
-155.262772
-101.916069
-160.045685
-98.796120
-160.384186
-98.942032
-155.793854
-102.207359
-152.533890
-104.108505
-155.124908
-102.074318
-159.929825
-98.926476
-160.310699
-99.021965
-155.708023
-102.567307
-152.436264
-109.245476
-155.026733
-110.860703
-159.833252
-107.480042
-160.249542
-107.211288
-155.676910
-110.102173
-152.368134
-111.701843
-154.923737
-109.373146
-159.735626
-105.890564
-160.153519
-105.601425
-155.581421
-108.499817
-152.256561
-110.132744
-154.787491
-107.822830
-159.611710
-104.320404
-160.070908
-104.022675
-155.524551
-106.908195
-152.181458
-108.549171
-154.689850
-106.278946
-159.514618
-102.745941
-160.018326
-102.417641
-155.489685
-105.298332
-152.131027
-106.973106
-154.601883
-104.702347
-159.447556
-101.182213
-159.982391
-100.846405
-155.453217
-103.738358
-152.056992
-105.397041
-154.498352
-103.142372
-159.338654
-99.626534
-159.915329
-99.266579
-155.389374
-102.137085
-151.967957
-103.820435
-154.387299
-101.574356
-159.232437
-98.063339
-159.832184
-97.673889
-155.347534
-100.546532
-151.920746
-102.275482
-154.301468
-99.808388
-159.145538
-91.704887
-159.766739
-87.496506
-155.283691
-90.551003
-151.807022
-92.628105
-154.153412
-90.787041
-159.002304
-87.618813
-159.665894
-87.560875
-155.202698
-90.759148
-151.716354
-92.845901
-154.040222
-90.997322
-158.883759
-87.801743
-159.554840
-87.693382
-155.092194
-90.858925
-151.580109
-92.946220
-153.897537
-91.131432
-158.764664
-87.924049
-159.467407
-87.795303
-155.013870
-90.971039
-151.476028
-93.082474
-153.761810
-91.264473
-158.639679
-88.047966
-159.393906
-87.873085
-154.975235
-91.019852
-151.429367
-93.139336
-153.684570
-91.360497
-158.542038
-88.164375
-159.319885
-87.978233
-154.907654
-91.135193
-151.341385
-93.299736
-153.563858
-91.515526
-158.442795
-88.296341
-159.259262
-88.104294
-154.856689
-91.237114
-151.239456
-93.395752
-153.434052
-91.651245
-158.310303
-88.434204
-159.149826
-88.222313
-154.783737
-91.357811
-151.161682
-93.526649
-153.332123
-91.805206
-158.227158
-88.578506
-159.093506
-88.345695
-154.735992
-91.465103
-151.085495
-93.662903
-153.189957
-91.966675
-158.089279
-88.735146
-158.981918
-88.463707
-154.627625
-91.580971
-150.965881
-93.786819
-153.053177
-92.091125
-157.953568
-88.860680
-158.892334
-88.560272
-154.558960
-91.659294
-150.882721
-93.875336
-152.951248
-92.194122
-157.848419
-88.934708
-158.812408
-88.631081
-154.488159
-91.730637
-150.783493
-93.976723
-152.816605
-92.337891
-157.716995
-89.106369
-158.674545
-88.801132
-154.350830
-91.916786
-150.639725
-94.203102
-152.659958
-92.559441
-157.573227
-89.289833
-158.609634
-88.929344
-154.308441
-91.982765
-150.539398
-94.262108
-152.524780
-92.653320
-157.460037
-89.404091
-158.515228
-89.040924
-154.239777
-92.129753
-150.463226
-94.426262
-152.410507
-92.841614
-157.343094
-89.587021
-158.449783
-89.189514
-154.172729
-92.253136
-150.395096
-94.571098
-152.307510
-92.999321
-157.230438
-89.728104
-158.376282
-89.303780
-154.131424
-92.364716
-150.312485
-94.686974
-152.212036
-93.129143
-157.158554
-89.864357
-158.320496
-89.419113
-154.087967
-92.477364
-150.247574
-94.822151
-152.104736
-93.276665
-157.048050
-90.016174
-158.229294
-89.548393
-154.019836
-92.584122
-150.158524
-94.945000
-151.986191
-93.428474
-156.910721
-90.147064
-158.128983
-89.666412
-153.947418
-92.704285
-150.054459
-95.083939
-151.849396
-93.589409
-156.794312
-90.316582
-158.041550
-89.820908
-153.878754
-92.836250
-149.981506
-95.212151
-151.750687
-93.727280
-156.688644
-90.444252
-157.960007
-89.909958
-153.787018
-92.919395
-149.873688
-95.331238
-151.612289
-93.868362
-156.550766
-90.599823
-157.868805
-90.053185
-153.707626
-93.064232
-149.775513
-95.489487
-151.484619
-94.028755
-156.423096
-90.747345
-157.774933
-90.184616
-153.649689
-93.186546
-149.686462
-95.632721
-151.370346
-94.189690
-156.325470
-90.897545
-157.710556
-90.297806
-153.607315
-93.293831
-149.647842
-95.758247
-151.303833
-94.355988
-156.240173
-91.069206
-157.651550
-90.443176
-153.578888
-93.419899
-149.586151
-95.891281
-151.223907
-94.515846
-156.160782
-91.225845
-157.576447
-90.592308
-153.506470
-93.574394
-149.479401
-96.061340
-151.077454
-94.699310
-156.027206
-91.398048
-157.464325
-90.727493
-153.391129
-93.700455
-149.359238
-96.208328
-150.928864
-94.869896
-155.884506
-91.579903
-157.355438
-90.900230
-153.297256
-93.850121
-149.235855
-96.366577
-150.759354
-95.046387
-155.699982
-91.744049
-157.224548
-91.055794
-153.206055
-94.008911
-149.138214
-96.539314
-150.658493
-95.230919
-155.601273
-91.923759
-157.149979
-91.183472
-153.150803
-94.099030
-149.059357
-96.640160
-150.563004
-95.361816
-155.512222
-92.038559
-157.097412
-91.299873
-153.112183
-94.199348
-148.984253
-96.764618
-150.419785
-95.476616
-155.368988
-92.149605
-156.988510
-91.392685
-153.043518
-94.320580
-148.914520
-96.897652
-150.318390
-95.630569
-155.274033
-92.301949
-156.908585
-91.507477
-152.956619
-94.535156
-148.807770
-101.168808
-150.189651
-104.269440
-155.146896
-100.845863
-156.829178
-99.695198
-152.894379
-102.247055
-148.747696
-104.516205
-150.094696
-102.958374
-155.045517
-99.276237
-156.768036
-98.108940
-152.857910
-100.635048
-148.688141
-102.906342
-150.019592
-101.371582
-154.972565
-97.720016
-156.711166
-96.525902
-152.838058
-99.048790
-148.643082
-101.357635
-149.929474
-99.833603
-154.878143
-96.160049
-156.655914
-94.946075
-152.805328
-97.468964
-148.584076
-99.777809
-149.849533
-98.292404
-154.826111
-94.617767
-156.609787
-93.367325
-152.775299
-95.862854
-148.564224
-98.193695
-149.797501
-96.736183
-154.760132
-93.063164
-156.587250
-91.812180
-152.748474
-94.286247
-148.510574
-96.599930
-149.702560
-95.151527
-154.668930
-91.490311
-156.546478
-90.222168
-152.750626
-92.673706
-148.489120
-95.020103
-149.637650
-93.503578
-154.579346
-86.334038
-156.476212
-80.208946
-152.698578
-82.602013
-148.399002
-85.298164
-149.514801
-84.235474
-154.448456
-80.915436
-156.364090
-79.923019
-152.610077
-82.716805
-148.321213
-85.446220
-149.398926
-84.408211
-154.314346
-81.084953
-156.255722
-80.090927
-152.536041
-82.878815
-148.219833
-85.609840
-149.273407
-84.584702
-154.199554
-81.261978
-156.182770
-80.253471
-152.458786
-83.011314
-148.130783
-85.754143
-149.150558
-84.746170
-154.086899
-81.418617
-156.095337
-80.368805
-152.389053
-83.114311
-148.044952
-85.859283
-149.038971
-84.880814
-153.979599
-81.569359
-156.028809
-80.509354
-152.342926
-83.246277
-147.983795
-86.003586
-148.927399
-85.033699
-153.849792
-81.723320
-155.936005
-80.637024
-152.281769
-83.364830
-147.893143
-86.144669
-148.832443
-85.215553
-153.748398
-81.909462
-155.850174
-80.809761
-152.200226
-83.510208
-147.791214
-86.302383
-148.707458
-85.374344
-153.631454
-82.039818
-155.767563
-80.910606
-152.157318
-83.612663
-147.738647
-86.421478
-148.607147
-85.530449
-153.530075
-82.184654
-155.677444
-81.010925
-152.077927
-83.699570
-147.652267
-86.526619
-148.479462
-85.646851
-153.389526
-82.321449
-155.570160
-81.143959
-151.981903
-83.804710
-147.546600
-86.643562
-148.366821
-85.791153
-153.271500
-82.465752
-155.467163
-81.269485
-151.907333
-83.927559
-147.445740
-86.768555
-148.201050
-85.924728
-153.094482
-82.607376
-155.352890
-81.390724
-151.835449
-84.039139
-147.377075
-86.905342
-148.128098
-86.066887
-153.024734
-82.762405
-155.285843
-81.517326
-151.784485
-84.137840
-147.299835
-87.011024
-148.000961
-86.206360
-152.895996
-82.882568
-155.206451
-81.629440
-151.730301
-84.249962
-147.220444
-87.125290
-147.909775
-86.352272
-152.800507
-83.022041
-155.126526
-81.738876
-151.680954
-84.331497
-147.162506
-87.243843
-147.808914
-86.513206
-152.701263
-83.200142
-155.065369
-81.908394
-151.642334
-84.489746
-147.102417
-87.402092
-147.702698
-86.676285
-152.589142
-83.373947
-154.976318
-82.063423
-151.575272
-84.639954
-147.057892
-87.570000
-147.614731
-86.843117
-152.474350
-83.516106
-154.888870
-82.173927
-151.500702
-84.727394
-146.944168
-87.668167
-147.488663
-86.971863
-152.360092
-83.660942
-154.806793
-82.301605
-151.454575
-84.832001
-146.878189
-87.776527
-147.371719
-87.085052
-152.232956
-83.761261
-154.704880
-82.389580
-151.362305
-84.916222
-146.788605
-87.887573
-147.267105
-87.258858
-152.119232
-83.944725
-154.619583
-82.536026
-151.319931
-85.042282
-146.709747
-88.008270
-147.137833
-87.394043
-152.014618
-84.089561
-154.547165
-82.668526
-151.263596
-85.154938
-146.658249
-88.126823
-147.043411
-87.516891
-151.876755
-84.206505
-154.444702
-82.761330
-151.184738
-85.251495
-146.571350
-88.237328
-146.945786
-87.653679
-151.763565
-84.344910
-154.341171
-82.889542
-151.094620
-85.374878
-146.489807
-88.393433
-146.824539
-87.830170
-151.647690
-84.542320
-154.274643
-83.060127
-151.057602
-85.500938
-146.424362
-88.515747
-146.753738
-87.986275
-151.562393
-84.693062
-154.194717
-83.202827
-151.005569
-85.633446
-146.358383
-88.649315
-146.616943
-88.135941
-151.416489
-84.830391
-154.105133
-83.299385
-150.961044
-85.725708
-146.283813
-88.754463
-146.496246
-88.262543
-151.293106
-84.971474
-154.003738
-83.427055
-150.868240
-85.839973
-146.196365
-88.897690
-146.396469
-88.442253
-151.197617
-85.154938
-153.933472
-83.568680
-150.816742
-85.949944
-146.136292
-89.005516
-146.307419
-88.551689
-151.086578
-85.280998
-153.865341
-83.702255
-150.788849
-86.063133
-146.084259
-89.126755
-146.239288
-88.707253
-150.991623
-85.430664
-153.767715
-83.820267
-150.715363
-86.171494
-145.997894
-89.244232
-146.103561
-88.848335
-150.851608
-85.588921
-153.667404
-83.957596
-150.645615
-86.290581
-145.905090
-89.366539
-145.970535
-88.989426
-150.734131
-85.740730
-153.577271
-84.098145
-150.579102
-86.501945
-145.848755
-93.286858
-145.903473
-97.606293
-150.659027
-94.341499
-153.550446
-92.341110
-150.602707
-94.290543
-145.861633
-97.034981
-145.864853
-96.351555
-150.609146
-92.743980
-153.519333
-90.723206
-150.609146
-92.679070
-145.862167
-95.444427
-145.832657
-94.756172
-150.565155
-91.175423
-153.483398
-89.134262
-150.574814
-91.056335
-145.824081
-93.815788
-145.761856
-93.189758
-150.466446
-89.614380
-153.419556
-87.546928
-150.550674
-89.453979
-145.784378
-92.250450
-145.687286
-91.631401
-150.401535
-88.058159
-153.383087
-85.986420
-150.524918
-87.872551
-145.729660
-90.664192
-145.593948
-90.076790
-150.272797
-86.478874
-153.152420
-84.395874
-150.480927
-86.255714
-145.727524
-89.069351
-145.564438
-88.535591
-150.209488
-84.971474
-152.979141
-82.848770
-150.422455
-84.701103
-145.715179
-87.524933
-145.510269
-86.985275
-150.127960
-81.162735
-152.960373
-73.327469
-150.422455
-74.564499
-145.679779
-77.730583
-145.423889
-77.568573
-150.021744
-74.345634
-152.834305
-72.543190
-150.330734
-74.700218
-145.609512
-77.862007
-145.348251
-77.721458
-149.931610
-74.523193
-152.781189
-72.697151
-150.279236
-74.848282
-145.522598
-78.035820
-145.222198
-77.908684
-149.808777
-74.696465
-152.683029
-72.840912
-150.212708
-74.962540
-145.449646
-78.154373
-145.097198
-78.061569
-149.673050
-74.869202
-152.558578
-73.002922
-150.146729
-75.098259
-145.398148
-78.283653
-145.011902
-78.197289
-149.571121
-75.010818
-152.471664
-73.125763
-150.100601
-75.229156
-145.355774
-78.414543
-144.949677
-78.356606
-149.498169
-75.171753
-152.415878
-73.264168
-150.072708
-75.328392
-145.346115
-78.528267
-144.899261
-78.487503
-149.410736
-75.316597
-152.367599
-73.402573
-150.047485
-75.441048
-145.288712
-78.636093
-144.807526
-78.626442
-149.297012
-75.475914
-152.274261
-73.526489
-150.016907
-75.552094
-145.250092
-78.776108
-144.732956
-78.775032
-149.213852
-75.614319
-152.173401
-73.660065
-149.971313
-75.670647
-145.229172
-78.878571
-144.671265
-78.898949
-149.123734
-75.750572
-152.046799
-73.774323
-149.917664
-75.768814
-145.193756
-78.998192
-144.600464
-79.057205
-149.029327
-75.921700
-151.938446
-73.958321
-149.861343
-75.931892
-145.148163
-79.152153
-144.529114
-79.215988
-148.943497
-76.078880
-151.837601
-74.082779
-149.817886
-76.032745
-145.118668
-79.255150
-144.464737
-79.333473
-148.850143
-76.214600
-151.728165
-74.187386
-149.754593
-76.138420
-145.081650
-79.408035
-144.393921
-79.533028
-148.756805
-76.456535
-151.658417
-74.419128
-149.737961
-76.338516
-145.055893
-79.599548
-144.329025
-79.744385
-148.696198
-76.645897
-151.593506
-74.580597
-149.683777
-76.484962
-144.997955
-79.751358
-144.245865
-79.925705
-148.595337
-76.834190
-151.483536
-74.756546
-149.654816
-76.640533
-144.992599
-79.916580
-144.207245
-80.107018
-148.541702
-77.023552
-151.413269
-74.919090
-149.604919
-76.767136
-144.967377
-80.058739
-144.140198
-80.258835
-148.459091
-77.171074
-151.392883
-75.059105
-149.588287
-76.905533
-144.914810
-80.176758
-144.049530
-80.412788
-148.360382
-77.342735
-151.294174
-75.206085
-149.553955
-77.028915
-144.893890
-80.325348
-144.007156
-80.600548
-148.277237
-77.546585
-151.209961
-75.400818
-149.493881
-77.210236
-144.861176
-80.493256
-143.911667
-80.765770
-148.156525
-77.702690
-151.087112
-75.542969
-149.404831
-77.327713
-144.784454
-80.632195
-143.818863
-80.948158
-148.061584
-77.890976
-151.025955
-75.685669
-149.387665
-77.458069
-144.758713
-80.752357
-143.764679
-81.079048
-148.009003
-78.050835
-150.979828
-75.838013
-149.351730
-77.584129
-144.752808
-80.899345
-143.731964
-81.266273
-147.948929
-78.242348
-150.953003
-76.012894
-149.351181
-77.731651
-144.746902
-81.046867
-143.670807
-81.410576
-147.857727
-78.400597
-150.883270
-76.167931
-149.305588
-77.881325
-144.703461
-81.217453
-143.602142
-81.624077
-147.758484
-78.603912
-150.800110
-76.344955
-149.261063
-78.043327
-144.678238
-81.382675
-143.550110
-81.795204
-147.684464
-78.791664
-150.703018
-76.519829
-149.197769
-78.166176
-144.644989
-81.486748
-143.468567
-81.916435
-147.595947
-78.923088
-150.654739
-76.641602
-149.204208
-78.297600
-144.636932
-81.635880
-143.425644
-82.109016
-147.544449
-79.104408
-150.615036
-76.793419
-149.168259
-78.413475
-144.611725
-81.754967
-143.364502
-82.241524
-147.463989
-79.257294
-150.563004
-76.932892
-149.158066
-78.525589
-144.610657
-83.802567
-143.324799
-90.162086
-147.411942
-88.045288
-150.531357
-85.337326
-149.115158
-86.542709
-144.595093
-89.549469
-143.313538
-89.744194
-147.382446
-86.465462
-150.534576
-83.744095
-149.155914
-84.944115
-144.624054
-87.940140
-143.285645
-88.182076
-147.326126
-84.885643
-150.490051
-82.148720
-149.153244
-83.317619
-144.645523
-86.330284
-143.286179
-86.588844
-147.291794
-83.324059
-150.440704
-80.592499
-149.138214
-81.750137
-144.669128
-84.774063
-143.275986
-85.035309
-147.233856
-81.756577
-150.380081
-79.001411
-149.097443
-80.132233
-144.696487
-83.155083
-143.266861
-83.456558
-147.199524
-80.212158
-150.376862
-77.422127
-149.125885
-78.539536
-144.710968
-81.587601
-143.256134
-81.895515
-147.141052
-78.665062
-150.336090
-75.865913
-149.142517
-76.948448
-144.739929
-79.979347
-143.242722
-80.333931
-147.082031
-76.237663
-150.308731
-67.711456
-149.152161
-66.724403
-144.780701
-70.106674
-143.260956
-70.818527
-147.103500
-67.937302
-150.324295
-65.488983
-149.156998
-66.897141
-144.788208
-70.276726
-143.256134
-71.022911
-147.087936
-68.163139
-150.315704
-65.687462
-149.191330
-67.074699
-144.815567
-70.451607
-143.215897
-71.212814
-147.018204
-68.390060
-150.264740
-65.900429
-149.157532
-67.248512
-144.826294
-70.636139
-143.206787
-71.420952
-147.000504
-68.587471
-150.274399
-66.050636
-149.184357
-67.392273
-144.828979
-70.795998
-143.183716
-71.597977
-146.941483
-68.783806
-150.242218
-66.253410
-149.151627
-67.580032
-144.839706
-70.984291
-143.146164
-71.799141
-146.872818
-68.994629
-150.195007
-66.469063
-149.151627
-67.768860
-144.845078
-71.165604
-143.133820
-72.016937
-146.854050
-69.226372
-150.183746
-66.684174
-149.172546
-67.946953
-144.868683
-71.327080
-143.120956
-72.198792
-146.807373
-69.418419
-150.137070
-66.852081
-149.139297
-68.110573
-144.894958
-71.474060
-143.119339
-72.365089
-146.767685
-69.595444
-150.120987
-67.003357
-149.163437
-68.239853
-144.894958
-71.632309
-143.070526
-72.544800
-146.690430
-69.783195
-150.090942
-67.197014
-149.172012
-68.406151
-144.904083
-71.796463
-143.051208
-72.736305
-146.665756
-69.995094
-150.055527
-67.369209
-149.114075
-68.567085
-144.879944
-71.986366
-143.021179
-72.937477
-146.619629
-70.201622
-150.033005
-67.577347
-149.139297
-68.747330
-144.885315
-72.146225
-142.980942
-73.141319
-146.548813
-70.417274
-149.995453
-67.777977
-149.140900
-68.918449
-144.898178
-72.325394
-142.972900
-73.342491
-146.508041
-70.611465
-149.970779
-67.931396
-149.145737
-69.042908
-144.936264
-72.433754
-142.983627
-73.474449
-146.493027
-70.780975
-149.960052
-68.096085
-149.150558
-69.198479
-144.948074
-72.591469
-142.970749
-73.639137
-146.447968
-70.956398
-149.943420
-68.254341
-149.176849
-69.314346
-144.980255
-72.724510
-142.956802
-73.813484
-146.398071
-71.139854
-149.897827
-68.431366
-149.132324
-69.486542
-144.947006
-72.898315
-142.895645
-74.006065
-146.333694
-71.352287
-149.871002
-68.623405
-149.135544
-69.628166
-144.965775
-73.025986
-142.887604
-74.155197
-146.281662
-71.516975
-149.846329
-68.791313
-149.153244
-69.789101
-144.967926
-73.163315
-142.857559
-74.308617
-146.255386
-71.693466
-149.825943
-68.966728
-149.149490
-69.955933
-144.989380
-73.364479
-142.866135
-74.552704
-146.243042
-71.943985
-149.815750
-69.169510
-149.147339
-70.134567
-145.021561
-73.536140
-142.863464
-74.720604
-146.192078
-72.126907
-149.803940
-69.369064
-149.171478
-70.295502
-145.017273
-73.702980
-142.832352
-74.923378
-146.135757
-72.358650
-149.753525
-69.579346
-149.139832
-70.485939
-145.011368
-73.896095
-142.817856
-75.130981
-146.092834
-72.573769
-149.730453
-69.764420
-149.166107
-70.640968
-145.038727
-74.028061
-142.813568
-75.281723
-146.057434
-72.745430
-149.718643
-69.937691
-149.188110
-70.793854
-145.072525
-74.173973
-142.818939
-75.446953
-146.049927
-72.906364
-149.691284
-70.080925
-149.178452
-70.933861
-145.096130
-74.330612
-142.816254
-75.641144
-146.012375
-73.133812
-149.686996
-70.302475
-149.190247
-71.115715
-145.124023
-76.108917
-142.825912
-83.325134
-146.001648
-81.913216
-149.673050
-78.699928
-149.212250
-79.111916
-145.156754
-82.147110
-142.833954
-83.144356
-145.973206
-80.330177
-149.651596
-77.103477
-149.193466
-77.495621
-145.169617
-80.545296
-142.846832
-81.558098
-145.963562
-78.748215
-149.676270
-75.508636
-149.263214
-75.877708
-145.218979
-78.893585
-142.841461
-79.935356
-145.903473
-77.147469
-149.618866
-73.922920
-149.258377
-74.296822
-145.247940
-77.329857
-142.866135
-78.411324
-145.917953
-75.623978
-149.662323
-72.369919
-149.312561
-72.688568
-145.305344
-75.729652
-142.891891
-76.846527
-145.904541
-74.060249
-149.675735
-70.794930
-149.340988
-71.095871
-145.369186
-74.124619
-142.942322
-75.262947
-145.909912
-72.516907
-149.717575
-69.221008
-149.405899
-69.516586
-145.414780
-72.540504
-142.980942
-73.683128
-145.910446
-70.439804
-149.721863
-61.854588
-149.453110
-59.313461
-145.481827
-62.657104
-143.005615
-64.167725
-145.905090
-61.805233
-149.746002
-58.870361
-149.505676
-59.464737
-145.510269
-62.826084
-143.017410
-64.370499
-145.891678
-62.011765
-149.722946
-59.061333
-149.488510
-59.636398
-145.530655
-62.989162
-143.043167
-64.544304
-145.859482
-62.220440
-149.703629
-59.270012
-149.540543
-59.830593
-145.589127
-63.193008
-143.063019
-64.763710
-145.878265
-62.435555
-149.724548
-59.456692
-149.562012
-59.979187
-145.627213
-63.344284
-143.089294
-64.957367
-145.846069
-62.647446
-149.698807
-59.665905
-149.585617
-60.192688
-145.654022
-63.563152
-143.091980
-65.195007
-145.845001
-62.904938
-149.716507
-59.903011
-149.602234
-60.391174
-145.681931
-63.742863
-143.125778
-65.384377
-145.827301
-63.116833
-149.731522
-60.098812
-149.678955
-60.544060
-145.747910
-63.897358
-143.137039
-65.565689
-145.843399
-63.336239
-149.753525
-60.311779
-149.722946
-60.732349
-145.803162
-64.080818
-143.173523
-65.769539
-145.850906
-63.543842
-149.762100
-60.516163
-149.752975
-60.906693
-145.836960
-64.256775
-143.190689
-65.980896
-145.818710
-63.773438
-149.764786
-60.729134
-149.789993
-61.084793
-145.878799
-64.428970
-143.214828
-66.153633
-145.824615
-63.946175
-149.788925
-60.904011
-149.833984
-61.244652
-145.921707
-64.596344
-143.240036
-66.351044
-145.816574
-64.170403
-149.792145
-61.106251
-149.889771
-61.422752
-145.983398
-64.737961
-143.270615
-66.520561
-145.798874
-64.373184
-149.774979
-61.306343
-149.901047
-61.590122
-146.002716
-64.928398
-143.272232
-66.736206
-145.768829
-64.602776
-149.753525
-61.515018
-149.917130
-61.771439
-146.045090
-65.089333
-143.310318
-66.903580
-145.814957
-64.789459
-149.794281
-61.692581
-149.961655
-61.930763
-146.086395
-65.241676
-143.331238
-67.088112
-145.763458
-64.969170
-149.759415
-61.842785
-149.991165
-62.073990
-146.154526
-65.391884
-143.363419
-67.247437
-145.776337
-65.159065
-149.796432
-62.040733
-150.058746
-62.244579
-146.215683
-65.554428
-143.419754
-67.438408
-145.787598
-65.364525
-149.805023
-62.239754
-150.109177
-62.402832
-146.299362
-65.702484
-143.485199
-67.628845
-145.825684
-65.581245
-149.846329
-62.444672
-150.170334
-62.571274
-146.336380
-65.870926
-143.501282
-67.821968
-145.798874
-65.802795
-149.829163
-62.672123
-150.220764
-62.801407
-146.393250
-66.098915
-143.517914
-68.054779
-145.804230
-66.057076
-149.864029
-62.906013
-150.257233
-62.997746
-146.434555
-66.268433
-143.557617
-68.231270
-145.797791
-66.245361
-149.837204
-63.079819
-150.263672
-63.139900
-146.470490
-66.421318
-143.576385
-68.423317
-145.809067
-66.446526
-149.862411
-63.258453
-150.311951
-63.309952
-146.503220
-66.580635
-143.594635
-68.587471
-145.769363
-66.665398
-149.821640
-63.500389
-150.326431
-63.505753
-146.540237
-66.769463
-143.617691
-68.816528
-145.787064
-66.909477
-149.855438
-63.723015
-150.379013
-63.698338
-146.601929
-67.552132
-143.638611
-75.054276
-145.761856
-75.765060
-149.839890
-72.240097
-150.405289
-71.827576
-146.628204
-74.717926
-143.689041
-76.455994
-145.781708
-74.232979
-149.844177
-70.674767
-150.463760
-70.233810
-146.724228
-73.095726
-143.735184
-74.866516
-145.789215
-72.659599
-149.891388
-69.105667
-150.539948
-68.648621
-146.764465
-71.490692
-143.774872
-73.274361
-145.781174
-71.109818
-149.894608
-67.552673
-150.569443
-67.056999
-146.825089
-69.895309
-143.827988
-71.689713
-145.810135
-69.524094
-149.926254
-65.962120
-150.620407
-65.454109
-146.868530
-68.294571
-143.874115
-70.105598
-145.815506
-67.959297
-149.933762
-64.373184
-150.688004
-63.860878
-146.952225
-66.674515
-143.927765
-68.497879
-145.792435
-66.392883
-149.926788
-62.807842
-150.740570
-62.231171
-146.981186
-65.026031
-143.958344
-66.892845
-145.820328
-64.588829
-149.918747
-56.613548
-150.735199
-52.089737
-147.035370
-55.110439
-143.981400
-57.329700
-145.816574
-55.615231
-149.933228
-52.379951
-150.787247
-52.108513
-147.077209
-55.277809
-144.011444
-57.540520
-145.799942
-55.861458
-149.931076
-52.618134
-150.844635
-52.346157
-147.145340
-55.506870
-144.025925
-57.760464
-145.771515
-56.107685
-149.933228
-52.867043
-150.870926
-52.563950
-147.185577
-55.711254
-144.061874
-57.985233
-145.787064
-56.357132
-149.938583
-53.113266
-150.921890
-52.771019
-147.218826
-55.893646
-144.099426
-58.186935
-145.803162
-56.562050
-149.932693
-53.317650
-150.954071
-52.957161
-147.281052
-56.093201
-144.139114
-58.428333
-145.818710
-56.827591
-149.960052
-53.582119
-151.006104
-53.192661
-147.343277
-56.285248
-144.176132
-58.617161
-145.828369
-57.028221
-149.975067
-53.722130
-151.045273
-53.258644
-147.397995
-56.298122
-144.236221
-58.631645
-145.848755
-57.071136
-150.008331
-53.812252
-151.109650
-53.385242
-147.471497
-56.482658
-144.272690
-58.886456
-145.848221
-57.389782
-149.991165
-54.144844
-151.142899
-53.709789
-147.502075
-56.786285
-144.309174
-59.188469
-145.851440
-57.717010
-150.000824
-54.466175
-151.167038
-53.990887
-147.561081
-57.061478
-144.379974
-59.476540
-145.899185
-58.007763
-150.056610
-54.742977
-151.278625
-54.222630
-147.647980
-57.239040
-144.432556
-59.647129
-145.947998
-58.182644
-150.098984
-54.896935
-151.337097
-54.361568
-147.733810
-57.401047
-144.494247
-59.880482
-145.953903
-58.462666
-150.137604
-55.179104
-151.403076
-54.599213
-147.789063
-57.607040
-144.540375
-60.070919
-145.956039
-58.648811
-150.126877
-55.331455
-151.451355
-54.732784
-147.880798
-57.740616
-144.597244
-60.218437
-145.969986
-58.812962
-150.164429
-55.526184
-151.520020
-54.930195
-147.940887
-57.915493
-144.633713
-60.413704
-145.972672
-59.052750
-150.178375
-55.756317
-151.581177
-55.110439
-147.996140
-58.078571
-144.687363
-60.605751
-145.974289
-59.264111
-150.145660
-55.970894
-151.578491
-55.313751
-148.032074
-58.281883
-144.716873
-60.826229
-146.000031
-59.509262
-150.185883
-56.205856
-151.656815
-55.517601
-148.098053
-58.473392
-144.772125
-61.029003
-146.028473
-59.745296
-150.206818
-56.463882
-151.716888
-55.753635
-148.187637
-58.693336
-144.814499
-61.270939
-145.996811
-60.011909
-150.212173
-56.710110
-151.756058
-55.959091
-148.225189
-58.880554
-144.873505
-61.474785
-146.042419
-60.221123
-150.231491
-56.893036
-151.797897
-56.111977
-148.306732
-59.025928
-144.921783
-61.631962
-146.054749
-60.412632
-150.254013
-57.100639
-151.863342
-56.310997
-148.375931
-59.207245
-144.977036
-61.828838
-146.077820
-60.614868
-150.273331
-57.303413
-151.925034
-56.454765
-148.434402
-59.338676
-144.996887
-61.983334
-146.065475
-60.812279
-150.259384
-57.495461
-151.957214
-56.641445
-148.493958
-59.862244
-145.056427
-67.424461
-146.113754
-69.673759
-150.292648
-66.068336
-152.019455
-64.808769
-148.563156
-67.268890
-145.115982
-69.587395
-146.135757
-68.122910
-150.306595
-64.449890
-152.060760
-63.166725
-148.633423
-65.651520
-145.183029
-68.019379
-146.156143
-66.584396
-150.354340
-62.889919
-152.156784
-61.572956
-148.740173
-64.031471
-145.258667
-66.394493
-146.179749
-64.988480
-150.365601
-61.312782
-152.223831
-59.986160
-148.812592
-62.431797
-145.322510
-64.791603
-146.230164
-63.399540
-150.411728
-59.727058
-152.313416
-58.386490
-148.891449
-60.820862
-145.384735
-63.205345
-146.251083
-61.838493
-150.414948
-58.167622
-152.339706
-56.786285
-148.944031
-59.194908
-145.432480
-61.611580
-146.261826
-60.288177
-150.428360
-56.611942
-152.406754
-55.222557
-149.036301
-57.607578
-145.518311
-60.022102
-146.317612
-58.630569
-150.491119
-51.456734
-152.482391
-45.234543
-149.122131
-47.582550
-145.573563
-50.401554
-146.326721
-49.479412
-150.500244
-46.193165
-152.528000
-45.107407
-149.174698
-47.843796
-145.622910
-50.669777
-146.365891
-49.777138
-150.535110
-46.470505
-152.599335
-45.360069
-149.263214
-48.078224
-145.686752
-50.900982
-146.384659
-50.008881
-150.556564
-46.699566
-152.644943
-45.570892
-149.338318
-48.255249
-145.740936
-51.087128
-146.401291
-50.213799
-150.573196
-46.918434
-152.714142
-45.768841
-149.421463
-48.436569
-145.808517
-51.285610
-146.403976
-50.435886
-150.536728
-47.138374
-152.724335
-45.967323
-149.484222
-48.633442
-145.875580
-51.515743
-146.464600
-50.698208
-150.606995
-47.386211
-152.812851
-46.187801
-149.565231
-48.836216
-145.926544
-51.712082
-146.487656
-50.938534
-150.627914
-47.637802
-152.880432
-46.409351
-149.671982
-49.051865
-146.005936
-51.950260
-146.529495
-51.189587
-150.676727
-47.882957
-152.946960
-46.614269
-149.740646
-49.226746
-146.085861
-52.151428
-146.593338
-51.421867
-150.702484
-48.123821
-153.031708
-46.824558
-149.847397
-49.417183
-146.152390
-52.347763
-146.619629
-51.627861
-150.709991
-48.350739
-153.048874
-47.064884
-149.877441
-49.640881
-146.179749
-52.586483
-146.655563
-51.902519
-150.758270
-48.590527
-153.144897
-47.266048
-150.014221
-49.836143
-146.276840
-52.786037
-146.680237
-52.124069
-150.764175
-48.840508
-153.184601
-47.484917
-150.089859
-50.019608
-146.348724
-52.970039
-146.718323
-52.345081
-150.815674
-49.066349
-153.273651
-47.691982
-150.184280
-50.221848
-146.409332
-53.194805
-146.749985
-52.583801
-150.837662
-49.320087
-153.346069
-47.934456
-150.276016
-50.434277
-146.502151
-53.413673
-146.786453
-52.834316
-150.862885
-49.570068
-153.395416
-48.152252
-150.343597
-50.639198
-146.530045
-53.641125
-146.817032
-53.077324
-150.883804
-49.807713
-153.457642
-48.369514
-150.438019
-50.824806
-146.614792
-53.849800
-146.874435
-53.319260
-150.919205
-50.055550
-153.488220
-48.565849
-150.486298
-50.999687
-146.648056
-54.039703
-146.884094
-53.534374
-150.951935
-50.279243
-153.562256
-48.781502
-150.601089
-51.206215
-146.735489
-54.233356
-146.924316
-53.755386
-150.959442
-50.497040
-153.628235
-48.959599
-150.693893
-51.365540
-146.825623
-54.417892
-146.964020
-53.959236
-150.994308
-50.707863
-153.709778
-49.166664
-150.799576
-51.554905
-146.916809
-54.636761
-147.058441
-54.222630
-151.084427
-50.971256
-153.829407
-49.390362
-150.938522
-51.765724
-147.011230
-54.845974
-147.103500
-54.451153
-151.103210
-51.218555
-153.863739
-49.646782
-150.982498
-52.001225
-147.020889
-55.080399
-147.138901
-54.711864
-151.118759
-51.491604
-153.896454
-49.874767
-151.067795
-52.610085
-147.098129
-60.761856
-147.165192
-63.611435
-151.162750
-60.085403
-153.975845
-58.085011
-151.144516
-60.011909
-147.173233
-62.756882
-147.199524
-62.089546
-151.179382
-58.497536
-154.033783
-56.457447
-151.234100
-58.379517
-147.232773
-61.134682
-147.239212
-60.502754
-151.212097
-56.937023
-154.087967
-54.869041
-151.315094
-56.757317
-147.314316
-59.516773
-147.249939
-58.912205
-151.213181
-55.366859
-154.128204
-53.282246
-151.402008
-55.154964
-147.374939
-57.935341
-147.302521
-57.338284
-151.257156
-53.766655
-154.210815
-51.659512
-151.507675
-53.515060
-147.469345
-56.306168
-147.365280
-55.754169
-151.295792
-52.223312
-154.280548
-50.101685
-151.616577
-51.920757
-147.553040
-54.718300
-147.414627
-54.204391
-151.351578
-50.627934
-154.370667
-48.488068
-151.730835
-50.303921
-147.634033
-53.114342
-147.474716
-52.624031
-151.405762
-46.986027
-154.458115
-39.041321
-151.844025
-40.142101
-147.737564
-43.344658
-147.541229
-43.228786
-151.467987
-40.050907
-154.550919
-38.228611
-151.961517
-40.386719
-147.849152
-43.593029
-147.590042
-43.484135
-151.481400
-40.317516
-154.599197
-38.471622
-152.065582
-40.602367
-147.909225
-43.802242
-147.675339
-43.744308
-151.544159
-40.607197
-154.670013
-38.738232
-152.136932
-40.821774
-147.968246
-44.045788
-147.712357
-44.003944
-151.573135
-40.846447
-154.748322
-38.963001
-152.252792
-41.046005
-148.055145
-44.272701
-147.776733
-44.252319
-151.640717
-41.110378
-154.834152
-39.191525
-152.355255
-41.263802
-148.133469
-44.495861
-147.802475
-44.518929
-151.651443
-41.387718
-154.881897
-39.449017
-152.446991
-41.483742
-148.231628
-44.723850
-147.867920
-44.773739
-151.694366
-41.668278
-154.947891
-39.717239
-152.544632
-41.749279
-148.318542
-45.010311
-147.914063
-45.077366
-151.730301
-41.969223
-155.020309
-39.963467
-152.658356
-41.941864
-148.420456
-45.224350
-147.982727
-45.325203
-151.738358
-42.211155
-155.062683
-40.202183
-152.750076
-42.175751
-148.484833
-45.458241
-148.057831
-45.583229
-151.811310
-42.473476
-155.149048
-40.463428
-152.861130
-42.405884
-148.602844
-45.686226
-148.135071
-45.828384
-151.908936
-42.731506
-155.275650
-40.684444
-153.020447
-42.614559
-148.716568
-45.905632
-148.218765
-46.077293
-151.963654
-43.000797
-155.355576
-40.936035
-153.127731
-42.826992
-148.813675
-46.127182
-148.254700
-46.347660
-151.995850
-43.282433
-155.436050
-41.179581
-153.230728
-43.030842
-148.900574
-46.346050
-148.331940
-46.580475
-152.028030
-43.524364
-155.478958
-41.406494
-153.310669
-43.262585
-148.979431
-46.577255
-148.397934
-46.837967
-152.073624
-43.789368
-155.564789
-41.650574
-153.442093
-43.474476
-149.070084
-46.787540
-148.440842
-47.059517
-152.095093
-44.013599
-155.618973
-41.861397
-153.540268
-43.653648
-149.162354
-46.987637
-148.512192
-47.281067
-152.163208
-44.245342
-155.716064
-42.081337
-153.669006
-43.852669
-149.249802
-47.193092
-148.565292
-47.535877
-152.187347
-44.507664
-155.767563
-42.313618
-153.764496
-44.049541
-149.350113
-47.382458
-148.613571
-47.777279
-152.226517
-44.778030
-155.833542
-42.548042
-153.858368
-44.259293
-149.438629
-47.619026
-148.689758
-48.014389
-152.285522
-45.012993
-155.925812
-42.789440
-153.987122
-44.488354
-149.520706
-47.836823
-148.745544
-48.276173
-152.331650
-45.296234
-156.008972
-43.045322
-154.118011
-44.723850
-149.633362
-50.843582
-148.835663
-56.688114
-152.407303
-54.020927
-156.084061
-51.372513
-154.221008
-52.621887
-149.769608
-55.600746
-148.910233
-55.731102
-152.445923
-52.416965
-156.142532
-49.747093
-154.317566
-50.982521
-149.858124
-53.978012
-148.975677
-54.141090
-152.495804
-50.826954
-156.238556
-48.138844
-154.451141
-49.359249
-149.964340
-52.355274
-149.067413
-52.551613
-152.594513
-49.244450
-156.343704
-46.540779
-154.581497
-47.742409
-150.076996
-50.735756
-149.140900
-50.968575
-152.644943
-47.672672
-156.438660
-44.948082
-154.734909
-46.125034
-150.198761
-49.125896
-149.240143
-49.366222
-152.731842
-46.112698
-156.540039
-43.367725
-154.847565
-44.508736
-150.292648
-47.522469
-149.293793
-47.794979
-152.769394
-44.551117
-156.632309
-41.772884
-154.996170
-42.904240
-150.421921
-45.920116
-149.380692
-46.219448
-152.860046
-41.064243
-156.735306
-32.473667
-155.129730
-32.766563
-150.553894
-36.176186
-149.431656
-36.880535
-152.868103
-34.006279
-156.767502
-31.570833
-155.199478
-33.011715
-150.623627
-36.420269
-149.471878
-37.149830
-152.898682
-34.299175
-156.828110
-31.848175
-155.304077
-33.267597
-150.719116
-36.657909
-149.566299
-37.399811
-152.960373
-34.564716
-156.907501
-32.082600
-155.426926
-33.472519
-150.837128
-36.867123
-149.639786
-37.644962
-152.999527
-34.830254
-156.974564
-32.330437
-155.526169
-33.679585
-150.937439
-37.079018
-149.688614
-37.890656
-153.044586
-35.080772
-157.065750
-32.571835
-155.678513
-33.902744
-151.044189
-37.303787
-149.748154
-38.143318
-153.100922
-35.350067
-157.125839
-32.816990
-155.746109
-34.133953
-151.105881
-37.555378
-149.806091
-38.397591
-153.127197
-35.602730
-157.169830
-33.056778
-155.868423
-34.337799
-151.235168
-37.748497
-149.898895
-38.645966
-153.179230
-35.896164
-157.276047
-33.336262
-156.026138
-34.581345
-151.360153
-37.997406
-149.970779
-38.894875
-153.232880
-36.144535
-157.356506
-33.552986
-156.138245
-34.765881
-151.478714
-38.176041
-150.037827
-39.111061
-153.294037
-36.377354
-157.405853
-33.768101
-156.220322
-34.956856
-151.553284
-38.382034
-150.084503
-39.359970
-153.363235
-36.649326
-157.513153
-34.026665
-156.360870
-35.193424
-151.690079
-38.608952
-150.171936
-39.601902
-153.416336
-36.899311
-157.617218
-34.278793
-156.523956
-35.437508
-151.839203
-38.842304
-150.267960
-39.866371
-153.488754
-37.183624
-157.682129
-34.529846
-156.619980
-35.652084
-151.929855
-39.054195
-150.290497
-40.102940
-153.507538
-37.434681
-157.738449
-34.764271
-156.724579
-35.860222
-152.044128
-39.271458
-150.374710
-40.351849
-153.593903
-37.707729
-157.838776
-35.024445
-156.845810
-36.066753
-152.139069
-39.464039
-150.438019
-40.581982
-153.656662
-37.942154
-157.924057
-35.240097
-156.993332
-36.278111
-152.280151
-39.695244
-150.506149
-40.837864
-153.732300
-38.250072
-158.049057
-35.531921
-157.164459
-36.517365
-152.425003
-39.925377
-150.604309
-41.092140
-153.806335
-38.489861
-158.117188
-35.759373
-157.278717
-36.720676
-152.532288
-40.124935
-150.630600
-41.329247
-153.839066
-38.752178
-158.184235
-36.024910
-157.395660
-36.961002
-152.651917
-40.363651
-150.665466
-41.594250
-153.932404
-39.046688
-158.305466
-36.286694
-157.523880
-37.184696
-152.765640
-40.602367
-150.748611
-41.873734
-153.996231
-39.330463
-158.387543
-36.551159
-157.674088
-37.448627
-152.935684
-42.033058
-150.923492
-49.174175
-154.113174
-48.173176
-158.503952
-45.003872
-157.822144
-45.470577
-153.072479
-48.492893
-151.002350
-49.430058
-154.144836
-46.563309
-158.567795
-43.402058
-157.934799
-43.850521
-153.208740
-46.870689
-151.105881
-47.842724
-154.243530
-44.992069
-158.670792
-41.792194
-158.069977
-42.213840
-153.333191
-45.242054
-151.175629
-46.243053
-154.316498
-43.404739
-158.779144
-40.183945
-158.226608
-40.586273
-153.492523
-43.601078
-151.295792
-44.622463
-154.417877
-41.810436
-158.913254
-38.586956
-158.395599
-38.954418
-153.670074
-41.954739
-151.400391
-43.001335
-154.486542
-40.204865
-158.994797
-36.959393
-158.525955
-37.321491
-153.809555
-40.336830
-151.521088
-41.397911
-154.598129
-38.650791
-159.124084
-35.410683
-158.690109
-35.729866
-153.947418
-38.736622
-151.624084
-39.842228
-154.702728
-36.106987
-159.246933
-27.067406
-158.856934
-25.498848
-154.128738
-28.889160
-151.746933
-30.401928
-154.782120
-28.047483
-159.339203
-25.160355
-159.010361
-25.793356
-154.285385
-29.158455
-151.857986
-30.680340
-154.871170
-28.341991
-159.447021
-25.403362
-159.152512
-26.005249
-154.435043
-29.374641
-151.933075
-30.924957
-154.930710
-28.622013
-159.535004
-25.697868
-159.302719
-26.303513
-154.598129
-29.661100
-152.036072
-31.229656
-155.032104
-28.937977
-159.650864
-25.983791
-159.432007
-26.525063
-154.753159
-29.905718
-152.170181
-31.506996
-155.130280
-29.221756
-159.790878
-26.257914
-159.631027
-26.759487
-154.918381
-30.097229
-152.260849
-31.721573
-155.244003
-29.484612
-159.894943
-26.531500
-159.766205
-27.011078
-155.059998
-30.348282
-152.348282
-31.997305
-155.297638
-29.771072
-159.996872
-26.803474
-159.943222
-27.247650
-155.259552
-30.598801
-152.488297
-32.271427
-155.381866
-30.048412
-160.056961
-27.061504
-160.017792
-27.487438
-155.365234
-30.820889
-152.592911
-32.536964
-155.455353
-30.337555
-160.163177
-27.327042
-160.198578
-27.710062
-155.562653
-31.029564
-152.704483
-32.759590
-155.587860
-30.590755
-160.316589
-27.560394
-160.378815
-27.919273
-155.723038
-31.235558
-152.772614
-32.987041
-155.702652
-30.844492
-160.447479
-27.842564
-160.541901
-28.182131
-155.880219
-31.513971
-152.908875
-33.336800
-155.728943
-31.237167
-160.495224
-28.216463
-160.632019
-28.526527
-156.013794
-31.846027
-152.997925
-33.661884
-155.801361
-31.557959
-160.569794
-28.509361
-160.788666
-28.780800
-156.177948
-32.080452
-153.129349
-33.922058
-155.891479
-31.847637
-160.664749
-28.809769
-160.883606
-29.062431
-156.293274
-32.353504
-153.236633
-34.213882
-155.964447
-32.180767
-160.773102
-29.116076
-161.047226
-29.330116
-156.464935
-32.599194
-153.327835
-34.502487
-156.034180
-32.494049
-160.856247
-29.410583
-161.170609
-29.575270
-156.617294
-32.837372
-153.461411
-34.731014
-156.080856
-32.760662
-160.928680
-29.680412
-161.311691
-29.811304
-156.769638
-33.059998
-153.567612
-34.987431
-156.206909
-33.012791
-161.047760
-29.935223
-161.462967
-30.055922
-156.921448
-33.312122
-153.697433
-35.275501
-156.290604
-33.320171
-161.149689
-30.201834
-161.634094
-30.296783
-157.099548
-33.751469
-153.805801
-40.153904
-156.395737
-42.169849
-161.258041
-38.818161
-161.752106
-38.504345
-157.250290
-41.376453
-153.935623
-43.026546
-156.477814
-40.754181
-161.358368
-37.243706
-161.901779
-36.884827
-157.398880
-39.741379
-154.047195
-41.409714
-156.544327
-39.152901
-161.435074
-35.620968
-162.019791
-35.252972
-157.548019
-38.118641
-154.180771
-39.822918
-156.639282
-37.593464
-161.550949
-34.064751
-162.187164
-33.672077
-157.716995
-36.522190
-154.340088
-38.223248
-156.765350
-36.007744
-161.665207
-32.484394
-162.358292
-32.045586
-157.909042
-34.893555
-154.461334
-36.612312
-156.816849
-34.428459
-161.721527
-30.899208
-162.471481
-30.435186
-158.045303
-33.251507
-154.578812
-35.012646
-156.927887
-32.852928
-161.822388
-27.056675
-162.606659
-20.899931
-158.219101
-23.144941
-154.713989
-25.311630
-157.040009
-23.581068
-161.958099
-20.418207
-162.766525
-20.257811
-158.398819
-23.431936
-154.867950
-25.606136
-157.124771
-23.871819
-162.054123
-20.685354
-162.902237
-20.496527
-158.548477
-23.652414
-155.001526
-25.855045
-157.234192
-24.149698
-162.167313
-20.962158
-163.057816
-20.733635
-158.719070
-23.877184
-155.133499
-26.105564
-157.316269
-24.433475
-162.249924
-21.249155
-163.202118
-21.012049
-158.886978
-24.151306
-155.272964
-26.395779
-157.421417
-24.727446
-162.367950
-21.519522
-163.353394
-21.243792
-159.069366
-24.372322
-155.414581
-26.645226
-157.510468
-24.999422
-162.452164
-21.780769
-163.483749
-21.471779
-159.212601
-24.582607
-155.513290
-26.892525
-157.585571
-25.315922
-162.576080
-22.098879
-163.657013
-21.761457
-159.410538
-24.859409
-155.681732
-27.169329
-157.694473
-25.585752
-162.660843
-22.362808
-163.776642
-21.996954
-159.563431
-25.102955
-155.814774
-27.447205
-157.782974
-25.889378
-162.755264
-22.662142
-163.932205
-22.258202
-159.734024
-25.340061
-155.933334
-27.692360
-157.858078
-26.171547
-162.832504
-22.939484
-164.047546
-22.516230
-159.872421
-25.568586
-156.084061
-27.950388
-157.971802
-26.460152
-162.933899
-23.235064
-164.185410
-22.786596
-160.049988
-25.825005
-156.217636
-28.239531
-158.060318
-26.792747
-163.036896
-23.545126
-164.325958
-23.075739
-160.213058
-26.106102
-156.364624
-28.515261
-158.187454
-27.073305
-163.164566
-23.822466
-164.501907
-23.312847
-160.420670
-26.306194
-156.535751
-28.736275
-158.272751
-27.324360
-163.236984
-24.075668
-164.607590
-23.532251
-160.530640
-26.533646
-156.621582
-28.995913
-158.347855
-27.614574
-163.331940
-24.355692
-164.762085
-23.788134
-160.714096
-26.779873
-156.780899
-29.253941
-158.465332
-27.899426
-163.444580
-24.640005
-164.897263
-24.028461
-160.851425
-27.008932
-156.891418
-29.518944
-158.539368
-28.175158
-163.523972
-24.914127
-165.001877
-24.282200
-160.996796
-27.244431
-157.026596
-29.774826
-158.632172
-28.466446
-163.604980
-25.199514
-165.144028
-24.551493
-161.166321
-28.042656
-157.158554
-35.896164
-158.725510
-37.422878
-163.730515
-33.808868
-165.318375
-32.725792
-161.351395
-35.286766
-157.309830
-37.464718
-158.810806
-35.829109
-163.810440
-32.177547
-165.428345
-31.076771
-161.510712
-33.635063
-157.450928
-35.834473
-158.902527
-34.220318
-163.905396
-30.573589
-165.596252
-29.458326
-161.688278
-31.981213
-157.580734
-34.210129
-159.014114
-32.637280
-164.004623
-28.988403
-165.714264
-27.831835
-161.830963
-30.345600
-157.716461
-32.605629
-159.088135
-31.060141
-164.075974
-27.427357
-165.838730
-26.222509
-161.983322
-28.727692
-157.832870
-30.990404
-159.166992
-29.475492
-164.146790
-25.821251
-165.967468
-24.605137
-162.148544
-27.096909
-157.970734
-29.408974
-159.251755
-27.926249
-164.240128
-24.280590
-166.072083
-23.055355
-162.268707
-25.537472
-158.073730
-27.857584
-159.335983
-26.305656
-164.321671
-18.755774
-166.218521
-12.991707
-162.458603
-15.541950
-158.225540
-18.255274
-159.427170
-17.199556
-164.394623
-13.911167
-166.321518
-12.985270
-162.575012
-15.812854
-158.337662
-18.555143
-159.499588
-17.519812
-164.484207
-14.245371
-166.479767
-13.283531
-162.778320
-16.087511
-158.505569
-18.834631
-159.613861
-17.839531
-164.579163
-14.556507
-166.596710
-13.594131
-162.908676
-16.388992
-158.627335
-19.152740
-159.709885
-18.171589
-164.669281
-14.888028
-166.719559
-13.868789
-163.066925
-16.643267
-158.746964
-19.443491
-159.773178
-18.493990
-164.751358
-15.206139
-166.853134
-14.166513
-163.220886
-16.917925
-158.886978
-19.739071
-159.875641
-18.840532
-164.845764
-15.548924
-167.006027
-14.465849
-163.440292
-17.210821
-159.069366
-20.037870
-159.982391
-19.162933
-164.946091
-15.875618
-167.142822
-14.738361
-163.566895
-17.476360
-159.185776
-20.339886
-160.075729
-19.483725
-165.024948
-16.180317
-167.254929
-15.032331
-163.713882
-17.762283
-159.302719
-20.648340
-160.180878
-19.820610
-165.115067
-16.513983
-167.376175
-15.346685
-163.882858
-18.044989
-159.446487
-20.971277
-160.235596
-20.179491
-165.189636
-16.875010
-167.517792
-15.678743
-164.029846
-18.367390
-159.572006
-21.325331
-160.328400
-20.565729
-165.275467
-17.238716
-167.618637
-16.010801
-164.180054
-18.677454
-159.699142
-21.631102
-160.400818
-20.882765
-165.340378
-17.556290
-167.739868
-16.290823
-164.346344
-18.984297
-159.846664
-21.980326
-160.503281
-21.264711
-165.441223
-17.924826
-167.863800
-16.626101
-164.489578
-19.293825
-159.990433
-22.338669
-160.596619
-21.662752
-165.521149
-18.320183
-167.987717
-16.998390
-164.632263
-19.663969
-160.095581
-22.743681
-160.673325
-22.119265
-165.587677
-18.801371
-168.093933
-17.460802
-164.766922
-20.119946
-160.183548
-23.236671
-160.686203
-22.637466
-165.588211
-19.304018
-168.135773
-17.944674
-164.867767
-20.592550
-160.297821
-23.713568
-160.762375
-23.136894
-165.665451
-19.766966
-168.231796
-18.333057
-164.972916
-21.054426
-160.382034
-28.063578
-160.801529
-31.997305
-165.709976
-28.531355
-168.341232
-26.683849
-165.113449
-28.886478
-160.506500
-31.651300
-160.891663
-30.731302
-165.780258
-26.958508
-168.444229
-25.077742
-165.257751
-27.264278
-160.628799
-30.037148
-160.957108
-29.128950
-165.855362
-25.374931
-168.576187
-23.462515
-165.429962
-25.621159
-160.775253
-28.434795
-161.058487
-27.631741
-165.898270
-23.943167
-168.620712
-22.084394
-165.483597
-24.342281
-160.814941
-27.244967
-161.067078
-26.464443
-165.893448
-22.731880
-168.680801
-20.764212
-165.606445
-22.900860
-160.924911
-25.732738
-161.142715
-24.942022
-165.991074
-21.180490
-168.791840
-19.224623
-165.727676
-21.391848
-161.026840
-24.329943
-161.176514
-23.684601
-165.974442
-20.006756
-168.825638
-18.044451
-165.818878
-20.185390
-161.101944
-23.064474
-161.222107
-22.286097
-166.047943
-16.581575
-168.938828
-8.672812
-165.965866
-9.951690
-161.244095
-13.243298
-161.327789
-12.918214
-166.121964
-9.520926
-169.065964
-7.776418
-166.141815
-10.180214
-161.418976
-13.431052
-161.471558
-13.059298
-166.285583
-9.581008
-169.297165
-7.737258
-166.413254
-10.100284
-161.665207
-13.386528
-161.669495
-13.036768
-166.466904
-9.538093
-169.497787
-7.664302
-166.671280
-9.997824
-161.922165
-13.300160
-161.895340
-12.969712
-166.688446
-9.426513
-169.746170
-7.479766
-166.958817
-9.776273
-162.202179
-13.098995
-162.122787
-12.805025
-166.906784
-9.262898
-170.013321
-7.287720
-167.267273
-9.623387
-162.494553
-12.999753
-162.365265
-12.736361
-167.147110
-9.190478
-170.296555
-7.176140
-167.555344
-9.497860
-162.780472
-12.938063
-162.593246
-12.770156
-167.339691
-9.252170
-170.547607
-7.256070
-167.845016
-9.604075
-163.018646
-13.092558
-162.795486
-12.940208
-167.527985
-9.403983
-170.745560
-7.376233
-168.097687
-9.726920
-163.261124
-13.243834
-162.974121
-13.085047
-167.713593
-9.480157
-170.977844
-7.362822
-168.355179
-9.672740
-163.518082
-13.199846
-163.214447
-13.080219
-167.933533
-9.460845
-171.207977
-7.315078
-168.617493
-9.611586
-163.761627
-13.181606
-163.417221
-13.105968
-168.143280
-9.492496
-171.476730
-7.316151
-168.909851
-9.593347
-164.025009
-13.171414
-163.617859
-13.109187
-168.322983
-9.465673
-171.709549
-7.212081
-169.186661
-9.480694
-164.290024
-13.109724
-163.834045
-13.095776
-168.534348
-9.443143
-171.942902
-7.147172
-169.452728
-9.393790
-164.567902
-13.047497
-164.067398
-13.042131
-168.732834
-9.372333
-172.180542
-7.043639
-169.726852
-9.277383
-164.801254
-12.964348
-164.240662
-13.011019
-168.899658
-9.358385
-172.388687
-7.018962
-169.962357
-9.282746
-165.007248
-13.026039
-164.413940
-13.115624
-169.076157
-9.464601
-172.590378
-7.108012
-170.202148
-9.363750
-165.249176
-13.161758
-164.621002
-13.297478
-169.253708
-9.615877
-172.787262
-7.169703
-170.425842
-9.386817
-165.461075
-13.198772
-164.763702
-13.329664
-169.384064
-9.611586
-172.983063
-7.119277
-170.695129
-9.332636
-165.736801
-13.180534
-164.993835
-13.348440
-169.579330
-9.618023
-173.212662
-7.094601
-170.921509
-9.283283
-165.922943
-13.169806
-165.127945
-13.384382
-169.696808
-9.652355
-173.354813
-7.087627
-171.102829
-9.313324
-166.070465
-13.347904
-165.238983
-13.691763
-169.771912
-10.019818
-173.433670
-7.577935
-171.218170
-9.811679
-166.182587
-13.769547
-165.374161
-13.848404
-170.047104
-9.642699
-173.845123
-6.616095
-171.676819
-8.695880
-166.636948
-12.758890
-165.745926
-12.999216
-170.354492
-8.910457
-174.149811
-5.961635
-171.991180
-8.124569
-166.912674
-12.323299
-165.944397
-12.671988
-170.511673
-8.629361
-174.323624
-5.675712
-172.188583
-7.844010
-167.093460
-12.057224
-166.077972
-12.437562
-170.621643
-8.393863
-174.456665
-5.335608
-172.333969
-7.314542
-167.185196
-11.367360
-166.109634
-11.640409
-170.598572
-7.520535
-174.455597
-4.408100
-172.367752
-6.418684
-167.220596
-10.734359
-166.109085
-11.371652
-170.614136
-7.489958
-174.506012
-4.453697
-172.500793
-6.504515
-167.390656
-10.853448
-166.274857
-11.490741
-170.797592
-7.483521
-174.736145
-4.285254
-172.771698
-6.209472
-167.678177
-10.469356
-166.516785
-11.054078
-171.014313
-6.994286
-174.965210
-3.745058
-173.028656
-5.725064
-167.857895
-10.195234
-166.555405
-11.018672
-170.967651
-7.207253
-174.912094
-4.148462
-172.993790
-6.225565
-167.820877
-10.734359
-166.505524
-11.588910
-170.909714
-7.746377
-174.933563
-4.609802
-173.067276
-6.624141
-167.908310
-11.110404
-166.558090
-11.966029
-170.945648
-8.128860
-174.999008
-4.951515
-173.193878
-6.901482
-168.017212
-13.608614
-166.639633
-20.188074
-171.008408
-16.939383
-175.080551
-13.380091
-173.313507
-14.927725
-168.148636
-19.022385
-166.692200
-19.587259
-171.022369
-15.396575
-175.142242
-11.771300
-173.433670
-13.249199
-168.279541
-17.318110
-166.785538
-17.893175
-171.096924
-13.750772
-175.236115
-10.157147
-173.551682
-11.661330
-168.362686
-15.794079
-166.813980
-16.478579
-171.086731
-12.383381
-175.262939
-8.758107
-173.626785
-10.267118
-168.447449
-14.441172
-166.842941
-15.175024
-171.089951
-11.095384
-175.295120
-7.433632
-173.727646
-8.865396
-168.544006
-13.016919
-166.894974
-13.779739
-171.100143
-9.740332
-175.353058
-6.073752
-173.832245
-7.457772
-168.663620
-11.620024
-166.971695
-12.435416
-171.162369
-7.868686
-175.413132
1.131199
-173.926651
2.586029
-168.770386
-1.919546
-167.031769
-3.165700
-171.189194
0.448309
-175.464096
3.788196
-174.029114
2.109669
-168.872299
-2.414682
-167.076828
-3.684440
-171.215485
-0.072577
-175.547256
3.311299
-174.191116
1.683198
-169.035385
-2.838471
-167.177689
-4.144707
-171.268585
-0.545182
-175.625031
2.881609
-174.290909
1.301787
-169.147491
-3.211834
-167.274780
-4.559376
-171.337784
-0.998475
-175.716766
2.440117
-174.433060
0.894628
-169.262299
-3.644207
-167.322525
-5.033054
-171.351196
-1.500048
-175.747345
1.968585
-174.515671
0.461183
-169.354568
-4.074433
-167.392258
-5.503514
-171.398941
-1.998403
-175.839066
1.479350
-174.671234
0.005208
-169.513885
-4.520752
-167.490967
-5.990603
-171.467072
-2.499439
-175.927582
1.006745
-174.794083
-0.414290
-169.638336
-4.939713
-167.566071
-6.439605
-171.514282
-2.973118
-175.976944
0.561498
-174.873474
-0.823595
-169.735977
-5.375841
-167.622925
-6.937423
-171.530380
-3.504195
-176.028976
0.049196
-174.982376
-1.295664
-169.845947
-5.818942
-167.698563
-7.377842
-171.579193
-3.954806
-176.109436
-0.356354
-175.084305
-1.643278
-169.955917
-6.171921
-167.781174
-7.783928
-171.635513
-4.387178
-176.180252
-0.770487
-175.224854
-2.016105
-170.076614
-6.531873
-167.850388
-8.178750
-171.659653
-4.793265
-176.237656
-1.147070
-175.345016
-2.360501
-170.224136
-7.953980
-167.947479
-15.455048
-171.737442
-13.778130
-176.330460
-9.712974
-175.492538
-10.506371
-170.377563
-14.627853
-168.058517
-15.975395
-171.816299
-12.277702
-176.428085
-8.202353
-175.629318
-8.971074
-170.542252
-13.114016
-168.155624
-14.510910
-171.852234
-10.813215
-176.503723
-6.713191
-175.765579
-7.437923
-170.670456
-11.565843
-168.257538
-13.007263
-171.923050
-9.337464
-176.609406
-5.214908
-175.905594
-5.886533
-170.827637
-9.996751
-168.368042
-11.437097
-172.009415
-7.784465
-176.690399
-3.618994
-176.067062
-4.259505
-170.989639
-8.404592
-168.476410
-9.913066
-172.086121
-6.302276
-176.807892
-2.147534
-176.174881
-2.725281
-171.096924
-6.850520
-168.538635
-8.405664
-172.116165
-4.277208
-176.858856
5.217277
-176.330460
7.443511
-171.254105
2.953492
-168.634659
0.963829
-172.161758
4.158877
-176.923218
7.995509
-176.428619
7.086240
-171.374802
2.567254
-168.721558
0.541649
-172.218628
3.695928
-177.001007
7.573329
-176.532700
6.723069
-171.496048
2.212129
-168.811142
0.136636
-172.278168
3.271066
-177.089523
7.173144
-176.674850
6.378137
-171.656433
1.866124
-168.930771
-0.227072
-172.347366
2.873026
-177.182327
6.799244
-176.814331
6.060027
-171.802887
1.539968
-169.020355
-0.593462
-172.395111
2.484642
-177.257431
6.446802
-176.955414
5.758546
-171.934311
1.276038
-169.119598
-0.916400
-172.477188
2.141319
-177.327164
6.114208
-177.072357
5.430780
-172.084518
0.931643
-169.217773
-1.282789
-172.532440
1.739524
-177.411377
5.714558
-177.218796
5.079947
-172.250809
0.606022
-169.333649
-1.640060
-172.598434
1.358114
-177.511703
5.361579
-177.356125
4.785977
-172.387604
0.306688
-169.433960
-1.966753
-172.659042
1.006208
-177.579285
5.050443
-177.466644
4.531168
-172.528152
0.057242
-169.543396
-2.277889
-172.727707
0.656984
-177.666199
4.722141
-177.616837
4.221641
-172.701431
-0.237801
-169.678040
-2.593317
-172.822128
0.318490
-177.772949
4.380964
-177.770264
3.921233
-172.855377
-0.534453
-169.792297
-2.922156
-172.895081
-0.024833
-177.860382
4.059099
-177.894714
3.666960
-172.985733
-0.774243
-169.880814
-3.200569
-172.951950
-0.341870
-177.927979
3.760301
-178.020782
3.388546
-173.119308
-1.050510
-169.966644
-3.532090
-173.009872
-0.720062
-178.015961
3.415905
-178.173126
3.096186
-173.293121
-1.311757
-170.092712
-3.810503
-173.083374
-1.026907
-178.107147
3.129982
-178.295975
2.877317
-173.440109
-2.404489
-170.208572
-10.627606
-173.164368
-9.915212
-178.205856
-5.389788
-178.451004
-5.226710
-173.611771
-9.232858
-170.342697
-11.411347
-173.243225
-8.305350
-178.279343
-3.757396
-178.568497
-3.551402
-173.724426
-7.552186
-170.440323
-9.776273
-173.314041
-6.724456
-178.366257
-2.155044
-178.732635
-1.913109
-173.918076
-5.919256
-170.560486
-8.180896
-173.396118
-5.146244
-178.460129
-0.569322
-178.865143
-0.286080
-174.081696
-4.249849
-170.684937
-6.561378
-173.456192
-3.554621
-178.540054
1.030884
-178.989059
1.346312
-174.217407
-2.598145
-170.787933
-4.945078
-173.543640
-2.005377
-178.634476
4.063390
-179.141953
10.341906
-174.411606
7.585131
-170.948868
4.843913
-173.630005
7.408642
-178.736389
11.670672
-179.284637
11.700713
-174.562881
7.386648
-171.059906
4.611097
-173.685791
7.128083
-178.813110
11.381530
-179.423035
11.461459
-174.717377
7.162415
-171.164520
4.349314
-173.756073
6.841086
-178.884995
11.104726
-179.544281
11.230253
-174.874008
6.962859
-171.290588
4.111670
-173.837616
6.553017
-178.972961
10.823630
-179.666046
10.997437
-174.994720
6.740772
-171.392502
3.859006
-173.920761
6.266557
-179.065765
10.576867
-179.809280
10.800027
-175.184616
6.546580
-171.538422
3.635846
-174.003372
5.999945
-179.162872
10.318302
-179.959488
10.588669
-175.339645
6.346487
-171.667709
3.404640
-174.083832
5.738698
-179.236359
10.053836
-180.065704
10.364436
-175.481262
6.151222
-171.797516
3.161095
-174.162155
5.454384
-179.335602
9.771132
-180.245407
10.134839
-175.671707
5.942009
-171.931091
2.915405
-174.245300
5.174361
-179.421432
9.500228
-180.375229
9.891831
-175.822449
5.706511
-172.029266
2.652012
-174.298950
4.876100
-179.478287
9.236835
-180.486267
9.681009
-175.983917
5.512856
-172.171951
2.425633
-174.399261
4.618071
-179.592560
8.986854
-180.641830
9.457850
-176.155045
5.308472
-172.299088
2.197645
-174.461487
4.349314
-179.658005
8.708977
-180.746445
9.225034
-176.289688
5.093359
-172.400482
1.937471
-174.526398
4.034422
-179.741150
8.412861
-180.884842
8.971297
-176.422714
4.840158
-172.495438
1.664422
-174.591309
3.706120
-179.812500
8.079730
-181.004471
8.699857
-176.549866
4.611634
-172.594131
1.401566
-174.647095
3.426634
-179.867218
7.815265
-181.120346
8.469724
-176.729034
3.854178
-172.758820
-4.689732
-174.754929
-5.497077
-179.952515
-0.757076
-181.241577
0.320635
-176.874939
-3.351846
-172.852158
-6.238976
-174.808563
-3.915646
-180.036194
0.855468
-181.378372
1.961611
-177.048218
-1.691022
-172.999680
-4.632332
-174.894394
-2.334752
-180.111298
2.437971
-181.499069
3.584348
-177.178024
-0.075795
-173.095169
-3.034809
-174.953415
-0.808575
-180.190155
3.953420
-181.634796
5.138420
-177.326096
1.524947
-173.221771
-1.464643
-175.036026
0.733696
-180.258820
5.529486
-181.750122
6.779396
-177.473068
3.165387
-173.344086
0.137172
-175.121307
2.309762
-180.336060
7.103406
-181.862244
8.365654
-177.637756
4.768811
-173.469604
1.714848
-175.185150
3.970586
-180.444962
12.636805
-182.011368
18.436277
-177.798691
14.781499
-173.591919
11.321984
-175.267227
13.020897
-180.499680
17.438496
-182.133148
18.409990
-177.946213
14.485920
-173.716904
11.016213
-175.345551
12.695813
-180.592484
17.123604
-182.250626
18.149281
-178.100174
14.246130
-173.879990
10.736190
-175.458740
12.368584
-180.698700
16.814077
-182.428726
17.873013
-178.282028
13.998294
-173.992645
10.464214
-175.523651
12.057983
-180.759857
16.483629
-182.514557
17.591381
-178.407013
13.753676
-174.116562
10.188483
-175.606262
11.749529
-180.840317
16.180002
-182.656174
17.336035
-178.572784
13.527834
-174.239410
9.932601
-175.662582
11.441611
-180.889130
15.867794
-182.766678
17.047430
-178.746048
13.258004
-174.400879
9.638631
-175.784363
11.107944
-180.998032
15.555584
-182.900787
16.772772
-178.881241
13.000512
-174.493134
9.343587
-175.832642
10.779642
-181.065628
15.232110
-183.017197
16.499186
-179.052902
12.749994
-174.629929
9.079122
-175.903976
10.477626
-181.147705
14.928484
-183.145950
16.253496
-179.204178
12.534881
-174.751175
8.849524
-175.982834
10.209405
-181.219055
14.651144
-183.267715
16.014242
-179.358673
12.311721
-174.896545
8.593642
-176.092804
9.908998
-181.303268
14.348591
-183.381989
15.743876
-179.485809
12.063349
-174.994720
8.310401
-176.135193
9.583913
-181.337601
14.049255
-183.479614
15.496039
-179.647812
11.840188
-175.144379
8.054518
-176.234436
9.289407
-181.436310
13.740802
-183.616943
15.207970
-179.808212
11.588059
-175.261322
7.827066
-176.297729
9.043180
-181.516769
13.476872
-183.754807
14.996613
-179.978790
11.412107
-175.410461
7.613026
-176.393753
8.752965
-181.594025
13.169491
-183.862640
14.711761
-180.112366
11.146568
-175.540268
7.298135
-176.482803
8.397840
-181.676636
12.840652
-183.988159
14.455879
-180.275452
10.844552
-175.664200
3.492080
-176.547714
-0.249602
-181.729736
4.149757
-184.099197
6.167852
-180.430481
3.023230
-175.797226
-0.470616
-176.640518
0.932179
-181.809128
5.719386
-184.211853
7.791125
-180.597305
4.687809
-175.947968
1.161240
-176.723663
2.509318
-181.884232
7.309937
-184.340607
9.433173
-180.759857
6.336831
-176.069748
2.791487
-176.811111
4.102551
-181.956116
8.900487
-184.449493
11.030160
-180.899323
7.977807
-176.204391
4.411541
-176.892639
5.703293
-182.042480
10.501765
-184.568588
12.666309
-181.045776
9.648286
-176.317581
6.071292
-176.970428
7.287942
-182.111694
13.156616
-184.704315
21.215046
-181.205093
19.891108
-176.467239
15.881205
-177.069138
16.700888
-182.200729
21.097565
-184.830917
22.986914
-181.374084
19.653463
-176.614227
15.619957
-177.168381
16.386534
-182.276382
20.789648
-184.948395
22.725130
-181.523209
19.419039
-176.731705
15.394115
-177.223633
16.134405
-182.350403
20.518208
-185.049240
22.456907
-181.669662
19.158327
-176.868500
15.111947
-177.305176
15.827024
-182.407272
20.219946
-185.168335
22.240723
-181.833267
18.996859
-177.002609
14.922047
-177.406555
15.557730
-182.488800
19.945288
-185.277237
21.988594
-181.977570
18.768335
-177.153885
14.674211
-177.496674
15.283072
-182.566589
19.670630
-185.398468
21.764898
-182.132614
18.561804
-177.282639
14.453733
-177.571777
15.035772
-182.658859
19.401335
-185.558319
21.510088
-182.317688
18.362247
-177.433914
14.240229
-177.678528
14.762724
-182.729675
19.150818
-185.660248
21.305168
-182.470566
18.180395
-177.565338
14.030480
-177.764359
14.503622
-182.821396
18.860601
-185.787384
21.039093
-182.649734
17.960453
-177.747726
13.808393
-177.879166
14.216089
-182.898117
18.574142
-185.897888
20.801985
-182.785461
17.731392
-177.861465
13.564312
-177.946747
13.956451
-182.955505
18.276953
-186.008942
20.514452
-182.946930
17.476046
-178.001465
13.289654
-178.021851
13.634050
-183.030609
17.968500
-186.122665
20.268225
-183.064941
17.275953
-178.126465
13.046110
-178.133972
13.339006
-183.112686
17.671310
-186.242294
20.013952
-183.236603
17.050648
-178.282028
12.793982
-178.227844
13.066494
-183.189941
17.393970
-186.347427
19.778990
-183.422211
16.848410
-178.445648
12.602472
-178.328705
12.835825
-183.276306
17.125750
-186.467590
19.541348
-183.555252
16.573751
-178.564194
8.809291
-178.402191
4.194282
-183.348190
8.474015
-186.596344
11.313401
-183.729065
8.831822
-178.715469
4.946910
-178.486420
5.464040
-183.423294
10.111772
-186.703629
12.966717
-183.850830
10.532342
-178.835632
6.606661
-178.563126
7.055127
-183.457077
11.674964
-186.781418
14.551365
-184.002106
12.147570
-178.987457
8.237445
-178.674698
8.646749
-183.519852
13.208652
-186.877975
16.102219
-184.168411
13.751531
-179.158569
9.859645
-178.783066
10.219597
-183.618011
14.756287
-187.006714
17.687405
-184.322906
15.394115
-179.279816
11.502229
-178.859772
11.832677
-183.674347
16.353273
-187.098984
19.303167
-184.455933
17.044210
-179.388168
13.141596
-178.924149
13.400162
-183.730133
19.983912
-187.191254
28.710749
-184.628128
27.163115
-179.587723
22.877478
-179.048599
22.753561
-183.827759
26.855732
-187.344147
29.513802
-184.812668
26.949074
-179.740616
22.637690
-179.181641
22.456371
-183.918961
26.573565
-187.436951
29.235926
-184.926941
26.670660
-179.833420
22.321188
-179.212753
22.109293
-183.974747
26.231852
-187.571594
28.958048
-185.108246
26.454475
-180.008835
22.084618
-179.352234
21.799231
-184.091690
25.893356
-187.700333
28.658176
-185.263290
26.193764
-180.148315
21.805132
-179.431091
21.488094
-184.142654
25.592413
-187.779724
28.380836
-185.397400
25.931444
-180.278671
21.529936
-179.509949
21.165155
-184.211853
25.228704
-187.886490
28.060581
-185.536865
25.657322
-180.427795
21.260643
-179.603821
20.854021
-184.275162
24.932053
-187.992157
27.810062
-185.689758
25.421824
-180.560837
21.022999
-179.686432
20.587946
-184.337921
24.618235
-188.087646
27.504292
-185.816895
25.166477
-180.700302
20.734930
-179.785675
20.251059
-184.401764
24.283495
-188.171875
27.221586
-185.947250
24.928297
-180.814575
20.470465
-179.862930
19.936705
-184.459152
23.945534
-188.288818
26.863779
-186.097443
24.491096
-180.783997
19.473755
-179.595779
18.159473
-184.174301
22.135580
-188.109650
25.511410
-186.033081
23.474539
-180.913818
19.067669
-179.866135
18.518353
-184.459686
22.589409
-188.367676
25.672342
-186.295929
23.485268
-181.158432
18.999540
-180.034042
18.366003
-184.586823
22.419893
-188.535583
25.540915
-186.496033
23.392462
-181.348862
18.927122
-180.215363
18.296267
-184.755280
22.348547
-188.715820
25.528576
-186.709534
23.407484
-181.562378
18.897081
-180.369858
18.205070
-184.869003
22.222483
-188.868713
25.388565
-186.923569
23.291075
