-175.454437
153.606308
-175.940460
153.656738
-171.333496
150.417694
-167.907776
148.332016
-170.406525
150.214386
-175.289215
153.420700
-175.820831
153.462540
-171.225677
150.227264
-167.773132
148.129776
-170.265442
149.989075
-175.162613
153.215775
-175.700134
153.302139
-171.111954
150.080276
-167.635803
147.969376
-170.098602
149.822250
-174.989349
153.060211
-175.553680
153.147110
-170.979446
149.302429
-167.487747
141.735382
-169.919968
140.947891
-174.840225
144.487869
-175.446930
144.929901
-170.888245
142.063156
-167.382599
140.251053
-169.793915
142.395752
-174.717377
145.967911
-175.370758
146.434616
-170.842651
143.540512
-167.319839
141.706955
-169.698425
143.838776
-174.609009
147.406113
-175.268295
147.876038
-170.742340
144.986221
-167.209335
143.137115
-169.561630
145.256592
-174.482407
148.843246
-175.171738
149.338379
-170.665634
146.452316
-167.107407
144.596237
-169.443085
146.704453
-174.361710
150.280899
-175.078400
150.806625
-170.584091
147.930222
-167.010849
146.048386
-169.328278
148.132462
-174.264618
151.720184
-174.996323
152.256622
-170.506302
149.383972
-166.910538
147.501602
-169.190948
149.558319
-174.139633
153.139069
-174.904053
153.700180
-170.430664
150.825928
-166.830063
148.918884
-169.102966
151.015823
-174.039841
157.574905
-174.824661
163.414612
-170.334106
160.831100
-166.700256
158.586639
-168.924881
160.289307
-173.868729
163.559448
-174.691086
163.830887
-170.213409
160.660522
-166.552734
158.393509
-168.754822
160.083313
-173.693314
163.350235
-174.543564
163.632950
-170.091629
160.479202
-166.403061
158.205765
-168.590134
159.887512
-173.562958
163.159805
-174.451828
163.454849
-170.018143
160.295197
-166.305969
158.000305
-168.460846
159.655762
-173.413284
162.944153
-174.316650
163.276215
-169.891541
160.135345
-166.163803
157.832397
-168.300461
159.477127
-173.268448
162.766586
-174.176636
163.111526
-169.768158
159.959930
-166.041504
157.631226
-168.140060
159.268448
-173.106979
162.549866
-174.066666
162.910355
-169.652832
159.773239
-165.887009
157.442947
-167.959274
159.061920
-172.918686
162.346558
-173.889648
162.724747
-169.494034
159.575302
-165.720169
157.222992
-167.790298
158.820526
-172.751312
162.125534
-173.751236
162.524658
-169.391586
159.417587
-165.591965
157.038467
-167.625610
158.605408
-172.579651
161.899155
-173.614456
162.316513
-169.265518
159.206223
-165.446579
156.829254
-167.450729
158.385468
-172.416031
161.699600
-173.463165
162.121246
-169.125504
159.008820
-165.300674
156.632370
-167.275314
158.201462
-172.268509
161.535995
-173.340866
162.005371
-168.994614
158.905823
-165.157440
156.496658
-167.121353
158.036240
-172.083450
161.354675
-173.177780
161.819763
-168.841187
158.719666
-164.978271
156.297104
-166.926636
157.834549
-171.928406
161.161560
-173.061920
161.638992
-168.733902
158.557663
-164.846848
156.123291
-166.757645
157.630692
-171.746552
160.956100
-172.918152
161.460358
-168.639481
158.392441
-164.739563
155.925888
-166.624069
157.413437
-171.607086
160.740982
-172.794235
161.271530
-168.505371
158.202545
-164.589355
155.722565
-166.442764
157.191879
-171.434891
160.526947
-172.640808
161.069290
-168.380920
158.008881
-164.448273
155.547684
-166.274857
156.991791
-171.280930
160.320419
-172.514740
160.896545
-168.254318
157.854385
-164.311478
155.377106
-166.129471
156.820663
-171.132874
160.162170
-172.386002
160.760834
-168.144882
157.718140
-164.191849
155.205444
-165.971222
156.609848
-170.969788
159.945984
-172.257782
160.556992
-168.024185
157.526093
-164.047546
154.997833
-165.816193
156.399567
-170.809402
159.752319
-172.126358
160.371918
-167.936218
157.336182
-163.934891
154.814377
-165.690125
156.202148
-170.704254
159.550079
-172.059845
160.181473
-167.869690
157.163986
-163.863007
154.623398
-165.565140
155.992935
-170.566925
159.352142
-171.942368
159.999084
-167.770981
156.977310
-163.731583
154.438324
-165.408493
155.797134
-170.419937
159.154190
-171.805573
159.835464
-167.635269
156.844803
-163.596405
154.285446
-165.273849
155.627625
-170.272949
158.977707
-171.691299
159.668106
-167.538712
156.666702
-163.481598
154.099304
-165.122574
155.418945
-170.143127
158.750244
-171.595825
159.447083
-167.455017
156.455887
-163.368408
153.872925
-164.973984
155.201691
-169.987030
158.556061
-171.457413
159.290451
-167.340225
156.324997
-163.249313
153.723251
-164.831818
155.017685
-169.852921
158.379562
-171.376419
159.114487
-167.266190
156.163528
-163.143112
153.553207
-164.710052
154.817062
-169.735443
158.185913
-171.257324
158.955170
-167.186798
155.996689
-163.067459
153.374023
-164.581299
154.650757
-169.595428
158.000305
-171.154861
158.788879
-167.080048
155.844345
-162.924774
153.204514
-164.399445
154.450668
-169.406067
157.798599
-170.992859
158.611847
-166.946472
155.679123
-162.805145
153.037674
-164.251938
154.258621
-169.251038
157.607620
-170.867325
158.425171
-166.835434
155.351883
-162.667816
148.611496
-164.089920
145.493698
-169.102966
148.945709
-170.740189
150.102814
-166.720093
147.538086
-162.536926
145.203491
-163.950455
146.721085
-168.955460
150.407501
-170.620026
151.595718
-166.634262
149.022949
-162.428558
146.655624
-163.831360
148.122803
-168.859436
151.811371
-170.547607
153.031784
-166.562927
150.487976
-162.361511
148.120651
-163.734802
149.594803
-168.739273
153.264053
-170.449982
154.475876
-166.488358
151.933151
-162.255829
149.567444
-163.587280
151.034607
-168.598175
154.723175
-170.333038
155.960220
-166.380539
153.404068
-162.141571
151.029785
-163.459076
152.467438
-168.451736
156.135635
-170.234863
157.394119
-166.304352
154.871780
-162.046616
152.474960
-163.331390
153.895447
-168.322983
157.564178
-170.121140
158.809250
-166.201355
156.306763
-161.933426
153.896530
-163.186554
155.303604
-168.181900
160.740448
-169.975235
167.897659
-166.093536
166.348953
-161.803070
163.610413
-163.027771
164.688126
-168.019363
168.045181
-169.842194
169.040268
-165.959961
166.217514
-161.649109
163.454300
-162.865234
164.499298
-167.865402
167.860641
-169.717194
168.854126
-165.861252
166.037277
-161.556839
163.268692
-162.739700
164.301346
-167.730225
167.680389
-169.623322
168.699097
-165.772736
165.890289
-161.443115
163.109909
-162.586807
164.131836
-167.564987
167.471725
-169.479553
168.503830
-165.648285
165.707901
-161.299362
162.906067
-162.421051
163.901703
-167.394943
167.246948
-169.325058
168.291946
-165.519547
165.520676
-161.151840
162.727966
-162.246170
163.710724
-167.226501
167.068848
-169.194168
168.128860
-165.421371
165.365646
-161.040787
162.561661
-162.108307
163.507416
-167.099365
166.875732
-169.077759
167.959351
-165.301208
165.214905
-160.919556
162.411469
-161.940399
163.357208
-166.925552
166.715866
-168.943115
167.808075
-165.183197
165.063629
-160.792953
162.244629
-161.790192
163.170532
-166.771591
166.516861
-168.829926
167.638016
-165.098969
164.903244
-160.673325
162.057419
-161.646439
162.946304
-166.627838
166.304428
-168.703857
167.442749
-164.990067
164.714401
-160.563354
161.871262
-161.500519
162.761765
-166.458847
166.111847
-168.553116
167.272705
-164.859177
164.564209
-160.416367
161.704971
-161.365875
162.565964
-166.330109
165.906387
-168.416870
167.091919
-164.747070
164.396835
-160.311234
161.525269
-161.208160
162.386246
-166.147720
165.750809
-168.290268
166.929916
-164.637634
164.226242
-160.183014
161.353607
-161.055267
162.183472
-166.015213
165.551254
-168.194244
166.765762
-164.565750
164.079269
-160.104156
161.196426
-160.953354
161.999481
-165.918655
165.343124
-168.110550
166.590347
-164.492264
163.923157
-159.986679
161.029587
-160.803680
161.847672
-165.774887
165.192917
-168.002197
166.449799
-164.416611
163.787430
-159.919083
160.876175
-160.715714
161.648651
-165.650970
164.980484
-167.889542
166.253998
-164.308792
163.612015
-159.793564
160.676071
-160.555313
161.450165
-165.501846
164.793259
-167.785477
166.071609
-164.226715
163.441437
-159.702362
160.500122
-160.428177
161.248459
-165.373627
164.591034
-167.660477
165.897263
-164.121033
163.278885
-159.580063
160.347229
-160.290848
161.071426
-165.223419
164.418823
-167.541397
165.743835
-164.030914
163.141022
-159.463120
160.194351
-160.141174
160.906738
-165.090927
164.247711
-167.445908
165.577545
-163.943481
162.975800
-159.371918
160.024292
-160.012970
160.735077
-164.941788
164.072281
-167.315018
165.413925
-163.820633
162.837936
-159.257660
159.863907
-159.888519
160.543579
-164.822708
163.892044
-167.195923
165.266403
-163.726761
162.703827
-159.131592
159.719604
-159.736694
160.379959
-164.658554
163.718765
-167.058060
165.084015
-163.610886
162.533768
-158.995331
159.544724
-159.567719
160.187378
-164.484207
163.521362
-166.907852
164.922546
-163.485352
162.368546
-158.885910
159.352142
-159.444336
159.964752
-164.390869
163.298203
-166.843475
164.718170
-163.432251
162.171677
-158.804367
159.155258
-159.327927
159.756073
-164.248718
163.094360
-166.728149
164.529343
-163.333008
161.978561
-158.698685
158.955704
-159.178268
159.535599
-164.076508
162.863678
-166.588669
164.310471
-163.206406
161.782211
-158.555984
158.770096
-159.020554
159.336578
-163.904846
162.662521
-166.429352
164.129150
-163.074982
161.646500
-158.423492
158.607559
-158.860153
159.156876
-163.754105
162.464035
-166.313477
163.948914
-162.995041
161.463028
-158.318878
158.412292
-158.719604
158.926208
-163.623764
162.230682
-166.216919
163.718765
-162.904388
161.231293
-158.234131
158.177322
-158.604813
158.702499
-163.488037
162.015030
-166.090317
163.541214
-162.797104
160.931427
-158.121475
153.821426
-158.473373
149.986938
-163.355530
153.381546
-165.999115
155.264450
-162.744522
153.166962
-158.071579
150.433792
-158.413834
151.246506
-163.298676
154.913620
-165.965332
156.817978
-162.716629
154.721573
-158.023834
151.980896
-158.347321
152.796280
-163.206406
156.434433
-165.888611
158.343628
-162.678009
156.251511
-157.972336
153.484543
-158.262024
154.265060
-163.099655
157.896774
-165.771667
159.814545
-162.574478
157.730469
-157.860229
154.962433
-158.122543
155.717743
-162.970901
159.348389
-165.699249
161.273666
-162.524048
159.186371
-157.800140
156.375427
-158.016327
157.123215
-162.849136
160.746887
-165.578552
162.668427
-162.432861
160.599365
-157.693924
157.807724
-157.878464
158.527618
-162.704300
162.139481
-165.461075
164.078186
-162.319672
162.021469
-157.555527
159.222855
-157.715927
159.921295
-162.533173
164.303497
-165.298523
171.912384
-162.171616
172.130722
-157.416046
169.005402
-157.556061
169.366974
-162.375992
172.643021
-165.176758
174.292038
-162.076660
171.931702
-157.306625
168.782791
-157.440735
169.111084
-162.240814
172.388748
-165.060883
174.051712
-161.979568
171.704239
-157.193970
168.541916
-157.285156
168.848236
-162.073975
172.115692
-164.897263
173.796371
-161.837402
171.491272
-157.034637
168.340225
-157.078629
168.621307
-161.860474
171.885025
-164.713272
173.588226
-161.680222
171.274551
-156.896240
168.096146
-156.924133
168.374557
-161.724747
171.640945
-164.603836
173.369354
-161.587967
171.071777
-156.802368
167.909988
-156.806122
168.190018
-161.585281
171.467682
-164.509415
173.211105
-161.518219
170.939285
-156.693466
167.766220
-156.678452
168.018356
-161.430786
171.289047
-164.344742
173.033005
-161.370163
170.746704
-156.540039
167.543610
-156.492844
167.764618
-161.276825
171.029938
-164.247101
172.805557
-161.288620
170.574493
-156.449387
167.397690
-156.378571
167.594025
-161.151840
170.850235
-164.135529
172.626389
-161.203873
170.398544
-156.352295
167.224960
-156.247681
167.418076
-161.015045
170.674271
-163.995514
172.470825
-161.079407
170.243515
-156.241776
167.055984
-156.104446
167.219055
-160.850357
170.469360
-163.862473
172.280380
-160.972122
170.066483
-156.125366
166.863937
-155.973022
167.040955
-160.710342
170.292328
-163.760010
172.108185
-160.899704
169.906631
-156.041687
166.705673
-155.866272
166.858032
-160.608948
170.087952
-163.678467
171.920975
-160.824066
169.740326
-155.964981
166.523834
-155.761124
166.653107
-160.474838
169.881424
-163.556168
171.733215
-160.718918
169.569214
-155.847504
166.355377
-155.624878
166.472336
-160.333221
169.714050
-163.439758
171.589981
-160.654022
169.442612
-155.784729
166.232010
-155.524017
166.333389
-160.237732
169.568665
-163.370026
171.455872
-160.583206
169.299377
-155.699982
166.069992
-155.432297
166.149384
-160.135269
169.357849
-163.276138
171.256851
-160.517227
169.123428
-155.637741
165.875275
-155.332520
165.935349
-160.014572
169.135757
-163.171005
171.048172
-160.418518
168.932983
-155.516510
165.695023
-155.202698
165.728287
-159.882080
168.922256
-163.061035
170.845932
-160.333221
168.741470
-155.426392
165.480988
-155.057861
165.511566
-159.702362
168.711975
-162.921021
170.647461
-160.232910
168.558014
-155.303543
165.300201
-154.913010
165.315231
-159.568787
168.521530
-162.785294
170.473648
-160.100403
168.403519
-155.190353
165.141418
-154.785873
165.147324
-159.442734
168.337006
-162.676407
170.310562
-160.021011
168.262436
-155.113113
164.977264
-154.680740
164.939178
-159.330612
168.125641
-162.584137
170.139450
-159.953964
168.107407
-155.027817
164.837250
-154.579346
164.790054
-159.220108
167.967392
-162.500992
169.976364
-159.901382
167.950226
-154.961288
164.674179
-154.473663
164.616241
-159.079025
167.782852
-162.384033
169.791824
-159.810730
167.787689
-154.870102
164.489105
-154.358337
164.414001
-158.979782
167.569351
-162.276749
169.593353
-159.700760
167.587051
-154.733307
164.288467
-154.193115
164.179581
-158.798462
167.343506
-162.119568
169.384140
-159.575760
167.392319
-154.619583
164.103943
-154.057388
163.982162
-158.656845
167.149323
-161.990295
169.221054
-159.466339
167.253922
-154.516052
163.951584
-153.913620
163.813187
-158.500198
166.966385
-161.877640
169.037598
-159.367630
167.095673
-154.407684
163.787430
-153.790237
163.630798
-158.380035
166.756638
-161.790741
168.835358
-159.305405
166.905243
-154.345993
163.592178
-153.712997
163.426407
-158.258270
166.557617
-161.655014
168.648666
-159.205627
166.677780
-154.256409
160.209366
-153.594437
154.886795
-158.138641
157.831863
-161.562210
160.270523
-159.143936
158.690170
-154.188812
155.709702
-153.496811
155.843277
-158.025986
159.304932
-161.461899
161.747879
-159.065613
160.175568
-154.102982
157.190277
-153.360550
157.307220
-157.896164
160.760300
-161.362656
163.227936
-158.978165
161.684052
-154.011261
158.676758
-153.258087
158.780823
-157.759918
162.209229
-161.260193
164.686508
-158.905746
163.137802
-153.923279
160.127289
-153.148117
160.212585
-157.645111
163.653320
-161.157196
166.130081
-158.822601
164.605515
-153.830475
161.596069
-153.034393
161.649719
-157.527634
165.084549
-161.049377
167.585449
-158.746429
166.056580
-153.748932
163.039108
-152.927109
163.082550
-157.406403
166.494858
-160.957642
168.997360
-158.661133
167.521072
-153.662033
164.501434
-152.816605
164.508957
-157.278717
168.402985
-160.832657
176.116486
-158.576370
177.652313
-153.571915
174.359634
-152.701263
174.016312
-157.167145
177.074020
-160.754868
179.284698
-158.504486
177.490311
-153.484467
174.143448
-152.581100
173.814606
-157.024445
176.888962
-160.612717
179.111435
-158.382721
177.328308
-153.392197
173.975540
-152.464691
173.620422
-156.886581
176.685104
-160.486649
178.940842
-158.288300
177.186676
-153.289200
173.825333
-152.359558
173.474503
-156.785736
176.546707
-160.413147
178.799759
-158.223938
177.065445
-153.199615
173.692307
-152.229736
173.294800
-156.618362
176.339096
-160.252213
178.595383
-158.109131
176.863205
-153.084824
173.488983
-152.089188
173.082901
-156.488541
176.140076
-160.148682
178.407623
-158.012039
176.703888
-153.002213
173.329666
-151.995316
172.908020
-156.392517
175.953934
-160.078949
178.233276
-157.963226
176.540268
-152.916916
173.196625
-151.853683
172.749771
-156.239639
175.757599
-159.953415
178.069656
-157.871490
176.383087
-152.842346
172.992783
-151.763031
172.537872
-156.121078
175.559647
-159.835938
177.866348
-157.755081
176.189972
-152.719498
172.807175
-151.638580
172.334564
-155.984833
175.344009
-159.709335
177.672165
-157.677292
176.004898
-152.649231
172.605469
-151.529678
172.132324
-155.873779
175.141769
-159.613312
177.467773
-157.600052
175.807495
-152.570374
172.417175
-151.417023
171.932770
-155.743958
174.937378
-159.507095
177.262863
-157.512619
175.630463
-152.489365
172.244446
-151.303833
171.714981
-155.615753
174.715286
-159.393906
177.063293
-157.428925
175.444321
-152.400864
172.062592
-151.213181
171.537415
-155.527237
174.523788
-159.321487
176.897537
-157.384399
175.293045
-152.352585
171.905411
-151.128418
171.339996
-155.389374
174.303299
-159.185242
176.709244
-157.256195
175.129425
-152.219543
171.727844
-150.976608
171.167801
-155.231659
174.128967
-159.052200
176.521500
-157.141937
174.945419
-152.095093
171.545990
-150.822113
170.961807
-155.077698
173.914917
-158.914871
176.315506
-157.027130
174.773224
-151.988876
171.377014
-150.687469
170.777267
-154.919983
173.739502
-158.764664
176.152420
-156.910187
174.610153
-151.862274
171.203751
-150.525452
170.598099
-154.763351
173.549606
-158.635925
175.967346
-156.805038
174.443314
-151.746933
171.044418
-150.394562
170.416245
-154.619583
173.350586
-158.493759
175.794617
-156.674149
174.282928
-151.624634
170.874908
-150.254013
170.229034
-154.477966
173.153717
-158.382187
175.600952
-156.575455
174.102142
-151.535034
170.683929
-150.158524
170.020889
-154.363693
172.952545
-158.302261
175.418564
-156.532532
173.957306
-151.487305
170.523544
-150.081284
169.829376
-154.244064
172.761032
-158.149368
175.229736
-156.405930
173.751312
-151.357483
170.300385
-149.913376
169.578857
-154.068115
172.457413
-158.000244
174.873550
-156.279861
173.380630
-151.238388
169.943100
-149.761566
169.231247
-153.909332
172.151642
-157.865051
174.643951
-156.179016
173.216476
-151.137543
169.830460
-149.643539
169.120209
-153.781128
172.028259
-157.758835
174.532364
-156.081924
173.096848
-151.045273
169.688293
-149.550201
168.957657
-153.665253
171.850159
-157.639206
174.357483
-155.984833
172.952545
-150.944412
169.535416
-149.414490
168.789764
-153.513977
171.658646
-157.509399
174.163300
-155.880753
172.770157
-150.851074
169.346588
-149.297546
168.573578
-153.379868
171.445679
-157.398346
173.963745
-155.794388
172.584015
-150.755585
169.164734
-149.189713
168.375092
-153.289749
171.239151
-157.316269
173.765793
-155.715530
172.399475
-150.663330
168.976440
-149.083496
168.173920
-153.165283
171.043884
-157.213272
173.605927
-155.646332
172.242294
-150.589828
166.385956
-148.981049
159.958847
-153.052628
162.273605
-157.105988
165.172531
-155.563187
164.167236
-150.523849
161.091812
-148.901108
160.599365
-152.933014
163.757935
-157.002991
166.657944
-155.492905
165.656937
-150.449814
162.558456
-148.796509
162.048828
-152.839127
165.205795
-156.932724
168.121353
-155.448380
167.125717
-150.402069
164.019180
-148.729980
163.504196
-152.765640
166.661697
-156.866196
169.572968
-155.400635
168.608444
-150.350571
165.525513
-148.653809
164.967072
-152.682495
168.089706
-156.789490
171.025116
-155.347000
170.075607
-150.295853
166.980331
-148.560471
166.409027
-152.558029
169.544525
-156.652695
172.474045
-155.236496
171.507904
-150.201447
168.413177
-148.452652
167.836502
-152.444305
170.943573
-156.592072
173.890778
-155.206985
172.965958
-150.182129
169.870682
-148.408661
169.267197
-152.382080
172.569519
-156.545410
179.772324
-155.158173
183.013504
-150.126343
179.766968
-148.330872
178.818542
-152.267288
181.582291
-156.419342
184.207626
-155.057861
182.992050
-150.005646
179.561508
-148.189255
178.613083
-152.115463
181.382736
-156.277191
184.033829
-154.948425
182.836487
-149.921417
179.400040
-148.078751
178.425323
-151.992630
181.190689
-156.151657
183.855728
-154.835236
182.671799
-149.798584
179.241791
-147.914597
178.248840
-151.816132
181.000778
-156.007355
183.659927
-154.696823
182.485657
-149.654816
179.067444
-147.753662
178.065903
-151.643936
180.807663
-155.858231
183.493622
-154.597580
182.342957
-149.570053
178.910263
-147.656570
177.887817
-151.521088
180.615616
-155.740738
183.312851
-154.485474
182.179352
-149.465454
178.742905
-147.538544
177.716690
-151.402008
180.424637
-155.649551
183.132065
-154.435577
182.016266
-149.395706
178.574463
-147.454865
177.527328
-151.302765
180.241180
-155.565872
182.947525
-154.374420
181.834412
-149.345291
178.407623
-147.392105
177.340637
-151.234634
180.038940
-155.495590
182.757629
-154.302551
181.672409
-149.265884
178.234344
-147.286423
177.148590
-151.110718
179.854401
-155.380249
182.572556
-154.205444
181.498062
-149.180069
178.065903
-147.169479
176.969421
-150.970703
179.651093
-155.257950
182.374069
-154.116928
181.297974
-149.080276
177.844894
-147.031616
176.753769
-150.801193
179.440811
-155.099701
182.213135
-153.993011
181.167084
-148.972992
177.721512
-146.915741
176.606781
-150.689072
179.295975
-155.011185
182.073669
-153.935074
181.043167
-148.919891
177.593307
-146.852982
176.459808
-150.625229
179.124847
-154.936615
181.893417
-153.850327
180.882767
-148.828690
177.433441
-146.754807
176.274200
-150.509369
178.922607
-154.830933
181.700302
-153.783798
180.692871
-148.761642
177.252121
-146.637863
176.090729
-150.371506
178.751480
-154.686630
181.550095
-153.634674
180.549637
-148.613571
177.089584
-146.469421
175.913162
-150.198761
178.569626
-154.558426
181.366638
-153.539185
180.403717
-148.528290
176.979614
-146.368576
175.791931
-150.079681
178.416199
-154.451675
181.227692
-153.450134
180.273361
-148.421539
176.825119
-146.252701
175.621338
-149.945557
178.240784
-154.312729
181.053894
-153.333725
180.117798
-148.311020
176.672226
-146.126099
175.444855
-149.795898
178.051422
-154.166824
180.857010
-153.236633
179.938095
-148.232712
176.476974
-145.998962
175.223846
-149.662857
177.819687
-154.049347
180.637070
-153.148651
179.720291
-148.143112
176.269363
-145.871826
174.999069
-149.519089
177.591156
-153.934540
180.415527
-153.043518
179.514832
-148.042801
176.073563
-145.772049
174.793076
-149.386063
177.379807
-153.800964
180.203094
-152.924423
179.291672
-147.931763
175.833771
-145.655106
174.527542
-149.262680
177.088516
-153.701187
179.933258
-152.841278
179.041153
-147.865784
175.559647
-145.553711
174.252350
-149.135544
176.825653
-153.579956
179.678452
-152.728088
178.802979
-147.736496
175.340790
-145.436234
174.013626
-149.026642
176.559036
-153.466766
179.422028
-152.659424
178.563721
-147.676422
175.107437
-145.328415
173.745407
-148.896286
176.277954
-153.341782
179.158112
-152.554810
178.315353
-147.587906
174.825806
-145.230240
173.448212
-148.775055
175.996857
-153.237701
178.904907
-152.473816
178.074493
-147.502075
174.580643
-145.109543
173.195023
-148.642548
175.730774
-153.112717
178.639359
-152.372971
177.800903
-147.400146
174.292038
-144.979721
172.864029
-148.483231
175.374588
-152.976456
178.280487
-152.234558
177.444168
-147.243500
172.328659
-144.825226
164.985855
-148.318542
166.396683
-152.826263
169.655579
-152.119766
169.169022
-147.134613
165.970749
-144.713654
164.821167
-148.210709
167.682007
-152.720047
170.981659
-152.028030
170.531586
-147.048248
167.334930
-144.599915
166.185867
-148.084106
169.057983
-152.599884
172.377487
-151.925034
171.932236
-146.961334
168.705002
-144.478149
167.547363
-147.940338
170.398010
-152.481857
173.719650
-151.852615
173.284073
-146.870682
170.067566
-144.354233
168.879883
-147.813202
171.744476
-152.371353
175.094559
-151.751221
174.642334
-146.792358
171.377014
-144.271622
170.175919
-147.727371
173.046417
-152.298401
176.414200
-151.699722
175.993103
-146.736572
172.711151
-144.177200
171.442459
-147.590591
174.219620
-152.166977
177.502106
-151.563477
177.001068
-146.586365
173.633820
-144.031296
172.356552
-147.421066
175.218475
-151.995316
178.618439
-151.445450
178.232208
-146.488190
174.976547
-143.909515
173.755066
-147.315384
176.879303
-151.901428
184.880325
-151.356949
188.282974
-146.405579
184.767136
-143.794189
183.132599
-147.170547
185.646912
-151.775360
188.737350
-151.255020
188.057678
-146.315994
184.478531
-143.689575
182.924469
-147.060043
185.542297
-151.697052
188.745392
-151.197083
188.135452
-146.252701
184.577240
-143.635941
183.006531
-147.006943
185.620087
-151.635895
188.870377
-151.159531
188.330719
-146.246262
184.826141
-143.631638
183.366486
-146.996201
186.122726
-151.657349
189.473343
-151.229263
188.977142
-146.311172
185.468811
-143.675095
183.956039
-147.015518
186.651123
-151.679886
189.958282
-151.272186
189.440079
-146.361603
185.894745
-143.696548
184.333694
-147.008011
187.013229
-151.679886
190.323608
-151.311340
189.780731
-146.384659
186.204803
-143.672409
184.577240
-146.980652
187.223511
-151.658966
190.556427
-151.298477
189.995834
-146.381439
186.341064
-143.677246
184.653412
-146.967239
187.277145
-151.661102
190.629379
-151.305450
190.063965
-146.390030
186.376465
-143.648270
184.672195
-146.926468
187.290024
-151.632675
190.648682
-151.283981
190.118683
-146.372330
186.426895
-143.619308
184.701157
-146.888916
187.334015
-151.605850
190.726471
-151.275940
190.208801
-146.356766
186.499313
-143.595169
184.767136
-146.859955
187.432190
-151.568298
190.881500
-151.233017
190.399246
-146.322968
186.706375
-143.564590
184.979568
-146.813278
187.687531
-151.517334
191.200684
-151.222290
190.755447
-146.331024
187.033600
-143.546356
185.275681
-146.784851
187.989014
-151.499634
191.520935
-151.215317
191.054779
-146.317078
187.317383
-143.518997
185.525665
-146.745682
188.242203
-151.471741
191.790771
-151.191177
191.311737
-146.297760
187.501923
-143.461594
185.640472
-146.670593
188.285660
-151.423462
191.781647
-151.167572
191.257553
-146.260742
187.411804
-143.425110
185.518692
-146.599777
188.176758
-151.347824
191.696899
-151.103745
191.202835
-146.188858
187.337234
-143.318893
185.416763
-146.509125
188.063568
-151.277008
191.593369
-151.061356
191.097687
-146.152390
187.198837
-143.273834
185.262817
-146.449036
187.923019
-151.207809
191.504852
-151.008789
191.023666
-146.083176
187.123734
-143.193909
185.156067
-146.361053
187.847931
-151.157928
191.483398
-150.987335
191.055847
-146.093918
187.173615
-143.175674
185.220428
-146.306885
187.933212
-151.091934
191.635208
-150.919205
191.281158
-146.015060
187.414474
-143.095734
185.460754
-146.243042
188.190170
-151.035080
191.946335
-150.865555
191.650223
-145.941025
187.786774
-142.976654
185.836273
-146.098206
188.611816
-150.912766
192.419495
-150.777588
192.127670
-145.833206
188.210022
-142.848434
186.137741
-145.948532
188.794205
-150.748611
192.519272
-150.619873
192.177567
-145.690506
188.184814
-142.687500
186.052460
-145.805847
188.693893
-150.622025
192.437195
-150.508835
192.101395
-145.604141
188.105423
-142.607574
185.962875
-145.729126
188.636490
-150.576950
192.435059
-150.479324
192.130356
-145.558548
188.155304
-142.514236
186.019196
-145.596100
188.735199
-150.436951
192.603500
-150.336090
192.341171
-145.399750
188.329651
-142.355453
186.138290
-145.413162
188.796890
-150.255096
192.652313
-150.178909
192.359955
-145.262421
188.264206
-142.192368
185.997208
-145.239365
188.634354
-150.114548
192.480652
-150.064117
192.192581
-145.134750
188.136002
-142.065231
185.940872
-145.102570
188.682098
-149.987411
192.610474
-149.965942
192.351364
-145.038193
188.228806
-141.932190
185.978424
-145.004929
188.721786
-149.918198
192.749939
-149.957901
192.675919
-145.093445
188.783478
-142.030365
186.733734
-145.139587
189.752289
-150.083435
193.961227
-150.071091
193.704819
-145.095062
189.405212
-141.923615
187.044876
-144.982407
189.905716
-149.920349
194.014877
-149.941803
193.693008
-144.945923
189.324753
-141.773941
186.952606
-144.838638
189.897675
-149.809845
194.120560
-149.818420
193.817459
-144.814499
189.406296
-141.625351
187.029312
-144.664291
190.000671
-149.635498
194.058868
-149.660172
193.597519
-144.651962
189.111252
-141.431152
186.724609
-144.454544
189.572052
-149.434875
193.818008
-149.487442
193.425858
-144.480301
188.835510
-141.249847
186.442444
-144.265717
189.568298
-149.257843
193.599136
-149.323288
192.556290
-144.339752
187.574341
-141.098022
185.577698
-144.132675
189.894455
-149.155380
194.718155
-149.241745
192.371750
-144.271622
185.613647
-141.019714
184.264496
-144.020035
189.141281
-149.040054
193.249374
-149.144653
192.347076
-144.155212
187.750290
-140.866821
185.455933
-143.836563
188.439621
-148.848007
192.679672
-148.970306
192.410919
-143.993744
187.920349
-140.706970
185.363129
-143.647736
188.169785
-148.661316
192.389450
-148.808304
192.162537
-143.839783
187.667679
-140.528870
185.069687
-143.470169
187.879044
-148.501999
192.105148
-148.665619
191.761261
-143.723373
186.988541
-140.399048
184.631424
-143.338211
187.960571
-148.378082
191.957077
-148.578705
190.938370
-143.615555
186.139359
-140.272980
184.068695
-143.194977
187.742783
-148.245041
191.893768
-148.469818
190.717346
-143.547958
185.701080
-140.198959
183.756485
-143.105927
187.465439
-148.166183
191.587997
-148.382904
190.283371
-143.461594
184.945770
-140.116348
182.833801
-142.982010
187.060959
-148.025635
191.566010
-148.283661
189.484070
-143.346786
179.714401
-139.983307
171.905411
-142.838242
177.545563
-147.900650
184.208710
-148.161896
182.486725
-143.237366
175.718979
-139.878159
174.485153
-142.744370
179.026672
-147.800873
183.498993
-148.100204
183.138504
-143.193375
178.867355
-139.800369
176.741974
-142.661758
179.876938
-147.758484
184.538620
-148.080353
184.667358
-143.179428
180.447708
-139.779999
178.129211
-142.633865
182.120331
-147.726303
191.767700
-148.050308
194.790039
-143.139725
185.402283
-139.699524
175.563400
-142.509949
179.226227
-147.603989
186.812592
-147.947311
186.552948
-143.054962
182.219574
-139.609406
179.986374
-142.407486
183.002777
-147.506897
187.597946
-147.885086
187.809296
-142.993820
183.630417
-139.547714
181.236816
-142.324341
184.450638
-147.406052
193.230591
-147.781021
197.727585
-142.894043
193.510086
-139.405014
190.720566
-142.157501
193.322327
-147.253693
197.582214
-147.658173
197.510864
-142.776550
193.050354
-139.273590
190.244217
-142.024460
192.827194
-147.133530
197.092438
-147.575562
197.031830
-142.722916
192.602417
-139.234436
189.795212
-141.983154
192.400192
-147.100815
196.691177
-147.538544
196.661148
-142.688583
192.256424
-139.169525
189.468521
-141.894104
192.066513
-147.017670
196.377365
-147.484375
196.374146
-142.643524
191.966721
-139.106750
189.143433
-141.806671
191.734985
-146.910370
196.044769
-147.389420
196.072662
-142.544281
191.656662
-138.984985
188.840881
-141.667725
191.417938
-146.800949
195.740616
-147.288574
195.781921
-142.450394
191.403458
-138.901306
188.580704
-141.572784
191.141678
-146.711899
195.476685
-147.215607
195.543198
-142.368866
191.178162
-138.783279
188.341446
-141.433304
190.892776
-146.548279
195.207916
-147.055756
195.269608
-142.211151
190.882584
-138.590164
188.010468
-141.211212
190.518326
-146.343353
194.798080
-146.863708
194.858154
-142.107071
190.436798
-138.536514
187.481003
-141.159180
190.007111
-146.344971
194.438126
-146.963486
194.610855
-142.207397
190.271027
-138.649704
187.413406
-141.298660
189.912155
-146.506439
194.268082
-147.139969
194.400040
-142.366180
190.096695
-138.785431
187.227264
-141.416672
189.725479
-146.618011
194.090515
-147.281052
194.243942
-142.517990
189.882645
-138.890564
186.944016
-141.476227
189.419693
-146.674347
193.811569
-147.343826
192.944672
-142.594696
188.267960
-138.981766
186.666687
-141.593704
191.343384
-146.837418
198.976959
-147.556259
198.255447
-142.856491
187.165573
-139.308990
174.343002
-141.963303
177.097626
-147.214539
185.493484
-147.953751
185.703766
-143.236282
176.931870
-139.601364
170.855057
-142.159653
175.706100
-147.354553
184.348175
-148.055679
184.680237
-143.294754
175.894394
-139.604568
169.777878
-142.134430
174.702423
-147.304123
183.559616
-147.969849
184.090149
-143.185867
175.315033
-139.451691
169.093918
-141.904297
173.783493
-147.050385
182.364410
-147.750977
182.517838
-142.974503
173.425690
-139.247299
166.932053
-141.720840
171.401154
-146.881409
179.791107
-147.599167
180.432159
-142.835022
176.791855
-139.102997
174.076935
-141.567413
178.294434
-146.705994
186.292252
-147.404968
186.070160
-142.640839
176.832092
-138.888428
170.229568
-141.312607
174.645020
-146.449570
183.004929
-147.153381
183.224869
-142.371002
174.826340
-138.576752
172.109253
-140.998245
182.346710
-146.155609
198.054276
-146.888916
201.224121
-142.130142
193.490768
-138.311752
189.221222
-140.695694
194.987976
-145.854126
203.518478
-146.616943
203.452499
-141.871582
194.410233
-138.063919
188.007782
-140.461273
192.427002
-145.636322
200.693039
-146.407196
200.790131
-141.668808
192.048813
-137.864365
186.014908
-140.223099
190.738815
-145.392776
199.152908
-146.218903
199.399673
-141.504120
190.643326
-137.689484
184.431320
-140.065384
188.952454
-145.253311
197.189545
-146.078888
197.462585
-141.374832
189.771072
-137.548935
185.624374
-139.918396
191.781647
-145.121872
200.537476
-145.981262
200.814270
-141.300797
193.384552
-137.459351
189.679871
-139.803055
195.399963
-145.006546
203.190720
-145.897034
202.498703
-141.227310
193.982697
-137.386383
189.096756
-139.732788
194.622665
-144.960953
202.749222
-145.864319
202.259445
-141.202103
193.799759
-137.348831
189.104813
-139.656616
194.728348
-144.885849
202.692352
-145.812286
202.087250
-141.157578
193.531006
-137.293579
188.601624
-139.593307
194.183319
-144.805374
202.310410
-145.744156
201.854431
-141.099106
193.483795
-137.230820
188.631134
-139.520889
194.114120
-144.724380
202.141434
-145.656174
201.516479
-141.006302
192.928574
-137.117630
187.614029
-139.369614
193.183395
-144.582748
201.763779
-145.533859
201.874817
-140.900085
192.976868
-136.990494
186.832977
-139.234970
191.568146
-144.457764
199.881409
-145.418533
200.110458
-140.774017
191.196930
-136.820450
188.569443
-139.016632
195.575928
-144.225479
200.707520
-145.205032
201.228409
-140.570709
196.993744
-136.642883
193.807816
-138.870728
196.034576
-144.106400
200.516556
-145.101501
201.039581
-140.463959
196.820465
-136.528076
193.636688
-138.732315
195.873642
-143.949753
200.369568
-144.972214
200.855042
-140.357742
196.582825
-136.419724
193.441956
-138.617523
195.678375
-143.847824
200.190933
-144.869217
200.649048
-140.262253
196.378967
-136.318329
193.264389
-138.493073
195.573776
-143.725525
200.062714
-144.780701
200.477921
-140.191437
196.258804
-136.230362
193.202164
-138.376129
195.396744
-143.596237
199.833664
-144.666443
200.345963
-140.088989
196.168152
-136.121460
192.990265
-138.289749
195.141403
-143.536163
199.613190
-144.630493
200.222046
-140.061630
195.992737
-136.080154
192.726883
-138.214661
194.838852
-143.465347
199.311172
-144.580078
199.918961
-139.999390
195.726120
-136.020615
192.461884
-138.140091
194.581894
-143.375763
199.103027
-144.501755
199.754272
-139.953262
195.564651
-135.955704
192.305237
-138.044601
194.416672
-143.282959
198.921707
-144.441666
199.585281
-139.893723
195.423035
-135.882202
192.150742
-137.966278
194.266998
-143.204102
198.791351
-144.394470
199.460831
-139.864212
195.282486
-135.836075
191.990326
-137.907272
194.096954
-143.152069
198.602524
-144.335449
199.298828
-139.802521
195.118866
-135.760437
191.810623
-137.832703
193.888809
-143.082870
198.433548
-144.263565
199.148621
-139.742447
194.976715
-135.690689
191.669540
-137.726486
193.745041
-142.965378
198.262955
-144.180954
198.985016
-139.673782
194.824371
-135.620956
191.502701
-137.634766
193.571777
-142.887604
198.105774
-144.147705
198.840698
-139.648026
194.681137
-135.560883
191.333725
-137.582184
193.389923
-142.837708
197.922318
-144.076355
198.671722
-139.583649
194.530930
-135.479340
191.172256
-137.468994
193.183395
-142.726135
197.691116
-143.989990
198.445343
-139.511230
194.306168
-135.397263
190.929779
-137.357422
192.916779
-142.611328
197.456146
-143.891281
198.224869
-139.419510
194.087296
-135.308212
190.698044
-137.267303
192.686646
-142.529251
197.239960
-143.800629
198.037109
-139.330994
193.897934
-135.212189
190.497940
-137.158936
192.488693
-142.429474
197.028076
-143.737854
197.835953
-139.266083
193.711792
-135.132263
190.312881
-137.053253
192.295044
-142.307709
196.847290
-143.636475
197.659454
-139.172195
193.538513
-135.022293
190.110641
-136.951874
192.059540
-142.232071
196.622513
-143.555466
197.467407
-139.101395
193.348083
-134.960068
189.907867
-136.853699
191.838516
-142.115128
196.389709
-143.462662
197.228699
-139.021469
193.123306
-134.860825
189.684158
-136.760895
191.605164
-142.030899
196.176193
-143.409027
197.028076
-138.982834
192.931259
-134.800201
189.495880
-136.672379
191.412048
-141.941315
195.966980
-143.334457
196.837631
-138.911499
192.434525
-134.726715
184.233383
-136.564560
182.540375
-141.838852
187.329727
-143.252380
188.553345
-138.847656
184.781082
-134.643555
181.648270
-136.466385
183.880936
-141.735321
188.787231
-143.149384
190.017838
-138.719452
186.242355
-134.509995
183.070374
-136.337112
185.267639
-141.613007
190.168030
-143.041565
191.408295
-138.625565
187.634964
-134.408600
184.486038
-136.224457
186.704239
-141.492310
191.622330
-142.944992
192.870651
-138.564957
189.087112
-134.344757
185.910828
-136.160614
188.102737
-141.444565
193.042313
-142.900467
194.334595
-138.517746
190.559097
-134.300781
187.349030
-136.076935
189.518936
-141.364639
194.460129
-142.841995
195.780838
-138.455521
191.990860
-134.231567
188.757187
-136.015778
190.940506
-141.315292
198.667969
-142.820541
205.408356
-138.453903
201.975128
-134.199921
198.397598
-135.950867
200.220428
-141.249313
204.820953
-142.756165
205.814453
-138.382553
201.723007
-134.117844
198.149765
-135.852707
199.980652
-141.117874
204.585999
-142.638687
205.597733
-138.291367
201.481079
-134.017532
197.879395
-135.755066
199.680771
-141.039551
204.288269
-142.567337
205.297852
-138.199097
201.210709
-133.902206
197.635315
-135.632217
199.424347
-140.909195
204.044724
-142.442886
205.062897
-138.093414
200.999344
-133.814758
197.410553
-135.536743
199.199051
-140.827667
203.841949
-142.393539
204.898743
-138.047287
200.848602
-133.735367
197.245331
-135.430527
199.021484
-140.743973
203.661179
-142.317368
204.729767
-137.994720
200.680161
-133.681717
197.070984
-135.347916
198.843918
-140.639374
203.473953
-142.243866
204.532883
-137.917465
200.489197
-133.602325
196.872498
-135.276031
198.617554
-140.577148
203.241135
-142.183258
204.326355
-137.858459
200.294998
-133.538498
196.663818
-135.189117
198.410477
-140.472000
203.050705
-142.092590
204.151474
-137.798904
200.128708
-133.462860
196.490555
-135.095779
198.224869
-140.377045
202.871536
-142.008377
203.987335
-137.728104
199.969376
-133.392044
196.318893
-134.996536
198.044632
-140.275131
202.695572
-141.911270
203.807083
-137.636902
199.781631
-133.292801
196.145081
-134.896759
197.866531
-140.178574
202.514801
-141.855484
203.648834
-137.586487
199.626587
-133.220383
195.964310
-134.811462
197.655701
-140.114197
202.306656
-141.786819
203.460007
-137.531235
199.459229
-133.188736
195.807129
-134.755676
197.493698
-140.049286
202.126953
-141.744446
203.294250
-137.494217
199.314926
-133.124359
195.636536
-134.687546
197.296295
-139.958633
201.922562
-141.653778
203.089859
-137.410522
199.112152
-133.021896
195.447708
-134.584549
197.085464
-139.866898
201.688675
-141.577606
202.867767
-137.353134
198.908829
-132.972549
195.241180
-134.499802
196.878937
-139.800369
201.502533
-141.533081
202.723465
-137.303238
198.769897
-132.910324
195.104385
-134.422012
196.721222
-139.703278
201.333008
-141.444031
202.534103
-137.250137
198.590729
-132.844879
194.929504
-134.339935
196.549561
-139.614761
201.157593
-141.367859
202.382294
-137.167526
198.465729
-132.764404
194.795929
-134.239624
196.399902
-139.500504
201.006851
-141.284714
202.244431
-137.102081
198.336990
-132.680725
194.658066
-134.142532
196.253448
-139.416290
200.862549
-141.204239
202.100128
-137.012482
198.184097
-132.585236
194.491241
-134.047577
196.047989
-139.316513
200.663528
-141.110367
201.932755
-136.929871
198.049454
-132.493500
194.356583
-133.914536
195.908508
-139.177567
200.499924
-141.005768
201.767532
-136.841370
197.887985
-132.415726
194.177948
-133.846939
195.704132
-139.124466
200.301437
-140.967133
201.620010
-136.819901
197.756561
-132.359924
194.056183
-133.741272
195.607574
-139.016632
200.216141
-140.875946
201.551346
-136.726563
197.726517
-132.259613
194.053497
-133.631836
195.616150
-138.909882
200.256912
-140.791718
201.646835
-136.668091
197.831116
-132.190414
194.157028
-133.563705
195.734177
-138.834778
200.429642
-140.697845
201.853897
-136.584946
198.093445
-132.111557
194.444031
-133.468750
195.998642
-138.731247
200.650665
-140.614151
202.041656
-136.514130
198.249542
-132.030014
194.554001
-133.371658
196.079636
-138.633621
200.722000
-140.540131
202.100128
-136.427231
198.149231
-131.937744
190.342377
-133.263290
187.457932
-138.546173
192.099243
-140.473068
193.755234
-136.380554
190.213638
-131.879807
186.705841
-133.197845
188.370422
-138.471603
193.182861
-140.427475
194.748734
-136.351059
191.090179
-131.858353
187.438080
-133.160843
189.111786
-138.421188
193.881302
-140.376511
195.369385
-136.310287
191.688309
-131.794525
188.045334
-133.080902
189.598328
-138.351990
194.329773
-140.294983
195.919250
-136.237869
192.358337
-131.720490
188.821030
-132.992386
190.479706
-138.261322
195.335052
-140.239716
197.038803
-136.192276
193.569626
-131.656647
190.132629
-132.919968
191.841202
-138.200714
196.741074
-140.207535
198.473785
-136.172424
195.011047
-131.649139
191.553665
-132.880280
193.262253
-138.157791
198.154602
-140.161942
199.918411
-136.120392
196.490021
-131.569748
193.038010
-132.805710
194.737457
-138.078400
200.610428
-140.100250
208.144745
-136.081757
206.607315
-131.552048
202.796432
-132.763336
204.127869
-138.029587
208.669922
-140.065918
210.115646
-136.044754
206.375565
-131.496262
202.567368
-132.701111
203.885941
-137.949112
208.440872
-140.008514
209.896240
-136.031342
206.153473
-131.468369
202.350113
-132.662476
203.657410
-137.928192
208.218781
-139.975800
209.696136
-135.991638
205.966263
-131.426514
202.152161
-132.559479
203.462692
-137.806961
208.037994
-139.891037
209.534668
-135.920288
205.824646
-131.340683
202.020737
-132.485458
203.328049
-137.746338
207.869019
-139.839539
209.386612
-135.870407
205.671219
-131.299377
201.831375
-132.429123
203.110245
-137.684113
207.663025
-139.806808
209.172577
-135.847870
205.457718
-131.248962
201.616257
-132.344376
202.902100
-137.581116
207.443619
-139.700058
208.956390
-135.731461
205.258698
-131.120743
201.422607
-132.229568
202.667145
-137.486710
207.210800
-139.625504
208.728943
-135.680496
205.031250
-131.065491
201.175293
-132.175934
202.406433
-137.429840
206.957077
-139.558441
208.507919
-135.632767
204.829010
-131.002197
200.980042
-132.069183
202.219223
-137.317719
206.763412
-139.486023
208.326065
-135.558197
204.652512
-130.931381
200.786377
-131.981201
202.011612
-137.224915
206.579422
-139.402878
208.179077
-135.484161
204.493729
-130.852524
200.612579
-131.895370
201.830292
-137.123001
206.373962
-139.298798
207.955933
-135.387070
204.314026
-130.746841
200.432861
-131.761261
201.621613
-136.993179
206.155090
-139.199020
207.751541
-135.280319
204.115005
-130.606308
200.223648
-131.630371
201.416168
-136.856384
205.948029
-139.044525
207.557343
-135.155319
203.920807
-130.479706
200.014984
-131.474792
201.171005
-136.696518
205.720032
-138.917389
207.344925
-135.045898
203.703018
-130.367050
199.794495
-131.356781
200.948929
-136.597824
205.504929
-138.831558
207.157700
-134.969177
203.549057
-130.310715
199.666290
-131.278458
200.824997
-136.510376
205.373489
-138.758072
207.020370
-134.918213
203.417084
-130.254929
199.524139
-131.205505
200.671051
-136.450302
205.220078
-138.727493
206.877670
-134.883347
203.276550
-130.192169
199.366425
-131.138992
200.501526
-136.377335
205.049484
-138.666870
206.721573
-134.842041
203.112930
-130.128326
199.191010
-131.051544
200.300369
-136.279709
204.849396
-138.571396
206.541870
-134.752991
202.959503
-130.049469
199.023102
-130.958206
200.102951
-136.183685
204.641785
-138.481796
206.347672
-134.678436
202.771210
-129.950775
198.831589
-130.820343
199.902328
-136.051727
204.443298
-138.370224
206.154022
-134.578659
202.599014
-129.845093
198.665833
-130.714127
199.721008
-135.939072
204.253937
-138.271515
205.987717
-134.478333
202.437546
-129.756577
198.471100
-130.598785
199.524673
-135.815689
204.068863
-138.165833
205.792450
-134.395187
202.087784
-129.658951
194.060471
-130.500092
190.775818
-135.741119
195.412842
-138.122391
197.489410
-134.351196
194.276123
-129.614960
190.650299
-130.452347
192.015015
-135.671921
196.885376
-138.057480
198.959793
-134.296478
195.765289
-129.546295
192.121231
-130.362762
193.474136
-135.596817
198.323578
-137.993103
200.408722
-134.258926
197.222794
-129.508743
193.572311
-130.318771
194.915558
-135.554443
199.797714
-137.972717
201.917740
-134.249817
198.725906
-129.500153
195.068451
-130.293549
196.383804
-135.522247
201.262207
-137.955017
203.392944
-134.235870
200.233307
-129.477631
196.581757
-130.251175
197.883698
-135.485245
202.756195
-137.925507
204.891769
-134.194016
201.719254
-129.424515
198.061798
-130.178757
199.364807
-135.379028
206.465149
-137.829483
214.313293
-134.131256
211.790405
-129.366043
207.784805
-130.112778
208.734833
-135.296951
213.268845
-137.764572
215.087387
-134.076004
211.612305
-129.292023
207.600266
-130.020508
208.544403
-135.219696
213.086456
-137.686798
214.931808
-134.005203
211.451385
-129.227112
207.448456
-129.936279
208.367920
-135.139771
212.892258
-137.620270
214.754791
-133.946182
211.294739
-129.162735
207.285904
-129.859573
208.196259
-135.044281
212.722748
-137.551605
214.582062
-133.900055
211.129517
-129.100510
207.112640
-129.771057
208.032104
-134.961136
212.555374
-137.480804
214.426483
-133.834610
210.993790
-129.032913
206.965652
-129.694351
207.866333
-134.884964
212.381577
-137.406235
214.273071
-133.764877
210.854858
-128.960495
206.797745
-129.616028
207.690918
-134.784653
212.220108
-137.311279
214.117493
-133.688156
210.701965
-128.877884
206.660416
-129.499084
207.532135
-134.678436
212.047363
-137.241013
213.937256
-133.629150
210.514755
-128.793671
206.465683
-129.395020
207.327209
-134.575439
211.842987
-137.130508
213.773102
-133.530975
210.372055
-128.712662
206.312271
-129.312943
207.165741
-134.486389
211.672928
-137.067200
213.622360
-133.479477
210.236343
-128.641846
206.164215
-129.226578
207.009109
-134.401093
211.515747
-136.987808
213.471619
-133.428528
210.086136
-128.595718
206.014008
-129.170776
206.854614
-134.356567
211.371445
-136.984055
213.343948
-133.416718
209.978851
-128.566742
205.877747
-129.133224
206.678650
-134.327057
211.209976
-136.937927
213.206085
-133.369507
209.842056
-128.495407
205.745255
-129.049011
206.539185
-134.220306
211.067825
-136.852631
213.063385
-133.303528
209.707947
-128.439606
205.599869
-128.981949
206.362152
-134.153793
210.869873
-136.788788
212.864899
-133.263840
209.507309
-128.389191
205.419632
-128.892899
206.178696
-134.046509
210.685333
-136.679352
212.688950
-133.138306
209.313126
-128.263123
205.198074
-128.762009
205.926559
-133.902206
210.410675
-136.564026
212.411606
-133.069107
209.072266
-128.199280
204.958282
-128.649902
205.677124
-133.797058
210.145676
-136.489990
212.150360
-132.997223
208.844269
-128.107025
204.749069
-128.568893
205.455566
-133.707474
209.924133
-136.373047
211.942230
-132.885635
208.637741
-127.999733
204.525909
-128.447128
205.228653
-133.580338
209.686493
-136.280777
211.711548
-132.811615
208.424240
-127.913361
204.333328
-128.324814
205.025345
-133.463394
209.486389
-136.177780
211.511993
-132.716660
208.218246
-127.837723
204.112854
-128.238449
204.776978
-133.351807
209.208511
-136.096252
211.236801
-132.636200
207.974167
-127.748138
203.889160
-128.155304
204.564011
-133.262222
209.040604
-135.992706
211.111282
-132.549835
207.835754
-127.652115
203.689606
-128.049622
204.324753
-133.151184
208.771317
-135.891327
210.858612
-132.467224
207.585251
-127.558777
203.463760
-127.944473
204.118225
-133.058380
208.555130
-135.822662
210.641891
-132.409286
207.416794
-127.503525
203.314636
-127.880104
203.951385
-132.987030
208.397415
-135.764191
210.520660
-132.382996
207.303619
-127.476700
203.185349
-127.824310
203.794205
-132.921585
208.223602
-135.722885
210.310898
-132.337936
207.010178
-127.424126
199.185104
-127.751892
195.111359
-132.865250
199.542374
-135.680496
201.987473
-132.326126
199.136826
-127.408035
195.361343
-127.733116
196.297440
-132.829315
201.035294
-135.630081
203.487366
-132.260681
200.632965
-127.344734
196.813492
-127.655334
197.723831
-132.736511
202.486359
-135.585022
204.956680
-132.242981
202.094757
-127.298599
198.277985
-127.585060
199.176514
-132.665695
203.949783
-135.508835
206.425461
-132.185593
203.582321
-127.236908
199.751053
-127.496544
200.656021
-132.578796
205.436798
-135.445007
207.916763
-132.124435
205.061279
-127.177902
201.228409
-127.452026
202.115143
-132.547684
206.899139
-135.414963
209.407532
-132.099213
206.567078
-127.138206
202.700409
-127.377457
203.572128
-132.469894
210.102768
-135.351669
218.496475
-132.047714
216.620529
-127.092072
212.429306
-127.327034
212.940536
-132.404984
217.363510
-135.290512
219.547897
-131.998367
216.380737
-127.029846
212.183090
-127.228325
212.690567
-132.304138
217.121567
-135.210037
219.323669
-131.938828
216.183334
-126.976196
211.999084
-127.179512
212.482956
-132.244064
216.923080
-135.150497
219.131622
-131.893219
215.981094
-126.911827
211.784515
-127.099579
212.271606
-132.169495
216.716019
-135.085587
218.952988
-131.849777
215.818558
-126.878029
211.594604
-127.032524
212.073654
-132.102432
216.523438
-135.044815
218.755569
-131.798279
215.632950
-126.829216
211.427780
-126.960640
211.894485
-132.037521
216.350708
-135.001907
218.616638
-131.752136
215.511169
-126.771278
211.307083
-126.907532
211.762512
-131.974762
216.203186
-134.952011
218.481445
-131.717270
215.388855
-126.726753
211.187454
-126.847992
211.634308
-131.914688
216.062637
-134.889252
218.365036
-131.675964
215.268707
-126.681694
211.042618
-126.788979
211.478745
-131.857819
215.906525
-134.852234
218.214844
-131.649673
215.138351
-126.651115
210.907959
-126.721390
211.331757
-131.758041
215.767593
-134.768021
218.084488
-131.580475
214.995117
-126.557777
210.754547
-126.607124
211.153656
-131.645920
215.598068
-134.666092
217.918716
-131.502701
214.845978
-126.490181
210.597366
-126.531487
210.995941
-131.555801
215.417831
-134.576508
217.750275
-131.415253
214.695786
-126.405960
210.442337
-126.436539
210.837692
-131.456558
215.264938
-134.514282
217.601685
-131.366974
214.557373
-126.331932
210.306610
-126.364655
210.674072
-131.383072
215.073975
-134.438644
217.435928
-131.300461
214.396988
-126.268631
210.121536
-126.253609
210.480423
-131.274170
214.901230
-134.344223
217.250320
-131.207657
214.221024
-126.169388
209.953629
-126.158127
210.290527
-131.170639
214.696320
-134.210648
217.064713
-131.144348
214.060638
-126.114136
209.791092
-126.094292
210.124222
-131.082657
214.550934
-134.114090
216.913437
-131.104111
213.895416
-126.059418
209.613525
-126.017044
209.924133
-131.004883
214.331543
-133.958527
216.735870
-131.037598
213.737152
-126.025627
209.447769
-125.965546
209.744415
-130.924408
214.152359
-133.848557
216.562592
-130.974838
213.578369
-125.981636
209.284698
-125.912971
209.587784
-130.860580
213.999481
-133.819580
216.405960
-130.945862
213.415298
-125.941940
209.119461
-125.864693
209.421478
-130.806931
213.828354
-133.743942
216.246094
-130.920654
213.261337
-125.927452
208.954239
-125.834114
209.218170
-130.767776
213.627182
-133.695129
216.059952
-130.899200
213.071442
-125.905998
208.764343
-125.793884
209.022903
-130.717880
213.430847
-133.600189
215.886688
-130.880417
212.911041
-125.932816
208.608780
-125.792274
208.848572
-130.697495
213.243103
-133.591599
215.696243
-130.865402
212.736694
-125.881859
208.439255
-125.732193
208.657593
-130.610062
213.038177
-133.456421
215.488647
-130.786545
212.559128
-125.822845
208.239700
-125.642067
208.442474
-130.515640
212.826279
-133.404922
215.290161
-130.725922
212.375671
-125.767059
208.044968
-125.594864
208.241318
-130.450195
212.610626
-133.242905
215.103470
-130.692673
212.179337
-125.747208
204.898743
-125.545509
199.808441
-130.377777
203.902573
-133.151718
206.726395
-130.654587
204.168640
-125.722534
200.173233
-125.496155
200.658173
-130.310715
205.356323
-133.036911
208.204834
-130.590744
205.646011
-125.696785
201.635025
-125.484894
202.133926
-130.284973
206.841736
-132.985413
209.690781
-130.596649
207.135712
-125.706978
203.119370
-125.459679
203.603241
-130.239914
208.277786
-132.916214
211.144531
-130.542465
208.609848
-125.691956
204.574738
-125.433929
205.044662
-130.202896
209.737991
-132.870621
212.603653
-130.554260
210.077545
-125.708054
206.050476
-125.439827
206.504852
-130.157837
211.190140
-132.777817
214.071899
-130.498474
211.551163
-125.706978
207.516586
-125.448410
207.935547
-130.154617
213.585342
-132.795517
222.248886
-130.563385
221.628220
-125.753113
217.271240
-125.432854
217.360825
-130.165344
221.723175
-132.799805
224.280380
-130.536560
221.413635
-125.705368
217.028229
-125.388870
217.104401
-130.118668
221.425980
-132.781570
223.990707
-130.507599
221.139526
-125.679619
216.761078
-125.344345
216.813660
-130.054306
221.159897
-132.713974
223.756287
-130.448593
220.912064
-125.636703
216.492325
-125.293381
216.492859
-129.976517
220.791901
-132.606689
223.048721
-130.221664
219.584381
-125.303574
214.954346
-125.007996
215.129761
-129.805923
219.707214
-132.532669
222.457016
-130.302139
219.672348
-125.469872
215.239197
-125.119034
215.299820
-129.851532
219.723846
-132.567535
222.382996
-130.338074
219.579010
-125.520294
215.148529
-125.148003
215.173218
-129.862793
219.565063
-132.573425
222.232788
-130.339691
219.416473
-125.543900
214.972580
-125.165710
214.991364
-129.874588
219.393936
-132.601868
222.083649
-130.420685
219.268951
-125.633484
214.819702
-125.222572
214.835785
-129.911072
219.244812
-132.650681
221.955444
-130.474335
219.170776
-125.719849
214.747284
-125.333076
214.764984
-129.990463
219.158981
-132.743484
221.891617
-130.584305
219.138062
-125.817482
214.659836
-125.399597
214.648575
-130.026413
219.057587
-132.729004
221.747314
-130.522614
218.926697
-125.700539
214.432388
-125.260124
214.372849
-129.891220
218.731964
-132.618500
221.449585
-130.445908
218.669205
-125.649582
214.159332
-125.210770
214.096573
-129.855286
218.507202
-132.580399
221.265579
-130.393326
218.488419
-125.623291
214.000549
-125.193069
213.961395
-129.835434
218.372009
-132.578262
221.150253
-130.419083
218.416000
-125.673721
213.943146
-125.210236
213.895416
-129.812363
218.296371
-132.583618
221.120743
-130.452347
218.508270
-125.762764
214.285934
-125.395302
214.679688
-129.957748
219.093536
-132.692520
221.700638
-130.521545
218.857498
-125.780472
214.280579
-125.262802
214.062241
-129.795197
218.335541
-132.558945
221.071930
-130.447510
218.362900
-125.698395
213.868057
-125.178581
213.739304
-129.755508
218.063019
-132.535889
220.821411
-130.414261
218.127930
-125.696785
213.630936
-125.158737
213.465714
-129.708298
217.762085
-132.480087
220.505981
-130.373489
217.829666
-125.653870
213.357361
-125.126007
213.191589
-129.705078
217.458450
-132.508530
220.222733
-130.407288
217.576477
-125.689278
213.127762
-125.135132
212.944839
-129.682541
217.198288
-132.504227
219.960419
-130.387970
217.330780
-125.698395
212.883682
-125.143173
212.693787
-129.686844
216.947769
-132.513885
219.732971
-130.434647
217.110306
-125.734337
212.649261
-125.139420
212.452911
-129.634262
216.728897
-132.446289
219.521072
-130.386902
216.882858
-125.729507
209.460114
-125.157127
203.978210
-129.664841
207.983826
-132.502625
211.156342
-130.461456
208.919373
-125.790665
204.805939
-125.193604
204.916443
-129.679871
209.503021
-132.514954
212.677155
-130.446442
210.432144
-125.805145
206.290802
-125.192528
206.387375
-129.650894
211.001846
-132.511200
214.211914
-130.447510
211.954559
-125.814804
207.783188
-125.194138
207.865265
-129.643921
212.483490
-132.516571
215.728424
-130.445908
213.481277
-125.810509
209.295425
-125.180725
209.352814
-129.632660
213.977478
-132.535889
217.200424
-130.472733
214.968826
-125.805145
210.786728
-125.172142
210.827499
-129.603149
215.453232
-132.530518
218.714798
-130.480774
216.494476
-125.863083
212.291443
-125.208626
212.319336
-129.586517
217.998657
-132.554123
227.072571
-130.525833
226.559189
-125.890442
222.008560
-125.210236
221.703323
-129.604233
225.988419
-132.558411
228.900757
-130.508133
226.327454
-125.888832
221.776810
-125.199501
221.464066
-129.603149
225.735748
-132.563782
228.665802
-130.524231
226.099457
-125.942474
221.530579
-125.258514
221.201752
-129.610672
225.468597
-132.604553
228.401871
-130.575729
225.879517
-125.985924
221.322983
-125.287483
220.989853
-129.622467
225.250275
-132.609375
228.212509
-130.593430
225.683716
-126.021866
221.115372
-125.298744
220.776886
-129.635345
225.058228
-132.659256
228.009186
-130.647064
225.485229
-126.061569
220.904556
-125.327179
220.534409
-129.660019
224.802338
-132.690918
227.768860
-130.681946
225.259399
-126.125404
220.664764
-125.397987
220.277451
-129.698639
224.562012
-132.734909
227.551605
-130.738266
225.046967
-126.180122
220.481308
-125.439293
220.102036
-129.726532
224.373734
-132.772995
227.380478
-130.761871
224.886566
-126.206940
220.289795
-125.432320
219.891220
-129.720642
224.141449
-132.771912
227.147675
-130.753281
224.663406
-126.225716
220.070923
-125.452164
219.652496
-129.715805
223.900055
-132.777817
226.904663
-130.771530
224.430588
-126.218742
219.833817
-125.432320
219.398758
-129.682541
223.638260
-132.767624
226.639664
-130.797272
224.166656
-126.251999
219.573639
-125.450020
219.144485
-129.693283
223.379700
-132.786392
226.387527
-130.798889
223.945648
-126.292770
219.369797
-125.488106
218.910065
-129.709366
223.151169
-132.835754
226.187439
-130.886856
223.781494
-126.406494
219.220673
-125.594864
218.792053
-129.785004
223.034775
-132.964493
226.075851
-130.998978
223.664017
-126.514320
219.081192
-125.680695
218.616089
-129.828995
222.845947
-132.951630
225.866104
-130.986633
223.429596
-126.501450
218.828522
-125.667282
218.336075
-129.817200
222.524078
-132.943039
225.535126
-130.981812
223.118988
-126.486961
218.503983
-125.615784
217.983093
-129.741562
222.171097
-132.888321
225.197708
-130.955521
222.781570
-126.442436
218.163879
-125.563751
217.640305
-129.717422
221.826706
-132.876526
224.864029
-130.945328
222.472580
-126.453171
217.878494
-125.561066
217.339371
-129.697571
221.518250
-132.867935
224.557190
-130.978592
222.154465
-126.486961
217.572723
-125.571259
217.037888
-129.693283
221.231247
-132.871689
224.292725
-130.939972
221.923264
-126.492325
217.309326
-125.583595
216.775558
-129.695953
220.946930
-132.874908
224.008408
-130.978592
221.618027
-126.536850
214.223709
-125.631340
208.285294
-129.724396
212.122467
-132.912460
215.551407
-131.019897
213.565491
-126.557236
209.344772
-125.645287
209.119461
-129.744232
213.608948
-132.980591
217.046997
-131.101440
215.069687
-126.655403
210.834473
-125.722000
210.609161
-129.787689
215.095428
-133.020828
218.532410
-131.155075
216.584061
-126.710663
212.322021
-125.749359
212.073654
-129.804855
216.584061
-133.053009
220.040894
-131.177078
218.091461
-126.765915
213.841232
-125.811050
213.590179
-129.815582
218.076431
-133.080902
221.531128
-131.208191
219.575790
-126.812584
215.338440
-125.835190
215.087387
-129.787155
219.533951
-133.087875
222.982193
-131.238770
221.038132
-126.850670
216.797562
-125.875954
216.522369
-129.845093
221.961349
-133.142593
231.191895
-131.283829
231.140396
-126.889297
226.562943
-125.894196
225.946045
-129.819336
230.039093
-133.122208
233.106461
-131.299927
230.813705
-126.896805
226.214798
-125.897415
225.602722
-129.827927
229.722595
-133.153320
232.832870
-131.321915
230.576599
-126.929527
225.980911
-125.906532
225.332352
-129.822556
229.433441
-133.165665
232.539978
-131.363754
230.289063
-126.953667
225.686401
-125.922089
225.025497
-129.861176
229.116943
-133.206970
232.246552
-131.394333
229.998856
-126.995514
225.407455
-125.932281
224.731537
-129.842407
228.811707
-133.198929
231.930038
-131.402374
229.711319
-127.008919
225.122604
-125.948380
224.453659
-129.854202
228.546707
-133.212875
231.683289
-131.429733
229.467773
-127.034134
224.864029
-125.958031
224.165054
-129.842941
228.242538
-133.213943
231.387695
-131.447983
229.217789
-127.075439
224.626389
-125.999878
223.934921
-129.884247
228.012955
-133.256866
231.188141
-131.489822
229.000000
-127.107628
224.402695
-126.041718
223.714447
-129.938965
227.788712
-133.325531
230.953720
-131.557953
228.766647
-127.192383
224.183823
-126.087311
223.455338
-129.938965
227.524246
-133.316940
230.717682
-131.581558
228.550995
-127.221886
223.960129
-126.115211
223.225204
-129.976517
227.276413
-133.379166
230.462875
-131.623398
228.304230
-127.268021
223.704788
-126.155441
222.967712
-129.991531
227.007126
-133.445145
230.191971
-131.699570
228.039230
-127.314697
223.453186
-126.185486
222.693054
-130.018890
226.732468
-133.483780
229.913559
-131.763412
227.766190
-127.364586
223.167267
-126.201042
222.401230
-130.025864
226.437424
-133.506302
229.650711
-131.792374
227.516739
-127.398918
222.916214
-126.256294
222.137833
-130.050552
226.168655
-133.507370
229.393753
-131.788620
227.277481
-127.407501
222.675354
-126.249321
221.889999
-130.022110
225.922440
-133.475189
229.150742
-131.788086
227.023209
-127.432709
222.410889
-126.262192
221.619629
-130.027481
225.639191
-133.508453
228.875015
-131.817047
226.752304
-127.445587
222.138916
-126.254150
221.335861
-130.029083
225.357025
-133.527756
228.607330
-131.850311
226.533981
-127.475090
221.928619
-126.287407
221.106262
-130.046249
225.115082
-133.559952
228.363251
-131.895370
226.286148
-127.511566
220.075760
-126.311012
213.339661
-130.044647
216.247162
-133.555664
219.874054
-131.893753
218.180511
-127.534096
213.937256
-126.351242
213.414215
-130.091324
217.747604
-133.641495
221.405060
-132.012848
219.718491
-127.654259
215.454315
-126.442436
214.919479
-130.168564
219.228180
-133.738586
222.889923
-132.080444
221.224274
-127.717560
216.955276
-126.524513
216.408646
-130.248489
220.748993
-133.848022
224.400543
-132.233871
222.717194
-127.840408
218.438538
-126.613564
217.891907
-130.310715
222.194168
-133.976761
225.822662
-132.370117
224.148422
-127.983101
219.830597
-126.757866
219.215836
-130.407822
223.383987
-134.004654
226.625168
-132.376022
224.740646
-128.023865
220.530121
-126.843163
220.113312
-130.543533
225.144058
-134.278778
234.301651
-132.679642
235.264572
-128.264191
230.611465
-127.033600
229.683960
-130.649750
233.680450
-134.328674
236.995667
-132.689835
234.909973
-128.192307
229.902298
-126.920944
228.854630
-130.556946
233.008835
-134.253571
236.482285
-132.655502
234.552170
-128.245422
229.918930
-126.964394
228.993027
-130.571426
232.987366
-134.288971
236.355698
-132.690918
234.419678
-128.258835
229.771942
-126.999802
228.810638
-130.582703
232.789963
-134.306671
236.191010
-132.739197
234.286636
-128.333389
229.693085
