-36.502724
-50.603638
-49.035618
-33.943359
-27.499084
-36.333744
-50.497421
-48.880047
-33.920292
-27.347271
-36.099319
-50.307518
-48.635967
-33.712688
-27.365509
-36.140087
-50.643867
-48.916527
-33.977692
-27.705614
-36.221626
-50.826260
-48.943348
-33.693378
-27.418081
-35.865967
-50.533363
-48.814602
-33.752922
-27.622465
-35.909420
-50.588615
-48.807629
-33.667629
-27.566675
-35.967354
-50.759205
-48.965878
-33.851089
-27.842943
-36.030655
-50.663719
-49.006111
-33.631687
-27.712051
-35.993641
-50.523170
-48.991627
-33.688011
-27.766768
-36.053185
-50.574131
-49.105354
-33.712154
-27.790371
-36.100929
-50.210423
-48.917599
-33.680504
-27.761940
-36.184612
-50.389061
-49.115009
-33.708397
-27.582232
-36.061768
-50.255486
-49.230347
-33.721272
-27.469580
-35.929802
-50.205059
-49.316711
-33.794228
-27.434711
-36.108974
-50.425537
-49.430439
-33.928337
-27.470652
-36.228600
-50.606319
-49.562401
-33.937996
-27.366047
-36.331062
-50.648697
-49.497494
-33.953014
-27.277533
-36.151352
-50.592369
-49.322613
-33.938530
-27.317230
-36.333744
-50.500641
-48.636505
-33.410671
-26.963715
-35.588089
-49.528606
-47.837200
-32.555046
-25.743309
-34.325840
-48.785099
-47.203663
-31.868402
-25.109772
-33.597889
-47.976677
-46.600166
-31.695667
-24.970833
-33.519032
-48.044807
-46.680634
-31.688694
-25.210623
-33.816757
-48.479324
-46.872681
-31.708542
-25.499229
-33.998077
-48.709995
-47.317390
-32.150570
-25.850597
-34.268978
-48.956223
-47.506752
-32.205822
-25.952522
-34.347836
-48.853226
-47.430580
-32.174709
-25.905315
-34.318867
-48.738426
-47.132854
-32.016460
-25.898878
-34.207287
-48.707314
-47.235851
-32.092098
-25.924091
-34.293118
-48.794754
-47.431114
-32.269123
-25.969688
-34.435276
-48.873611
-47.452572
-32.260540
-25.697712
-34.393433
-49.209961
-47.501389
-31.586769
-24.931673
-33.197170
-47.225121
-45.300369
-30.061666
-23.811581
-32.353882
-46.728374
-45.141045
-29.957596
-23.678007
-32.171490
-46.456402
-44.829372
-29.711906
-23.531557
-32.064739
-46.428505
-45.144802
-30.349735
-24.391476
-32.892467
-47.141972
-45.499390
-30.178610
-24.121647
-32.759968
-47.046486
-45.332020
-30.034843
-24.012211
-32.575970
-46.692436
-44.666294
-29.265049
-23.510637
-32.298092
-46.429577
-44.712429
-29.452805
-23.590031
-32.389824
-46.525066
-44.681316
-29.459778
-23.542288
-32.396259
-46.594803
-44.855659
-29.601398
-23.802462
-32.607082
-46.548130
-44.758026
-29.546682
-23.667814
-32.515350
-46.608749
-44.920033
-29.646996
-23.700537
-32.567387
-46.495026
-44.856731
-29.762331
-23.785295
-32.558804
-46.738567
-45.080425
-30.054691
-23.878099
-32.505157
-46.607677
-44.778946
-29.861572
-23.782614
-32.419327
-46.601776
-44.611576
-29.776815
-23.721994
-32.215481
-46.563690
-44.732277
-29.906097
-23.922087
-32.331886
-46.598557
-44.632500
-29.707615
-23.767056
-32.412354
-46.693508
-44.643227
-29.682402
-23.705902
-32.038990
-46.373787
-44.438305
-29.377703
-23.644747
-32.207432
-46.543842
-44.729057
-29.784325
-23.993435
-32.289509
-46.613579
-44.877117
-29.722099
-23.866835
-32.222454
-46.308880
-44.597630
-29.557411
-23.756865
-32.231037
-46.122734
-44.625523
-29.601398
-23.618998
-32.152180
-46.295467
-44.804695
-29.624466
-23.797096
-32.419865
-46.269184
-44.796650
-29.817049
-24.038498
-32.614594
-46.587292
-45.116367
-30.013386
-23.843767
-32.427910
-46.287422
-44.750515
-29.875521
-23.534241
-32.010559
-46.205883
-44.626060
-29.650751
-23.595394
-32.042210
-46.081429
-44.503216
-29.670063
-23.593786
-32.247665
-46.348576
-44.757488
-29.993538
-23.793879
-32.305603
-46.446743
-44.727448
-29.754822
-23.731651
-32.195095
-46.164040
-44.388416
-29.702250
-23.612560
-32.108192
-46.307270
-44.553104
-29.668991
-23.656549
-32.182758
-46.416168
-44.809525
-30.087952
-24.087315
-32.529835
-46.879654
-45.057362
-30.158226
-23.908676
-32.183830
-46.442989
-44.522526
-29.716198
-23.589495
-31.858746
-46.203201
-44.405048
-29.534880
-23.574472
-31.431202
-45.278912
-43.284958
-28.004412
-21.942617
-30.056301
-44.093910
-42.014126
-26.931528
-21.016182
-29.073540
-43.184643
-41.226093
-26.071611
-20.388010
-28.570358
-42.625134
-40.683750
-25.583450
-19.809189
-28.040354
-42.435234
-40.979866
-25.736872
-19.955101
-28.296772
-42.638546
-41.690651
-26.851063
-21.172287
-29.321377
-42.974892
-40.976646
-25.228863
-19.194426
-27.307037
-41.057114
-39.485340
-23.899021
-17.732622
-25.835577
-39.384487
-37.735466
-22.052588
-15.784266
-24.122719
-37.673775
-36.151890
-20.878853
-14.738204
-23.164633
-36.640053
-35.205608
-20.184160
-13.880434
-22.395374
-36.022606
-34.691696
-19.829037
-13.438406
-22.066000
-35.912636
-34.602108
-20.097258
-14.083208
-23.032667
-37.010735
-35.801594
-21.364870
-15.099230
-23.811581
-37.716690
-36.073570
-21.501125
-15.042366
-23.610952
-37.798767
-36.687260
-22.848667
-16.996088
-26.026014
-40.934803
-39.701527
-25.600079
-19.979776
-29.163662
-44.156139
-42.712036
-28.551582
-22.560598
-30.962889
-45.335236
-43.289249
-28.738800
-22.737087
-30.859356
-45.334164
-43.319824
-28.663162
-22.697927
-30.778353
-45.422676
-43.518307
-28.701250
-22.777857
-30.783716
-45.493488
-43.809059
-28.929773
-23.161949
-30.982737
-45.498852
-43.851974
-28.698030
-22.953274
-30.776743
-45.264965
-43.774727
-28.666918
-23.024620
-31.033699
-45.383518
-43.995743
-28.673891
-22.810043
-30.806784
-45.005863
-43.915276
-28.607908
-22.722067
-30.807858
-44.881943
-43.861629
-28.615419
-22.609415
-30.776207
-44.811668
-43.877724
-28.618637
-22.983315
-31.554047
-45.348648
-44.671124
-29.753212
-23.671034
-32.262688
-46.249870
-45.382442
-30.274633
-23.819090
-32.455269
-46.322826
-45.615795
-30.576115
-23.997190
-32.584553
-46.275620
-45.322899
-30.463461
-23.721458
-32.431129
-46.201591
-45.088474
-30.417328
-23.620071
-32.274487
-46.346966
-45.247261
-30.630831
-23.733259
-32.428982
-46.581390
-45.251553
-30.994001
-23.872736
-32.331352
-46.762707
-45.182350
-30.850773
-23.918333
-32.316330
-46.876434
-45.124950
-30.808929
-23.892046
-32.078686
-46.925785
-44.998890
-30.214552
-23.522974
-31.415108
-45.760635
-43.485584
-28.610592
-21.577837
-29.235546
-44.446354
-43.465736
-29.432419
-23.083094
-30.899052
-46.068554
-44.407192
-29.686693
-23.537458
-31.065886
-46.190861
-44.911983
-30.108873
-23.982706
-31.158689
-45.285347
-43.429794
-27.977589
-21.700146
-29.653971
-45.011227
-44.310097
-29.383068
-23.353460
-30.699495
-45.328800
-44.668976
-29.472652
-22.670033
-30.403915
-45.687141
-45.196835
-29.282215
-22.658768
-30.650679
-45.770290
-45.310024
-29.495720
-22.428097
-30.136768
-45.546059
-45.390491
-29.697422
-22.921087
-31.271879
-46.130779
-45.797115
-30.038063
-23.061098
-31.382385
-46.118443
-45.876507
-30.115311
-22.992971
-31.405989
-46.061043
-45.586292
-29.606764
-22.551479
-31.308893
-46.036903
-45.629208
-30.173246
-22.751036
-31.581406
-46.459084
-45.819645
-30.418400
-22.954884
-31.611982
-46.550816
-45.872753
-30.587379
-22.886755
-31.474653
-46.442989
-45.579319
-30.197922
-22.651793
-31.352882
-46.382908
-44.996204
-29.991928
-22.748354
-31.369511
-46.545448
-45.389416
-30.275169
-22.766056
-31.201069
-46.527748
-45.293396
-30.260149
-22.793413
-31.077150
-46.576027
-45.370644
-30.221525
-22.888365
-31.233791
-46.848537
-45.545521
-30.433956
-23.151758
-31.079296
-46.665611
-45.464520
-30.205969
-23.105087
-30.940357
-46.731594
-45.670513
-30.215088
-23.174824
-31.101290
-46.928471
-45.579853
-29.750530
-23.003162
-30.928020
-46.733742
-45.774048
-30.042355
-23.357752
-31.078760
-46.786312
-45.985943
-30.285362
-23.696245
-31.425301
-46.827618
-46.094837
-30.053619
-23.456457
-31.337860
-46.590511
-45.755272
-29.684547
-23.135664
-31.298164
-46.158676
-45.284275
-29.372337
-22.842768
-31.265978
-46.052460
-45.382442
-29.440466
-22.951664
-31.510059
-46.116295
-45.496708
-29.609446
-22.829893
-31.402771
-45.985943
-45.232777
-29.330496
-22.504808
-31.377558
-45.902256
-44.450108
-28.497402
-21.255972
-29.545609
-43.780094
-42.440060
-26.556019
-19.127371
-27.545753
-41.690113
-40.229919
-24.513784
-16.940834
-25.534098
-39.923611
-38.235432
-22.694708
-15.163066
-23.385109
-37.885670
-36.384171
-20.811798
-13.330044
-21.825136
-36.526325
-34.782352
-19.412222
-12.133780
-20.456675
-35.316113
-33.838215
-18.642427
-11.482001
-19.927742
-34.928265
-33.361855
-18.156948
-11.079670
-19.438507
-34.663799
-33.063595
-17.691853
-10.957361
-19.248606
-34.414890
-32.813614
-17.346920
-10.528208
-18.764736
-34.040455
-32.499794
-17.038465
-10.344745
-18.281403
-33.460560
-32.071712
-16.425314
-9.813130
-17.904284
-33.159618
-31.877522
-16.216101
-9.798110
-17.805042
-33.056084
-31.653290
-15.988113
-9.572804
-17.519655
-32.610302
-31.421009
-15.713455
-9.293319
-17.448845
-32.595280
-31.483236
-16.022446
-9.671510
-17.869415
-32.831314
-31.818512
-16.115786
-9.702087
-17.906965
-32.484238
-31.652752
-15.909256
-9.441913
-17.852249
-32.549683
-31.688694
-16.015472
-9.520234
-17.923059
-32.556122
-31.999830
-16.349138
-9.719254
-18.573227
-33.033016
-32.375340
-16.766491
-9.990157
-18.825891
-33.303921
-32.351734
-16.749325
-9.688676
-18.500807
-32.777134
-31.721416
-16.443552
-9.517551
-18.497587
-32.895153
-31.728928
-16.418877
-9.474636
-18.541040
-33.083443
-31.745556
-16.818525
-9.813667
-18.761518
-33.404770
-31.886105
-16.957464
-9.941876
-18.711628
-33.477726
-31.718199
-16.808870
-9.983720
-18.573227
-33.324841
-31.557266
-16.874851
-10.062039
-18.392447
-33.364536
-31.334106
-16.451063
-9.960116
-18.044832
-33.060375
-31.386677
-16.607168
-10.135532
-18.098475
-33.151569
-31.276707
-16.294422
-10.162354
-18.156948
-33.241158
-31.666700
-16.654911
-10.548593
-18.213274
-33.155327
-31.870548
-16.633989
-10.469735
-18.068972
-32.932167
-31.629148
-16.215029
-10.175765
-17.930033
-32.663410
-31.711224
-16.527237
-10.479392
-18.198790
-32.888714
-31.922047
-16.480030
-10.332406
-18.352213
-32.655899
-31.983200
-16.779366
-10.568977
-18.666031
-32.943432
-32.103901
-16.723040
-10.400535
-18.800678
-32.869404
-31.949942
-16.628088
-10.126412
-18.464865
-32.405380
-31.608227
-16.475739
-9.934367
-18.613997
-32.717052
-31.775597
-16.593756
-9.868384
-18.613459
-32.776600
-31.816904
-16.916159
-10.238529
-18.782438
-32.953087
-31.820660
-17.185452
-10.639251
-19.292595
-33.521179
-32.062057
-17.269136
-10.379613
-18.726648
-33.160152
-31.646851
-16.792240
-9.956897
-18.478813
-33.109730
-31.494503
-17.010572
-10.285736
-18.536211
-33.173565
-31.461243
-16.932251
-10.328651
-18.441261
-33.225063
-31.409744
-16.747179
-10.273934
-18.264236
-33.053940
-31.352882
-16.558352
-10.237456
-18.110813
-33.110264
-31.676891
-16.911867
-10.639251
-18.491688
-33.326450
-31.816904
-16.867342
-10.726155
-18.429996
-33.270660
-31.985882
-16.823889
-10.629059
-18.463255
-33.306602
-32.019680
-16.762735
-10.725618
-18.480959
-33.011024
-31.757359
-16.529921
-10.510505
-18.376888
-32.883350
-31.853382
-16.560497
-10.486901
-18.541576
-33.171955
-32.257320
-17.043295
-10.867239
-18.992188
-33.291046
-32.228889
-16.998234
-10.686458
-18.949808
-33.330204
-32.271271
-17.231049
-10.828615
-19.128443
-33.351665
-32.211189
-17.250898
-10.787309
-19.156340
-33.222919
-32.116776
-17.260553
-10.741712
-19.241632
-33.414429
-32.253567
-17.350140
-10.713817
-19.171896
-33.398335
-32.183292
-17.320099
-10.754050
-19.208374
-33.405846
-32.241764
-17.455818
-10.665537
-19.020082
-33.343616
-31.976763
-16.949417
-10.167719
-18.595757
-32.968109
-31.510059
-16.754152
-10.249795
-18.560352
-33.162300
-31.908634
-17.179014
-10.518552
-18.732014
-33.367222
-31.953697
-17.271282
-10.876895
-19.046904
-33.625248
-32.126968
-17.387154
-10.945560
-19.116106
-33.742729
-32.242840
-17.433287
-10.988475
-18.936934
-33.476116
-32.117847
-17.523409
-11.049092
-18.962147
-33.569458
-32.124287
-17.410221
-11.147262
-18.942835
-33.640804
-32.222454
-17.519655
-11.317850
-19.156876
-33.710545
-32.115166
-17.238024
-10.939658
-18.722357
-33.500259
-32.035236
-17.185987
-11.135460
-18.878998
-33.571606
-32.277172
-17.380716
-11.344672
-19.156876
-33.819977
-32.658581
-17.681660
-11.586608
-19.477667
-34.000221
-32.649460
-17.443480
-11.382223
-19.250216
-33.652073
-32.549145
-17.433287
-11.230411
-19.141317
-33.398335
-32.353344
-17.172577
-11.028708
-19.079628
-33.104900
-32.213333
-17.225149
-11.030317
-19.199255
-33.249203
-32.305603
-17.256798
-10.988475
-19.083384
-33.063057
-32.285755
-17.329218
-10.858656
-18.901529
-32.893005
-32.078686
-17.161312
-10.697723
-19.031885
-33.088272
-32.184902
-17.400028
-10.817349
-19.003988
-32.973473
-31.919901
-17.239632
-10.683776
-19.000235
-33.383312
-32.295948
-17.772318
-11.153163
-19.236269
-33.612911
-32.505157
-17.941835
-11.385978
-19.474985
-33.926731
-32.649998
-17.931643
-11.316241
-19.369307
-33.745949
-32.479408
-17.872097
-11.328042
-19.232513
-33.585014
-32.293262
-17.616751
-11.055530
-18.955709
-33.437496
-32.217091
-17.618896
-11.247040
-19.102158
-33.579113
-32.285217
-17.652155
-11.172475
-19.071581
-33.630077
-32.498184
-17.747107
-11.299075
-19.100550
-33.654217
-32.496574
-17.923595
-11.552812
-19.304396
-33.932095
-32.812538
-18.155338
-11.777581
-19.573690
-34.153645
-32.960598
-18.237413
-11.873604
-19.533995
-34.069958
-32.991177
-17.982067
-11.509896
-19.341948
-33.806568
-32.664482
-17.778757
-11.459471
-19.366625
-33.822124
-32.744411
-17.706337
-11.500777
-19.333900
-33.793156
-32.788399
-17.823816
-11.428893
-19.323172
-33.722881
-32.906418
-17.881754
-11.611820
-19.477667
-33.797447
-32.974545
-17.906965
-11.564613
-19.428314
-33.452515
-32.717052
-17.660738
-11.336625
-19.443872
-33.554974
-32.753532
-17.531992
-10.982574
-19.168676
-33.137623
-32.336178
-17.478886
-10.908009
-19.177259
-33.380630
-32.577579
-17.705801
-11.008860
-19.277575
-33.536198
-32.757824
-18.082918
-11.288346
-19.605877
-33.655289
-32.557194
-17.790558
-10.889234
-19.223930
-33.503475
-32.338326
-17.850639
-11.027099
-19.220713
-33.626858
-32.425766
-18.055559
-11.272789
-19.324245
-33.999149
-32.835606
-18.394054
-11.586071
-19.571009
-34.209435
-32.841507
-18.418196
-11.574805
-19.460501
-34.173492
-32.829704
-18.358114
-11.669756
-19.310835
-34.077469
-32.640877
-18.054487
-11.650981
-19.300104
-34.319405
-32.991711
-18.396738
-11.965872
-19.503954
-34.393433
-33.180004
-18.350067
-11.970700
-19.617678
-34.416500
-33.149960
-18.288376
-11.979283
-19.503954
-34.028118
-33.043747
-18.078091
-11.770607
-19.406321
-33.876839
-32.842579
-17.706337
-11.538327
-19.459965
-33.793690
-33.018532
-17.971338
-11.553348
-19.511463
-33.740585
-33.048038
-17.959538
-11.540473
-19.506098
-33.537807
-32.998684
-17.971876
-11.410118
-19.693853
-33.893471
-33.236866
-18.198790
-11.433185
-19.658449
-33.710545
-32.993858
-18.088820
-11.323750
-19.572081
-33.748631
-32.989567
-18.185915
-11.330725
-19.669176
-33.986813
-33.023361
-18.490614
-11.541010
-19.746424
-34.199242
-33.086124
-18.538895
-11.536718
-19.700827
-34.190659
-32.930557
-18.458963
-11.536181
-19.580664
-34.292583
-32.898369
-18.651546
-11.853755
-19.851568
-34.709934
-33.174637
-18.742205
-12.025417
-19.787195
-34.657364
-33.074860
-18.747570
-11.962653
-19.537748
-34.609081
-33.128506
-18.511000
-11.896134
-19.445480
-34.406845
-32.972401
-18.365623
-11.983575
-19.332829
-34.216946
-32.934311
-18.085600
-11.780799
-19.087137
-33.889179
-32.721344
-17.854931
-11.630059
-18.932642
-33.743267
-32.870476
-17.895164
-11.575342
-19.132198
-33.787792
-33.048038
-17.972948
-11.767388
-19.512537
-33.947113
-33.299091
-18.137636
-11.716426
-19.664885
-33.977692
-33.322159
-18.148365
-11.582852
-19.514145
-33.790474
-33.101681
-18.087210
-11.516870
-19.608559
-33.897762
-33.348980
-18.398346
-11.651517
-19.815626
-33.885960
-33.177856
-18.319490
-11.555493
-19.767345
-33.978230
-33.252956
-18.596830
-11.677802
-19.730867
-34.027042
-33.214870
-18.561424
-11.622012
-19.787195
-34.196560
-33.148888
-18.564644
-11.632205
-19.792023
-34.470680
-33.427837
-18.899384
-11.915446
-19.964756
-34.523251
-33.218090
-18.769028
-11.866630
-19.784512
-34.432594
-33.265297
-18.729330
-11.868775
-19.600512
-34.227673
-33.137623
-18.673004
-11.904181
-19.678833
-34.484093
-33.229893
-18.677296
-12.099983
-19.876244
-34.735683
-33.532982
-18.925133
-12.235167
-19.943834
-34.680431
-33.513668
-18.886509
-12.218000
-19.788267
-34.547928
-33.453587
-18.811407
-12.110712
-19.736233
-34.491066
-33.445541
-18.793167
-12.202980
-19.728722
-34.568314
-33.611839
-18.769564
-12.242140
-19.794168
-34.558121
-33.500259
-18.797459
-12.360157
-19.885363
-34.669163
-33.720737
-18.803360
-12.325825
-19.938471
-34.531300
-33.534054
-18.663885
-12.079598
-19.645575
-34.341400
-33.596817
-18.532457
-12.112322
-19.808653
-34.367683
-33.671921
-18.563570
-11.975528
-19.719603
-34.161156
-33.386532
-18.413366
-11.817814
-19.609095
-34.064594
-33.381168
-18.389227
-11.837663
-19.672396
-33.856991
-33.104900
-18.241169
-11.532964
-19.422415
-33.725025
-33.141914
-18.296959
-11.505605
-19.491079
-33.778133
-33.085590
-18.272284
-11.502386
-19.563498
-33.808712
-33.221310
-18.622042
-11.727155
-19.731405
-34.131649
-33.360783
-18.689098
-11.765243
-19.683125
-34.119312
-33.357029
-18.833937
-11.699260
-19.600512
-34.155788
-33.129040
-18.611315
-11.771680
-19.844057
-34.388607
-33.353809
-18.939615
-12.091400
-20.079556
-34.675602
-33.508305
-19.051195
-12.127342
-19.920233
-34.761433
-33.735218
-19.172432
-12.154163
-19.869270
-34.643951
-33.487385
-18.951954
-12.073161
-19.749643
-34.430984
-33.235256
-18.701437
-12.014688
-19.605877
-34.486774
-33.484165
-18.969120
-12.185814
-19.720675
-34.633224
-33.411747
-18.661203
-12.139143
-19.738914
-34.443321
-33.340935
-18.694998
-12.077453
-19.395592
-34.272736
-33.364002
-18.637600
-12.010934
-19.557060
-34.395580
-33.587696
-18.846275
-12.410583
-19.907894
-34.681503
-34.009876
-19.104303
-12.515726
-20.200790
-34.904663
-34.141308
-19.127907
-12.601557
-20.271601
-34.706181
-33.970718
-19.067289
-12.451353
-20.158949
-34.672382
-34.162228
-19.307615
-12.612286
-20.265163
-34.554367
-33.986813
-19.103231
-12.349428
-20.207228
-34.661118
-34.087662
-19.328537
-12.388589
-20.327929
-34.826878
-34.263077
-19.507172
-12.550594
-20.510855
-34.886959
-34.006660
-19.233587
-12.001814
-19.976559
-34.404697
-33.650463
-19.123615
-12.022736
-20.009817
-34.609619
-33.606472
-18.900991
-11.871995
-19.904139
-34.158474
-33.090954
-18.855394
-11.862338
-19.676151
-34.330669
-33.414429
-18.885435
-11.795283
-19.671860
-34.189587
-32.999222
-18.830183
-11.768461
-19.485714
-34.396652
-33.253494
-18.738987
-11.752904
-19.290449
-34.240547
-33.265297
-18.819990
-11.971236
-19.436361
-34.382706
-33.405846
-18.853785
-11.922956
-19.367697
-34.388607
-33.515816
-18.844130
-11.933685
-19.303324
-34.360172
-33.445004
-18.795851
-12.014688
-19.344093
-34.322086
-33.573750
-18.774393
-12.119295
-19.394518
-34.334423
-33.676746
-18.878462
-12.215855
-19.516829
-34.392899
-33.701424
-18.814089
-12.198153
-19.553305
-34.267906
-33.617741
-18.664957
-11.904181
-19.371988
-33.965351
-33.324841
-18.432678
-11.541547
-19.113960
-33.827488
-33.379559
-18.536749
-11.649371
-19.362333
-33.952480
-33.527615
-18.747034
-11.794747
-19.617678
-34.127357
-33.663872
-18.894018
-11.893989
-19.789877
-34.300629
-33.772236
-19.047441
-11.716963
-19.555452
-34.114483
-33.593063
-18.961611
-11.708917
-19.577982
-34.128429
-33.624176
-19.153120
-11.949779
-19.745352
-34.699741
-34.280781
-19.782366
-12.402000
-20.484032
-35.408382
-34.832779
-20.473303
-13.155701
-20.975950
-35.981300
-35.324696
-20.933035
-13.697507
-21.306398
-36.329453
-35.202389
-20.746351
-13.475956
-20.578981
-35.255497
-34.202461
-19.903067
-12.910547
-20.299496
-35.338642
-34.185829
-19.807043
-12.761952
-19.996407
-35.066132
-34.217480
-19.798460
-12.795212
-19.902529
-34.993176
-34.124142
-19.591928
-12.690069
-19.871952
-34.984592
-34.264153
-19.638599
-12.623014
-19.779148
-34.744267
-34.128967
-19.343557
-12.368740
-19.707264
-34.750706
-34.255569
-19.610168
-12.744786
-20.022692
-34.817760
-34.246986
-19.404175
-12.461545
-19.893410
-34.807030
-34.319405
-19.516291
-12.436869
-19.723358
-34.334961
-33.910637
-19.376280
-12.392880
-19.807043
-34.483555
-34.083370
-19.362869
-12.065651
-19.569935
-34.211044
-33.609692
-19.075336
-11.963726
-19.543650
-34.235722
-33.773308
-19.447090
-12.110712
-19.641819
-34.518425
-33.843582
-19.385935
-12.132170
-19.712091
-34.521107
-33.811394
-19.513073
-12.256088
-19.651474
-34.649853
-33.934238
-19.586565
-12.543084
-19.877317
-34.719055
-34.063522
-19.644501
-12.418093
-19.801142
-34.839218
-34.099998
-19.555452
-12.442233
-19.650938
-34.631077
-33.979301
-19.417585
-12.387516
-19.349995
-33.931019
-33.381168
-18.925133
-12.110712
-19.545795
-34.405773
-33.614521
-19.038858
-12.132706
-19.404175
-34.232502
-33.737366
-19.332829
-12.411655
-19.711555
-34.573677
-34.170273
-19.560816
-12.497486
-19.859613
-34.662727
-34.210506
-19.626799
-12.469591
-19.791487
-34.591915
-34.074249
-19.472303
-12.134851
-19.503954
-34.344082
-33.863964
-19.402029
-12.248041
-19.619825
-34.567776
-33.973934
-19.525412
-12.161674
-19.274355
-34.365002
-33.893471
-19.471766
-12.226048
-19.563498
-34.486237
-33.817833
-19.474985
-12.358548
-19.691172
-34.641270
-33.987347
-19.550087
-12.437405
-19.554914
-34.513062
-33.876839
-19.323172
-12.225511
-19.463182
-34.382706
-33.957844
-19.587101
-12.440624
-19.580664
-34.395042
-33.816757
-19.354822
-12.242140
-19.351603
-34.303848
-33.763115
-19.249680
-12.125196
-19.473913
-34.488384
-33.898296
-19.260408
-12.171329
-19.113960
-34.104290
-33.899906
-19.446554
-12.379469
-19.676151
-34.557583
-34.246986
-19.633236
-12.548449
-20.007671
-34.998539
-34.344082
-19.807579
-12.927176
-20.234587
-34.910027
-34.583870
-20.032885
-12.858512
-20.160559
-34.960987
-34.531834
-19.820454
-12.558641
-20.010891
-35.196487
-34.927193
-20.073118
-12.690605
-20.030203
-35.200779
-35.024826
-20.128370
-12.384297
-19.786657
-34.804886
-34.584942
-20.338120
-13.283374
-20.883144
-35.919609
-35.795155
-21.268847
-13.821961
-21.229151
-36.171738
-35.613300
-21.129908
-13.714673
-21.085920
-36.077862
-35.647099
-21.252752
-13.766708
-21.206619
-36.251133
-35.806957
-21.293524
-13.821961
-21.155121
-36.278492
-35.740440
-21.258654
-13.824107
-20.966293
-35.794621
-35.264614
-20.969511
-13.699116
-20.994188
-36.191586
-35.580578
-21.085382
-13.702335
-20.664812
-35.650852
-35.068813
-20.594004
-13.197006
-20.172359
-35.391750
-34.904663
-20.389618
-13.094009
-20.147684
-35.292511
-34.802204
-20.298960
-13.026955
-20.243706
-35.352592
-34.976009
-20.372988
-12.963118
-20.103695
-35.236721
-34.865501
-20.204546
-13.053777
-20.260872
-35.254959
-34.918072
-20.471157
-13.356867
-20.805897
-35.911564
-35.561268
-20.934107
-13.660492
-20.932497
-35.775845
-35.516205
-20.907286
-13.505997
-20.888510
-35.786037
-35.554829
-20.933035
-13.497951
-20.688953
-35.441105
-35.067741
-20.460428
-13.041439
-20.400347
-35.400333
-35.074715
-20.504953
-13.050022
-20.252825
-35.215797
-34.862820
-20.460966
-13.195934
-20.380499
-35.425011
-35.015705
-20.594004
-13.215246
-20.354214
-35.478119
-35.004440
-20.551624
-12.655201
-19.079092
-33.831779
-33.730927
-19.801678
-12.504460
-19.546331
-34.646633
-34.260933
-20.031275
-12.649836
-19.981922
-35.019997
-34.480335
-20.204010
-12.816669
-19.983532
-34.983521
-34.507694
-20.262482
-12.926640
-20.039322
-34.961525
-34.538811
-20.106913
-12.551130
-19.724966
-34.759289
-34.495358
-20.374062
-12.954535
-19.928816
-34.792011
-34.495895
-20.325781
-12.933077
-19.878925
-34.915390
-34.706715
-20.141783
-12.029173
-18.653692
-33.396725
-33.104362
-18.801214
-11.323750
-18.235268
-33.288364
-33.110264
-18.761518
-11.333943
-18.402637
-33.273880
-33.041599
-18.557669
-11.222899
-18.381180
-33.183758
-32.728317
-18.500271
-11.173547
-17.849566
-33.093636
-33.305531
-18.961073
-11.179984
-18.102766
-33.233646
-33.193413
-18.996479
-11.883260
-18.667641
-33.735218
-33.646172
-19.330145
-12.069407
-18.714312
-33.384922
-33.180004
-18.564644
-11.130631
-18.330217
-33.507767
-33.277100
-19.032421
-11.816205
-18.776001
-33.885960
-33.241692
-18.450380
-11.542619
-18.766882
-33.971790
-33.671383
-19.593002
-12.358011
-19.351603
-34.462635
-34.072643
-19.846739
-12.368204
-18.845201
-33.972862
-33.765797
-19.674541
-11.882187
-18.827499
-34.109657
-33.826950
-19.628944
-12.264134
-19.268456
-33.871475
-33.516888
-19.559206
-12.200834
-19.289913
-34.303310
-33.958916
-19.675077
-12.280764
-19.400419
-34.295265
-34.131115
-19.891800
-12.540401
-19.538822
-34.421329
-34.339790
-20.015718
-12.454571
-19.500198
-34.378414
-34.152035
-19.850494
-12.416484
-19.444408
-34.242157
-34.059765
-19.701900
-11.904717
-18.816235
-33.730392
-33.485775
-19.419731
-11.830688
-18.898848
-33.829098
-33.520107
-19.214811
-11.605383
-18.610241
-33.664944
-33.330742
-19.017401
-11.420310
-18.413904
-33.508842
-33.232037
-19.068899
-11.631669
-18.670322
-33.910637
-33.630611
-19.435825
-11.859120
-18.777075
-33.885422
-33.489529
-19.368769
-11.953534
-18.960001
-34.266296
-34.028118
-19.552769
-12.068333
-19.096794
-34.069958
-33.387604
-19.237879
-12.113394
-18.943907
-34.106438
-33.925121
-19.451918
-12.190105
-18.958391
-33.972328
-33.863430
-19.545795
-12.022736
-18.657984
-33.851627
-33.722881
-19.387545
-11.864484
-18.766346
-33.980373
-33.779743
-19.336046
-11.962117
-18.968048
-34.559731
-34.789326
-20.544649
-13.041975
-19.888582
-34.889641
-34.672920
-20.312906
-12.579562
-19.649866
-34.959381
-34.842972
-20.707191
-13.119759
-20.134809
-35.263542
-35.015705
-20.764055
-12.939514
-19.781294
-34.656292
-34.406307
-20.306471
-12.469591
-19.250753
-34.354809
-34.279171
-19.966902
-12.387516
-19.113424
-34.065132
-33.935314
-19.821527
-12.290421
-19.266846
-34.383778
-34.068886
-19.629480
-11.979819
-19.131662
-34.360710
-34.070496
-19.702972
-11.971236
-18.535675
-33.626324
-33.558193
-19.231440
-11.730374
-18.592001
-33.800667
-33.767941
-19.351603
-11.974992
-18.832327
-33.955162
-33.954086
-19.633236
-12.295248
-19.179941
-34.239475
-34.110191
-19.772711
-12.215319
-19.125225
-34.115559
-33.863430
-19.391836
-11.455716
-18.310369
-33.694450
-34.081760
-20.070972
-12.856903
-20.314516
-35.582188
-35.653534
-22.085848
-15.090110
-22.611561
-38.231674
-38.678532
-24.875347
-17.692926
-25.138203
-40.700916
-41.037266
-27.230862
-19.980850
-27.436855
-42.920712
-42.884235
-29.157761
-22.295059
-29.789154
-45.452717
-45.856659
-32.145206
-25.041107
-32.206898
-47.237995
-47.711140
-33.988419
-26.838188
-34.234646
-49.867100
-50.129959
-36.175495
-28.783325
-36.203926
-51.834770
-51.954933
-38.107220
-30.798737
-38.050358
-53.291744
-53.008503
-39.275055
-32.030407
-39.459053
-55.001385
-55.056641
-41.071060
-33.490601
-40.703060
-56.179413
-56.442806
-42.527500
-35.127823
-42.045238
-56.805977
-57.083317
-43.455009
-36.121849
-43.345039
-58.594475
-58.386333
-44.253769
-36.762897
-43.732883
-59.187778
-59.187778
-45.183960
-37.512844
-44.493561
-60.459682
-60.470947
-46.341064
-38.742905
-45.688217
-61.223038
-60.881325
-46.631279
-39.238575
-45.987549
-61.327644
-61.209625
-47.114079
-39.315289
-45.879726
-61.513252
-61.609814
-47.329727
-39.595844
-46.419922
-62.087246
-62.106022
-47.798576
-39.896252
-46.547596
-61.884472
-61.571190
-47.288422
-39.731567
-46.577637
-61.822781
-61.691353
-47.190254
-39.341038
-46.107712
-61.329788
-61.363049
-47.205811
-39.767506
-46.704235
-61.968155
-61.860867
-47.474567
-39.901081
-46.831909
-62.028774
-61.880714
-47.406437
-39.796474
-46.706383
-61.803467
-61.864086
-47.504070
-39.740685
-46.672588
-61.805077
-61.839409
-47.335091
-39.582436
-46.424213
-61.505207
-61.582455
-47.293251
-39.598530
-46.658638
-61.776646
-61.846920
-47.479931
-39.608723
-46.538475
-61.712811
-61.680084
-47.497635
-39.717617
-46.534721
-61.437077
-61.541683
-47.439163
-39.657536
-46.596947
-61.490185
-61.377533
-47.315781
-39.248234
-45.991840
-61.191387
-61.127014
-47.009472
-39.188152
-46.134537
-61.335155
-61.153301
-47.253017
-39.416138
-45.953754
-61.449951
-61.420986
-47.391418
-39.403801
-46.257915
-61.720856
-61.498234
-47.543232
-39.605503
-46.408119
-61.879642
-61.699936
-47.735813
-39.949898
-46.447281
-61.881790
-61.675797
-47.649982
-39.959019
-46.410801
-61.770744
-61.524517
-47.423069
-39.626961
-46.152237
-61.477848
-61.236984
-47.085110
-39.444035
-46.099667
-61.619469
-61.479992
-47.232094
-39.481049
-45.964481
-61.454243
-61.394699
-47.262135
-39.768581
-46.333019
-61.601765
-61.566360
-47.364597
-39.767506
-46.331409
-61.512718
-61.555096
-47.426289
-39.880695
-46.600704
-61.755726
-61.867840
-47.575954
-39.866749
-46.654346
-61.711735
-61.883934
-47.553959
-39.808815
-46.508434
-61.346420
-61.509499
-47.273403
-39.588871
-46.380226
-61.297066
-61.333008
-47.143581
-39.297585
-46.044949
-61.114677
-61.322815
-47.238533
-39.390388
-46.206955
-61.272926
-61.443516
-47.434334
-39.646271
-46.516483
-61.712273
-61.798641
-47.632282
-39.737469
-46.622696
-61.703152
-61.711201
-47.694508
-39.790039
-46.542767
-61.834045
-61.860329
-47.866169
-39.956871
-46.636646
-62.029846
-62.159664
-48.146194
-40.200417
-46.727840
-61.896809
-61.838337
-47.712746
-39.860847
-46.454254
-61.612495
-61.667747
-47.521236
-39.594772
-46.238068
-61.500378
-61.456924
-47.369961
-39.578144
-46.131855
-61.363586
-61.269173
-47.164505
-39.412384
-46.046024
-61.462292
-61.396843
-47.136608
-39.383953
-46.173695
-61.776108
-61.705299
-47.661247
-39.819542
-46.388809
-61.731583
-61.738560
-47.728840
-39.932732
-46.131855
-61.336227
-61.541149
-47.496563
-39.716545
-46.392563
-61.940262
-62.007851
-47.837738
-40.047531
-46.657566
-62.012142
-61.985321
-47.819500
-40.045921
-46.541157
-61.917728
-61.944016
-47.735813
-39.955261
-46.350719
-61.565823
-61.618397
-47.372643
-39.712254
-46.234314
-61.530418
-61.816341
-47.519627
-39.672020
-46.271328
-61.436005
-61.685986
-47.243896
-39.572781
-46.216610
-61.323891
-61.607132
-47.388199
-39.493385
-46.260601
-61.428493
-61.717636
-47.364597
-39.540058
-46.403294
-61.492332
-61.742313
-47.687534
-39.889278
-46.749298
-61.895737
-62.029308
-47.760490
-39.626961
-46.477322
-61.502525
-61.450489
-47.412876
-39.464417
-46.238068
-61.393627
-61.376461
-47.349041
-39.410236
-46.241825
-61.388798
-61.248787
-47.306126
-39.388245
-46.038513
-61.104485
-60.978420
-47.054531
-39.099636
-45.893135
-61.322281
-61.303505
-47.397854
-39.526646
-46.036903
-61.327106
-61.099121
-47.277157
-39.571705
-46.046558
-61.498234
-61.433861
-47.416096
-39.379662
-45.886700
-61.364120
-61.174221
-47.200443
-39.385563
-45.947853
-61.278290
-61.244495
-47.235851
-39.565269
-45.980042
-61.218208
-61.069080
-47.016983
-39.511623
-45.927467
-61.106094
-61.096436
-46.948853
-39.407017
-45.884018
-61.032066
-61.090538
-46.869461
-39.253059
-45.851295
-61.098583
-61.110386
-46.974602
-39.322262
-45.842175
-61.053520
-61.173683
-47.006252
-39.360886
-45.882408
-61.020264
-61.137745
-46.907547
-39.179031
-45.807842
-60.817490
-60.886688
-46.738033
-39.077644
-45.703236
-60.694107
-60.953743
-46.986404
-39.308849
-45.956436
-61.025089
-61.127552
-47.071163
-39.379662
-46.119514
-61.128086
-61.317451
-47.435944
-39.519135
-46.264889
-61.285263
-61.342663
-47.302368
-39.462273
-46.180134
-61.213917
-61.263809
-47.386055
-39.443497
-46.177986
-61.334618
-61.398991
-47.482613
-39.495533
-46.140438
-61.214993
-61.215527
-47.446136
-39.578144
-46.317463
-61.430103
-61.361977
-47.522846
-39.513771
-46.027782
-61.198898
-61.179050
-47.437016
-39.485874
-46.067478
-61.234303
-61.082489
-47.324364
-39.467098
-46.181744
-61.635563
-61.341591
-47.322754
-39.469784
-46.095913
-61.489113
-61.180122
-47.408585
-39.779308
-46.290638
-61.665604
-61.463364
-47.547523
-40.003544
-46.342674
-61.871059
-61.661846
-47.576492
-39.995495
-46.346432
-61.793274
-61.734802
-47.669830
-40.245476
-46.629673
-62.023945
-61.847458
-47.437553
-40.014809
-46.313171
-61.654335
-61.778255
-47.471348
-40.121559
-46.511654
-61.770210
-61.753578
-47.368351
-39.882305
-46.306732
-61.496624
-61.533100
-47.250870
-39.894646
-46.452644
-61.658092
-61.893589
-47.444527
-40.024998
-46.689754
-61.565823
-61.838875
-47.546986
-40.032509
-46.703163
-61.394161
-61.641998
-47.330799
-39.659683
-46.479465
-61.183876
-61.466583
-47.223511
-39.344791
-46.304588
-60.831970
-61.015434
-46.878044
-38.985374
-46.194080
-60.793346
-60.991833
-47.068481
-39.056187
-46.081429
-60.688744
-60.851822
-47.070091
-39.050285
-46.068016
-60.859867
-60.830360
-47.183815
-39.047604
-45.991306
-60.781010
-60.622223
-46.990696
-38.920467
-45.913521
-60.899025
-60.642071
-46.945637
-38.851265
-45.705383
-60.784763
-60.362587
-46.770756
-38.871651
-45.524601
-60.920486
-60.557312
-47.002499
-39.201023
-45.748833
-61.188705
-60.553558
-46.875362
-39.065304
-45.469349
-61.117897
-60.671577
-46.814205
-39.155426
-45.361523
-61.046013
-60.570724
-46.709064
-39.275055
-45.481686
-60.934967
-60.459682
-46.467667
-39.225166
-45.393173
-60.815880
-60.459145
-46.233242
-39.148991
-45.345428
-60.620079
-60.511715
-46.358231
-39.378586
-45.629208
-60.786373
-60.737556
-46.339993
-39.176350
-45.590046
-60.616322
-60.662994
-46.266499
-39.238575
-45.945709
-60.844311
-60.999878
-46.558861
-39.186543
-45.909767
-60.578770
-60.768673
-46.299221
-38.956944
-45.787457
-60.425350
-60.680161
-46.379154
-38.883450
-45.860950
-60.435005
-60.760624
-46.531502
-38.922077
-45.914593
-60.381359
-60.531029
-46.545986
-38.760071
-45.872753
-60.497768
-60.661385
-46.679024
-38.705891
-45.829300
-60.550339
-60.452171
-46.488586
-38.514378
-45.686607
-60.605595
-60.251541
-46.456936
-38.459663
-45.526745
-60.584671
-60.217747
-46.514336
-38.688725
-45.666759
-60.709126
-60.227940
-46.557251
-38.733250
-45.650127
-60.781010
-60.108311
-46.483223
-38.824444
-45.595409
-60.868450
-60.343273
-46.375935
-38.749340
-45.295002
-60.523518
-59.898563
-45.576637
-37.765507
-43.866997
-58.741459
-58.056957
-43.795113
-36.092346
-42.390171
-57.394451
-56.795246
-42.523209
-35.203461
-41.542057
-56.555992
-56.127914
-41.794720
-34.271126
-40.654247
-55.965370
-55.639214
-40.863457
-33.276024
-39.617840
-54.451534
-54.143616
-39.750877
-32.272881
-38.666191
-53.575523
-53.282627
-38.854485
-31.460707
-38.102390
-52.963982
-52.750477
-38.436058
-31.184439
-37.773018
-52.651234
-52.531609
-38.083080
-30.507986
-37.182396
-51.917381
-51.659355
-37.444180
-30.091707
-36.898079
-51.793465
-51.678665
-37.413601
-29.993002
-36.685112
-51.412590
-51.230202
-36.887890
-29.305283
-36.087517
-50.787098
-50.680347
-36.438351
-28.873983
-35.802666
-50.509758
-50.431438
-36.281174
-28.647068
-35.600430
-50.194332
-50.111717
-35.934631
-28.230789
-35.136406
-49.792000
-49.684711
-35.543564
-27.935747
-35.036091
-49.725479
-49.464233
-35.371368
-27.697031
-34.620350
-49.162754
-48.856979
-34.861748
-27.134840
-34.285072
-49.036690
-48.736282
-34.750168
-27.083878
-34.266296
-49.092480
-48.759884
-34.860676
-26.956203
-33.958378
-48.733601
-48.296398
-34.430984
-26.683693
-33.714836
-48.609146
-47.833984
-33.840900
-26.229862
-33.441784
-48.568913
-47.751907
-33.727173
-26.108089
-33.058765
-48.313030
-47.471348
-33.528152
-26.141886
-33.000294
-48.235245
-47.406437
-33.522251
-26.353245
-32.997612
-48.131714
-47.133926
-32.677891
-25.157515
-31.522396
-46.699409
-46.113613
-32.047573
-24.821703
-31.331425
-46.549206
-45.990231
-31.720881
-24.532560
-31.271343
-46.503609
-46.035831
-31.527761
-24.277214
-30.826096
-45.789604
-45.429115
-30.998293
-23.896338
-30.642632
-45.499924
-45.115833
-30.634586
-23.497763
-30.267660
-45.077744
-44.792358
-30.244057
-22.889975
-29.624466
-43.990376
-43.320362
-28.467361
-20.810724
-27.603689
-41.970673
-41.572636
-26.784006
-19.109669
-26.789371
-41.965309
-41.949215
-27.095680
-18.830183
-24.844233
-38.433914
-37.621738
-22.258045
-13.997914
-20.694317
-35.596134
-36.291363
-22.604050
-15.576126
-22.370699
-35.875622
-35.099926
-19.425097
-10.163427
-18.189135
-33.904198
-34.087662
-19.367697
-10.567904
-16.941370
-30.025188
-27.239983
-11.469663
-3.153742
-9.444058
-23.290695
-21.973194
-7.243038
1.037479
-5.451322
-20.050051
-19.174578
-4.858554
3.080249
-3.565729
-17.833473
-16.303541
-2.515912
1.029968
-10.057748
-27.728680
-28.748993
-15.804650
-9.556175
-17.577591
-33.585552
-33.498650
-19.722822
-12.987795
-20.173969
-35.463634
-35.109047
-21.174969
-14.365913
-21.485033
-36.768799
-36.247913
-22.147539
-15.520872
-22.558453
-37.796085
-37.384632
-23.083094
-16.463938
-23.504736
-38.410309
-37.906055
-23.338438
-16.373278
-23.330393
-38.448933
-38.217190
-23.767591
-16.859295
-23.975733
-38.994495
-38.833027
-24.303499
-17.374279
-24.556700
-39.394680
-39.115730
-24.455849
-17.509998
-24.793270
-39.402729
-39.001469
-24.218204
-17.302397
-24.791126
-39.361958
-39.060478
-24.239662
-17.133417
-24.575476
-39.012733
-38.728420
-24.285797
-17.354967
-24.846378
-39.407555
-39.108757
-24.518612
-17.376425
-24.905388
-39.385025
-38.928513
-24.439220
-17.134489
-24.621073
-39.194588
-38.708572
-24.316374
-17.210127
-24.785225
-39.289001
-38.541203
-24.239126
-16.905428
-24.349634
-39.083008
-38.468246
-24.143105
-16.801359
-24.436537
-39.170448
-38.481121
-24.302963
-17.126444
-24.599079
-39.346401
-38.563194
-24.285797
-17.120543
-24.622147
-39.370003
-38.553005
-24.298672
-17.202082
-24.599079
-39.439743
-38.640442
-24.468723
-17.496052
-24.957422
-39.928440
-38.934948
-24.452095
-17.681660
-25.097433
-40.157501
-39.202633
-24.659161
-17.737986
-25.055592
-40.035728
-39.021854
-24.530951
-17.861904
-25.133375
-40.179493
-39.176884
-24.464432
-17.685415
-24.694565
-39.550247
-38.660828
-23.970903
-17.167749
-24.380747
-39.354446
-38.765972
-24.020258
-17.422022
-24.827066
-39.560978
-38.702671
-23.834648
-17.443480
-24.841551
-39.471928
-38.952652
-23.994507
-17.361404
-24.921480
-39.501431
-39.010052
-24.045471
-17.486395
-25.237446
-39.609795
-39.253597
-24.323349
-17.619432
-25.526587
-39.792183
-39.536839
-24.649506
-17.793240
-25.667671
-39.757851
-39.510014
-24.813120
-18.208982
-26.318913
-40.426796
-40.444496
-25.954668
-18.786194
-26.869301
-40.767437
-40.244404
-25.580769
-18.425169
-26.643459
-40.740612
-39.925758
-25.617245
-18.512609
-26.776497
-41.041019
-40.216511
-25.951984
-18.561960
-26.784542
-41.775410
-41.455688
-27.038816
-19.376816
-27.309719
-41.907909
-40.695015
-26.745918
-19.730331
-27.823093
-42.546276
-40.911201
-26.749674
-19.567253
-27.314548
-42.257133
-40.792110
-26.549582
-19.644501
-27.191702
-42.146626
-40.677849
-26.457850
-19.527555
-26.930992
-42.031292
-40.479900
-26.087706
-19.584955
-27.034525
-42.207245
-40.887062
-26.297455
-19.920233
-27.119820
-42.153599
-41.053360
-26.261513
-20.013573
-27.377848
-42.291466
-41.103783
-26.064102
-19.741596
-26.997511
-41.809742
-40.918713
-25.868301
-19.647718
-27.175610
-41.932587
-41.100567
-25.901024
-19.823671
-27.521614
-41.976574
-41.278664
-26.370947
-20.417513
-28.444830
-42.879406
-42.531254
-27.909998
-21.863760
-30.149105
-44.474785
-43.816032
-28.769915
-22.154512
-29.962425
-43.769363
-43.052139
-27.864937
-21.149220
-29.377167
-43.314999
-42.590801
-27.409498
-20.614388
-28.736118
-42.617085
-41.923466
-27.054909
-20.271601
-28.539780
-42.362278
-41.538303
-26.713196
-19.828501
-28.172855
-42.134289
-41.230385
-26.449802
-19.363941
-27.848307
-42.089230
-41.025463
-26.502375
-19.454063
-27.808075
-42.025928
-40.782993
-26.252392
-19.156876
-27.468506
-41.908985
-40.467564
-25.936428
-19.128443
-27.253929
-41.708889
-40.276592
-26.035671
-19.126299
-27.200285
-41.705135
-40.102783
-25.717560
-18.850567
-26.984100
-41.655247
-40.001396
-25.637094
-19.171896
-27.186874
-41.907909
-40.290539
-26.013140
-20.685734
-29.522005
-44.416847
-42.157356
-27.084414
-20.506025
-27.962032
-42.638546
-40.894035
-25.988464
-19.687952
-27.364973
-42.162720
-40.772263
-25.994364
-19.794704
-27.447586
-42.077961
-40.580215
-25.566820
-19.498589
-27.149860
-41.714790
-40.484730
-25.496546
-19.436361
-27.244274
-41.753952
-40.640297
-25.521759
-19.430460
-27.429346
-41.777554
-40.635471
-25.464359
-19.299032
-27.229254
-41.397755
-40.241722
-25.098507
-18.928350
-26.907389
-40.851120
-39.657001
-24.526123
-18.199327
-26.408497
-40.698235
-40.823761
-27.101044
-21.578373
-30.450586
-44.937199
-44.318680
-29.587988
-23.418905
-32.033627
-46.441380
-45.524601
-30.620102
-24.323885
-32.824341
-46.998745
-45.869534
-31.049791
-24.740164
-33.230427
-47.408047
-46.469810
-31.617884
-25.103870
-33.659580
-47.899967
-46.593193
-31.977837
-25.676254
-34.147743
-48.380085
-47.018593
-32.428448
-26.050690
-34.484631
-48.659569
-47.076527
-32.407528
-26.023333
-34.360710
-48.807629
-47.275009
-32.804493
-26.664379
-35.164299
-49.713142
-48.107037
-33.342545
-27.124647
-35.309677
-49.762497
-48.198769
-33.533516
-27.548435
-35.924438
-50.451286
-48.853226
-33.964817
-27.918045
-36.103073
-50.510296
-49.015232
-34.196560
-28.253857
-36.331596
-50.752232
-49.200302
-34.244839
-28.221134
-36.300484
-50.749550
-49.286671
-34.289364
-28.512959
-36.513988
-50.885803
-49.573132
-34.410065
-28.518860
-36.598747
-50.747940
-49.290428
-34.264687
-28.413181
-36.665802
-50.969490
-49.685783
-34.571533
-28.804783
-37.157181
-51.174946
-49.821503
-34.591915
-28.713589
-37.107292
-51.069805
-49.700806
-34.629467
-28.885250
-37.508015
-51.432438
-50.020523
-34.841362
-28.997902
-37.779453
-51.647015
-50.210960
-35.216873
-29.400234
-38.147453
-51.954933
-50.452896
-35.399799
-29.484991
-38.297657
-52.060074
-50.592907
-35.585945
-29.604080
-38.361492
-52.254269
-50.679810
-35.674458
-29.692595
-38.377048
-52.220470
-50.619728
-35.676601
-29.528980
-38.076641
-51.946884
-50.553745
-35.746876
-29.714588
-38.549786
-52.633530
-50.855762
-36.042454
-30.199532
-38.964455
-52.977390
-51.120228
-36.065521
-30.121212
-38.859848
-53.014942
-50.944275
-35.983982
-30.402306
-39.124313
-52.965054
-50.745255
-35.907272
-30.571823
-39.308849
-52.806801
-50.987728
-36.226456
-30.756895
-39.398434
-53.003677
-50.924965
-35.232964
-29.380384
-36.597137
-49.489983
-47.197227
-32.886570
-28.711441
-37.788036
-51.794537
-50.324150
-35.392826
-29.719952
-38.539055
-52.499420
-50.702877
-35.643879
-29.942575
-38.576607
-52.592224
-50.834305
-35.820370
-30.218307
-38.842144
-52.671619
-50.910480
-35.868649
-30.180756
-38.919930
-52.970955
-51.255413
-36.166912
-30.528908
-39.397900
-53.640434
-51.917919
-36.725883
-31.028870
-39.578678
-53.481647
-51.535435
-36.139553
-30.529980
-39.516453
-52.880833
-51.269360
-36.218945
-30.624929
-39.496067
-53.298183
-51.861591
-36.628788
-30.974689
-39.946144
-53.516514
-51.528461
-36.466782
-30.852917
-39.986378
-53.660282
-52.168438
-36.949577
-31.182293
-40.337208
-53.771862
-52.304691
-37.138943
-31.168346
-40.523891
-54.019161
-52.504250
-37.428085
-31.280998
-39.593700
-52.788025
-51.620728
-36.959236
-30.934456
-40.302341
-53.261169
-49.816677
-34.146671
-27.428810
-37.349228
-51.873394
-49.914845
-35.154110
-29.531662
-39.080860
-52.998848
-50.970024
-36.500042
-30.428055
-39.619450
-53.553528
-51.336414
-36.883060
-30.840580
-39.691868
-53.698906
-51.435120
-37.101929
-31.208042
-39.669876
-53.745575
-51.122910
-36.152428
-30.921581
-39.477291
-53.029427
-50.761887
-36.303165
-30.936604
-39.611938
-54.122158
-51.648087
-36.805813
-31.555656
-40.006760
-54.411835
-52.071877
-37.050430
-31.844261
-39.920929
-53.919384
-51.912552
-35.709324
-29.499475
-37.770870
-52.804119
-51.277943
-36.078396
-31.232719
-39.669338
-53.607712
-51.836380
-36.336964
-31.396870
-39.949360
-53.769714
-52.233345
-36.501652
-31.291727
-39.982082
-53.358265
-51.948494
-36.088589
-31.062130
-40.222946
-52.649624
-49.991020
-34.508770
-30.101898
-39.606037
-52.994556
-51.863201
-36.563339
-31.150642
-40.590946
-53.687641
-52.343315
-36.981228
-31.288509
-40.734711
-53.814240
-52.496738
-37.321869
-31.586769
-41.174057
-54.133423
-52.418953
-37.271980
-31.118456
-40.880089
-54.092651
-52.087971
-37.352982
-30.978981
-40.663364
-54.087288
-51.789173
-37.381413
-31.260077
-40.767437
-54.520199
-52.280018
-37.770336
-31.727318
-41.299049
-54.924137
-52.307373
-38.091663
-32.256786
-41.547958
-55.417664
-52.780518
-38.230064
-32.196167
-41.256134
-55.318958
-52.526245
-38.034801
-32.418255
-41.387562
-55.676765
-52.875465
-38.207535
-32.769089
-41.388634
-55.659599
-53.068584
-38.320724
-33.175709
-41.621986
-55.869884
-53.288528
-37.968281
-32.726173
-41.278126
-55.531925
-53.164608
-37.932877
-33.027115
-41.293148
-55.280872
-53.084145
-37.572926
-32.718124
-41.312996
-55.352757
-53.455898
-37.861530
-33.175709
-41.911129
-55.477211
-53.643650
-38.014416
-33.245983
-41.941708
-55.089363
-52.984364
-37.129288
-31.835678
-41.065697
-54.550774
-53.017086
-37.573460
-32.764259
-41.994816
-55.115112
-53.592152
-38.199490
-33.090416
-42.302197
-55.297501
-53.650627
-38.320187
-32.958450
-42.226559
-55.170364
-53.543335
-38.275661
-32.892467
-42.095665
-54.467091
-51.973709
-36.410454
-30.637268
-39.793793
-52.661964
-50.735600
-35.408382
-29.108410
-38.055721
-50.755447
-48.487373
-33.184830
-27.235691
-36.568169
-49.605316
-47.231022
-32.233719
-26.413862
-35.538738
-48.619873
-46.289032
-31.254713
-25.631193
-34.905201
-48.251877
-46.022419
-31.053011
-25.122646
-34.191730
-47.532501
-44.981186
-30.086880
-24.556700
-33.689087
-47.145729
-44.820251
-29.958670
-24.386112
-33.535126
-46.999279
-44.392708
-29.478018
-24.101797
-33.333424
-46.746078
-43.555325
-27.624611
-21.846058
-30.854527
-44.133606
-40.962162
-25.438074
-19.705656
-28.109018
-41.128998
-38.013878
-22.424879
-16.627016
-25.055054
-38.134579
-34.994247
-19.178869
-13.565006
-21.931889
-34.868721
-31.814758
-15.983822
-10.230483
-18.607023
-31.734829
-28.917435
-13.220610
-7.704378
-16.184988
-29.363218
-26.674572
-10.979356
-5.560220
-14.042439
-27.122501
-24.596397
-8.787454
-3.380657
-11.983575
-24.872665
-22.464039
-6.694258
-1.436055
-10.170402
-23.073437
-20.853640
-5.243719
0.046134
-8.760633
-21.491470
-19.300104
-3.693402
1.804590
-7.173301
-20.006063
-17.893555
-2.443493
2.967060
-6.261886
-19.110205
-17.170967
-1.784742
3.696621
-5.539835
-18.428923
-16.358259
-0.973106
4.558146
-4.816175
-17.844202
-15.777828
-0.507474
4.913807
-4.399896
-17.511072
-15.336336
-0.263393
5.345107
-3.993273
-17.045441
-14.803114
0.297725
5.970061
-3.226161
-16.368986
-14.042975
0.774086
6.201805
-2.918780
-16.035320
-13.771000
0.719905
5.813957
-3.606499
-17.072798
-14.518799
0.307381
5.872429
-2.969206
-16.339483
-13.908865
0.968278
6.483437
-2.187073
-15.410366
-12.631598
1.983762
6.699086
-2.756775
-16.828718
-15.243532
-0.880301
5.256057
-2.400041
-15.805187
-12.918056
2.863527
8.543373
-0.173807
-13.713600
-12.713673
1.604498
7.556320
-0.997245
-13.997377
-11.024953
4.427791
9.715499
0.866354
-12.650373
-10.992230
3.966451
9.145261
0.707567
-12.405755
-10.101737
5.118192
10.066868
0.990272
-12.060287
-9.750367
5.636931
10.896743
1.751483
-11.644544
-10.070086
4.192830
7.781626
-2.485872
-16.362013
-14.871242
-0.027895
4.800618
-4.738927
-18.119932
-16.295494
-1.284778
4.233599
-4.297436
-16.944590
-13.790312
2.331376
8.016051
-1.394212
-14.286520
-12.223902
3.126920
8.506895
-1.018703
-15.136780
-14.507534
-0.076175
4.662216
-5.171836
-18.413904
-16.404928
-1.353979
3.851116
-5.640686
-18.840910
-16.445698
-1.473606
3.905833
-5.497993
-18.971804
-16.284229
-1.138866
3.660679
-5.801082
-19.170822
-16.839447
-1.907587
3.876329
-5.449713
-18.795313
-17.039539
-2.353907
3.888667
-5.050600
-19.323709
-17.452063
-2.772331
2.373755
-6.350935
-18.593075
-16.590002
-2.306164
2.463341
-7.008613
-19.285622
-15.647472
-0.801444
3.538371
-6.510259
-20.281794
-18.459501
-3.500820
2.407551
-6.712497
-20.684662
-18.575373
-3.581822
2.206385
-5.589724
-19.398273
-17.781439
-2.981544
2.142549
-7.059039
-19.343557
-15.999915
-0.685036
3.597379
-6.757022
-20.504953
-18.520119
-3.840387
1.188755
-6.923319
-20.493151
-18.918158
-4.056573
0.914633
-8.514941
-21.487715
-19.131662
-4.323185
0.475287
-8.679093
-21.056416
-19.366625
-4.796863
-0.006437
-9.492875
-22.805216
-20.724894
-5.784452
-0.090122
-9.145261
-22.928061
-21.037104
-5.342424
0.561118
-8.645833
-22.612097
-20.848276
-5.776942
-0.771940
-10.103346
-23.180725
-21.113815
-5.884231
-0.701666
-9.101810
-22.137882
-20.804289
-6.019951
-0.793934
-9.608747
-23.266020
-21.169605
-6.147088
-1.002073
-10.415019
-23.687126
-20.946445
-5.420208
-0.634074
-10.338307
-23.821774
-21.662596
-6.799401
-1.601815
-11.131705
-24.116817
-20.010355
-3.720224
2.357126
-6.261886
-19.113960
-16.391518
-1.407087
4.030288
-5.737782
-20.430925
-18.864515
-4.595697
0.340104
-9.058357
-22.720457
-20.271601
-5.634785
-0.559509
-9.954751
-23.738625
-21.280111
-6.477536
-1.341105
-10.541082
-24.272923
-21.946909
-6.974281
-1.831413
-11.059285
-24.797562
-22.328856
-7.336915
-2.334059
-11.396171
-25.063637
-22.695246
-7.497848
-2.525032
-11.749686
-25.331322
-22.972586
-7.855655
-2.663970
-11.699260
-25.226715
-22.797169
-7.722617
-2.952576
-12.032392
-25.506203
-23.040714
-7.582069
-2.646268
-11.987866
-25.229399
-22.763910
-7.693649
-2.898395
-11.947633
-25.239054
-23.140491
-8.016587
-3.090978
-12.087645
-25.286261
-23.395302
-8.218825
-3.157497
-12.183668
-25.668743
-23.842695
-8.799256
-3.706277
-12.893917
-26.169245
-23.966612
-8.685531
-3.583432
-12.896063
-26.195530
-23.726286
-8.586825
-3.734172
-13.180914
-26.411179
-24.139349
-9.259522
-4.137040
-13.245823
-26.437466
-24.275604
-9.265424
-4.170299
-13.482930
-26.649897
-23.814798
-9.325505
-4.317284
-13.671758
-27.213160
-24.977806
-9.970308
-4.730344
-13.900282
-26.892904
-24.525051
-9.673120
-4.330695
-13.654592
-26.827995
-23.436607
-8.131923
-3.780306
-13.372959
-26.977661
-25.121574
-10.316850
-4.983008
-13.956608
-27.359608
-25.252464
-10.365666
-4.298509
-13.089718
-26.945477
-24.788443
-9.255768
-3.516913
-13.201298
-26.895586
-24.812584
-9.824933
-4.671872
-13.988258
-27.402523
-24.989609
-9.988547
-4.751266
-13.834299
-27.366047
-25.023405
-9.962262
-4.307092
-11.755587
-25.092606
-23.787441
-8.979501
-4.128457
-13.398708
-26.833359
-24.549726
-9.583533
-4.704595
-13.812841
-27.311329
-25.178436
-10.071159
-5.294681
-14.458181
-27.652506
-25.454704
-10.303975
-5.037725
-14.033319
-27.341906
-25.301819
-9.183349
-2.779305
-12.435796
-26.488964
-24.548653
-9.481073
-4.584432
-13.993623
-27.348881
-25.317375
-10.272325
-5.309165
-14.594438
-27.386431
-25.071148
-9.838344
-4.684747
-14.044584
-26.574795
-23.211302
-8.908690
-4.319966
-13.926567
-27.317766
-25.342051
-10.416628
-5.169690
-14.456572
-27.471725
-24.780396
-10.077597
-4.945457
-14.348211
-27.548973
-25.447193
-9.950459
-4.228771
-13.951780
-27.588669
-25.515322
-10.594190
-5.109609
-13.971628
-27.693275
-25.644604
-10.751368
-5.424500
-14.552059
-27.541462
-25.370483
-10.675729
-5.547345
-14.806869
-28.383677
-25.988464
-10.539474
-5.523205
-14.868559
-28.468433
-26.292089
-11.310876
-6.210924
-14.792921
-27.213160
-25.452559
-10.884942
-5.662144
-14.866950
-28.299454
-25.685373
-10.721327
-5.690039
-14.801504
-28.011385
-25.875811
-11.076451
-6.046773
-15.199544
-28.224890
-26.115063
-11.387052
-6.293000
-15.520872
-29.046719
-26.472334
-11.140288
-6.280662
-15.478494
-28.898661
-26.859108
-11.383832
-5.826295
-15.078844
-28.548901
-26.481991
-11.111320
-5.451859
-14.716746
-28.252247
-26.378994
-11.266889
-5.805374
-14.417948
-28.199677
-26.493256
-11.478246
-6.071986
-15.362085
-28.229717
-25.866692
-11.228265
-6.040872
-15.341702
-28.824631
-27.046864
-11.959435
-5.977035
-14.830472
-28.569820
-26.772205
-11.952460
-6.443740
-15.804113
-29.270950
-26.728216
-10.996522
-5.973816
-15.487077
-29.068712
-26.974979
-12.066724
-6.556393
-15.833618
-29.030624
-25.910143
-10.960044
-5.946458
-15.363159
-28.912071
-26.759867
-12.091936
-6.432475
-15.498343
-28.116528
-24.137739
-8.378686
-3.958405
-13.932468
-28.198605
-26.221815
-11.370421
-6.041409
-15.152337
-28.932457
-26.711586
-11.742712
-6.505431
-15.448990
-29.138987
-26.846233
-11.800111
-6.535471
-15.580418
-29.222134
-26.954060
-11.990548
-6.759704
-15.759052
-29.353563
-27.271633
-12.225511
-7.016123
-15.972020
-29.504303
-27.587059
-12.443842
-7.040263
-15.987577
-29.505375
-27.390722
-12.174012
-6.849826
-15.770318
-29.182438
-27.047935
-12.014688
-6.907226
-15.922668
-29.376629
-27.461533
-12.235703
-7.023633
-16.064825
-29.447441
-27.621929
-12.466373
-7.336379
-16.412439
-29.774670
-27.737801
-12.762489
-7.450641
-16.485395
-29.878202
-27.957741
-12.938442
-7.580997
-16.591610
-29.479626
-27.426128
-12.191178
-6.863237
-16.116859
-29.622320
-27.676645
-12.619259
-7.223726
-16.294958
-29.806856
-27.845089
-12.790920
-7.260204
-16.275110
-29.924873
-28.003876
-13.049485
-7.443667
-16.516508
-30.070250
-28.058056
-13.191643
-7.838489
-16.941908
-30.365829
-28.390650
-13.386908
-7.947923
-16.989651
-30.335251
-28.401379
-13.379396
-7.949532
-16.912403
-30.303600
-28.337006
-13.359549
-7.896961
-16.918840
-30.448977
-28.689447
-13.602020
-8.040727
-17.176332
-30.547146
-28.515640
-13.655664
-8.095981
-17.138781
-30.724709
-28.726463
-12.668076
-5.653561
-14.494123
-27.506594
-24.586205
-9.014369
-2.742291
-11.509896
-26.455704
-25.526051
-11.253477
-6.000639
-15.203299
-29.030088
-27.038280
-12.134851
-6.599308
-15.592756
-29.370193
-27.281288
-12.507143
-6.947459
-15.976312
-29.902344
-27.686302
-12.348356
-6.508649
-15.781047
-29.692595
-27.289871
-12.382152
-6.994666
-15.797676
-29.564920
-27.565601
-12.545230
-6.898106
-15.628160
-29.450659
-27.086023
-12.156846
-6.880940
-15.386226
-29.278461
-27.361755
-12.344065
-7.099272
-15.967729
-29.526833
-27.455095
-12.397709
-7.340671
-16.259016
-29.719952
-27.623539
-12.783947
-7.677556
-16.565325
-29.707615
-27.636950
-12.898745
-7.894815
-16.710165
-30.076687
-28.078442
-13.017299
-7.798255
-16.808870
-30.032162
-28.086487
-13.217392
-7.862628
-16.617895
-29.889469
-27.922337
-13.071480
-7.942558
-16.997698
-30.139450
-28.125648
-13.248505
-7.863701
-16.885580
-30.271952
-28.359535
-13.596656
-8.433402
-17.354967
-30.624393
-28.684620
-13.911011
-7.743002
-15.113713
-29.046719
-27.715805
-13.178231
-7.503212
-15.025737
-28.010849
-26.713196
-12.427750
-7.070304
-15.989723
-29.676500
-27.781788
-13.159456
-7.601381
-16.391518
-30.148569
-28.216307
-13.449135
-7.840634
-16.555670
-30.369583
-28.073612
-11.248649
-4.117728
-13.451281
-28.674965
-27.362291
-12.855293
-7.412017
-16.327681
-30.012314
-28.106873
-13.396027
-7.848681
-16.622725
-30.358318
-28.492037
-13.727011
-8.067550
-16.765955
-30.395870
-28.567677
-13.376715
-6.022633
-13.548376
-28.111700
-27.138058
-12.348356
-6.076277
-15.186669
-29.327278
-27.738337
-12.481394
-5.501748
-13.377788
-26.441219
-23.796024
-9.108247
-4.957796
-14.441551
-28.444294
-26.971226
-12.265207
-6.801547
-15.649082
-29.413645
-27.727608
-12.818815
-7.359982
-16.290131
-29.999975
-28.225426
-13.128879
-7.195831
-16.105059
-29.781107
-27.885323
-12.754442
-7.100345
-15.974703
-29.909317
-28.105263
-13.361158
-7.921101
-16.759516
-30.640488
-28.647068
-13.725939
-8.078279
-16.664030
-29.107872
-26.506130
-12.420238
-7.306875
-16.073408
-30.160908
-28.405134
-13.406755
-7.787527
-16.432823
-30.242447
-28.383141
-13.457718
-7.972063
-16.593220
-30.439322
-27.983490
-11.799575
-5.783380
-14.768782
-29.264513
-27.707222
-12.837591
-7.409872
-16.168894
-30.127647
-28.473799
-13.217928
-7.557930
-16.346457
-30.045036
-28.348808
-13.052704
-7.281662
-16.010645
-29.733900
-28.222744
-13.098301
-7.406116
-16.421558
-30.242983
-28.705542
-13.657274
-7.881404
-16.768099
-30.336325
-28.817122
-12.795212
-5.744756
-15.739204
-29.951694
-28.589134
-13.936224
-8.092762
-17.075481
-30.596498
-28.820877
-13.984503
-7.418991
-16.570152
-30.160908
-28.497402
-13.771536
-7.675410
-16.471983
-30.199532
-28.369192
-13.795675
-7.778944
-16.536894
-30.393723
-28.452341
-13.818743
-7.757486
-16.268137
-30.276243
-28.428200
-13.914766
-8.264423
-16.936543
-31.018143
-29.086952
-14.156164
-6.573022
-13.659420
-26.889687
-24.661306
-11.125268
-6.289245
-15.182378
-29.478554
-27.746384
-13.169111
-7.718862
-16.203226
-30.293945
-28.408890
-13.562324
-7.883550
-15.411975
-28.346125
-25.982025
-10.679484
-5.062402
-13.649763
-28.489355
-27.385895
-12.738349
-7.481755
-15.951635
-29.955986
-27.505520
-11.063041
-5.015195
-12.661638
-26.633802
-26.352707
-11.926175
-6.626130
-15.289129
-29.306356
-28.054836
-13.102057
-7.405044
-15.734377
-29.581551
-28.269413
-13.102057
-7.218898
-15.719893
-29.408279
-28.177683
-13.245823
-7.516087
-16.158165
-29.671137
-28.251175
-13.398708
-7.572950
-16.251507
-29.944721
-28.715733
-13.972165
-8.083642
-16.815844
-29.547754
-27.605299
-13.587536
-7.953287
-16.771854
-30.319695
-28.813366
-14.235558
-8.188785
-16.909184
-30.447905
-28.879885
-14.334800
-8.368493
-17.018618
-30.478481
-27.598326
-11.820497
-6.557466
-15.852930
-29.813829
-28.227036
-14.010789
-8.108855
-16.670467
-30.574505
-28.877739
-14.557423
-8.575560
-16.905428
-30.862574
-29.039745
-14.702799
-8.754195
-17.068506
-31.122211
-29.254858
-14.761271
-8.713962
-15.553596
-27.855282
-25.469725
-12.108566
-7.088543
-15.572371
-29.914145
-28.223280
-13.822498
-8.005858
-16.208055
-30.417328
-28.773670
-14.251115
-8.614720
-16.628626
-30.708614
-29.136303
-14.309051
-8.753121
-16.824963
-30.838434
-28.951231
-12.601020
-7.007540
-16.013327
-30.361000
-29.183510
-14.326217
-8.360983
-16.712309
-30.781034
-29.548290
-14.595510
-8.844853
-16.937616
-30.749920
-29.535416
-13.462009
-6.871284
-14.684560
-27.980808
-27.613346
-13.273182
-7.877112
-16.480566
-30.252102
-29.294554
-14.344992
-8.560002
-17.041149
-30.563240
-29.374485
-14.500561
-8.465589
-17.015400
-30.682865
-29.568676
-14.841738
-8.553029
-16.184988
-28.157297
-26.878420
-13.284447
-7.506968
-16.340019
-30.167881
-29.089096
-14.548840
-8.310557
-17.134489
-30.878130
-29.625002
-15.211346
-8.861484
-17.338337
-31.089489
-28.722708
-13.148727
-7.242502
-16.241850
-30.361538
-28.562311
-14.280619
-8.237601
-16.815844
-31.100218
-29.509130
-15.126051
-8.570195
-16.667250
-30.903343
-29.103045
-14.762344
-8.270324
-15.145900
-29.408817
-28.471115
-14.411510
-8.535327
-16.559423
-31.073933
-29.442612
-15.128734
-9.079815
-16.179087
-30.032698
-28.989319
-14.727475
-8.854509
-16.684952
-31.116848
-29.704933
-15.127125
-9.227336
-16.937078
-31.465534
-30.065422
-15.057923
-9.099127
-17.090502
-31.425301
-30.162518
-15.294495
-9.337307
-17.054560
-31.217697
-30.068640
-15.217247
-8.722009
-16.228975
-30.833069
-30.021433
-15.127661
-9.292246
-17.349604
-31.307283
-30.332569
-15.423777
-9.586753
-17.685951
-31.511131
-30.247810
-14.361622
-8.673728
-17.168285
-31.026188
-30.239765
-15.238705
-9.133459
-17.652155
-31.359856
-29.654507
-14.935078
-9.059966
-17.613531
-31.390968
-30.455952
-15.739740
-9.422065
-17.947199
-31.599644
-30.487600
-15.890481
-9.373785
-18.029274
-31.985882
-30.823414
-15.645864
-7.721544
-16.005816
-30.766550
-29.839043
-15.597584
-9.211780
-17.690243
-31.731609
-30.292336
-15.835228
-9.367348
-17.786266
-32.010559
-30.492966
-16.127588
-9.654881
-17.840446
-32.138767
-30.626003
-16.292276
-9.726764
-17.409685
-31.179073
-28.990391
-14.186742
-7.727982
-16.016544
-31.069103
-29.771988
-15.480639
-9.243966
-17.018618
-31.531517
-30.172710
-15.811625
-9.623231
-16.846420
-31.577114
-30.279461
-15.666248
-9.664536
-17.569544
-31.940285
-30.516569
-15.831472
-9.491265
-16.224148
-30.877058
-29.660944
-14.807941
-9.037436
-16.951027
-31.439249
-30.349735
-15.463473
-9.384514
-17.080845
-31.472507
-30.605082
-15.637817
-9.432794
-17.581882
-31.630758
-30.582550
-15.635135
-9.278298
-17.475130
-31.530443
-30.495111
-15.816452
-9.512723
-17.224075
-31.438175
-30.851845
-16.002062
-9.703160
-18.008890
-31.771305
-30.432884
-15.163603
-9.291709
-17.456354
-30.822876
-30.266050
-15.664639
-9.337844
-17.759981
-31.826559
-30.816977
-16.110958
-9.845854
-18.227221
-32.184902
-30.984346
-15.787484
-9.218217
-17.867270
-32.202068
-31.106117
-16.523481
-10.032536
-18.274427
-32.164516
-29.909853
-15.490831
-9.320678
-17.338873
-31.907026
-30.808393
-16.394735
-9.869457
-18.013182
-32.287899
-30.884031
-16.442480
-10.016442
-17.985823
-32.034698
-30.893150
-16.439798
-9.974063
-17.974558
-32.519108
-31.124893
-15.941979
-9.444595
-17.459574
-32.052402
-31.051937
-15.892627
-9.456397
-17.610849
-32.277706
-31.080368
-16.425314
-10.365129
-18.326464
-32.711689
-31.477873
-16.681732
-10.422528
-18.323244
-32.636585
-31.371120
-16.628626
-10.366202
-18.206837
-32.198849
-30.760113
-16.005280
-9.945096
-17.999233
-32.293800
-31.280462
-16.469839
-10.203660
-18.283010
-32.338863
-30.266050
-15.449526
-9.644689
-17.926277
-32.314186
-31.403843
-16.637209
-10.357083
-18.462183
-32.658043
-31.565849
-16.949953
-10.505141
-18.570543
-32.803955
-31.768623
-17.083529
-10.486901
-18.611315
-32.730999
-31.202679
-16.366304
-10.080279
-18.292131
-32.505157
-31.280998
-15.918376
-8.868993
-17.435434
-32.192951
-31.140450
-16.682806
-10.284127
-18.317881
-32.624786
-31.525080
-17.065289
-10.486901
-18.447163
-31.710688
-29.853527
-15.881898
-9.780408
-17.874779
-32.310429
-31.240229
-16.762199
-10.115684
-16.596437
-31.112556
-30.583088
-16.192497
-9.943486
-17.914476
-32.516960
-31.532589
-16.944052
-10.549129
-18.538895
-32.943966
-31.774525
-17.139854
-10.757805
-18.611315
-32.986347
-32.009487
-17.258408
-10.877431
-18.754543
-33.131721
-32.101753
-16.617359
-8.678556
-15.450599
-29.387360
-28.286579
-13.977530
-8.340598
-16.491297
-31.355026
-30.670528
-16.140463
-9.791137
-17.749252
-32.287365
-31.344835
-16.762199
-10.229946
-17.651083
-32.341545
-31.622711
-17.019156
-10.533572
-18.333437
-32.736900
-31.655972
-16.996088
-10.217608
-17.845274
-32.396797
-31.415108
-16.731085
-10.324360
-17.783585
-32.496040
-31.736437
-16.710701
-10.220290
-18.162848
-32.762650
-31.828169
-17.273964
-10.745467
-18.513681
-32.977764
-31.351273
-16.346457
-10.217608
-18.169823
-32.534664
-31.727854
-17.084064
-10.454179
-18.312515
-32.758896
-31.904343
-17.217638
-10.684849
-18.646183
-32.994930
-32.195633
-17.538431
-10.934295
-18.878462
-33.149426
-31.780962
-15.886189
-9.685994
-17.515364
-32.055622
-31.692986
-17.152193
-10.455789
-18.549623
-32.800201
-32.015388
-17.410221
-10.156453
-17.439726
-32.161835
-31.662945
-17.130735
-10.312558
-18.447163
-32.647316
-31.769161
-17.273428
-10.518552
-18.406929
-32.463314
-31.483236
-16.866804
-9.603382
-17.163458
-31.968716
-31.143669
-16.858759
-10.085643
-17.965975
-32.456879
-31.369511
-17.008425
-10.160209
-18.075945
-32.860821
-31.727318
-17.433825
-10.523379
-18.259945
-33.022823
-31.803493
-17.618896
-10.898353
-18.323244
-33.200924
-32.015388
-17.653229
-10.938586
-18.324854
-33.154255
-31.867329
-17.361404
-10.872603
-18.168213
-33.045891
-32.021824
-17.565788
-11.391343
-18.671932
-33.448761
-32.380169
-17.740669
-11.499703
-18.634916
-33.313038
-32.362465
-17.450991
-11.273862
-18.555525
-33.276562
-32.506767
-17.668249
-11.453033
-18.719139
-33.286755
-32.678429
-17.706337
-11.382760
-18.903675
-33.352200
-32.789471
-17.805042
-11.456252
-19.003452
-32.910172
-31.106117
-16.425314
-10.528208
-18.609167
-32.883350
-32.609764
-17.766954
-11.178912
-19.090357
-33.162300
-32.766941
-17.899992
-11.060358
-19.148829
-33.242767
-32.929485
-18.160704
-11.299611
-19.505562
-33.580189
-33.057693
-18.436434
-11.468054
-19.522192
-33.404770
-32.831314
-18.576445
-11.566759
-19.544722
-33.611301
-32.961132
-18.703581
-11.541547
-19.507172
-33.671921
-32.809322
-18.105450
-10.053993
-18.544258
-33.422474
-32.397335
-17.810406
-10.978819
-19.119324
-33.700352
-32.754066
-18.851641
-11.920811
-19.694925
-34.157936
-32.942360
-18.816771
-11.771680
-19.381107
-33.728783
-32.323841
-18.387081
-11.741639
-19.339802
-34.043674
-32.910709
-18.881144
-12.090864
-19.639135
-34.543102
-33.343616
-18.442335
-11.954070
-19.510389
-34.443321
-33.383850
-18.896700
-12.304904
-19.561888
-34.477654
-33.518497
-18.835546
-12.404682
-19.605877
-34.437958
-33.593063
-18.942835
-12.660564
-19.867125
-34.632149
-33.977154
-19.146683
-12.528064
-19.370916
-34.287220
-33.803349
-19.119324
-12.715282
-20.051661
-34.650391
-34.130577
-19.381643
-12.881042
-20.195427
-34.826344
-34.353737
-19.394518
-12.461008
-18.693390
-33.005657
-33.374195
-18.859686
-12.425067
-19.986214
-34.483021
-34.074249
-19.204082
-12.493731
-20.127834
-34.325840
-33.363464
-18.563034
-11.931540
-19.856932
-34.105366
-33.853771
-19.093039
-12.169184
-20.119787
-34.365002
-34.089272
-19.443872
-12.514116
-20.602587
-34.730320
-33.782963
-18.134954
-11.416018
-19.824745
-34.072643
-33.625248
-19.179941
-11.987329
-20.092430
-34.397190
-33.774918
-19.275965
-11.893453
-20.014647
-34.411137
-33.748093
-19.365551
-12.112858
-20.260872
-34.733002
-33.582870
-18.910112
-11.869312
-19.991579
-34.503941
-33.527615
-19.480886
-12.224974
-20.185234
-34.987812
-33.910637
-19.816698
-12.568296
-20.187916
-35.033409
-33.866650
-19.281866
-11.446596
-19.476057
-34.795765
-33.682648
-19.545795
-12.605848
-20.112278
-35.210434
-33.782963
-19.495371
-12.783947
-20.066681
-35.180393
-33.962135
-19.584955
-12.960436
-20.187380
-35.452370
-34.211044
-19.706192
-13.100447
-20.080627
-35.132648
-33.996468
-19.429388
-13.006033
-20.200254
-35.306995
-34.316723
-19.268456
-12.620869
-19.840837
-35.523716
-35.229210
-20.415367
-14.547231
-22.189917
-37.099781
-36.312286
-22.148075
-16.491297
-24.396305
-39.498749
-39.741222
-25.338295
-19.440653
-27.374092
-42.323654
-42.605820
-27.963106
-21.674932
-29.828850
-44.488731
-44.518772
-29.843870
-23.293915
-31.372192
-46.139900
-46.418850
-31.889324
-25.435392
-33.703033
-48.162289
-48.487373
-34.082298
-27.439539
-35.774773
-50.098843
-50.183067
-35.960918
-29.216770
-37.630859
-52.002140
-51.681885
-37.728493
-30.919437
-39.428478
-54.096947
-53.836769
-40.027145
-33.066814
-41.412239
-56.032963
-55.397278
-41.527573
-34.457272
-42.692188
-57.546803
-56.747505
-42.810207
-35.556976
-43.268864
-58.540829
-57.774254
-43.926006
-36.945824
-44.776264
-59.956497
-58.829433
-44.878189
-38.041775
-45.734348
-60.984856
-59.876034
-45.865242
-39.070133
-46.446743
-61.589428
-60.547657
-46.296005
-38.783672
-46.132389
-61.573334
-60.752579
-46.296005
-39.800766
-46.945637
-62.112995
-61.270245
-46.714428
-40.255669
-47.238533
-62.161812
-61.449951
-46.733204
-40.207928
-47.425213
-62.374241
-61.816341
-47.075993
-40.836636
-48.104889
-62.778717
-62.382290
-47.452572
-40.951435
-48.296398
-62.988468
-62.360294
-47.226730
-40.675167
-48.159607
-62.525520
-62.093681
-47.270718
-40.582363
-48.271187
-62.644073
-62.360832
-47.633892
-40.902618
-48.674591
-63.002953
-62.729366
-48.065193
-41.039948
-48.811382
-63.249714
-62.973984
-48.433193
-41.464809
-49.334415
-63.685841
-63.334473
-48.904190
-41.800621
-49.699730
-64.087097
-63.490040
-48.824257
-41.636471
-49.578495
-63.831753
-62.921413
-47.710602
-40.674095
-48.856445
-63.480385
-62.563606
-48.125275
-40.784065
-48.497566
-63.024944
-62.204189
-47.871532
-40.533546
-48.203060
-62.955208
-62.150547
-48.061974
-40.641373
-47.715965
-62.954674
-62.374779
-48.235245
-41.214291
-48.603783
-63.292095
-62.416084
-48.101135
-41.029217
-48.438019
-63.257225
-62.315231
-47.932690
-40.870968
-48.240074
-63.039429
-62.261051
-47.801796
-40.756168
-48.112400
-62.966473
-62.132305
-47.626915
-40.796940
-48.056610
-62.997051
-62.330254
-47.777657
-40.951969
-48.260460
-63.175686
-62.617249
-47.885483
-41.020100
-48.359699
-63.266346
-61.929531
-46.960117
-40.537838
-47.871532
-62.653728
-61.842091
-47.243359
-40.495995
-47.601704
-62.356541
-61.748215
-47.036293
-40.199345
-47.574883
-62.459000
-61.977810
-47.422531
-40.720226
-48.178383
-62.909611
-62.322742
-47.703629
-40.813568
-47.738495
-62.609741
-62.107094
-47.464375
-40.578609
-48.108646
-62.729904
-62.276073
-47.687534
-41.037266
-48.690685
-63.012608
-62.410721
-47.674660
-40.715401
-48.286209
-62.595257
-62.048084
-47.264282
-40.291073
-48.087189
-62.432713
-61.963326
-47.318462
-40.300732
-48.119373
-62.504597
-62.093681
-47.565762
-40.526035
-48.383839
-62.726685
-62.048084
-47.467594
-40.058796
-47.775509
-62.003559
-61.427422
-47.048634
-39.842072
-47.693974
-62.240669
-61.508961
-47.186497
-40.058258
-47.907475
-62.518543
-61.783619
-47.632816
-40.430012
-48.093086
-62.809296
-61.920948
-47.717037
-40.440742
-47.860806
-62.603840
-61.536320
-47.199371
-39.813107
-47.256237
-62.070618
-60.779400
-46.755199
-39.801838
-47.206882
-62.304504
-61.288483
-46.894138
-39.986912
-47.176842
-62.204189
-61.245567
-46.838882
-39.987450
-47.102814
-62.229939
-61.315842
-46.676876
-40.058258
-47.213322
-62.247643
-61.667213
-46.877506
-39.897861
-47.116222
-62.454708
-61.823315
-46.592121
-39.682751
-47.160748
-62.397308
-61.800247
-46.454254
-39.679531
-47.167721
-62.344738
-61.900028
-46.600166
-39.676311
-47.247116
-62.248177
-62.025555
-46.879116
-39.956871
-47.733669
-62.560925
-62.252468
-46.845856
-39.911812
-47.771221
-62.434322
-62.223503
-46.957973
-39.783066
-47.706310
-62.351711
-61.956890
-46.822788
-39.693478
-47.695045
-62.214382
-61.872669
-47.005180
-39.690796
-47.794285
-62.311478
-61.879642
-47.229412
-39.922539
-47.922497
-62.296993
-61.735878
-46.598557
-38.290146
-45.934444
-60.428032
-59.914120
-45.726303
-38.515987
-46.724621
-61.506279
-60.331470
-45.939270
-38.719837
-46.759491
-61.742313
-60.936577
-46.454254
-39.149525
-47.051315
-62.069542
-61.156517
-46.743397
-39.349083
-46.970310
-61.581383
-60.444660
-46.236458
-39.143089
-46.801868
-61.903244
-60.943550
-46.301907
-39.019707
-46.503071
-61.763233
-60.929604
-46.368961
-39.208000
-46.663467
-61.922020
-60.983784
-46.277767
-39.217655
-46.557789
-61.782547
-61.015434
-46.423679
-39.467098
-46.831371
-61.948307
-60.995586
-46.021347
-39.212826
-46.716038
-61.887154
-61.046547
-46.113613
-39.249840
-46.652203
-61.679550
-61.085709
-46.181206
-39.336746
-46.779873
-61.785229
-61.153835
-46.175304
-39.238041
-46.770218
-61.672039
-61.031528
-45.925861
-39.027218
-46.672588
-61.515934
-61.109848
-46.055141
-39.164009
-47.001427
-61.743923
-61.373241
-46.410801
-39.412918
-47.129097
-61.683304
-61.322281
-46.296005
-39.163475
-47.179523
-61.869450
-61.197826
-46.226803
-39.370003
-47.322754
-61.914513
-61.294384
-46.540623
-39.644127
-47.871532
-62.211700
-61.366268
-46.616795
-39.561512
-47.475101
-62.007317
-61.289558
-46.591045
-39.534157
-47.578098
-61.996052
-60.844311
-46.315853
-39.277199
-47.305588
-62.014290
-61.077126
-46.514336
-39.188152
-47.231560
-62.075443
-61.085709
-46.592121
-39.278271
-47.207954
-62.178978
-61.051914
-46.523457
-39.220875
-47.068481
-62.161812
-61.021336
-46.532040
-39.280956
-47.079746
-62.262661
-61.017044
-46.439236
-39.225700
-46.859268
-62.091000
-60.912437
-46.441917
-39.308315
-46.817425
-62.097973
-60.877571
-46.342674
-39.350693
-46.877506
-62.443977
-61.390945
-46.805622
-40.002468
-47.220829
-62.335083
-61.254150
-46.482151
-39.736393
-47.006252
-62.338299
-61.302429
-46.366814
-39.696697
-46.862488
-62.004097
-61.111996
-46.048706
-39.533619
-46.741787
-61.667747
-60.956963
-45.984333
-39.491241
-46.857121
-61.726757
-61.316380
-46.190861
-39.637154
-47.143581
-61.836727
-61.495552
-46.416168
-39.628571
-47.097984
-61.664528
-61.473019
-46.394173
-39.574924
-47.302368
-61.564751
-61.263809
-46.194080
-39.400043
-47.107105
-61.305115
-61.081955
-46.073380
-39.072277
-47.067944
-61.299213
-61.014900
-46.062653
-38.864677
-46.878044
-61.223038
-60.798176
-46.013836
-38.834099
-46.949928
-61.509499
-61.066399
-46.379688
-39.067451
-47.181133
-61.561531
-60.952671
-46.539547
-39.293293
-47.342602
-61.872669
-60.987541
-46.585682
-39.209606
-47.097446
-61.682770
-60.682842
-46.515945
-39.133968
-46.846394
-61.599083
-60.417839
-46.116833
-38.617374
-46.365742
-61.386654
-60.213455
-46.010616
-38.787964
-46.337311
-61.569580
-60.432323
-46.181206
-39.093201
-46.658104
-61.957428
-60.837872
-46.463375
-39.482658
-46.858730
-62.171467
-61.226257
-46.757881
-39.843147
-47.116222
-62.196144
-61.311012
-46.730522
-39.702599
-46.890919
-62.022335
-61.096436
-46.364132
-39.562588
-46.821716
-61.903244
-61.101265
-46.195690
-39.397362
-46.730522
-61.740704
-60.972519
-46.107712
-39.411846
-46.840492
-61.687595
-61.129696
-46.290638
-39.518063
-46.955830
-61.716026
-61.025089
-46.096447
-39.346401
-46.723549
-61.314770
-60.594864
-45.713966
-38.900616
-46.441917
-61.112530
-60.593254
-45.712357
-38.726273
-46.467667
-61.142036
-60.550339
-45.798721
-38.965527
-46.802406
-61.497158
-61.024017
-46.274548
-39.416138
-47.272865
-61.669895
-61.112530
-46.439770
-39.432766
-47.120514
-61.730511
-61.176903
-46.401684
-39.202099
-46.954220
-61.507351
-60.825535
-46.456936
-39.544884
-46.893600
-61.029381
-60.452171
-46.430115
-39.488560
-46.758419
-60.887760
-60.431252
-46.495026
-39.582973
-46.959583
-61.231621
-60.886688
-46.915058
-39.804523
-46.983185
-61.186562
-60.818024
-47.036293
-39.640907
-46.728374
-61.198360
-60.595936
-46.440845
-39.332989
-46.790604
-61.374851
-60.447342
-45.938732
-38.890961
-46.479465
-61.295456
-60.555168
-46.183353
-39.108219
-46.699409
-61.511642
-60.715565
-46.389347
-39.364639
-46.958511
-61.914513
-61.040112
-46.576027
-39.479439
-47.076527
-61.865158
-60.901711
-46.496098
-39.469246
-46.881264
-61.637707
-60.688206
-46.326580
-39.411312
-46.969776
-61.769672
-60.830360
-46.456402
-39.370541
-46.800797
-61.715492
-60.745068
-46.335163
-39.431160
-46.942951
-61.801857
-60.822315
-46.248798
-39.295437
-46.633961
-61.515934
-60.687134
-46.147945
-39.322796
-46.716038
-61.524517
-60.771889
-46.298149
-39.677387
-46.912376
-61.515400
-60.887226
-46.169403
-39.290073
-46.682243
-61.223576
-60.489185
-45.838421
-39.206924
-46.622696
-61.186024
-60.599155
-45.965019
-39.167767
-46.544914
-61.295994
-60.879177
-46.219830
-39.521816
-47.070625
-61.490185
-60.819633
-46.124878
-39.255207
-46.599094
-61.114677
-60.595402
-46.005791
-39.305096
-47.006252
-61.641998
-61.123260
-46.414021
-39.474609
-47.039513
-61.426350
-60.836262
-46.180668
-39.187614
-46.750908
-61.291164
-60.726292
-46.173161
-39.250916
-46.823864
-61.391479
-60.787445
-46.358768
-39.402729
-47.086720
-61.736950
-61.046547
-46.511654
-39.555614
-47.062580
-61.598549
-60.789055
-46.426895
-39.474075
-47.022346
-61.548122
-60.680161
-46.320145
-39.165085
-46.564762
-61.002560
-59.778400
-45.218292
-38.325550
-46.116295
-60.803539
-60.089535
-45.797115
-38.728954
-46.249870
-60.915119
-60.267097
-45.864170
-38.882378
-46.498241
-61.074982
-60.251007
-45.931225
-38.983231
-46.564224
-61.115749
-60.311089
-45.848076
-38.852875
-46.290104
-60.892052
-60.267097
-45.686607
-38.770798
-46.218220
-60.857719
-60.184486
-45.742931
-38.922077
-46.488586
-61.188705
-60.482212
-45.979504
-39.029900
-46.629673
-61.337299
-60.565361
-45.892601
-38.989132
-46.625916
-61.300285
-60.225792
-45.362595
-38.601818
-46.312634
-60.954819
-60.357758
-45.877045
-38.961235
-46.467667
-61.099121
-60.381359
-45.876507
-38.836246
-45.735424
-60.134060
-59.883541
-45.561077
-38.686577
-46.349648
-61.036354
-60.430714
-45.910839
-38.886135
-46.505215
-61.133453
-60.495087
-45.952145
-38.983231
-46.484833
-61.184414
-60.551949
-46.005791
-39.001469
-46.496632
-61.117897
-60.494015
-46.026711
-38.877014
-46.397392
-60.640999
-59.761772
-45.555714
-38.764362
-46.352867
-61.068542
-60.370094
-45.875969
-38.810497
-46.463375
-61.215527
-60.460754
-46.004715
-38.984303
-46.557251
-61.284191
-60.509033
-46.042267
-39.003078
-46.459618
-61.062641
-60.301968
-45.867924
-38.800304
-46.367886
-61.061569
-60.402817
-45.926933
-38.891499
-46.451572
-61.081417
-60.349174
-45.882946
-38.239185
-45.764927
-60.849674
-60.216675
-45.715572
-38.748268
-46.311562
-61.021336
-60.232231
-45.322361
-38.385098
-45.897427
-60.724148
-60.090073
-45.665684
-38.715008
-46.228413
-61.034748
-60.282120
-45.707527
-38.780453
-46.015446
-60.422668
-59.908756
-45.440380
-38.432304
-46.037975
-60.859329
-60.162491
-45.562687
-38.585190
-46.180668
-61.047623
-60.331470
-45.748299
-38.676922
-46.255234
-61.096436
-60.259590
-45.494560
-38.355057
-45.834663
-60.570724
-59.929138
-45.390491
-38.434448
-46.015446
-60.740776
-60.005852
-45.469883
-38.431767
-46.021881
-60.794422
-60.224182
-45.557323
-38.577145
-46.196224
-60.954281
-60.267097
-45.617943
-38.557293
-46.036903
-60.679623
-60.082027
-45.429649
-38.504189
-46.197834
-60.911366
-60.046085
-45.515480
-38.525646
-45.917812
-60.587891
-60.004780
-45.507435
-38.433914
-45.854511
-60.606667
-60.000488
-45.476856
-38.387241
-45.932297
-60.640461
-59.999950
-45.528893
-38.371151
-45.770828
-60.616859
-59.933434
-45.504215
-38.492924
-46.022957
-60.789593
-60.039646
-45.469883
-38.432842
-46.213928
-60.928532
-60.227940
-45.740250
-38.614693
-46.131855
-60.882935
-60.292847
-45.861485
-38.955872
-46.545986
-61.214455
-60.459145
-45.943562
-38.855556
-46.181744
-61.049767
-60.415157
-45.722012
-38.272980
-45.742397
-60.779938
-60.093826
-45.414631
-38.547104
-46.066406
-60.804611
-60.103485
-45.498852
-38.570705
-45.979504
-60.640461
-59.826141
-45.339527
-38.448933
-45.933369
-60.586281
-59.957035
-45.355083
-38.434986
-45.973602
-60.605595
-59.911972
-45.269791
-38.294437
-45.783165
-60.490257
-59.841164
-44.947392
-38.097565
-45.610432
-60.179657
-59.677013
-45.205418
-38.179638
-45.702702
-60.396381
-59.878716
-45.307880
-38.186615
-45.669975
-60.336838
-59.851891
-45.408192
-38.355057
-45.943027
-60.572334
-59.969910
-45.279984
-38.266006
-45.912449
-60.628124
-60.049839
-45.475246
-38.270298
-45.752052
-60.497231
-59.788593
-45.140507
-37.905518
-45.447891
-60.380825
-59.950600
-45.204346
-37.774628
-45.373325
-60.355076
-59.909290
-45.282131
-38.025143
-45.532646
-60.488113
-60.000488
-45.356159
-38.044456
-45.630280
-60.509033
-59.674866
-44.984940
-37.661972
-45.345966
-60.297138
-59.705444
-45.327190
-37.863140
-45.327190
-60.404427
-59.683987
-45.065945
-37.812176
-45.226875
-60.268707
-59.698471
-45.091694
-37.835781
-45.192543
-60.245640
-59.785912
-45.041267
-37.759605
-45.217220
-60.354538
-59.921631
-45.329872
-38.156036
-45.474174
-60.499916
-60.025162
-45.391026
-38.146915
-45.507435
-60.482750
-59.952206
-45.253162
-37.976330
-45.419460
-60.502060
-59.965618
-45.208099
-37.971500
-44.772511
-59.844383
-59.592793
-44.785919
-37.685577
-45.198444
-60.203796
-59.829899
-45.030003
-37.939312
-45.535328
-60.541756
-60.183949
-45.299831
-37.790184
-45.398537
-60.456463
-60.115284
-45.284813
-38.221481
-45.777802
-60.469872
-60.002098
-45.185570
-37.925903
-45.481686
-60.288555
-59.950600
-45.038586
-37.880306
-45.487049
-60.312695
-59.930748
-45.039120
-37.626568
-45.282665
-60.224182
-59.815952
-45.113152
-38.029972
-45.642620
-60.637245
-60.213989
-45.414093
-38.218800
-45.784237
-60.605595
-60.087391
-45.282665
-37.932339
-45.253696
-60.156593
-59.581528
-44.865314
-37.589554
-45.127636
-60.107777
-59.564362
-44.731739
-37.513916
-45.122269
-59.950062
-59.482285
-44.790749
-37.625496
-45.252625
-60.098656
-59.695789
-45.055752
-37.780529
-45.445744
-60.264954
-59.827217
-45.261745
-37.882988
-45.512798
-60.437687
-59.971519
-45.255306
-38.059475
-45.689289
-60.438759
-59.894272
-45.233849
-37.866894
-45.117977
-59.766598
-59.277901
-44.560078
-37.376049
-45.130852
-60.029991
-59.545586
-44.984406
-37.601891
-45.211319
-60.127625
-59.548267
-45.055214
-37.586334
-45.238678
-60.301968
-59.590111
-45.142117
-37.803593
-45.356693
-60.484356
-59.829899
-45.305733
-37.835243
-45.292858
-60.525127
-59.708126
-45.105103
-37.678066
-45.092228
-60.251541
-59.635170
-45.106174
-37.777309
-45.170013
-60.367950
-59.662529
-45.056286
-37.808422
-45.024639
-60.246178
-59.681839
-44.932907
-37.753704
-45.038586
-60.154984
-59.358368
-43.814426
-37.138405
-44.834202
-60.058422
-59.668430
-44.765537
-37.651245
-44.802551
-59.742458
-59.365875
-44.451717
-37.473682
-44.759098
-59.754795
-59.518761
-44.619087
-37.606720
-44.930225
-59.492477
-59.182949
-44.379299
-37.564877
-45.137291
-59.933434
-59.715099
-44.691505
-37.380341
-44.870144
-59.599766
-59.301502
-44.434013
-37.326698
-45.094910
-59.800392
-59.576698
-44.762852
-37.432911
-45.222584
-59.815952
-59.570259
-44.898037
-37.500504
-45.318069
-59.807903
-59.473164
-44.830444
-37.212971
-45.139973
-59.889442
-59.477993
-44.974213
-37.401798
-45.365276
-60.047157
-59.571869
-45.124950
-37.452225
-45.231167
-60.080952
-59.441513
-45.132462
-37.523037
-45.324509
-60.243496
-59.431320
-45.144802
-37.535374
-45.117977
-60.225792
-59.254833
-45.067017
-37.504261
-44.995132
-60.347027
-59.346565
-45.065407
-37.633541
-45.008545
-60.345955
-59.442051
-45.065407
-37.539665
-44.636791
-60.280510
-59.430786
-44.939342
-37.661438
-44.849220
-60.288555
-59.361050
-44.847610
-37.746197
-44.849758
-60.289093
-59.511787
-44.911449
-37.908737
-44.963482
-60.286945
-59.711880
-44.933979
-37.873867
-45.013371
-60.386189
-59.932896
-44.873898
-37.851337
-44.950607
-60.053059
-59.830971
-44.835274
-37.626568
-44.722622
-60.158199
-60.016579
-44.877117
-37.915710
-45.101887
-60.127625
-60.052521
-44.874969
-37.669483
-44.901791
-59.848675
-59.923775
-44.783237
-37.067059
-44.713501
-59.614250
-59.638390
-44.755878
-37.611012
-45.157673
-59.954887
-59.880325
-44.921104
-37.501041
-45.005863
-59.793957
-59.729046
-44.868534
-37.460808
-45.118515
-59.848675
-59.614784
-44.811134
-37.246769
-44.960800
-59.740849
-59.535393
-45.024101
-37.513378
-45.092228
-59.943623
-59.668964
-45.151775
-37.500504
-45.116905
-59.979031
-59.635708
-45.204346
-37.624958
-45.275154
-60.227940
-59.787521
-45.338993
-37.715618
-45.085793
-60.232765
-59.900707
-45.649055
-38.084152
-45.473103
-60.781010
-60.404964
-46.031540
-38.565342
-45.850758
-61.292774
-60.814270
-46.415630
-38.970356
-46.174770
-61.539001
-60.979492
-46.404366
-38.989132
-46.176376
-61.464973
-60.824463
-46.278301
-38.984303
-46.131317
-61.492332
-60.996658
-46.263283
-39.181713
-46.229485
-61.661846
-61.442444
-46.749298
-39.552395
-46.617332
-61.986393
-61.727829
-46.805088
-39.527180
-46.673660
-61.936504
-61.673649
-46.689754
-39.606575
-46.804016
-61.807224
-61.685986
-46.780949
-39.697769
-46.861416
-61.863548
-61.881790
-46.814743
-39.654320
-46.929005
-61.801323
-61.836189
-46.941345
-39.691334
-47.108177
-61.884472
-61.930603
-47.015373
-39.726738
-47.166111
-61.919338
-62.088856
-47.165039
-39.703136
-47.183815
-61.889835
-61.919338
-47.036831
-39.343719
-46.835129
-61.496086
-61.425278
-46.640400
-39.064232
-46.761101
-61.473019
-61.368412
-46.838882
-39.170986
-46.887165
-61.674187
-61.516472
-47.152164
-39.599064
