-205.821487
-253.668869
-134.962875
-225.474655
-145.354828
-234.726578
252.251694
-252.533325
-28.589670
-229.177094
214.359589
134.734879
130.251846
-223.556793
231.681290
-49.505539
-253.141647
-187.961716
-243.966782
-200.960785
-225.914001
-100.918663
-231.484863
215.765060
198.841309
46.740715
-222.815430
214.219574
40.245476
183.924454
-237.973129
222.543549
-153.470108
-248.649490
-174.070557
253.924316
232.516541
229.047272
-56.755013
-250.420181
182.024475
102.527992
99.093155
-251.086441
204.029861
-72.335968
224.371109
-219.925613
234.078659
-232.851181
252.882996
-131.299515
253.748367
192.115494
170.200119
23.339512
-246.592667
191.559723
22.383574
175.466904
-233.925140
228.017395
-153.362823
-250.285095
-169.495239
-252.164688
239.145874
241.167099
-45.598629
-240.658554
192.184692
114.502441
112.092751
-240.529800
211.843674
-63.595718
237.149155
-206.980194
245.291901
-228.465759
-253.877640
-123.753922
-254.152206
191.589233
169.526886
14.347137
252.105240
178.855713
12.016834
168.042557
-245.602936
217.218826
-168.498535
244.295090
-201.056808
223.887329
194.800919
197.685806
-89.270363
227.398346
139.629471
64.258224
71.838150
232.510635
171.370743
-108.359116
191.991470
-249.521637
202.995071
248.518051
228.245285
-153.559708
225.689240
162.066147
139.388519
-9.199441
217.911362
141.254898
-27.077976
133.933975
227.271744
173.284760
-214.906128
200.907135
-233.634384
195.952667
170.618103
172.511124
-108.150436
204.687012
122.116257
46.341064
53.902752
201.994598
139.612305
-141.467758
171.333633
235.103256
177.288757
216.318680
199.096115
-184.064468
195.697845
131.688522
115.783470
-31.971399
199.752274
125.735092
-49.861736
119.598640
210.756302
162.487793
-225.990631
193.683960
-240.622070
182.896194
170.206650
175.462616
-113.685982
196.045471
93.608658
-11.449279
2.419889
143.108841
80.292030
-200.695251
111.647499
184.087082
126.321960
157.568085
148.129837
-228.998993
143.134048
74.174446
58.423885
-80.618088
145.050751
67.537056
-115.471260
59.084782
149.356232
91.649574
203.491806
123.393967
199.963104
109.530800
76.118515
81.530579
-197.615005
102.224998
16.797699
-72.128365
-46.393635
103.597748
45.076229
-252.453293
69.290588
135.314865
77.399536
111.763466
101.920204
242.355942
101.133339
31.344929
7.099272
-116.861717
104.497360
29.163221
-165.195663
17.625334
105.552544
54.176971
164.441513
89.354584
171.223755
78.939125
42.726078
45.260136
-216.805130
84.017616
0.878787
-97.846466
-65.377243
73.989914
17.293907
226.793243
45.945709
109.986237
48.674149
72.150452
53.393135
198.608582
53.729042
-10.027076
-38.881306
-159.248672
34.392994
-46.686977
-247.564697
-55.683205
27.418713
-25.117723
74.264572
-1.171589
85.890335
-7.490779
-45.712261
-53.242393
204.417709
-20.157244
-107.446533
-220.778015
-176.256546
-42.093960
-106.661720
83.614212
-94.853111
-31.739561
-99.405266
-84.302818
-105.210739
53.148609
-94.366463
-169.061157
-222.296692
182.334000
-122.457245
-185.661896
107.523972
-202.041718
-114.648262
-164.996002
-84.821556
-170.427582
-74.094864
-173.339828
-223.125397
-243.797272
43.449738
-172.281967
-255.591385
127.170074
180.799774
-190.690491
-247.150482
-62.295288
-237.796097
-171.777710
-231.087265
-222.655472
-246.725174
-76.517433
-222.561050
210.195282
149.041351
66.913704
-238.994949
208.313980
-19.860592
189.725098
-231.608688
234.446213
-203.831726
239.412491
-159.953461
247.943619
185.239456
162.285553
-63.254986
217.160980
123.720848
-21.288063
47.127048
156.525345
88.817795
248.628662
86.049126
161.690201
100.985909
93.610367
74.894356
-249.551056
104.612793
14.233066
-60.118408
-126.698891
82.261406
11.752558
-248.301147
-19.636358
74.113922
25.936081
75.353104
2.603984
121.778931
19.243969
-48.518295
-77.471230
231.827835
0.302207
-87.527275
-254.125824
-165.963745
-25.696449
-71.009155
81.211052
-74.679047
10.386777
-52.873131
-74.720795
-112.515373
84.150215
-68.784531
-148.418259
-236.082611
196.124954
-143.049011
-225.423416
7.069421
244.974411
-167.466232
-207.305099
-154.161392
-223.132904
-98.599442
-200.057770
248.543991
205.886581
18.963409
-220.432892
201.810791
19.568516
129.841660
-241.383102
229.941803
-161.459686
214.118286
-198.342224
252.732529
225.391174
194.761856
-99.646576
-254.948639
171.118256
61.872860
23.376181
226.011826
166.707642
-124.297684
131.300766
227.679626
188.121857
214.222443
141.650345
-232.109619
194.127335
126.461624
71.794884
-100.686737
175.299820
96.618835
-103.354462
29.761986
168.606110
141.306580
252.556046
114.337410
207.244949
153.747208
121.247414
80.884354
-203.717377
154.429550
70.160980
-50.660309
-67.178429
130.104599
80.728882
-222.868347
55.984337
154.628036
117.045998
145.913010
83.600365
227.823929
126.456802
54.090794
-5.250503
-154.856094
114.545647
43.709568
-160.834198
-28.255814
94.574448
46.572556
143.430893
20.245504
128.005508
63.358898
23.306002
-24.028114
214.773911
43.513767
-30.245918
-138.618530
-130.198013
36.312572
-31.728106
148.785110
-85.279045
16.390192
-24.709839
-17.060713
-79.041832
84.971603
-16.841307
-87.336739
-155.028824
227.407120
-19.947842
-91.331085
197.037537
-158.032898
-23.244814
-53.689499
36.698811
-70.189476
51.334553
-4.087402
-44.808704
-81.651627
184.544861
6.253051
-84.610542
-223.482025
-210.626205
-37.167625
-90.583824
90.542549
-120.110756
-15.660063
-57.302437
-50.946136
-103.974586
68.848839
-49.490234
-133.609146
-220.489761
165.251190
-103.077026
-181.759628
81.233673
249.017136
-141.946518
-185.646149
-118.962677
-229.865692
-103.068977
-173.730164
-226.385162
240.840149
3.851401
-186.169708
240.287170
90.598335
126.069489
-210.210373
-239.423386
-88.108681
218.770401
-182.521912
-232.266174
-236.299683
214.629608
-107.108383
-230.640747
204.275299
113.373520
16.175079
-253.720627
188.087082
-58.026634
141.083420
-248.686661
223.079193
-225.930801
186.848877
-202.578415
237.248230
187.861237
121.213081
-107.376602
201.924072
117.985939
-36.515850
17.753292
193.089417
150.496994
-205.944046
123.524071
222.142029
172.678864
163.208527
124.048172
-193.324249
190.506973
107.067741
19.510138
-62.877678
166.245316
101.604614
-161.279892
47.188393
163.242859
129.389618
184.175354
90.818817
223.482605
141.006271
72.770866
19.057383
-181.291855
133.813660
57.421654
-109.762161
-28.682190
134.150543
88.602867
224.524902
45.178345
148.900543
102.222061
83.921883
31.761398
238.014816
102.948944
19.230211
-84.145447
-144.910370
80.379219
19.608402
254.814026
-29.299633
88.224678
45.780327
88.116852
-1.821472
136.039352
53.881676
-9.318152
-67.224998
255.134277
42.966690
-35.088818
-222.481476
-125.571098
36.162998
-3.554084
124.682884
-39.227562
70.251198
18.669630
-5.864539
-58.953068
165.956711
26.322510
-56.714401
-172.701263
-213.143097
6.532632
-52.704498
158.310806
-114.930244
6.153904
-28.703016
6.323956
-71.051437
83.707840
-1.701751
-63.235924
-126.806526
217.984070
0.750862
-76.832039
237.061020
-158.096100
-8.958735
-46.887321
64.592270
-87.081390
32.343533
-22.135357
-54.326698
-110.224037
127.882217
-26.681704
-107.973572
-225.133636
-239.940506
-29.740494
-84.448441
118.297081
-120.099930
2.999626
-35.655838
-12.946109
-81.048569
81.715492
-16.797224
-83.879280
-161.258423
212.563324
-15.547852
-95.622528
202.954041
-152.196320
-2.349772
-40.656548
63.449116
-63.753151
51.515430
-15.020529
-58.707283
-110.328110
145.552612
-16.509691
-102.378479
-235.165634
-226.999390
-34.738522
-83.758041
104.078690
-124.172058
-12.556652
-46.016140
-32.214565
-93.969307
78.407257
-32.755299
-111.326332
-188.157227
204.286026
-40.948910
-108.285240
173.385895
-173.335342
-38.245243
-80.307114
0.508390
-117.626396
7.401132
-59.890675
-108.857628
-161.320114
111.363571
-70.776688
-153.369415
201.773346
227.733902
-101.669304
-146.404266
23.579145
-183.392014
-71.300255
-114.008537
-109.074348
-165.069839
20.417356
-89.170204
-161.698746
253.043228
156.011612
-105.086441
-170.868683
91.807037
-226.838989
-97.928162
-134.216843
-74.255508
-180.423889
-52.720592
-124.800140
-178.878296
-235.930069
57.898014
-134.710907
-216.184631
131.787521
195.076935
-147.770584
-195.147522
-50.132259
-236.697174
-122.390442
-166.185547
-178.137482
-233.589569
-26.174767
-150.494629
-233.976791
174.952835
103.333031
-172.812210
-235.115662
10.654115
232.920227
-154.160675
-203.438766
-164.902924
231.116699
-153.245499
-241.636108
209.444016
139.202744
-60.007618
235.449097
153.887939
-33.561569
50.518185
216.845840
174.587082
-211.394196
116.758026
232.981476
187.901566
159.744278
100.200211
-193.373505
176.599808
91.224556
-24.138969
-72.517441
149.519699
87.041924
-206.741104
26.413168
144.243256
107.938484
145.391769
58.271378
207.427536
116.533356
46.725094
-17.501036
-185.546280
107.102707
31.633379
-170.455093
-59.245869
96.792297
56.460983
165.217590
10.081731
127.387177
68.594757
31.295956
-40.768665
195.187531
38.859249
-45.639462
-174.901657
-196.416748
14.696836
-33.486908
173.251877
-69.615829
52.549248
15.136182
37.840546
-37.537140
133.582016
35.338047
-36.113327
-106.041306
-243.331802
27.279617
-39.231129
-253.274750
-108.959015
35.276890
0.458059
98.960052
-30.125660
89.881844
32.109737
-11.824313
-68.478569
183.954437
22.030531
-53.362617
-192.104294
-180.155029
20.078957
-27.579613
149.162430
-75.292458
39.728287
0.947294
8.679567
-64.612968
111.400139
6.569742
-67.428123
-152.935974
239.194000
-10.884467
-82.969376
188.196609
-154.549591
-17.580336
-48.021267
26.849926
-95.131142
31.352283
-29.905624
-80.197044
-138.690231
139.632538
-38.189896
-117.159500
240.199829
-229.994781
-44.557995
-85.986862
72.138496
-133.088699
-22.630398
-65.169701
-72.101601
-136.104034
50.719982
-69.513809
-154.633713
-253.685120
170.487595
-92.842590
-152.965378
95.658249
-223.872375
-93.292664
-122.662857
-63.440212
-170.380524
-34.260456
-105.102974
-164.162003
-225.002121
81.532661
-113.283173
-192.092392
143.184311
216.482666
-117.088158
-155.529572
-22.270983
-208.750076
-95.204002
-135.642609
-153.052826
-208.449677
5.673883
-124.123589
-206.464737
200.312164
145.421280
-123.925644
-156.943634
101.118698
-174.898972
-48.522839
-75.334740
-25.959021
-115.047089
20.170153
-61.168919
-118.843391
-185.448639
156.941910
14.232814
16.158104
-111.758705
22.523964
187.177368
144.011505
253.291687
108.497894
236.484436
189.287735
147.073517
93.389008
-192.998535
169.610519
86.563416
-31.525772
-52.793011
162.019867
121.455208
-151.328796
132.029984
253.261658
236.224258
246.229431
170.794876
-174.040131
249.833786
187.369949
125.843201
-27.344746
249.296280
187.777115
-20.113508
122.721115
-235.776016
249.776398
-161.346848
243.673203
-151.884552
-245.527451
224.393570
179.559265
-75.973198
-231.921143
212.386932
72.466698
94.748886
-209.673828
249.174500
-95.007759
198.369614
-200.750122
-228.053406
-224.634125
220.496765
-129.041245
-253.122391
176.306915
83.840340
-24.375004
252.638840
185.804611
-66.058144
105.566238
235.129913
188.932068
226.296875
80.079880
196.296356
126.280502
81.588455
43.494549
-166.311615
208.696747
169.404526
37.411297
124.475281
-187.341736
-201.850357
-16.623953
-156.293655
108.255424
-243.257324
-17.395452
70.861481
-172.523804
-244.365707
230.569443
186.481857
150.237701
-106.061882
-141.808746
131.194565
-123.948555
0.175606
-19.692055
48.927444
3.208554
142.526886
68.482361
18.167330
0.021553
-175.790833
121.036499
53.114372
-103.715576
23.420073
166.458099
135.018311
-235.013474
157.537506
253.957138
205.977783
189.868423
183.394012
-103.645302
255.228500
181.068085
99.617889
91.451088
-229.016068
236.659561
-45.830276
248.429550
-174.562912
-209.324356
-175.971603
-204.801178
-61.699841
-166.311905
-234.572525
244.321472
105.177574
-151.819382
-219.039856
99.924736
-238.341125
-126.507385
-162.575577
-59.637756
-145.076416
-49.920650
-117.558998
-159.552200
-167.627884
91.466110
-97.975113
-177.569672
220.664917
-247.616745
-87.938278
-134.023468
52.222713
-120.723022
-38.938610
-83.933746
-79.358429
-94.226547
75.400749
-55.342468
-133.203247
-185.799850
240.084122
-50.672207
-114.150444
163.453934
-120.702637
-25.002926
-61.559292
6.787694
-48.852692
60.289188
-25.068907
-82.331924
-97.638863
208.464630
-14.772978
-93.593987
-241.661163
-139.371353
-7.349159
-50.274704
96.500626
-33.337715
47.031559
-7.509555
-26.775330
-34.068886
170.782257
11.133945
-71.032318
-147.608414
-176.054321
13.263620
-42.809574
192.339188
-38.740223
44.753292
4.644608
40.107170
7.407189
137.638733
31.597057
-37.890938
-64.573654
-218.196121
38.030067
-33.856361
-214.094498
-57.899246
50.053879
10.612524
122.942383
32.934849
117.279701
48.355503
8.231795
2.751410
248.541122
61.392113
-21.561649
-128.579208
-96.418991
63.821121
13.964213
207.308594
27.518932
103.850952
56.683228
63.794834
48.945496
210.366318
78.857048
-0.608767
-46.712818
-142.403320
79.637573
9.502625
-214.885742
7.372321
99.049263
60.197456
132.584381
76.328163
175.964279
90.107307
32.171585
23.908676
-193.220474
96.088104
16.072430
-125.862671
-29.895369
100.478882
56.844158
209.456512
77.861320
152.138229
95.102112
76.011223
71.465324
-244.851913
108.670341
25.125423
-46.116833
-81.949005
107.540596
49.022301
-221.214676
58.184093
137.053482
96.359009
133.339691
104.803574
229.166992
123.248154
51.653011
29.298845
-131.315598
124.355370
47.663490
-131.454544
25.760475
134.721039
96.656197
206.918610
117.093460
197.079727
120.699516
71.297508
25.556627
209.422180
41.743317
-33.523232
-141.264450
-102.509750
67.101463
19.440210
222.059677
50.310738
124.998024
81.874535
99.850166
97.359909
253.762848
122.829193
40.430645
-0.651240
-105.799751
108.012131
37.882545
-204.135986
-5.536080
110.952904
97.195320
178.740906
133.251083
232.810501
147.304352
84.731621
74.545570
-162.364319
84.470909
27.848402
-78.472321
22.190454
150.329346
104.735542
250.814026
123.101608
190.040512
123.841995
86.567329
73.541351
236.016815
78.095833
24.349728
-31.017069
-80.648132
38.726906
-17.624702
-220.164871
85.249191
170.614349
138.968582
184.124634
162.753769
-231.445694
166.314774
81.450745
45.860950
-200.815414
25.574963
182.068558
-161.805786
80.538254
245.769958
226.097565
-94.412064
-150.570648
-51.141594
-1.335109
-50.924332
247.399582
97.414284
-196.948547
88.472862
153.519028
196.843689
-142.099060
-176.341217
62.657043
-228.330048
-161.964569
-54.617199
38.822929
62.264809
211.172058
83.182915
29.372971
-12.793602
-217.717087
41.531960
37.791351
-163.424866
75.352913
163.369171
126.120796
205.486298
162.043533
254.648514
170.579483
113.672127
121.264297
-102.516190
183.806534
102.866043
-25.232080
71.298485
192.013031
147.863861
-208.384598
184.304794
247.555145
191.454041
172.335251
184.425491
-142.393661
207.549454
120.885124
64.021118
27.267878
203.645767
143.554077
-119.335785
170.128784
236.510880
194.881927
233.101257
218.455765
-180.996552
221.899811
148.497925
141.363693
-21.043005
224.882965
145.882782
-27.856890
139.265671
233.403275
192.513535
-208.365829
229.683487
-211.855377
227.317871
183.162796
198.477066
-75.634010
238.401840
142.325089
-58.972130
-23.043932
133.870773
-172.007309
-78.545723
-111.292374
-123.522621
251.648285
-229.336853
201.635193
-149.125381
210.089066
-174.236755
-64.069931
-105.580345
131.376312
79.248116
-132.242035
108.262016
180.897949
137.076004
204.150558
162.765045
241.553970
136.248825
77.962799
87.142296
-129.729340
139.233582
-115.425034
235.895325
1.851830
-172.563019
173.500534
239.804764
-135.627396
-61.367119
-123.529465
-31.654675
224.287643
-83.811844
-253.594086
-169.977814
103.896141
-1.009897
218.239899
255.171768
2.967819
74.928810
241.673813
201.298523
-105.297417
95.483116
-197.539139
176.593216
-188.851990
82.312935
-78.415237
186.838715
-250.350754
32.361614
36.227749
220.492416
223.043198
-43.181736
123.548683
-209.537735
229.909653
-117.224663
157.408890
-92.684052
243.853378
-174.578339
127.672318
48.117451
-244.882813
-230.897766
2.886816
98.718407
-247.291428
222.597946
-98.097832
118.015289
-176.658661
175.282700
-201.395615
69.261841
-67.427834
180.023758
245.132797
18.050419
46.024250
232.935181
226.777359
-54.722214
124.874771
-201.097351
216.829056
-137.818130
138.554031
-88.218712
215.116730
-205.166809
92.557365
49.094311
-234.877090
-198.604507
60.750118
201.171829
-167.710281
-191.955841
-43.279907
214.029266
-92.679764
-208.061447
-106.575760
203.741394
55.244080
-174.827255
-125.952034
112.813416
155.628983
-191.456406
-173.931931
38.722206
-213.094437
-33.718903
-92.586960
-26.520391
-209.548553
39.762367
-197.037033
-147.251465
172.947464
139.374786
-184.093750
-164.304947
73.183228
-248.845062
-87.798676
-111.819473
-11.179225
-242.377182
-38.164932
-173.763489
-96.389267
229.693909
92.887276
-185.593094
-148.110840
109.478889
193.943817
-121.592377
-81.911232
53.742580
-126.727287
38.926590
-87.413513
-31.422396
-186.365677
152.342194
-8.906322
17.780588
-237.291718
-234.383667
-44.528744
-26.137371
180.412582
-82.821663
9.313926
-9.808080
86.362000
-123.905609
122.891548
4.980012
20.025597
-136.630005
-197.441071
86.701027
162.652618
-68.523346
-250.577957
-245.290878
35.247829
198.306320
214.245514
-46.209354
-73.267479
-88.328087
-131.549835
-214.867310
97.932579
70.903412
-138.936646
56.644161
226.317062
223.938477
-188.695908
230.573639
-129.214706
-171.362411
-202.488922
-237.469315
73.683701
-92.375099
-152.404007
214.117218
-219.411072
-30.638687
-54.604229
107.183960
-57.077320
63.265461
33.146931
32.232838
-0.301385
216.295700
91.743546
22.496952
-61.097954
-101.200203
128.376633
82.600433
-185.933334
72.655243
187.221069
160.241272
208.340805
153.803345
-213.270416
212.400604
151.558426
111.329483
-45.261650
237.114471
170.033478
-17.436949
129.542755
-246.830215
233.849152
-165.002441
239.038055
-169.199036
-226.303268
251.622543
232.283722
-27.614323
-200.844818
234.216080
117.844574
146.286713
-188.608566
-233.068878
-41.327385
-231.432297
-139.811142
-179.387131
-169.928055
-197.991043
-26.809124
-149.005219
-223.572784
229.986679
139.089279
-140.450577
-201.539505
73.064552
-218.973434
-114.250763
-147.314880
-79.753792
-144.699829
-28.801470
-109.484474
-167.366547
-190.294159
120.351364
-96.749344
-173.552261
181.352844
-224.870529
-85.944328
-124.448517
14.613844
-116.466896
-28.109459
-80.188309
-102.946320
-113.688126
99.604477
-58.914635
-138.061798
-227.149872
-241.594101
-55.116089
-107.136467
118.256561
-101.341385
-16.518560
-57.619663
-30.833511
-57.326862
78.630135
-34.052162
-102.069237
-130.045303
244.913696
-21.108355
-92.790932
217.955353
-111.238731
-4.198636
-41.255501
48.823280
-32.143597
63.198311
-14.722015
-62.030823
-62.588818
199.529648
-4.517818
-80.920547
-202.695633
-156.475266
-13.530043
-55.308136
125.076347
-40.414993
43.687920
-4.090811
-28.996735
-33.519032
156.309067
5.763626
-87.400230
-147.623428
-201.039642
3.545976
-60.088905
196.460129
-62.552341
21.546282
-18.249657
30.842819
-8.305730
106.019783
7.957137
-59.114189
-77.342575
253.844925
8.320845
-68.508362
-238.755249
-99.443985
12.981452
-27.063398
93.117279
-6.544055
71.588799
7.607377
-28.195290
-30.892614
198.805450
16.793943
-67.528282
-165.118408
-147.389008
13.434209
-37.548691
163.365417
-22.317053
49.255653
4.397845
14.773705
2.098561
153.500244
24.937668
-54.108116
-96.057434
-197.948669
22.557474
-44.320194
242.449829
-49.169727
40.599625
1.196360
72.153137
18.358650
118.032326
32.374363
-26.146618
-37.037018
-249.375732
39.396923
-40.483562
-184.705505
-83.394714
42.912762
-0.046576
146.347336
22.403957
97.524155
39.504208
18.258430
15.847029
219.423599
54.642601
-30.122189
-105.593216
-126.657143
53.410393
-2.647246
227.474518
9.149552
83.773003
41.336159
71.335060
49.544701
180.439285
66.437881
-8.724595
-33.431057
-174.097916
67.045135
-5.881990
-199.980713
-16.724112
80.256622
41.761021
134.747314
62.229401
148.061798
73.030220
25.984266
28.348808
-219.671341
86.475594
-1.661266
-120.733215
-54.548630
83.612602
36.682526
212.207382
63.480385
133.944794
83.197937
74.673340
70.638130
247.829269
99.666168
16.293444
-40.343647
-97.951073
100.027733
36.030750
-217.656464
43.038731
120.780518
78.625305
125.230843
91.221939
203.384521
102.893402
34.045376
22.567036
-153.878342
107.232147
28.464237
-141.317032
5.033434
113.354553
72.397217
190.154251
95.913116
171.008102
101.815689
62.657043
66.805252
-211.889175
114.458549
28.925041
-64.868698
-43.967846
107.433311
54.197353
255.038513
78.443893
144.686508
96.217384
103.350990
97.494019
248.427933
115.146805
32.561043
-4.440666
-99.989548
118.484550
49.135490
-177.134171
54.170975
136.131332
91.019791
161.116653
116.901947
213.009903
121.225769
57.778103
52.810020
-153.345657
124.617683
41.826466
-97.583611
14.133635
131.906326
87.774323
229.615997
116.839188
188.910233
129.381821
105.196350
108.810799
-202.012741
139.544724
51.625114
-33.358101
-30.127111
142.121246
83.771393
-203.264267
96.966698
168.988937
127.148087
155.380478
135.836731
-244.048325
146.568878
78.264282
53.374893
-77.131752
158.764359
82.495735
-121.555046
67.555733
175.612381
132.984039
205.933701
135.353943
237.970535
155.416428
96.645462
112.688736
-130.956726
160.233673
81.426605
-30.484383
28.279070
171.253784
120.837921
-219.928833
145.260941
213.139175
164.343353
146.699783
144.347916
-182.705124
173.364151
99.801353
34.494286
-21.884682
165.252609
116.212715
-139.903503
122.281387
202.565918
162.771576
202.076675
167.869278
-226.627380
183.019028
112.514488
89.158241
-76.734787
183.031906
110.712578
-70.803352
84.368355
192.146072
152.361923
-254.050293
165.611938
248.941849
180.429626
136.970337
130.484116
-135.640930
185.338608
102.056557
-7.128776
31.036381
185.317154
136.503632
-191.636337
149.245102
220.448196
171.396484
168.874680
156.114243
-190.477631
185.461990
104.235580
50.694832
-29.446367
184.408951
122.242325
-120.216087
120.363609
205.210571
166.857651
224.112106
178.655518
-227.032928
194.705963
127.571869
111.710800
-81.245193
194.609940
115.772301
-46.844250
80.606293
196.135590
154.167053
-229.874466
175.129486
251.036652
191.523788
156.582642
152.486816
-137.756668
197.903168
112.958664
21.871271
29.296700
196.288467
144.434387
-162.210358
155.236084
227.631699
182.843079
193.637909
179.029953
-183.615463
204.742798
124.311378
83.367889
-27.438465
200.396545
133.177689
-89.396423
121.435959
210.628632
173.979446
248.889267
192.184601
-222.537018
204.757813
143.174820
135.730515
-83.125954
207.297333
127.300430
-19.722822
82.954834
209.722580
166.057281
-199.670105
188.564133
-249.741043
208.496811
182.934280
179.473053
-130.469101
216.745148
132.582245
56.583889
35.858994
218.780411
159.157562
-127.732712
168.810745
244.086517
203.815826
233.315826
209.653824
-177.392731
223.210876
142.363724
119.980591
-20.943762
212.464874
154.723343
-46.061581
144.564651
233.505188
196.748199
-234.668106
208.380310
-211.951935
230.055878
169.108017
164.533157
-74.407707
224.086349
155.019989
25.884930
93.374680
225.957993
184.525360
-174.039444
197.128983
-237.290237
223.829926
205.574280
207.359467
-117.514030
233.794876
148.525284
90.016548
36.246841
230.804214
168.403137
-93.701904
173.173615
250.318893
214.860092
-254.642517
225.888702
-167.684753
242.552292
170.625076
152.045319
-16.513826
241.104431
164.167938
-17.782511
138.511978
242.403152
197.673569
-206.398697
219.125778
-214.998398
225.488068
182.090454
181.620972
-87.537117
231.545044
146.030838
40.294292
74.828812
226.454742
177.452911
-146.738312
197.031891
-246.981598
216.888916
217.810516
209.932236
-142.431747
231.539673
150.064346
102.049484
18.943371
225.294952
159.436508
-76.807205
165.187073
244.619736
202.926407
-250.518890
219.930984
-187.068008
230.120255
163.071442
154.611130
-39.813641
231.836868
149.242508
-10.064722
115.098434
230.589630
188.319611
-198.062393
210.102829
-223.681244
226.212799
192.633698
196.327545
-96.863701
237.179825
151.723557
60.665138
65.902420
231.683975
179.820770
-128.169373
192.447449
-245.860428
221.934677
234.489029
222.274689
-144.642426
242.738968
162.263565
122.763115
8.750440
241.815750
164.888916
-53.867348
161.803741
253.093369
214.169144
-225.180603
241.872513
-175.154160
238.911453
183.410629
170.420059
-40.088837
252.146545
170.158371
25.759939
122.221306
249.449860
207.144989
-160.552216
230.259094
-203.753510
254.771896
217.648514
226.141907
-82.440918
-255.478287
178.891113
107.418198
83.154388
251.838089
199.384811
-81.474785
213.130508
-226.653671
241.747620
-244.371262
254.316895
-130.482513
-245.981125
186.975830
165.036865
26.702467
-247.772842
189.210114
-8.811594
181.375824
-237.030060
237.402985
-185.003235
-246.751556
-162.115952
-240.338837
220.707306
239.400055
-4.031897
-216.359344
203.055145
83.419930
152.435318
-227.941132
238.767685
-106.706337
-246.879227
-182.231445
-234.664352
-250.397110
-246.433975
-65.465218
-217.176346
207.376724
150.665604
103.368599
-221.063400
229.441650
-34.257175
243.722702
-195.721893
-236.710876
-200.907684
-224.832535
-109.217957
-217.308319
217.514404
203.358673
41.388100
-221.950684
210.031036
25.791590
190.891754
-221.140656
251.097809
-159.298019
-237.087555
-159.341476
-229.845490
232.971970
239.285797
-23.194674
-223.448425
200.232391
95.249542
146.438431
-221.044632
246.023071
-80.837494
-230.090210
-163.091736
-214.671707
-220.406799
-220.221817
-55.026062
-194.519196
233.520752
187.125397
119.985420
-182.047440
-248.947113
10.101737
-251.179886
-170.674332
-210.581863
-163.866898
-190.664932
-81.709747
-177.267746
-252.057938
-255.087860
88.389526
-179.818527
243.990494
94.026993
238.340591
-179.110962
-215.165222
-89.107819
-178.120789
-99.500313
-178.836838
-228.719498
-210.586792
26.834433
-163.159866
248.199951
161.392822
178.609924
-181.492218
-231.407074
-22.138418
-212.484726
-145.685272
-192.525772
-178.403931
-172.569687
-25.264267
-175.996384
247.643661
220.621918
135.260605
-166.800690
-239.614639
41.367714
-234.249237
-154.015671
-193.319702
-132.967316
-173.190887
-76.421509
-167.528107
-236.317123
-233.352844
71.013634
-166.059860
-251.200165
112.991821
232.680588
-166.006760
-210.769089
-79.647133
-181.786819
-112.564278
-173.800186
-210.205826
-199.423981
10.747076
-165.788422
255.080887
175.142899
172.315308
-175.104813
-232.407547
-16.749861
-208.669556
-145.056030
-190.717957
-177.847641
-180.659760
-39.525574
-163.001617
-247.343689
238.343262
118.112160
-171.206497
-243.454483
59.578842
-240.204285
-157.375412
-199.652405
-121.350662
-169.171860
-81.988701
-165.882843
-227.764633
-225.651154
54.862446
-169.207169
255.772888
124.222771
223.124420
-163.849197
-211.914398
-59.068150
-184.075287
-119.423225
-177.245209
-198.993118
-190.079147
3.992737
-163.034332
-255.964310
190.848846
164.279419
-172.405441
-233.839844
-0.337422
-213.958862
-147.778473
-189.163345
-163.417358
-174.490143
-49.484619
-165.298126
-246.505234
251.278488
107.276573
-167.094131
-245.010162
75.987526
-245.152954
-161.347763
-201.282120
-112.525124
-170.541931
-92.810341
-161.875092
-226.598953
-216.946304
49.702950
-173.126953
254.502594
142.320709
212.300629
-165.938095
-215.747803
-45.307343
-180.192520
-115.469650
-172.447815
-188.355453
-176.932022
-25.396769
-158.615662
-247.006271
217.437592
164.021393
-152.965866
-228.288208
21.010818
-217.532639
-144.574829
-194.021378
-138.581177
-147.975433
-50.260849
-154.895981
-239.267563
-235.203568
93.302254
-155.951691
-244.283295
98.094833
-244.501709
-155.044037
-194.352356
-87.077385
-158.631851
-89.129814
-158.324371
-206.639557
-189.784103
51.583179
-147.717850
-240.917114
175.701340
220.373535
-150.730499
-204.352707
-17.834547
-173.201614
-115.581230
-167.594620
-174.753983
-167.955215
-11.955143
-155.651291
-245.223129
229.575668
151.954666
-161.468460
-232.203156
40.014809
-218.211777
-148.032211
-191.033371
-140.647003
-167.286270
-68.309967
-165.084610
-238.394226
-236.548431
82.242973
-168.060257
-253.576065
105.239166
245.332565
-166.311996
-213.597214
-86.579567
-177.280182
-110.527412
-180.621582
-219.016342
-203.717117
19.198717
-169.344498
250.962082
169.158356
186.232758
-172.768066
-227.724411
-23.926916
-198.323196
-140.801498
-188.690735
-178.580414
-167.764771
-25.409107
-166.401581
-255.687500
230.466690
127.708572
-172.397385
-244.152939
47.252480
-231.417908
-157.402771
-197.238953
-134.229019
-168.795822
-81.380379
-172.426895
-240.493332
-231.994568
65.167496
-171.143723
253.425964
115.170319
228.812302
-172.955292
-219.010986
-79.842934
-180.464493
-118.507523
-180.819534
-215.048828
-197.303421
5.176127
-171.637787
247.483795
180.907501
174.708923
-177.427612
-236.977493
-9.370566
-201.548828
-143.715988
-188.560913
-171.036438
-172.858826
-43.495243
-167.774872
-250.386383
244.444763
116.874054
-170.994598
-247.367828
65.025337
-234.413391
-155.510208
-196.306076
-113.412933
-165.414627
-85.432121
-171.124420
-231.583023
-219.195068
55.921921
-167.257736
255.270248
133.785385
227.984039
-170.697937
-219.920242
-61.048157
-174.675217
-117.306961
-178.885651
-199.919556
-179.708649
8.615792
-159.329132
-248.979294
208.995605
172.888229
-173.395172
-227.489441
16.718748
-197.629578
-144.263702
-184.885757
-158.265900
-156.377182
-47.369423
-166.371002
-233.329681
-252.258667
101.701874
-170.030075
-239.981033
80.321442
-224.454346
-150.721390
-205.370880
-97.411949
-158.661362
-84.664474
-158.957916
-216.379196
-195.724136
58.946915
-159.113480
-250.745804
151.854355
222.278976
-158.364075
-213.825729
-47.293785
-171.109482
-115.617706
-174.756119
-185.845993
-173.151184
-0.886202
-155.840118
-250.779602
220.067764
167.417603
-167.494843
-230.572372
32.752995
-202.150177
-141.492447
-183.917480
-144.551773
-157.215652
-53.157635
-158.166656
-239.546509
-235.865005
107.426781
-160.263077
-243.495789
102.143364
-241.625320
-154.876663
-193.026810
-87.267822
-157.483337
-90.123306
-163.994034
-213.820908
-191.412201
48.425144
-157.018677
-249.584946
167.706207
217.250916
-157.266510
-211.588242
-23.225250
-172.141068
-116.398232
-170.302582
-178.374420
-160.977173
-2.724052
-149.383499
-244.841187
234.616608
162.072495
-162.372360
-228.834305
49.336559
-203.464447
-140.221069
-181.771713
-131.376755
-152.783020
-51.650772
-150.139343
-233.523346
-226.081375
103.425461
-150.593170
-239.618393
113.078194
-249.250305
-149.299286
-194.550842
-77.103325
-152.080292
-87.021599
-161.895462
-201.024078
-181.701538
38.523499
-146.659988
-246.639877
189.981949
213.740433
-149.312683
-209.683868
-9.469272
-172.620651
-114.012672
-163.184540
-167.148300
-159.432220
-8.563758
-144.582352
-239.241806
255.092056
155.752670
-149.961792
-229.016159
61.869450
-201.170090
-131.675552
-175.174545
-112.728966
-147.841858
-56.072124
-148.555237
-219.733566
-210.550858
100.130630
-141.733841
-241.142426
129.480438
-249.767426
-147.292984
-190.365509
-56.888050
-151.012772
-103.059067
-153.473862
-186.352386
-169.094070
36.136333
-145.771637
-239.121109
206.779037
206.765625
-148.694702
-209.868942
8.053601
-174.804504
-122.349518
-162.545639
-155.049393
-151.030472
-12.075844
-141.666779
-231.838913
-245.757523
148.856720
-150.170456
-223.835205
78.525429
-209.335266
-136.209564
-171.698410
-101.867630
-132.275391
-53.900608
-138.032928
-212.008270
-195.756317
94.465797
-133.936127
-225.898361
152.557083
-249.040009
-140.696365
-186.293915
-43.179813
-142.754242
-93.251831
-154.901871
-185.473160
-166.657028
33.148888
-142.704803
-237.955429
213.830566
203.707901
-147.980698
-210.814148
16.718748
-178.036026
-113.567963
-167.963699
-150.494476
-150.301987
-21.448019
-150.208008
-233.867203
-244.444855
143.342087
-149.154434
-225.055603
88.116478
-212.250839
-138.104813
-179.083603
-96.772507
-140.719528
-59.744068
-145.657913
-205.439545
-189.146271
89.783195
-139.717896
-223.814285
180.555054
-241.913391
-138.855835
-192.380936
-36.846046
-149.754807
-95.510788
-162.858917
-188.677856
-169.318314
15.747787
-158.610840
-252.543427
206.120285
180.511078
-166.793716
-231.955856
8.574487
-199.317230
-144.826431
-194.864655
-168.092987
-168.010468
-52.612076
-175.795212
252.968384
246.507919
102.505997
-184.704437
245.031189
58.851429
255.225098
-180.048126
-226.176773
-130.120407
-176.822586
-103.740883
-190.747986
-248.894547
-229.713623
33.157471
-192.202301
225.713379
118.933456
195.687561
-200.406097
-252.382492
-80.885773
-202.984879
-154.066635
-216.135651
-232.455826
-210.337341
-36.582115
-203.821625
216.634094
175.446518
131.000717
-210.382309
236.862778
-17.370523
-235.698700
-178.078308
-225.697189
-190.857422
-194.760147
-85.367744
-203.622604
230.002762
229.815460
71.299026
-209.650070
218.470871
44.297222
228.094543
-202.451019
-248.343613
-146.213135
-203.243439
-136.169861
-219.300659
242.791534
-243.918610
8.136750
-206.169098
215.230240
120.485382
184.023163
-204.619858
251.484573
-78.284569
-211.604416
-161.063446
-217.998184
-225.779800
-205.807098
-40.189686
-203.129623
215.014587
176.578415
118.738190
-211.479874
233.040100
-13.366522
-245.546173
-187.181732
-233.476135
-188.851135
-196.237518
-99.350113
-207.938828
224.625473
232.201004
58.787056
-205.166489
222.558029
60.139961
228.979141
-199.025299
-246.087875
-136.501923
-198.021713
-140.223755
-216.229523
245.537582
-235.395081
11.889697
-183.001770
234.123718
143.641968
188.252457
-195.511078
-250.708252
-59.334225
-205.236328
-158.632828
-214.186218
-223.701630
-202.388351
-49.669689
-200.563278
220.421387
191.504913
116.648209
-208.727921
232.581436
-3.123165
-247.919922
-190.469040
-236.481812
-184.246323
-192.095108
-99.930000
-205.220673
230.981781
243.924942
55.661747
-205.621933
220.283508
67.639954
223.086334
-199.916870
-245.864716
-125.104141
-193.056412
-136.058289
-210.707932
255.208557
-224.816986
-0.451684
-201.322891
217.549805
138.928787
172.835663
-204.475021
251.723297
-59.435616
-211.857086
-165.157028
-216.959625
-217.796478
-197.343124
-52.102989
-198.050583
221.693817
201.013351
117.986633
-200.244629
237.515091
10.612966
-243.462631
-182.687958
-226.596802
-170.761246
-184.173462
-97.763855
-200.292923
238.947403
255.048599
57.928749
-198.646042
226.179016
81.783241
223.565903
-199.592316
-246.170486
-118.084801
-193.025833
-137.786697
-208.979523
-252.736542
-219.625305
-2.236426
-199.507568
216.605133
145.133804
167.987839
-201.771881
253.060104
-52.604565
-213.307083
-167.702454
-221.941559
-217.144165
-193.210373
-59.612103
-200.446335
221.508743
207.584763
110.954956
-201.417297
230.583740
13.905109
-243.803268
-181.214340
-235.110138
-168.825760
-179.467255
-97.470955
-202.506271
246.131958
-245.429230
54.668255
-189.663300
226.880676
93.639145
224.997665
-187.166168
-235.499054
-105.320709
-184.773193
-126.945747
-198.323639
-232.514832
-203.476791
3.146232
-187.239670
232.108307
165.740677
173.671432
-190.989395
-248.381699
-30.206505
-200.927628
-161.321472
-209.606613
-200.785904
-179.467255
-51.982292
-194.751465
227.577515
218.506729
113.928986
-196.898315
236.338150
27.302210
-242.493820
-185.151825
-225.005188
-156.893143
-176.197632
-101.567764
-201.237595
239.064346
-246.077789
48.277088
-191.834824
224.282684
93.809196
221.507584
-190.342972
-243.705002
-101.908936
-188.421005
-138.746399
-209.533661
-243.958206
-206.375183
-2.718151
-193.386765
220.955673
166.740616
167.641296
-196.572159
249.362411
-36.166374
-214.302185
-168.946991
-216.033722
-204.674576
-188.065338
-63.991615
-184.126694
241.393036
230.760666
104.575592
-197.680450
236.972214
36.817616
-246.043991
-184.262939
-228.377258
-145.253433
-168.084488
-104.622795
-200.387329
240.916672
-244.015167
41.422432
-200.726898
220.627914
100.737885
212.580658
-199.268845
-246.122742
-97.158211
-194.877090
-151.375305
-214.397049
-241.174606
-205.150497
-15.999915
-198.224396
217.156052
166.141937
153.355850
-207.287582
242.638657
-31.420473
-214.909973
-173.967560
-223.065399
-204.407425
-183.860168
-64.684700
-202.137741
220.185349
222.302582
92.006752
-208.264984
226.490677
34.667557
253.960159
-194.630234
-239.434921
-155.167419
-182.812500
-114.785149
-206.061813
241.062592
-240.597488
32.049183
-201.402283
217.240814
106.891411
208.748840
-201.550873
-251.270447
-93.423492
-189.698273
-149.282654
-212.638046
-238.451096
-205.022278
-23.401203
-196.621506
218.894669
172.039581
148.896408
-200.349243
243.530762
-33.800667
-222.442688
-176.173401
-225.090469
-203.352783
-187.558411
-79.899796
-199.594467
226.251434
240.670883
91.006287
-203.976120
231.351379
43.933514
250.079010
-185.373917
-232.776077
-148.412537
-177.146072
-112.386185
-198.619751
249.460052
-226.573837
33.833923
-197.545792
223.734451
116.435242
205.229248
-195.591003
-253.559982
-84.522316
-191.803802
-151.284119
-215.311142
-227.588684
-195.940323
-18.824282
-192.432968
222.892227
186.223648
158.305603
-188.412323
-253.299271
-5.525887
-206.182068
-158.971329
-208.159302
-180.945587
-170.517258
-63.287804
-189.238449
242.775452
-255.045486
109.689491
-191.248489
239.806244
63.222893
-247.238647
-178.656601
-223.899033
-130.310318
-164.363739
-106.047585
-195.093719
-255.170380
-219.840942
34.297947
-191.191635
227.928345
128.143082
208.181824
-193.125519
-247.353348
-75.240799
-187.680176
-145.219635
-204.826385
-225.858658
-190.638657
-23.730042
-192.136856
224.876526
187.715485
146.604202
-197.368240
249.675156
0.673771
-202.825546
-157.527756
-211.780273
-177.449066
-168.360229
-66.370735
-193.567551
234.887604
248.927795
93.288849
-195.442947
232.142639
61.923630
255.903687
-189.959427
-230.155563
-133.141647
-175.377960
-114.336685
-198.240494
-253.163544
-222.155701
28.846626
-193.574524
229.389618
137.187500
207.847626
-190.939499
-250.013565
-70.099541
-184.389099
-144.110275
-203.881714
-220.377838
-188.334641
-26.142422
-185.902847
226.282547
193.042908
146.699677
-190.756577
246.928040
-1.982689
-217.843781
-167.915421
-216.126526
-179.235413
-168.355927
-71.077477
-196.238495
233.168854
-253.430786
93.581207
-191.270493
234.794800
67.860435
254.484268
-183.961472
-224.651672
-127.401192
-176.539352
-112.613098
-193.962372
-249.621429
-211.881226
33.564632
-191.428741
226.930023
140.105743
204.967468
-193.724182
-244.365372
-63.496479
-185.515640
-147.435150
-204.454102
-219.131683
-180.102936
-27.613882
-184.823532
227.820526
203.388184
147.613235
-189.716415
251.039871
8.314313
-209.780518
-170.267715
-218.158035
-179.079849
-165.328796
-73.195885
-193.223145
237.004944
-255.339981
87.529068
-193.842209
230.996262
70.392441
251.397583
-188.497086
-235.256042
-126.486015
-172.056839
-118.842262
-200.453842
-255.296432
-215.707123
24.490719
-193.401245
222.526382
138.536652
200.059570
-196.748642
-253.461807
-67.571823
-191.867645
-153.413254
-212.686874
-226.905258
-189.922501
-35.215263
-196.939087
219.082962
196.236343
137.482544
-204.004013
235.659012
-4.065693
-225.185516
-180.481033
-228.273727
-186.166245
-176.089813
-86.528069
-202.829742
227.233124
248.956238
76.101784
-201.481674
222.460388
65.125648
243.405136
-196.333435
-244.032242
-132.264572
-176.608551
-127.082008
-207.429199
250.088226
-220.742706
14.092865
-200.168991
216.275223
134.599167
193.528915
-203.877960
250.310852
-74.352989
-196.142563
-158.214935
-216.369003
-229.585327
-188.448898
-38.490238
-202.049225
213.372528
198.482956
138.886948
-203.857040
235.181580
-3.534616
-224.863647
-180.680588
-228.935684
-184.054276
-173.228439
-87.987732
-200.619614
233.573853
-255.763779
77.741692
-201.124405
222.486679
69.908569
245.233871
-195.672012
-241.690674
-127.610397
-174.093719
-128.329239
-207.534348
253.261276
-215.706055
15.631380
-198.639069
215.770432
135.589966
187.817947
-200.651260
-255.938019
-64.382141
-187.375473
-150.981567
-208.672668
-212.648773
-170.228653
-25.214914
-182.996948
236.760330
223.351334
156.758499
-183.681442
-251.166916
28.071466
-201.184036
-154.311249
-196.252975
-151.247635
-141.088593
-54.694004
-171.048233
-255.144623
-225.217712
107.049660
-169.172836
253.604065
105.012253
-233.040100
-162.821365
-209.758438
-90.954254
-137.315262
-91.309914
-168.446503
-220.644989
-174.176331
52.476353
-160.228745
254.787994
179.483246
230.777298
-165.959015
-225.062576
-26.107018
-152.751373
-120.849091
-176.404617
-187.103409
-147.761932
-2.891422
-161.413742
253.737091
240.875275
169.340744
-168.504974
-241.774887
40.371540
-187.391571
-144.641891
-193.643188
-146.267303
-134.379318
-55.305012
-166.044312
-248.571609
-219.912827
107.015327
-168.470093
255.212845
110.185699
-231.484955
-159.576965
-206.494720
-89.312737
-138.325378
-93.117722
-169.920105
-221.687820
-176.674530
50.229736
-161.858994
251.992050
186.503662
233.668716
-160.089813
-222.550964
-26.520077
-150.897964
-118.826706
-175.221756
-183.442734
-137.616745
2.624810
-156.806778
-250.890640
251.923828
178.001602
-159.660660
-233.584488
50.205059
-178.196960
-141.524094
-184.248459
-130.433151
-124.061935
-46.475178
-159.340393
-237.041321
-203.631287
120.830315
-158.160767
-245.269806
129.028214
-223.903961
-151.309326
-193.446838
-79.343506
-120.430756
-75.787971
-155.295624
-209.712296
-154.941132
65.925484
-145.041534
-244.016678
197.505569
244.214081
-146.801071
-206.961960
-7.399679
-131.959427
-102.754906
-159.412811
-159.190201
-106.738083
26.624147
-132.944778
-229.672760
-233.268082
199.442657
-140.962433
-216.678528
69.012711
-158.877548
-118.824020
-167.281342
-117.415863
-104.158333
-29.239300
-138.007187
-220.535004
-185.191620
138.768387
-137.182129
-228.463623
143.931641
-198.703003
-131.768890
-180.230515
-58.998951
-103.004982
-63.029774
-141.713989
-193.617432
-139.646103
82.649063
-131.838638
-232.387161
216.420502
-251.657318
-136.708450
-196.226685
5.426646
-120.908188
-92.219185
-149.647430
-158.499252
-110.535553
27.333323
-129.227234
-228.009796
-233.898407
204.026550
-136.433792
-211.902588
76.607117
-152.457413
-114.673035
-164.695694
-115.915436
-99.654366
-23.757936
-136.871536
-220.106400
-185.127792
137.233093
-139.118683
-231.423172
139.813385
-203.994461
-134.631882
-184.381500
-65.017830
-109.542061
-68.962822
-146.054886
-198.955032
-145.570038
74.461349
-138.234100
-237.644287
207.405060
252.190445
-144.713776
-203.489578
-2.489627
-131.513641
-103.380394
-158.839355
-166.159103
-120.472603
17.563107
-139.747940
-235.123550
-243.789322
192.040298
-145.321564
-218.304489
68.290657
-162.423416
-125.014023
-173.361374
-120.187653
-106.616844
-31.937603
-142.794922
-224.922562
-188.665619
132.171768
-144.114029
-230.710770
139.014084
-208.610535
-137.132782
-187.588348
-65.244209
-111.063950
-74.003227
-145.154724
-201.682831
-147.136978
70.672997
-138.927719
-241.601074
211.619354
251.568710
-140.318176
-199.658310
-1.787424
-134.021515
-97.239746
-143.178482
-147.200180
-105.389999
24.160807
-130.382736
-247.849014
-247.675842
203.109772
-137.179993
-218.251907
69.366760
-154.935226
-113.469261
-158.320618
-121.425766
-101.847878
-26.388649
-131.725983
-214.203384
-195.138885
133.276840
-131.099411
-234.221786
139.091858
-202.318619
-135.624298
-184.965683
-63.223431
-102.936852
-67.423233
-147.380966
-199.399200
-141.872330
76.216583
-139.526382
-241.314621
207.756424
254.803452
-146.766739
-206.633118
-4.230917
-128.023560
-103.936150
-161.776917
-170.555252
-119.104141
15.512826
-143.989578
-242.327423
-245.613754
191.394943
-151.114059
-227.169189
61.257908
-165.556778
-131.638535
-180.379105
-131.013580
-112.164726
-38.363102
-152.459991
-237.341202
-199.760864
122.547462
-155.494110
-247.320618
125.223236
-214.450241
-150.523438
-199.886826
-80.760246
-119.109505
-82.474716
-162.167984
-215.237106
-156.254349
66.222679
-151.132843
-251.702286
195.929504
247.519104
-154.717346
-213.124603
-14.274181
-134.042969
-110.561211
-170.076736
-180.808792
-127.568649
9.528817
-152.598404
-249.653076
-253.532181
191.085419
-152.052292
-227.312424
55.744896
-165.667282
-128.839920
-178.814301
-135.204803
-110.907310
-34.604794
-150.342651
-233.934250
-196.513245
129.525497
-152.870377
-243.491501
128.395218
-204.729385
-137.104889
-201.586273
-78.087692
-104.835861
-64.872986
-148.231216
-208.342758
-149.127716
81.232315
-143.247681
-244.822418
205.192780
-255.903793
-156.829849
-203.523361
-10.999740
-117.844574
-107.681587
-165.776093
-165.962234
-112.373405
23.305180
-151.778183
255.929535
-251.598846
193.435043
-160.385925
-219.439056
62.927849
-180.356140
-151.970764
-178.689850
-132.538162
-112.450653
-46.736423
-165.972427
-251.856781
-211.415054
116.652504
-174.118835
244.073105
99.858124
-230.115417
-174.921356
-224.604996
-110.170143
-140.003372
-108.694923
-193.828262
-250.042526
-189.317932
35.483482
-192.725327
218.438156
149.502594
211.463242
-201.289627
250.709427
-68.713913
-178.753784
-158.485840
-221.722687
-235.972198
-181.267014
-39.724590
-208.755829
203.548141
196.397278
138.776443
-215.380875
222.868088
-12.780191
-224.339554
-197.237350
-248.425690
-208.330429
-181.364639
-103.991943
-227.109634
200.760254
237.274139
63.302822
-229.349289
192.709335
44.331554
236.707657
-221.527969
240.884491
-160.205139
-185.681931
-147.967300
-234.602127
220.062500
-232.436600
2.204776
-227.811310
184.627823
111.506416
183.558060
-231.286911
222.835373
-100.273323
-202.823410
-181.314133
-243.623459
253.364807
-200.354172
-52.516586
-222.518234
190.076996
175.998520
125.414207
-232.670395
206.184753
-33.764187
-236.142883
-207.629288
255.984253
-215.212433
-185.570892
-104.986504
-230.876007
194.380890
228.399246
64.882111
-229.536499
193.541885
35.586479
232.408615
-228.612213
234.855423
-169.391708
-191.289886
-151.124786
-237.859406
215.508652
-237.180893
6.906153
-226.413345
187.552505
111.376602
193.433975
-225.962189
231.575607
-97.035362
-199.632645
-180.914474
-245.364227
249.625809
-204.827011
-51.700123
-234.811874
182.785675
169.321426
128.063690
-235.769424
204.533051
-39.000931
-232.536377
-206.305893
252.518845
-225.597412
-187.558411
-105.816376
-235.332764
195.018707
218.451477
59.774643
-239.918793
186.941498
28.510813
237.889969
-224.705841
238.904480
-174.085571
-189.955765
-150.595856
-234.912186
215.961395
-237.922791
11.883796
-226.483612
183.019028
103.431892
197.345169
-226.594116
224.896912
-108.057632
-194.601364
-177.944199
-241.873596
247.724121
-204.440247
-45.991306
-229.486618
189.372650
167.973892
136.794281
-237.901245
207.941605
-39.543274
-228.296875
-200.727966
-250.472214
-220.676102
-179.885147
-87.242073
-247.296478
198.035126
247.022903
83.808846
-230.032181
195.727890
42.118195
255.184326
-209.357712
254.257446
-173.379074
-181.574402
-131.654099
-232.865128
214.579529
-232.224716
25.093678
-223.587372
190.220764
105.876465
206.902420
-223.392639
233.030975
-103.991943
-181.370010
-161.696991
-230.288589
253.686676
-190.972855
-26.870911
-216.513306
192.907288
173.150024
152.332321
-224.394714
217.669968
-39.785748
-213.749649
-195.758377
-249.320480
-225.109253
-179.911423
-89.996704
-228.624557
191.268967
221.132614
82.472031
-231.858231
196.504120
24.101797
253.356659
-220.427185
241.934311
-182.231445
-182.539993
-137.777588
-233.823212
209.355652
-243.234634
21.542433
-230.579346
183.773270
91.927895
205.335999
-229.855682
227.858612
-120.174782
-189.379623
-171.409805
-243.640091
237.890610
-205.975006
-33.101681
-227.678802
184.586517
160.470673
151.957352
-233.802292
209.755310
-54.775543
-216.234985
-196.496521
-249.150955
-228.093475
-177.368149
-78.698700
-223.350800
195.882385
219.489487
88.306908
-235.070969
191.331741
11.998058
252.727417
-221.047852
244.668549
-185.520905
-182.443436
-137.023880
-235.849884
202.987564
-242.940140
31.276171
-231.444626
182.454697
83.795433
211.043747
-226.078598
232.911896
-123.211578
-192.207764
-169.151382
-235.697540
234.683228
-203.278305
-17.741205
-220.948074
186.711365
159.559265
158.739044
-219.452469
230.836929
-53.787956
-207.264069
-189.160660
-236.930817
-226.859665
-173.884506
-66.495728
-212.088730
190.885422
215.079941
111.498909
-212.628387
214.534470
9.691895
-237.420151
-197.448166
-247.708466
-186.367950
-164.535934
-110.867516
-214.835312
222.549438
-232.162476
54.259487
-214.267761
202.443604
95.170685
236.327850
-210.374802
249.457901
-115.022255
-168.134918
-149.019257
-222.885162
247.982681
-196.638763
-8.106174
-216.039093
194.513382
156.729004
179.722504
-220.140732
224.913010
-53.789562
-193.102539
-176.774216
-238.148544
-228.904037
-175.307678
-62.788910
-222.285950
195.880783
212.320480
114.140884
-225.540009
203.084122
2.656996
-237.666916
-209.040680
251.949677
-195.551849
-176.793625
-119.113159
-233.417130
203.524536
-253.202805
48.991627
-227.172943
189.286285
70.439110
227.461014
-223.084183
237.873444
-140.862122
-181.180115
-154.993607
-231.944061
232.816940
-208.868027
-8.054138
-223.991837
186.217834
140.510223
178.915161
-224.385590
223.189957
-72.348305
-195.411926
-181.110809
-240.376389
-243.474335
-181.442429
-57.860085
-217.012192
198.603226
211.302841
127.465561
-221.366501
212.652634
-0.031650
-223.827789
-199.397064
-249.766800
-197.260941
-168.588211
-106.210663
-221.662613
209.148590
-252.639008
66.075157
-219.747513
201.520386
69.961678
242.777496
-217.223022
242.861282
-148.444199
-180.109909
-149.163559
-236.244171
226.949875
-213.155807
-0.604034
-223.667831
184.304886
131.241577
177.644333
-236.032272
219.131241
-87.928719
-194.750488
-176.199158
-242.769989
-248.751312
-176.743195
-52.427002
-219.656326
191.474426
201.348633
145.277039
-218.516922
213.807587
-0.888348
-219.169327
-193.110504
-237.138428
-195.406998
-152.538940
-94.775864
-230.511749
202.187180
-250.849426
92.600052
-218.595230
200.717865
67.732758
255.881165
-212.212646
-255.432693
-143.294891
-162.052734
-125.517738
-211.386002
236.086548
-200.669586
24.189774
-214.118637
197.882782
138.463150
209.970322
-214.193726
236.849915
-84.372650
-176.009888
-162.902908
-225.776581
-243.010315
-169.912155
-28.758648
-208.877594
203.023499
215.575073
172.393097
-201.977875
233.894653
-4.429400
-197.182190
-184.164246
-239.186554
-203.891373
-158.108292
-83.181747
-215.388382
205.782425
248.838760
88.247902
-220.252838
202.744553
47.475639
-252.205551
-211.453049
249.662827
-162.238785
-168.405289
-135.701553
-231.326614
216.486572
-228.642883
19.006672
-226.669754
184.541458
107.519585
204.933670
-227.014160
228.417038
-107.083992
-184.901413
-170.186707
-240.040039
245.349823
-194.104614
-32.517498
-218.297516
192.543030
180.085144
157.024582
-222.302048
217.398529
-36.240402
-208.982300
-190.349411
-241.576935
-219.632172
-169.223892
-80.498466
-219.417603
199.097275
233.357574
96.053673
-221.517776
204.809845
37.673237
-238.606216
-200.690948
-248.309280
-162.688873
-153.773834
-110.093430
-207.961884
234.713257
-206.863342
58.803684
-196.640289
218.044937
131.672867
252.932343
-188.653717
-237.081024
-73.200172
-134.441010
-119.282677
-189.945480
-224.025635
-148.163193
27.612272
-170.106781
239.443069
219.881088
220.962021
-170.883011
-238.886688
5.726517
-144.756790
-131.077423
-186.156586
-171.440384
-111.398689
-11.714817
-163.513916
253.181351
-229.505493
165.641983
-166.728806
-251.629852
74.168449
-181.180115
-152.694962
-202.999802
-129.926224
-109.272766
-62.552341
-170.577240
-247.910706
-182.777634
104.207054
-163.516602
253.597626
148.302567
-218.656494
-160.992096
-212.907883
-69.498192
-113.759567
-82.557861
-155.691513
-204.759323
-129.809906
62.106022
-143.255722
-255.784058
225.151627
250.474899
-149.497223
-206.301605
14.950635
-118.397110
-107.806580
-160.232498
-153.601547
-90.603516
16.482714
-145.739990
-254.199417
-236.620316
211.331818
-128.245010
-233.062531
79.528580
-135.241913
-118.188339
-167.958328
-108.691711
-74.923859
-25.031452
-137.659027
-221.326797
-167.384979
142.974625
-141.728470
-239.102875
154.680862
-184.543594
-134.772430
-186.724686
-57.850430
-82.831009
-63.487896
-152.476624
-209.110413
-130.706299
78.128998
-146.724899
-251.930267
212.325302
-247.714462
-153.027542
-218.177353
-13.340773
-119.904510
-113.294380
-175.430969
-189.139206
-115.850082
12.063505
-159.391357
248.277725
-253.760162
193.646408
-165.898941
-243.129410
47.504070
-157.056320
-142.775070
-194.469299
-150.816330
-108.208466
-43.734493
-166.965378
-255.395142
-203.120056
129.225098
-170.284882
249.248154
113.044930
-200.939423
-163.291824
-214.507553
-100.432648
-103.975945
-73.520432
-160.343002
-220.465271
-147.329025
83.383446
-153.439529
-255.262100
194.209671
-236.607971
-151.867767
-210.681641
-20.957174
-105.482269
-96.649124
-163.688263
-184.735550
-108.116203
37.010197
-145.363403
-248.856461
-251.665359
223.338989
-151.519608
-222.574570
48.787781
-129.124878
-116.396622
-170.165253
-141.156097
-88.304863
-11.094690
-146.043076
-236.803680
-188.269196
173.885483
-141.223679
-230.799286
123.948112
-159.531464
-125.533295
-178.113708
-82.883484
-74.002251
-43.299976
-141.253189
-211.740051
-136.344833
118.879272
-134.801407
-236.336975
194.859299
-205.513123
-134.395309
-193.092255
-23.034277
-84.341095
-75.164085
-145.682587
-180.308304
-97.403458
66.819199
-128.192978
-237.858856
-251.079559
252.060089
-137.568375
-204.527588
46.272938
-108.155899
-99.755661
-154.501694
-136.821640
-68.026825
26.906853
-121.787323
-230.536438
-189.802338
201.864151
-125.652390
-212.802200
108.363945
-141.481812
-117.754356
-164.723587
-96.458687
-78.601700
-29.139523
-155.015060
-225.758347
-144.173676
136.252472
-147.841232
243.403076
173.208496
-190.969635
-145.315125
-202.180115
-49.918064
-88.192207
-78.971748
-161.096710
-202.056732
-116.316254
64.783936
-149.625443
255.709061
236.938858
255.487411
-153.586517
-221.518845
25.270704
-108.392471
-103.574593
-170.776794
-157.824417
-90.948982
12.877287
-150.850662
-245.106720
-211.474060
196.963226
-150.851746
-238.426422
90.072876
-152.847397
-127.147987
-190.926086
-114.131767
-91.249924
-33.056084
-160.059769
-232.202621
-171.032776
132.642761
-154.484528
-251.450684
155.038666
-199.377838
-143.651627
-208.287506
-58.781155
-99.600189
-71.888039
-167.697617
-205.916977
-136.428528
76.228928
-155.070328
-254.800232
216.305161
-249.710571
-149.115280
-221.763458
3.068984
-117.088730
-99.096375
-176.732910
-168.620834
-107.849052
29.944721
-151.052902
-244.072998
-231.754242
213.118164
-145.245392
-227.304367
75.793335
-141.584274
-113.677399
-180.189209
-116.391258
-90.964005
-10.844708
-151.648361
-227.816666
-185.647064
162.766647
-144.944977
-240.970764
140.733917
-180.374908
-128.629105
-195.059387
-57.201870
-76.194687
-43.744686
-147.082703
-198.259262
-128.798172
116.775352
-130.534546
-238.759018
218.135513
-217.697327
-138.546310
-193.090652
17.135027
-88.871346
-61.319595
-156.881882
-160.072647
-78.845779
68.589996
-139.473816
-229.906647
-223.568146
244.326736
-149.824997
-201.826065
77.319511
-107.401123
-88.304230
-159.584473
-116.538780
-70.934341
14.531137
-137.618256
-221.425507
-176.902527
188.861862
-134.917816
-228.431976
134.555176
-153.648300
-117.564995
-183.899780
-74.775703
-75.181351
-32.860821
-150.115738
-208.752609
-143.670486
118.821335
-146.764587
-247.128571
186.915115
-215.071976
-140.559036
-209.792770
-29.467825
-105.062775
-82.398003
-171.799789
-190.732971
-126.685669
51.939377
-156.145889
-253.379730
237.482285
232.507858
-155.009705
-230.569153
26.916508
-134.679733
-111.847595
-184.487717
-153.272705
-105.409851
4.167617
-157.836746
-244.403992
-216.427567
182.893951
-155.355164
-242.448654
95.330544
-164.614792
-129.935333
-193.659271
-104.121223
-98.855072
-38.378658
-160.605865
-222.909836
-171.457108
123.443321
-148.348709
-241.831207
159.129044
-220.682098
-137.490585
-193.252655
-32.812538
-140.981842
-66.629837
-134.358307
-144.583954
-189.203674
48.971245
-106.029350
-165.777695
191.987701
181.533524
-79.262505
-124.539810
49.096771
-254.726303
-52.738674
-78.848907
-56.076416
251.067139
19.886436
-66.157227
-115.783470
180.417725
97.027855
-67.871696
-99.503532
81.554184
182.275436
-53.475746
-76.225166
-25.015894
218.616699
-11.774362
-58.458218
-84.961662
190.768372
63.189632
-56.589790
-101.393417
105.153877
153.630508
-56.166000
-84.121590
1.205921
215.898544
-29.925945
-68.409210
-80.161041
219.189072
41.144554
-68.454811
-129.761002
149.057877
152.868759
-83.128105
-131.612793
21.712484
-244.611694
-68.286903
-114.758865
-107.762589
-204.654816
21.478060
-104.666786
-176.219543
228.060760
169.340744
-108.270065
-174.070557
67.840050
-212.313599
-91.120552
-145.183167
-92.840919
-161.655243
-10.895134
-125.384171
-184.438904
-226.996552
139.873993
-115.781326
-192.855148
127.651703
-220.311951
-95.933502
-144.722900
-43.850903
-138.316803
-31.717663
-124.271584
-164.467178
-183.098969
99.603310
-122.469139
-205.734039
180.592606
-254.415695
-117.676575
-179.036926
-5.560220
-148.173386
-67.591675
-137.291031
-141.654984
-143.612549
63.516861
-111.780006
-202.941864
235.945374
223.732208
-115.586594
-183.999557
60.605595
-146.509338
-71.818298
-140.057999
-108.205154
-111.499001
25.502447
-122.607544
-200.096039
-211.896240
177.758591
-108.454063
-181.650482
126.018776
-170.534958
-89.711853
-146.701294
-59.457069
-106.016571
-11.763097
-124.945892
-181.111343
-177.542496
129.104935
-121.512131
-208.866333
169.536011
-221.480316
-115.155830
-173.931610
-22.164705
-120.598129
-49.428829
-134.396927
-160.018997
-143.706970
80.201279
-120.962280
-210.544861
226.831772
247.710617
-120.646317
-188.384430
24.146322
-145.712189
-80.346649
-146.476517
-133.063873
-125.843460
33.100071
-124.573067
-207.402374
-236.978119
198.165390
-123.105362
-198.774246
88.139008
-165.055206
-94.157349
-152.777573
-87.694298
-109.854271
-2.667725
-125.996780
-193.442017
-191.794144
148.395370
-125.466240
-211.608612
144.586105
-203.200531
-113.699394
-169.873428
-44.808987
-110.286644
-37.659290
-132.013519
-174.312485
-148.068237
106.276108
-117.951767
-212.823654
211.417648
-233.095352
-113.209084
-176.275864
15.715601
-112.576180
-58.332153
-132.896500
-139.602020
-111.840714
65.801567
-109.859009
-196.733627
-236.666443
245.174316
-103.170647
-191.683014
67.123894
-127.080490
-70.762581
-139.150330
-99.478859
-92.071220
26.552799
-114.704681
-192.166901
-187.000504
189.861252
-112.277824
-198.421265
136.424683
-163.669037
-97.113144
-157.589981
-59.615322
-92.202644
-19.636992
-129.233673
-184.257584
-155.110641
130.466949
-120.224136
-212.278641
190.903564
-210.469849
-114.305038
-175.348892
-12.426140
-106.463959
-53.757912
-136.377472
-158.549683
-124.013657
82.086334
-121.129112
-216.009583
243.738266
254.548096
-120.461243
-190.506592
42.636398
-125.549484
-77.622597
-146.182556
-127.095955
-106.150681
32.652142
-127.705887
-210.194565
-216.813278
205.191162
-120.756821
-202.425812
103.348747
-149.811676
-94.213669
-155.368576
-84.671982
-91.829819
-1.029968
-125.891106
-197.163849
-176.862823
146.031815
-132.182495
-222.535400
154.221664
-193.117035
-116.581696
-182.261490
-47.231560
-108.631187
-53.476280
-149.959106
-190.340836
-150.506912
87.154633
-139.276398
-235.042542
204.922943
-248.618378
-134.741318
-203.241196
-1.161933
-127.115898
-84.582397
-161.423935
-161.083298
-123.396744
40.481510
-142.358795
-234.844055
-252.234528
215.542343
-140.905579
-218.398895
57.978638
-149.866394
-106.198860
-171.466125
-124.908882
-107.636620
-2.764285
-144.409607
-222.075668
-201.404510
161.693771
-142.593216
-231.066437
119.153931
-180.488632
-120.560486
-186.025162
-77.700920
-104.230217
-37.249985
-149.864685
-198.620819
-152.737961
116.144493
-138.778046
-229.512360
191.518326
-202.835739
-133.988159
-199.882538
-28.924946
-104.931343
-68.387756
-155.048859
-186.588425
-120.696297
72.983986
-135.238602
-236.356827
247.327057
253.548706
-135.993912
-211.832855
35.660511
-115.649452
-95.015656
-168.738327
-145.904678
-90.918938
24.753038
-145.241104
-236.458755
-207.091339
208.218842
-141.420563
-229.061218
99.548058
-138.952484
-115.299599
-183.745285
-101.569908
-84.548698
-15.984895
-151.263733
-214.982300
-167.305573
149.599686
-137.639175
-228.427673
160.258255
-195.524048
-124.215263
-184.514542
-43.902401
-106.799232
-54.622658
-147.727509
-181.794235
-141.843903
92.148911
-133.795044
-226.627380
217.448868
-240.989090
-129.551788
-198.378357
7.119120
-116.160683
-83.183891
-159.156403
-159.853241
-110.060799
43.324654
-142.544403
-239.079803
-242.362381
224.962799
-148.247849
-230.542328
57.273754
-126.940483
-113.343735
-185.317596
-134.289642
-74.228630
2.069056
-156.642090
-243.493652
-179.663055
190.055450
-155.633591
-246.291199
125.942604
-139.026520
-126.521957
-192.560638
-79.855270
-45.878746
-25.892977
-155.841187
-215.320801
-118.807487
142.918304
-144.345245
-249.717438
206.832672
-174.661804
-125.313896
-201.105087
-13.405146
-48.206371
-64.323135
-170.950073
-187.830826
-67.564949
101.749611
-138.412186
-245.819122
-237.181427
-211.670410
-135.095367
-216.745056
44.679707
-61.383530
-82.880806
-168.455612
-149.428024
-44.451813
49.767323
-142.367386
-241.276001
-177.840225
245.468826
-139.063965
-231.566406
110.522583
-92.290085
-104.247826
-168.340820
-94.468483
-30.219475
4.812420
-147.108994
-226.363449
-128.226334
187.527191
-142.595901
-246.806717
172.154388
-137.126968
-127.348618
-201.022476
-58.391163
-42.540470
-44.313316
-163.445251
-214.569778
-98.951630
120.452660
-152.301208
249.106537
225.519089
-197.321655
-152.222885
-230.274643
-11.517943
-67.442642
-94.001244
-191.858963
-202.358215
-85.360870
47.771755
-175.559174
226.709015
-248.865677
241.031921
-179.481110
242.330200
27.428810
-115.125885
-143.549698
-224.471954
-182.168137
-82.714600
-20.003916
-197.305466
219.865631
-206.615509
170.828293
-197.431534
214.086533
80.517776
-161.285629
-176.237778
-250.350449
-146.953415
-86.926743
-77.084549
-215.140549
226.118927
-166.060501
106.019157
-205.077972
196.881241
141.137848
-209.048279
-195.638214
241.342606
-95.955498
-94.382744
-117.812294
-226.383835
249.180023
-128.255829
48.171944
-205.676651
193.874481
206.592346
254.472458
-201.579300
229.347229
-31.951014
-107.689728
-144.150513
-231.835159
-226.198761
-98.606697
-2.459049
-205.764084
200.795654
-242.053391
199.644363
-202.130768
217.084183
34.961525
-134.903961
-169.090759
-241.345734
-180.604416
-76.753662
-49.500710
-206.210938
212.012650
-178.118637
159.052872
-198.040390
209.247833
112.431778
-165.598083
-171.146942
-250.972183
-127.497208
-72.222336
-79.614944
-203.655869
248.866211
-124.224472
95.891663
-195.921982
204.298615
180.206375
-208.015091
-188.105484
249.633850
-66.347664
-73.204559
-118.958130
-211.909027
-246.044968
-96.946411
42.192226
-194.157623
201.626602
239.447800
254.683289
-196.001923
234.557159
-6.132067
-95.005554
-136.640320
-213.917465
-206.140671
-70.827583
-7.082106
-193.688248
207.203995
-214.425034
199.421738
-195.791626
218.370560
59.202263
-134.662018
-171.731659
-237.048828
-166.956268
-69.745049
-64.388580
-207.593887
214.055969
-173.454819
127.634003
-203.928925
202.806244
125.116486
-177.391220
-187.624298
-252.803055
-113.943474
-70.675774
-101.244820
-210.267517
240.712830
-125.434151
73.872337
-200.109451
196.834030
191.481842
-227.390289
-198.937332
239.846481
-56.190140
-88.813942
-138.030243
-222.172226
-242.174530
-95.784470
14.772536
-201.785828
195.514923
251.863754
225.130707
-204.953522
222.304291
9.607674
-114.927940
-164.193588
-234.462112
-202.215530
-75.322968
-33.907955
-202.008453
206.533432
-200.985016
169.635788
-203.464890
210.416199
83.439774
-147.178818
-179.299255
-244.406677
-148.675934
-64.977150
-77.292152
-203.263733
224.815918
-144.630722
113.393082
-195.648941
206.001831
162.502182
-183.535095
-187.108765
-251.165298
-88.965660
-62.486988
-108.191742
-202.195145
-252.303101
-95.275383
65.564995
-187.213379
211.900543
231.666718
-226.858139
-190.381058
248.619980
-16.384008
-79.129021
-138.815063
-213.818756
-214.470535
-62.712296
13.540329
-187.549194
209.427002
-217.818558
223.249939
-192.625015
226.495514
47.742786
-108.490097
-161.357422
-229.046738
-176.290878
-54.961784
-42.263035
-196.387085
217.696793
-166.564224
159.441788
-194.452667
211.750336
116.440613
-151.392563
-179.407608
-245.521927
-125.426010
-56.175751
-85.755592
-203.801788
235.981949
-127.110535
96.319748
-195.662354
199.899261
178.882431
-203.734283
-191.110626
250.410629
-67.646393
-70.322258
-120.139374
-210.066345
-244.736588
-90.794487
41.657928
-191.452347
203.620026
247.720276
-255.933289
-195.357117
235.278137
-2.722979
-94.610733
-149.457535
-224.437622
-211.514206
-69.987518
-11.314095
-196.671402
204.540558
-208.374512
198.994720
-196.472916
218.438690
64.252861
-128.649048
-170.553101
-235.395523
-162.998932
-57.421371
-57.294674
-199.193741
221.980820
-155.335953
137.815140
-193.895309
208.549927
135.859802
-167.846313
-184.936722
-250.263000
-108.715309
-59.276386
-97.859337
-204.956207
244.677139
-112.687759
80.853592
-192.122375
203.963348
205.969009
-214.395523
-190.142349
249.024460
-44.232849
-70.628563
-126.753700
-211.042679
-233.779221
-77.300827
29.876057
-192.398102
203.893616
-241.275558
244.652893
-189.896652
234.560913
19.527020
-89.454994
-145.706726
-219.956726
-191.609512
-54.949448
-22.443655
-190.759796
218.178513
-172.165741
199.136887
-185.550400
221.812378
97.043945
-122.014870
-168.491028
-226.722336
-139.321457
-42.914371
-49.601025
-187.843689
238.255920
-124.653625
136.559860
-183.162170
215.113281
168.181488
-164.487122
-177.019379
-245.200073
-82.149094
-45.788624
-97.192001
-199.188385
-253.046066
-89.631477
74.847588
-187.476776
203.785248
227.736206
-222.192719
-189.219131
245.862671
-25.400524
-69.864677
-131.897644
-213.638519
-224.132385
-67.943138
15.799822
-193.144287
203.464996
-229.208298
227.702942
-195.644104
225.672607
35.595062
-104.822449
-159.373123
-220.443817
-172.243973
-45.662563
-27.403597
-192.444778
217.686066
-171.561707
172.578705
-192.480713
215.540298
107.437508
-140.041992
-174.823181
-239.821167
-131.751724
-50.023838
-75.743446
-200.473160
235.177826
-125.422348
112.353996
-193.884583
202.958054
173.078140
-189.433807
-188.007309
255.113068
-76.239655
-60.450119
-113.364113
-210.559341
-254.577072
-93.150002
52.231735
-195.696152
195.333603
231.981064
-245.659897
-200.219955
230.898621
-20.231905
-87.281868
-148.891586
-226.070023
-223.550888
-72.846214
-6.766678
-202.549728
195.916183
-225.256332
205.864929
-204.977127
213.095200
45.389954
-119.921143
-173.493347
-240.859177
-182.949203
-59.984489
-53.401180
-208.121750
208.018845
-169.035599
151.748138
-204.487350
208.038162
117.064491
-158.801910
-189.080734
-249.670242
-127.669945
-55.037422
-91.725121
-204.201431
234.329163
-117.764641
98.517014
-194.085205
197.266403
186.144241
-195.903305
-190.546829
254.910294
-61.609814
-58.060806
-119.878128
-209.745560
-239.823853
-75.484978
50.902435
-196.392441
201.158295
-247.439804
-245.290283
-191.629898
237.728607
6.046237
-77.168861
-142.713913
-217.398972
-204.719101
-51.896557
-2.817393
-191.121353
209.099777
-195.549255
209.871078
-192.882507
221.721176
71.574219
-112.489807
-166.587189
-233.693390
-163.319183
-46.506386
-52.911407
-200.430252
216.670044
-152.207962
144.632767
-198.250153
203.771835
132.008148
-161.319427
-186.256363
-252.218338
-114.654259
-54.579838
-95.707123
-208.304138
237.000107
-112.717796
83.636116
-199.440506
195.055191
196.566788
-211.485870
-197.215881
241.219223
-57.548412
-69.951042
-130.545273
-218.567337
-245.251572
-81.751686
29.714588
-199.357361
196.522903
-252.067688
251.622345
-191.393875
238.437241
22.005381
-80.137001
-145.452454
-222.358917
-201.824997
-57.519539
-16.765955
-196.994339
206.393967
-192.236725
194.110962
-197.055496
213.766281
76.051895
-124.878937
-172.316391
-238.144791
-157.010086
-47.547081
-59.926456
-196.311981
233.348557
-119.937233
165.180634
-176.322006
216.186172
160.664337
-156.039764
-181.553909
-253.401184
-103.214638
-51.285549
-100.087181
-209.017075
246.346542
-100.157013
76.234291
-192.147049
201.512344
208.690918
-222.972702
-199.286011
241.077606
-44.002716
-72.291000
-135.086258
-219.193375
-232.329224
-67.009193
30.168955
-205.921799
192.097794
-237.219513
237.576691
-204.763626
220.832291
19.547405
-99.960136
-161.418579
-229.755371
-194.031570
-54.768127
-25.422518
-200.837936
199.900879
-180.340576
188.145172
-195.505707
213.296356
92.041618
-123.888123
-173.726151
-240.876343
-146.116028
-39.604523
-64.760338
-200.067612
224.991867
-128.322357
131.848831
-193.332047
203.643097
163.506409
-165.787979
-185.779999
-254.195129
-90.154953
-43.604233
-99.854362
-204.808151
251.846680
-89.020477
74.633545
-193.293961
199.103714
227.665390
-217.431793
-193.600266
240.601242
-29.557947
-64.313576
-134.259064
-217.189758
-231.396347
-64.675133
20.253899
-195.220322
199.021637
-226.510529
237.461899
-197.808121
222.997910
33.269051
-93.155365
-158.330811
-230.192566
-191.134766
-48.743351
-29.263441
-197.572083
209.724731
-170.005493
184.921158
-192.179230
215.578918
105.669930
-123.294823
-169.927078
-236.540833
-134.371170
-35.715858
-64.951843
-196.317886
232.532623
-118.004433
132.294067
-188.001404
207.635284
175.738892
-167.276611
-181.175720
-251.885742
-80.088089
-41.335621
-101.341385
-203.733124
-255.522812
-76.490807
79.366570
-184.158340
205.881119
245.848083
-208.717834
-181.124756
249.442886
-6.360055
-50.191742
-123.736221
-206.293549
-203.380142
-36.445953
35.761360
-170.336914
218.771286
-203.789536
248.803345
-173.464905
239.530518
57.768890
-66.709862
-136.854904
-216.672623
-177.975845
-25.371113
-8.264960
-163.671631
233.583511
-135.110489
200.209763
-176.289276
225.906494
130.650955
-109.176208
-159.650467
-227.303833
-118.067101
-16.625502
-60.179657
-188.145706
242.104889
-99.658119
133.682388
-181.002991
211.913956
192.669006
-162.180420
-177.224823
-248.991104
-67.523010
-33.143620
-100.067871
-201.072906
-249.753387
-69.210754
72.344551
-186.917267
202.546066
248.870407
-219.354401
-187.432785
242.825333
-7.443667
-57.532951
-133.782166
-214.150818
-217.899475
-50.539894
14.827789
-190.849380
204.360306
-209.340637
229.772003
-196.505096
219.428421
48.748085
-96.929779
-160.726028
-230.362625
-176.301071
-39.738636
-38.388851
-199.768280
210.054642
-159.124847
169.040344
-199.775787
202.962875
114.498688
-136.840515
-181.481491
-250.268372
-135.838348
-46.775677
-87.440025
-213.117096
220.972305
-121.763817
105.117393
-203.722382
188.688156
176.216324
-189.423615
-199.806900
238.185654
-82.710213
-58.802708
-127.657608
-225.256241
245.281158
-89.886826
43.524746
-206.843414
186.053146
235.176651
-243.351044
-205.458847
215.417984
-27.416471
-87.994797
-159.755600
-237.612640
-234.971191
-66.275879
-9.267570
-213.010345
186.250565
-214.489944
206.966782
-220.392853
197.616165
40.973965
-118.481865
-181.280869
-250.060226
-190.222809
-53.269310
-60.491333
-215.263397
191.538269
-169.960434
150.827606
-208.249954
181.595322
111.284866
-162.692719
-197.034561
244.369751
-142.171570
-46.053089
-90.427467
-218.535156
218.125946
-110.346725
100.500244
-207.045639
189.503006
187.695099
-193.559601
-200.079956
240.047638
-74.168991
-51.633163
-123.613907
-221.395996
251.790894
-76.115829
45.670513
-209.684937
178.820847
241.990005
-245.684036
-207.859970
220.374710
-13.383688
-74.029610
-151.133377
-229.854614
-221.929764
-49.678905
0.646949
-198.847748
197.644058
-198.500229
223.706451
-195.629089
218.425812
64.298462
-95.259293
-162.219482
-232.647873
-170.997284
-33.584576
-40.916031
-198.503876
211.994415
-146.756104
166.979858
-195.619431
203.468216
126.281631
-140.516220
-184.442657
-250.437347
-122.213257
-29.594521
-70.741127
-192.801514
240.452652
-96.573586
117.996826
-180.734772
213.531326
206.605759
-167.556641
-173.454178
-245.666779
-44.759636
-24.087944
-91.497665
-183.477066
-221.514023
-38.176517
87.153564
-161.394974
227.567322
-222.534424
-198.881104
-160.646103
-245.297165
32.503548
-27.982513
-105.084137
-186.600754
-178.039688
-6.123579
43.128853
-157.573898
238.712967
-158.086288
-246.779984
-155.799881
-255.264252
106.413437
-52.450699
-118.769302
-188.745453
-127.188217
12.239900
4.701913
-150.470871
-251.354660
-97.411507
215.332596
-143.228363
254.877045
179.729477
-86.795311
-128.834564
-195.897308
-69.593674
17.564621
-29.056374
-149.234375
-224.876434
-49.110813
157.285828
-143.712234
247.992874
246.742874
-131.560852
-142.290665
-217.144699
-14.809014
5.193199
-71.128975
-158.155930
-202.673645
-17.256893
96.667366
-146.921768
247.492386
-203.101822
-191.574738
-146.491013
-227.119293
48.988411
-15.696384
-97.183418
-176.724869
-167.597305
9.587730
55.176266
-143.535217
249.496521
-142.767654
-239.859879
-149.445724
-250.781738
110.970512
-49.664421
-120.626465
-191.297852
-127.142090
14.698949
0.396431
-154.235611
-253.742905
-95.565063
208.101364
-153.103729
244.480789
174.669754
-92.662910
-137.927780
-209.399551
-77.987381
10.743226
-42.772655
-165.498749
-240.209015
-59.443756
147.635773
-153.832214
235.608047
238.048233
-144.107697
-151.750275
-226.775436
-20.979168
-1.474237
-76.647888
-173.681625
-213.001755
-29.377262
88.772003
-156.794449
230.936172
-214.521591
-198.356995
-159.200378
-246.636658
35.751705
-29.823044
-109.975410
-189.076981
-179.750931
-6.373561
37.697380
-160.185287
236.386429
-154.768936
-252.737167
-160.088730
252.259735
104.334190
-58.053299
-127.932800
-197.899841
-130.428864
12.419071
-0.364780
-157.186050
253.121262
-101.228821
205.230865
-153.954514
245.906662
177.632523
-91.044472
-137.242218
-204.321060
-61.501450
27.460901
-30.386213
-155.699036
-232.383942
-50.590855
155.754288
-147.691559
238.869614
245.720947
-135.255325
-141.886185
-219.371475
-11.501849
8.196200
-66.323524
-165.602814
-202.810974
-12.455739
109.768349
-142.794388
240.779877
-202.260681
-186.148636
-140.430817
-226.401001
55.503494
-15.274204
-93.521660
-174.889160
-166.590942
14.462378
58.319817
-139.091324
252.865921
-132.286118
-235.225021
-142.742355
-245.831467
124.306458
-37.887909
-112.230080
-183.500656
-116.507668
28.636246
9.014369
-145.400421
-247.992249
-82.921127
216.382950
-144.596298
251.577377
189.079651
-81.466301
-130.791504
-201.649582
-68.794380
24.368315
-35.390678
-157.092163
-231.566940
-44.998447
155.243057
-146.589172
240.345901
249.249130
-134.370193
-144.726654
-221.326797
-13.458790
9.588267
-73.527939
-169.207169
-206.407272
-11.602260
99.172546
-151.129623
235.061417
-198.731964
-184.943253
-151.240662
-239.633942
48.066803
-10.478414
-99.099052
-180.324387
-169.916351
15.121665
51.361092
-150.658081
241.943954
-137.122681
-239.131393
-151.719711
-255.411240
118.366432
-38.948456
-118.712975
-192.260239
-126.071350
27.117579
6.215216
-152.763626
254.039108
-84.960686
217.843689
-151.553940
243.016846
188.533554
-72.666512
-132.793503
-205.783401
-73.249527
33.818810
-37.943069
-159.950333
-237.582596
-41.911762
159.289978
-150.633942
238.483917
252.606186
-121.761131
-146.072586
-224.587830
-12.534501
23.042229
-71.626793
-170.315460
-208.715591
0.511671
103.721573
-150.781464
231.130371
-190.895065
-176.733551
-152.967468
-243.343445
49.774296
-0.116503
-101.615501
-183.565033
-174.256699
21.368530
46.856049
-155.903946
234.482590
-134.539719
-238.353027
-158.241226
248.323334
113.448334
-38.573483
-128.992813
-201.842697
-135.711212
29.069153
-4.163862
-165.287933
242.449829
-87.950272
208.736511
-162.024750
231.655014
177.392197
-84.255798
-148.258575
-220.711502
-85.584473
23.844746
-49.662182
-174.726089
-252.446854
-48.497662
146.154663
-164.783142
219.408585
240.888687
-135.449524
-163.903366
-242.609589
-31.625931
7.927979
-88.505928
-186.255829
-226.673508
-13.657906
90.210747
-166.478287
215.306946
-205.011551
-185.921722
-164.887207
-253.486481
40.485268
-6.573654
-110.084312
-191.685150
-182.592468
17.111864
43.082718
-161.308609
232.349167
-134.181900
-235.545288
-158.013779
253.272003
115.883247
-30.848185
-123.661118
-198.197037
-134.218292
32.734123
1.241863
-160.423477
246.148056
-79.785095
218.698227
-158.956299
235.845688
183.637985
-68.744049
-133.742996
-209.176926
-76.047607
41.855244
-38.284245
-168.227631
-247.064209
-32.512764
163.428619
-155.065491
230.096649
-255.470337
-113.695732
-148.310074
-227.578491
-17.724575
30.389874
-72.325775
-173.475098
-214.998398
5.424405
107.854324
-153.972229
226.549149
-191.895538
-169.373566
-154.276382
-244.393799
48.859665
9.383346
-99.998131
-183.470627
-176.799973
31.375854
59.428638
-153.623001
232.666199
-126.583206
-222.655121
-157.424225
254.576630
121.712219
-18.245020
-121.849548
-192.222687
-125.147598
51.788006
16.319635
-154.514023
248.137177
-63.020748
239.917725
-149.083099
248.246078
191.512955
-49.004597
-120.609833
-194.835159
-56.611786
57.901833
-28.532806
-152.780243
-232.835083
-12.687482
181.284088
-141.131958
241.560410
-240.307816
-93.854347
-134.819641
-215.305237
-6.117047
50.516636
-56.869278
-159.682114
-205.223892
22.127596
122.014236
-141.892624
238.904480
-176.411148
-149.979050
-141.424316
-234.565109
55.914948
24.240641
-88.090187
-174.933151
-171.971985
41.276958
66.473732
-148.510712
237.185730
-123.478821
-214.471710
-150.337830
255.121658
119.398552
-13.625182
-114.289474
-197.277573
-127.717690
48.759254
17.484249
-158.322769
246.462418
-74.824081
233.163925
-153.758179
236.629974
186.297668
-56.534630
-137.235779
-213.306458
-79.278595
49.283894
-28.563385
-164.792786
-245.361008
-27.423004
174.156387
-154.239914
228.783432
-255.562073
-103.359573
-146.672318
-227.540939
-19.636992
39.958923
-67.951630
-172.694580
-218.757782
10.756101
117.318230
-150.930603
228.146683
-187.615265
-155.637436
-153.532883
-243.146576
45.582539
22.169437
-94.301651
-180.543259
-179.243454
39.829105
65.586456
-151.546432
233.710648
-126.557999
-211.813095
-151.387650
255.415085
120.591057
0.675285
-111.674324
-191.063950
-133.068161
54.362926
18.108667
-154.389038
244.738281
-73.132141
238.562134
-151.928375
240.820648
184.533844
-49.477737
-134.206482
-210.536804
-84.047028
54.108650
-25.553946
-161.275345
-247.004120
-25.640944
183.077408
-149.984314
230.920090
254.026138
-95.035057
-141.581497
-224.588364
-19.706728
45.799702
-56.832798
-170.754272
-214.753235
12.587514
129.265854
-148.365341
231.964539
-189.170410
-146.188553
-146.787659
-239.186554
45.139435
27.485041
-86.867104
-178.311127
-178.212418
39.651543
76.029366
-150.213913
236.114990
-128.372238
-202.868469
-148.898026
-254.425797
113.334610
-3.157055
-110.697464
-191.077896
-133.878189
54.662796
26.354317
-153.257141
248.711182
-72.866600
250.641205
-148.952744
244.190048
183.392303
-41.315773
-127.009583
-203.639236
-81.717262
58.477970
-15.783193
-159.013702
-243.183578
-26.154856
188.843094
-152.415466
231.371765
247.405914
-93.897804
-145.668640
-227.924500
-26.083950
48.526974
-57.268925
-173.970230
-223.064331
3.957237
126.143234
-156.227432
226.475662
-200.605759
-149.023102
-154.241516
-245.650681
32.695595
22.119549
-91.482109
-185.676468
-187.721390
30.976204
71.949730
-157.777206
228.098404
-139.665955
-204.906952
-154.643311
249.932648
100.270645
-9.210265
-119.509590
-201.512787
-148.875488
42.476978
14.906647
-168.705063
231.092285
-93.943398
234.340347
-170.833664
221.080124
155.060135
-64.095779
-155.009705
-233.337189
-114.204185
28.278975
-48.153168
-194.923126
231.682907
-64.749168
156.425369
-188.871521
196.644669
209.949402
-124.755013
-181.676224
248.819534
-69.149498
8.370543
-95.783836
-213.459351
250.978714
-32.314281
92.723434
-194.873779
186.335846
-241.827011
-183.899338
-193.994019
227.012634
-12.146117
-14.008738
-130.963165
-225.181671
-227.991547
-12.814082
34.932556
-200.732803
184.284500
-187.613113
-249.638153
-203.913361
205.033554
47.409657
-55.252537
-165.147385
-243.942642
-191.110626
-3.047085
-23.933889
-209.381851
190.786713
-134.780045
202.585663
-202.296524
190.355942
121.323837
-93.317909
-184.243103
251.376755
-143.079773
3.479804
-69.225677
-210.836685
212.462189
-84.718750
140.968338
-202.438141
185.588593
197.064072
-139.885895
-191.798874
236.408951
-75.378662
-6.915367
-101.243752
-221.024246
244.738831
-46.009640
83.843712
-200.777863
179.972580
-247.948898
-197.318436
-197.568329
216.932892
-14.948489
-35.459976
-136.522842
-238.890976
-234.670258
-31.260708
25.389257
-213.324158
179.804138
-198.164413
250.024292
-211.437500
197.846832
46.393101
-65.354805
-165.228912
-255.088837
-189.613953
-19.983627
-23.567499
-219.427795
193.433533
-148.205566
196.927277
-211.129578
186.263962
115.906853
-103.990425
-177.616440
245.256485
-139.483475
-9.880817
-62.353321
-217.363037
219.951462
-99.794380
147.222183
-202.146317
184.352097
188.533554
-144.016495
-187.088379
237.109009
-79.242653
-16.519285
-96.806839
-227.950775
246.998322
-62.100216
90.122765
-206.114380
182.302887
246.466064
-197.508881
-193.619049
216.613708
-22.637310
-38.384121
-125.981224
-241.257751
-228.109573
-27.965347
43.804768
-206.061279
188.890396
-205.376328
-248.386093
-197.599442
208.848190
44.482296
-65.464241
-148.146469
-245.693588
-188.786224
-21.140196
-8.720399
-205.346191
204.040588
-154.384842
206.907242
-201.056808
197.085632
114.301819
-97.621254
-168.815033
254.293930
-137.218613
-12.534595
-48.138687
-212.738907
224.596512
-103.230827
155.098755
-198.045761
191.325302
178.150192
-138.719666
-180.866730
239.265503
-83.255775
-16.574539
-81.406120
-216.849655
250.849426
-64.981445
102.295174
-199.809052
190.514191
243.028549
-186.435089
-190.040421
227.666565
-21.067680
-32.585720
-118.172241
-233.897781
-230.722580
-37.787594
48.708385
-203.453629
193.386856
-208.289215
-236.327957
-193.846497
215.046234
43.348255
-55.474087
-140.975311
-240.893509
-187.190842
-17.111517
3.265322
-205.528046
205.076996
-153.282990
220.938950
-196.404785
201.690445
108.830109
-90.472618
-163.660370
255.439224
-142.532608
-10.220922
-42.161110
-213.947510
220.561920
-107.271843
163.720978
-198.829498
192.289841
174.286743
-129.094299
-176.541397
245.041382
-88.028496
-13.781823
-81.346581
-219.922394
245.762894
-67.568703
108.888046
-200.210297
188.939743
238.036423
-175.993790
-188.152679
230.483948
-28.700714
-22.320904
-111.725288
-223.060043
-231.401718
-30.615906
59.534317
-196.289993
194.739227
-211.896240
-227.193420
-193.156097
217.781006
33.470219
-48.881752
-140.210876
-237.325638
-195.212280
-16.446867
3.968597
-205.391800
201.035980
-156.834778
230.105667
-193.991333
206.249664
101.967949
-81.882042
-159.884888
-250.306992
-147.994659
-7.379389
-36.945286
-207.665237
220.036758
-107.457985
174.160141
-194.681732
195.841614
168.989380
-121.697296
-172.850143
251.264099
-90.307838
-5.061960
-69.980453
-210.047577
247.513840
-65.890175
119.989174
-193.872238
191.860672
232.591003
-167.131775
-182.033493
237.727524
-31.694057
-18.976189
-102.501709
-219.400970
-233.566788
-36.342957
66.421158
-197.038330
195.195740
-218.974060
-219.415009
-190.057053
220.675110
27.962570
-46.297173
-133.428650
-233.835007
-198.159485
-17.503656
16.005816
-200.812195
202.008545
-166.147400
235.673935
-194.460724
207.040375
91.783058
-78.321678
-156.061127
-246.677429
-153.050613
-6.763554
-29.024723
-206.648148
217.153915
-116.265823
182.544189
-192.435120
201.105179
163.824509
-108.291618
-162.580505
-250.533905
-92.443947
0.593210
-59.768745
-203.765839
249.327545
-64.442322
135.482147
-186.491867
201.491425
231.247757
-152.121063
-173.011612
246.512833
-36.253277
-12.103833
-94.812874
-214.411530
-234.930420
-34.987370
80.647598
-189.771133
201.094986
-221.408966
-204.004120
-181.822678
230.222168
23.539604
-39.575020
-131.133743
-234.169220
-207.688843
-24.514954
16.736450
-209.788467
191.117157
-181.699387
237.069214
-204.037277
198.783997
72.721664
-80.952393
-162.491989
-254.641449
-169.147629
-14.525331
-29.221062
-213.381561
207.021057
-128.374924
183.872955
-201.614716
192.601501
144.347382
-110.245338
-171.413559
251.002853
-113.362503
-8.840120
-66.533272
-217.380203
229.235123
-84.994476
129.181107
-202.015427
185.298370
206.073608
-159.811493
-186.827133
234.947144
-56.969589
-18.728889
-100.178375
-223.490799
-250.341858
-47.905960
78.470177
-200.160950
186.795044
-242.780807
-208.562256
-195.197250
218.309952
3.492773
-42.048016
-134.435547
-239.770737
-219.569412
-27.374187
24.659161
-206.274780
190.386520
-186.749985
248.679428
-202.959564
199.676636
61.902172
-76.561073
-161.948578
255.618942
-180.783585
-19.984163
-29.078905
-219.218048
197.668198
-139.650391
189.417618
-206.916901
186.241440
125.422791
-114.198914
-180.787338
241.198303
-133.148087
-19.347406
-72.971115
-228.398178
214.760315
-99.940826
127.964989
-212.869263
175.803360
187.191376
-160.527634
-196.963226
223.972626
-79.342972
-28.433661
-108.973343
-236.975876
241.907486
-65.499107
72.488853
-216.070206
172.788010
248.095245
-211.101242
-208.179153
206.764114
-20.585421
-48.123760
-141.291275
-250.615982
-238.933899
-42.481461
19.108595
-221.224335
175.128510
-208.187286
246.373810
-214.377197
190.236328
41.568344
-77.939194
-168.116592
246.934479
-199.303711
-28.705635
-29.717270
-228.321457
184.644989
-156.783813
188.237976
-220.564514
173.536880
104.238701
-115.331879
-190.910004
229.127838
-153.959885
-25.731602
-74.072968
-236.406708
201.650208
-113.755814
129.083466
-221.906158
167.322205
170.541840
-156.644867
-200.687744
220.128479
-94.843452
-29.493134
-109.271599
-242.654648
229.163239
-74.419067
77.909058
-220.234070
167.032532
235.590256
-204.346359
-209.988571
205.795837
-32.836681
-43.616035
-138.779114
-250.378876
-247.212265
-44.899742
26.397768
-225.656952
166.291168
-220.952454
253.110977
-210.676285
206.000214
38.024609
-65.309212
-161.493134
