-161.849335
-163.549850
-162.202850
-160.799515
-161.298416
-163.339035
-162.880905
-161.002823
-160.886963
-162.568161
-163.374435
-161.418030
-160.761429
-161.897614
-163.527863
-162.019928
-160.756607
-161.346146
-163.283249
-162.739822
-161.046814
-160.970642
-162.741440
-163.258560
-161.279099
-160.722809
-162.018311
-163.456512
-161.786041
-160.685257
-161.408386
-163.327774
-162.542953
-160.985657
-161.013565
-162.851410
-163.113724
-161.166977
-160.716904
-162.152420
-163.441498
-161.638519
-160.661118
-161.490997
-163.348694
-162.319260
-160.745331
-161.055939
-163.049896
-162.993561
-161.047897
-160.742661
-162.236649
-163.358887
-161.504410
-160.636444
-161.548935
-163.351913
-162.135254
-160.650391
-161.072571
-163.090668
-162.821365
-161.029114
-160.752304
-162.331055
-163.215118
-161.305389
-160.614975
-161.717911
-163.371216
-161.957703
-160.592987
-161.122452
-163.052032
-162.664185
-160.935776
-160.805420
-162.596069
-163.151276
-161.187363
-160.572601
-161.793015
-163.313278
-161.755463
-160.554901
-161.188446
-163.094955
-162.442108
-160.727631
-160.847260
-162.694229
-163.015030
-161.038239
-160.568314
-161.901901
-163.314362
-161.616516
-160.541489
-161.274811
-163.160400
-162.285995
-160.635361
-160.861206
-162.788101
-162.909882
-161.029114
-160.594055
-161.973251
-163.194199
-161.441101
-160.483017
-161.330063
-163.162552
-162.086441
-160.562408
-160.869263
-162.750565
-162.738220
-160.928268
-160.628937
-162.226456
-163.135727
-161.245834
-160.432053
-161.428223
-163.180786
-161.891174
-160.495895
-160.917542
-162.837463
-162.552078
-160.690628
-160.636444
-162.370758
-163.065445
-161.085983
-160.385925
-161.511383
-163.145920
-161.724884
-160.444397
-160.980835
-162.890564
-162.381485
-160.604248
-160.584946
-162.304779
-162.951721
-161.069885
-160.389145
-161.597214
-163.123383
-161.532303
-160.364471
-161.007660
-162.945282
-162.212509
-160.486237
-160.603714
-162.387390
-162.804199
-160.936310
-160.403625
-161.847733
-163.099243
-161.333282
-160.294724
-161.093491
-162.972107
-162.012955
-160.395584
-160.605865
-162.501114
-162.650772
-160.655746
-160.378952
-161.964676
-163.011810
-161.160004
-160.221771
-161.112808
-162.928116
-161.794617
-160.271118
-160.628387
-162.541351
-162.448547
-160.547394
-160.348907
-161.921753
-162.931870
-161.142838
-160.233032
-161.208282
-162.927582
-161.603638
-160.243759
-160.695984
-162.627716
-162.291367
-160.436340
-160.360168
-162.033340
-162.834778
-160.966354
-160.218552
-161.403549
-162.947433
-161.457733
-160.205139
-160.776993
-162.663116
-162.092880
-160.332809
-160.365540
-162.113266
-162.673843
-160.715836
-160.197098
-161.563416
-162.957092
-161.409454
-160.153107
-160.830093
-162.725342
-161.927124
-160.243759
-160.380554
-162.182999
-162.491455
-160.550079
-160.144516
-161.538193
-162.884674
-161.217407
-160.120377
-160.918076
-162.752167
-161.756531
-160.168655
-160.425079
-162.298874
-162.375046
-160.446533
-160.121994
-161.607941
-162.772018
-160.918610
-160.084442
-161.116562
-162.800980
-161.582718
-160.083374
-160.442780
-162.347153
-162.214111
-160.312424
-160.134872
-161.721664
-162.644882
-160.764648
-160.034546
-161.172348
-162.789719
-161.509766
-160.046890
-160.477646
-162.424408
-162.057480
-160.217484
-160.171341
-161.869186
-162.578903
-160.631607
-159.984131
-161.161087
-162.777374
-161.308060
-159.987885
-160.687943
-162.526321
-161.862747
-160.110733
-160.179398
-161.912094
-162.401871
-160.445465
-159.939072
-161.230286
-162.681351
-161.018921
-159.921906
-160.710999
-162.522568
-161.661041
-159.986816
-160.142380
-162.010269
-162.282242
-160.296341
-159.909027
-161.356339
-162.626099
-160.808640
-159.814072
-160.689545
-162.600357
-161.627243
-159.968033
-160.212646
-162.104675
-162.100388
-160.189041
-159.932098
-161.423401
-162.564407
-160.695450
-159.823196
-160.778061
-162.565491
-161.306992
-159.865036
-160.378418
-162.231812
-161.978088
-160.098923
-159.958908
-161.563950
-162.471069
-160.545776
-159.775986
-160.857452
-162.541885
-161.124069
-159.847870
-160.447617
-162.311752
-161.941605
-159.995392
-159.952484
-161.681961
-162.365387
-160.372513
-159.752380
-160.943817
-162.477509
-160.921295
-159.720200
-160.355881
-162.345551
-161.750092
-159.927795
-160.016846
-161.727570
-162.165833
-160.208893
-159.699280
-161.022141
-162.445328
-160.741043
-159.655289
-160.406845
-162.295120
-161.398727
-159.801743
-160.111267
-161.862213
-162.044067
-160.078003
-159.697662
-161.130508
-162.373444
-160.601578
-159.669769
-160.498581
-162.345001
-161.294647
-159.740051
-160.057617
-161.993103
-162.064453
-160.027039
-159.717514
-161.238861
-162.333206
-160.434738
-159.598969
-160.579041
-162.353592
-161.072571
-159.647247
-160.036163
-162.010269
-161.841293
-159.895615
-159.817825
-161.362244
-162.201782
-160.272202
-159.581802
-160.701355
-162.353592
-160.891785
-159.566238
-160.072647
-162.016708
-161.538742
-159.786179
-159.875229
-161.517807
-162.234497
-160.159012
-159.536194
-160.728165
-162.258636
-160.686325
-159.488998
-160.138092
-162.104675
-161.382629
-159.648315
-159.763107
-161.595596
-162.089661
-159.982513
-159.497040
-160.871933
-162.268295
-160.529694
-159.439636
-160.216400
-162.110046
-161.198624
-159.564087
-159.751846
-161.602036
-161.812851
-159.885956
-159.637589
-161.003372
-162.192657
-160.359100
-159.415497
-160.305450
-162.129364
-161.019989
-159.502396
-159.802811
-161.707184
-161.679276
-159.748627
-159.531906
-161.118698
-162.223770
-160.219086
-159.369904
-160.376266
-162.177643
-160.863892
-159.420334
-159.843582
-161.825195
-161.559128
-159.616135
-159.506699
-161.229752
-162.136871
-160.095169
-159.479340
-160.485703
-162.142776
-160.668091
-159.346832
-159.892395
-161.835922
-161.335953
-159.524933
-159.487915
-161.248520
-161.874542
-159.955688
-159.469147
-160.611771
-162.138474
-160.456192
-159.244904
-159.909027
-161.884201
-161.160004
-159.419785
-159.505615
-161.338104
-161.703430
-159.716446
-159.267441
-160.705109
-162.151352
-160.285614
-159.220230
-159.999680
-161.886887
-160.973862
-159.358643
-159.564636
-161.440033
-161.560730
-159.613983
-159.287292
-160.778061
-161.949112
-160.148285
-159.332352
-160.118240
-161.915314
-160.773239
-159.256714
-159.586624
-161.490997
-161.425552
-159.500793
-159.301773
-160.882660
-161.846115
-159.948181
-159.148880
-160.212112
-162.027435
-160.571533
-159.172485
-159.605392
-161.564484
-161.268906
-159.376343
-159.278168
-160.943817
-161.731323
-159.824265
-159.182144
-160.323166
-162.025284
-160.466919
-159.270660
-159.690155
-161.602036
-161.069885
-159.262070
-159.246521
-161.029648
-161.634766
-159.669769
-159.205750
-160.649307
-162.192123
-160.549530
-159.374191
-159.889709
-161.911026
-161.065063
-159.350586
-159.504013
-161.340256
-161.673386
-159.692841
-159.265839
-160.619278
-161.957153
-160.244308
-159.196091
-160.034546
-161.971649
-160.835464
-159.254562
-159.418716
-161.264618
-161.364395
-159.429443
-159.115097
-160.591385
-161.737762
-159.921906
-159.054474
-159.971786
-161.754379
-160.647705
-159.235260
-159.449295
-161.351517
-161.236725
-159.323761
-159.147812
-160.710999
-161.654602
-159.734146
-158.960052
-160.015778
-161.729706
-160.388611
-159.010483
-159.506165
-161.533905
-161.074173
-159.195023
-159.115631
-160.788254
-161.547852
-159.608612
-158.944504
-160.112869
-161.707184
-160.185287
-158.927338
-159.516891
-161.455048
-160.929337
-159.261536
-159.153717
-160.889099
-161.429840
-159.427307
-158.923584
-160.182617
-161.637970
-159.999146
-158.864578
-159.567856
-161.479721
-160.709396
-159.001358
-159.157471
-161.067200
-161.289825
-159.299088
-158.894073
-160.267899
-161.595596
-159.825882
-158.838821
-159.661728
-161.495285
-160.514664
-158.933243
-159.166046
-161.048431
-161.158936
-159.353806
-158.936462
-160.389145
-161.552689
-159.718048
-158.821655
-159.727707
-161.497971
-160.337646
-158.887634
-159.214340
-161.107971
-161.031265
-159.226669
-158.964890
-160.616058
-161.441635
-159.522781
-158.781967
-159.836609
-161.539276
-160.184753
-158.816299
-159.261002
-161.190048
-160.810242
-158.957382
-158.927872
-160.711548
-161.382629
-159.508835
-158.765869
-159.891327
-161.490463
-160.005051
-158.755142
-159.307678
-161.242081
-160.669159
-158.910706
-158.947723
-160.679352
-161.260315
-159.383316
-158.755676
-160.085510
-161.449692
-159.787247
-158.693985
-159.380630
-161.293045
-160.511978
-158.805023
-158.919296
-160.753387
-161.095093
-159.133331
-158.768555
-160.264679
-161.454514
-159.723953
-158.677887
-159.479874
-161.283920
-160.310822
-158.724030
-158.987961
-160.882126
-160.980835
-159.005127
-158.719193
-160.196014
-161.357956
-159.619339
-158.685394
-159.648315
-161.353668
-160.178314
-158.702026
-159.038376
-160.918076
-160.800598
-158.928406
-158.709549
-160.296875
-161.242081
-159.321091
-158.618881
-159.767944
-161.390671
-160.104294
-158.590454
-159.046432
-160.992096
-160.636978
-158.803421
-158.733139
-160.411667
-161.128891
-159.168732
-158.558258
-159.716980
-161.325775
-159.935852
-158.594208
-159.161758
-161.059692
-160.465851
-158.716522
-158.740662
-160.515747
-161.033401
-159.040527
-158.522324
-159.814606
-161.265686
-159.593597
-158.505157
-159.341476
-161.113876
-160.317795
-158.634445
-158.769089
-160.605865
-160.909485
-158.938599
-158.536270
-159.922974
-161.231354
-159.479874
-158.484772
-159.318405
-161.174484
-160.256104
-158.563629
-158.813080
-160.659500
-160.753387
-158.821121
-158.551285
-160.007736
-161.139618
-159.303925
-158.424149
-159.374725
-161.125671
-159.937988
-158.492279
-158.972931
-160.777527
-160.611221
-158.736893
-158.562561
-160.137009
-161.040375
-159.123138
-158.375870
-159.442322
-161.131042
-159.782959
-158.417175
-158.908554
-160.869263
-160.587631
-158.643021
-158.560410
-160.210510
-160.939529
-159.001358
-158.350128
-159.527618
-161.096710
-159.608078
-158.373199
-158.968643
-160.925583
-160.453506
-158.622635
-158.726700
-160.351059
-160.824738
-158.862427
-158.355484
-159.648849
-161.084900
-159.451447
-158.342072
-159.049103
-160.913239
-160.090347
-158.457413
-158.685944
-160.434738
-160.839752
-158.760498
-158.349594
-159.734680
-161.040375
-159.293198
-158.285751
-159.090958
-160.928268
-159.938522
-158.359787
-158.622635
-160.543106
-160.705643
-158.677887
-158.483170
-159.872009
-160.976013
-159.125824
-158.249268
-159.157471
-160.945435
-159.744873
-158.268585
-158.642487
-160.543106
-160.426697
-158.556122
-158.496567
-160.021683
-161.032867
-159.002975
-158.200989
-159.273346
-160.957764
-159.616135
-158.238007
-158.711685
-160.633224
-160.257706
-158.423615
-158.342072
-160.071564
-160.916992
-158.869400
-158.275558
-159.381699
-160.934158
-159.433731
-158.181152
-158.770157
-160.689011
-160.088196
-158.314178
-158.366226
-160.142914
-160.661118
-158.720276
-158.321152
-159.516342
-161.030182
-159.281387
-158.138229
-158.811996
-160.720123
-159.941208
-158.273956
-158.426834
-160.230896
-160.525391
-158.562027
-158.150040
-159.608078
-161.008194
-159.146744
-158.167206
-158.933777
-160.780746
-159.794220
-158.209579
-158.439178
-160.284531
-160.362320
-158.422546
-158.133942
-159.649918
-160.764648
-158.972397
-158.173096
-159.019073
-160.815079
-159.580185
-158.124817
-158.501404
-160.378418
-160.223923
-158.346375
-158.184906
-159.770630
-160.711548
-158.780884
-158.017532
-159.114014
-160.911636
-159.455734
-158.195099
-158.584549
-160.458344
-160.082840
-158.271271
-158.181686
-159.865570
-160.592453
-158.667694
-158.052933
-159.191269
-160.743195
-159.280853
-158.154861
-158.675217
-160.631607
-159.940140
-158.146820
-158.217621
-159.971786
-160.503403
-158.563629
-158.009491
-159.252426
-160.722275
-159.090408
-157.972473
-158.692368
-160.702423
-159.797440
-158.188126
-158.257858
-160.057617
-160.343002
-158.398941
-158.026108
-159.391357
-160.673996
-158.933777
-157.955841
-158.756210
-160.597824
-159.618805
-158.147354
-158.331894
-160.276489
-160.243225
-158.271271
-157.988571
-159.506165
-160.630005
-158.769089
-157.882889
-158.844193
-160.622498
-159.448227
-157.972473
-158.398941
-160.391830
-160.117706
-158.284683
-157.997147
-159.574829
-160.510910
-158.609222
-157.842117
-158.914459
-160.630539
-159.237930
-157.880737
-158.372116
-160.283463
-159.941742
-158.190262
-158.046494
-159.727173
-160.404160
-158.488525
-157.849091
-158.993851
-160.576889
-159.070023
-157.830856
-158.408066
-160.337646
-159.751312
-157.989105
-158.080826
-159.935318
-160.361786
-158.506226
-157.844254
-159.070023
-160.546860
-158.916611
-157.806168
-158.504623
-160.383240
-159.579117
-157.904877
-158.071182
-159.879517
-160.220703
-158.350662
-157.872162
-159.365616
-160.555435
-158.756744
-157.733215
-158.558258
-160.418640
-159.408524
-157.804565
-158.091019
-160.000214
-160.063522
-158.100677
-157.844254
-159.445007
-160.500183
-158.744949
-157.718735
-158.649994
-160.456192
-159.236328
-157.746628
-158.125351
-160.053864
-159.895615
-158.004120
-157.861969
-159.421402
-160.403091
-158.599564
-157.777740
-158.908554
-160.490524
-159.112411
-157.749847
-158.229965
-160.141846
-159.764191
-157.881271
-157.841049
-159.511520
-160.282394
-158.336182
-157.708008
-158.972397
-160.492142
-159.077545
-157.721954
-158.291656
-160.204605
-159.613983
-157.831924
-157.851776
-159.586624
-160.147202
-158.208511
-157.672592
-158.928406
-160.415970
-158.897827
-157.698883
-158.460098
-160.243759
-159.447144
-157.754669
-157.878586
-159.668701
-160.018463
-158.066345
-157.646317
-159.058762
-160.370361
-158.595810
-157.611450
-158.534119
-160.305450
-159.382782
-157.687622
-157.934921
-159.791550
-159.915466
-157.973541
-157.691910
-159.142990
-160.264145
-158.444000
-157.548676
-158.479950
-160.337646
-159.251877
-157.669388
-158.112488
-159.917068
-159.762573
-157.867325
-157.684937
-159.230423
-160.165985
-158.285217
-157.529373
-158.560944
-160.266296
-158.913925
-157.565308
-158.160767
-160.000763
-159.704636
-157.760040
-157.698883
-159.345764
-160.089264
-158.158615
-157.514893
-158.683792
-160.263077
-158.740662
-157.486450
-158.079758
-160.023819
-159.539948
-157.677429
-157.827087
-159.466461
-159.975006
-158.060989
-157.536346
-158.810928
-160.246979
-158.593140
-157.459625
-158.170410
-160.053864
-159.235260
-157.604477
-157.863571
-159.613983
-160.010406
-157.944046
-157.480011
-158.898911
-160.192810
-158.464386
-157.436035
-158.248199
-160.097855
-159.084518
-157.491287
-157.764328
-159.690689
-159.860748
-157.846405
-157.611984
-158.988495
-160.139694
-158.282532
-157.374344
-158.313110
-160.121994
-158.931091
-157.485382
-157.819580
-159.705719
-159.582870
-157.770767
-157.688156
-159.147812
-160.173492
-158.181686
-157.407593
-158.436493
-160.117706
-158.793228
-157.423691
-157.884491
-159.798523
-159.435883
-157.595886
-157.502548
-159.203064
-160.062988
-158.066345
-157.486984
-158.543777
-160.124680
-158.618881
-157.377563
-157.935989
-159.854843
-159.278702
-157.534195
-157.561554
-159.292648
-159.831772
-157.915070
-157.495575
-158.678970
-160.242157
-158.475113
-157.335175
-158.004120
-159.897217
-159.103287
-157.455872
-157.558334
-159.382782
-159.706787
-157.764328
-157.369507
-158.715973
-160.012024
-158.294342
-157.358780
-158.084579
-159.903656
-158.930557
-157.352875
-157.596420
-159.444473
-159.582336
-157.654358
-157.352875
-158.830780
-159.966431
-158.123215
-157.254181
-158.207962
-160.075317
-158.805557
-157.289581
-157.651138
-159.562485
-159.446609
-157.555115
-157.322845
-158.902130
-159.890244
-158.029327
-157.252563
-158.246048
-159.941208
-158.663940
-157.402237
-157.742874
-159.674057
-159.300171
-157.445145
-157.386139
-159.044815
-159.785645
-157.853912
-157.181747
-158.329742
-159.933167
-158.448288
-157.234863
-157.827637
-159.836609
-159.165512
-157.388824
-157.418320
-159.137619
-159.705719
-157.778809
-157.255783
-158.477798
-159.918152
-158.293793
-157.192490
-157.890930
-159.762573
-158.997070
-157.439789
-157.459625
-159.243301
-159.565170
-157.624313
-157.218231
-158.571136
-159.880600
-158.131790
-157.151718
-157.945648
-159.797440
-158.787323
-157.194092
-157.484848
-159.450897
-159.454117
-157.490738
-157.176926
-158.673065
-159.818359
-157.987488
-157.075546
-157.990173
-159.800125
-158.666626
-157.190338
-157.502014
-159.372040
-159.326447
-157.550827
-157.204819
-158.758896
-159.722336
-157.851776
-157.083054
-158.125900
-159.795837
-158.436493
-157.083588
-157.561020
-159.476120
-159.123672
-157.298157
-157.222519
-158.976151
-159.645630
-157.704254
-157.059982
-158.200989
-159.772232
-158.272339
-157.025650
-157.615204
-159.515808
-158.949875
-157.191406
-157.261154
-158.970795
-159.587158
-157.742874
-157.137772
-158.471359
-159.801193
-158.162369
-157.044418
-157.701569
-159.602722
-158.844193
-157.168884
-157.306747
-159.095779
-159.416565
-157.463928
-157.084122
-158.541092
-159.755600
-158.063660
-156.989166
-157.777740
-159.633835
-158.673065
-157.098068
-157.339462
-159.167130
-159.278168
-157.368439
-157.063736
-158.498718
-159.669769
-158.003052
-157.035843
-157.959061
-159.665482
-158.518570
-157.030472
-157.350739
-159.254562
-159.133331
-157.231644
-157.040665
-158.633362
-159.582870
-157.702103
-156.962357
-158.088882
-159.700882
-158.410736
-156.970398
-157.421539
-159.357559
-158.995468
-157.170486
-157.113083
-158.754059
-159.492203
-157.524002
-156.888855
-158.031479
-159.674057
-158.281998
-156.976303
-157.645782
-159.484161
-158.883347
-157.127045
-157.115768
-158.840973
-159.404770
-157.481094
-156.944107
-158.176315
-159.631683
-158.020218
-156.932846
-157.713364
-159.533524
-158.838287
-157.033691
-157.137238
-158.940216
-159.297485
-157.344299
-156.916214
-158.295410
-159.624710
-157.854446
-156.840576
-157.647919
-159.532974
-158.653214
-157.004730
-157.300308
-159.073242
-159.153717
-157.223602
-156.931778
-158.401093
-159.546387
-157.750916
-156.845947
-157.735901
-159.526001
-158.363541
-156.908707
-157.377563
-159.213791
-159.117767
-157.144745
-156.934448
-158.514282
-159.464859
-157.600723
-156.853455
-157.873764
-159.573212
-158.218155
-156.850235
-157.312653
-159.258316
-158.988495
-157.081970
-157.114166
-158.641418
-159.389755
-157.440857
-156.804092
-157.955841
-159.557114
-158.065811
-156.790146
-157.328735
-159.251343
-158.682190
-156.974686
-157.122208
-158.750305
-159.383850
-157.301376
-156.753143
-158.024506
-159.488449
-157.865723
-156.734894
-157.415100
-159.300171
-158.539490
-156.854523
-157.013306
-158.829163
-159.115097
-157.226273
-156.951614
-158.188126
-159.450363
-157.704254
-156.732758
-157.529907
-159.379013
-158.413422
-156.833603
-157.049789
-158.905350
-159.016922
-157.076614
-156.745087
-158.265366
-159.528152
-157.601791
-156.693054
-157.615204
-159.420334
-158.257858
-156.779953
-157.120605
-159.002975
-158.860825
-156.958603
-156.811081
-158.384995
-159.360779
-157.525620
-156.833603
-157.739120
-159.447144
-158.128571
-156.729004
-157.165665
-159.106506
-158.759964
-156.897446
-156.808395
-158.500336
-159.264755
-157.323380
-156.707535
-157.866791
-159.524399
-157.966034
-156.714508
-157.257401
-159.170349
-158.634445
-156.862030
-156.856140
-158.589371
-159.164444
-157.206970
-156.636200
-157.930634
-159.413345
-157.820114
-156.766556
-157.334106
-159.200378
-158.394653
-156.727386
-156.878128
-158.703110
-159.020676
-157.077148
-156.644775
-157.991776
-159.326447
-157.618958
-156.602936
-157.460709
-159.420868
-158.317932
-156.692520
-156.920502
-158.776596
-158.906952
-156.976303
-156.675354
-158.151108
-159.267441
-157.461243
-156.566986
-157.481094
-159.284073
-158.157547
-156.781036
-157.057831
-159.030334
-158.805557
-156.889938
-156.689301
-158.257324
-159.185898
-157.316406
-156.555725
-157.574966
-159.303925
-157.950470
-156.586838
-157.083054
-159.109192
-158.649460
-156.849701
-156.697891
-158.378555
-159.119919
-157.182831
-156.568069
-157.707474
-159.282455
-157.785782
-156.539627
-157.083054
-159.027115
-158.522858
-156.835754
-156.759583
-158.556122
-159.063599
-157.098068
-156.534805
-157.771835
-159.239548
-157.605011
-156.491348
-157.184967
-159.109726
-158.321701
-156.621170
-156.805710
-158.700958
-158.978302
-157.080368
-156.565384
-157.927948
-159.246521
-157.507370
-156.494034
-157.248276
-159.132797
-158.165588
-156.603470
-156.818054
-158.669846
-158.803421
-156.865784
-156.597565
-158.146820
-159.200928
-157.370041
-156.463455
-157.370590
-159.181076
-158.035233
-156.533737
-156.870621
-158.780350
-158.653214
-156.730072
-156.556259
-158.155930
-159.126892
-157.326065
-156.430740
-157.464996
-159.183212
-157.826019
-156.480621
-156.942505
-158.846329
-158.507309
-156.656586
-156.604538
-158.255173
-158.994934
-157.044418
-156.470963
-157.688156
-159.170883
-157.675278
-156.424301
-156.989716
-158.918747
-158.352814
-156.571289
-156.618484
-158.343689
-158.892471
-156.960205
-156.440933
-157.719803
-159.223450
-157.676895
-156.429657
-157.111481
-159.008881
-158.207962
-156.528900
-156.652817
-158.452042
-158.795364
-156.847015
-156.436096
-157.798126
-159.115097
-157.370590
-156.415176
-157.294403
-159.037842
-158.104965
-156.411423
-156.684479
-158.548615
-158.643021
-156.702179
-156.381378
-157.830856
-158.971329
-157.181213
-156.283752
-157.185516
-159.033554
-157.993393
-156.424835
-156.855057
-158.666626
-158.513733
-156.596497
-156.404449
-157.998749
-158.977768
-157.095383
-156.301453
-157.317474
-159.022827
-157.682251
-156.350800
-156.924271
-158.766403
-158.496567
-156.546616
-156.457016
-158.122681
-158.889786
-156.963425
-156.278381
-157.421005
-159.006729
-157.526688
-156.248352
-156.832535
-158.836136
-158.352814
-156.495651
-156.578796
-158.224594
-158.752991
-156.832535
-156.295013
-157.565842
-159.032486
-157.401154
-156.258545
-156.921051
-158.865112
-158.129105
-156.469360
-156.656586
-158.376953
-158.794296
-156.708084
-156.274628
-157.653290
-158.967026
-157.261154
-156.259613
-157.022964
-158.869400
-157.914536
-156.351349
-156.601868
-158.441315
-158.547531
-156.641022
-156.431274
-157.788467
-158.924652
-157.109879
-156.211868
-157.127045
-158.911774
-157.756821
-156.277847
-156.615280
-158.528763
-158.428986
-156.535873
-156.325592
-157.917221
-158.986877
-157.020279
-156.224747
-157.245590
-158.954163
-157.631836
-156.246735
-156.691452
-158.622635
-158.286819
-156.440399
-156.346512
-157.984802
-158.774445
-156.912994
-156.365295
-157.381851
-158.953079
-157.470901
-156.215088
-156.762253
-158.670380
-158.127502
-156.379776
-156.374954
-158.144135
-158.725632
-156.745087
-156.215088
-157.506302
-159.053406
-157.339462
-156.266052
-156.860962
-158.726700
-157.957443
-156.279465
-156.433960
-158.240158
-158.569000
-156.628677
-156.209183
-157.567459
-158.889252
-157.226273
-156.332565
-157.026718
-158.923050
-157.883957
-156.269272
-156.492966
-158.374268
-158.476196
-156.533203
-156.239227
-157.698349
-158.883881
-157.054611
-156.150711
-157.091629
-158.961670
-157.738586
-156.313797
-156.562164
-158.417709
-158.327591
-156.448441
-156.251022
-157.810471
-158.786255
-156.924805
-156.141602
-157.173706
-158.887100
-157.566925
-156.285355
-156.652283
-158.655365
-158.226212
-156.361542
-156.277313
-157.938675
-158.700424
-156.782639
-156.145355
-157.250961
-158.846878
-157.360397
-156.124969
-156.690369
-158.617813
-158.070099
-156.401764
-156.303604
-158.018600
-158.589371
-156.626007
-156.097610
-157.364685
-158.836685
-157.228958
-156.110474
-156.755280
-158.641953
-157.902191
-156.231720
-156.424301
-158.334564
-158.545929
-156.570755
-156.145355
-157.488068
-158.790009
-157.080368
-156.065414
-156.861496
-158.732071
-157.760040
-156.125504
-156.364212
-158.235321
-158.391434
-156.575577
-156.203827
-157.741257
-158.790543
-156.950546
-156.060059
-156.976837
-158.763184
-157.615738
-156.098145
-156.444687
-158.341537
-158.239624
-156.355103
-156.173782
-157.837280
-158.746017
-156.932312
-156.052551
-157.041748
-158.734222
-157.397400
-156.029480
-156.462921
-158.395721
-158.065277
-156.234940
-156.158218
-157.806168
-158.595810
-156.767090
-156.038605
-157.250961
-158.773911
-157.274017
-155.998901
-156.548752
-158.508911
-157.953156
-156.142136
-156.146957
-157.911316
-158.477798
-156.507980
-156.019821
-157.350204
-158.743881
-157.230576
-155.987640
-156.631897
-158.535202
-157.760574
-156.097076
-156.223129
-157.985886
-158.353348
-156.443069
-155.992462
-157.338394
-158.719193
-157.084656
-156.003189
-156.865784
-158.600113
-157.627533
-156.043427
-156.267120
-158.135544
-158.260010
-156.312714
-155.999435
-157.468216
-158.646774
-156.843796
-155.916290
-156.808929
-158.668777
-157.650604
-156.027328
-156.319687
-158.220306
-158.125351
-156.225815
-156.027328
-157.605545
-158.577576
-156.688232
-155.902878
-156.919434
-158.633362
-157.320694
-155.976913
-156.529434
-158.333496
-157.961746
-156.150711
-156.053619
-157.693527
-158.505692
-156.573425
-155.900192
-157.022430
-158.643555
-157.187119
-155.931305
-156.468826
-158.411285
-158.001434
-156.159302
-156.204895
-157.843719
-158.433273
-156.479553
-155.916290
-157.178543
-158.662338
-157.022964
-155.859970
-156.540176
-158.456345
-157.699951
-156.027328
-156.255859
-157.969788
-158.400009
-156.358322
-155.928085
-157.284744
-158.596359
-156.888855
-155.866943
-156.631363
-158.489059
-157.532593
-155.944717
-156.172714
-158.059372
-158.325455
-156.294479
-156.035385
-157.381317
-158.551285
-156.718811
-155.796127
-156.729004
-158.555038
-157.386139
-155.866394
-156.205963
-158.104965
-158.013779
-156.185577
-156.085266
-157.534729
-158.600113
-156.594894
-155.787003
-156.799805
-158.522324
-157.195709
-155.826172
-156.270340
-158.201538
-157.883423
-156.033234
-155.957062
-157.604477
-158.432205
-156.540710
-155.967255
-156.983810
-158.579727
-157.099686
-155.810608
-156.351883
-158.278244
-157.765396
-155.995148
-156.003723
-157.716583
-158.280930
-156.356171
-155.832611
-157.091095
-158.681641
-156.948944
-155.768768
-156.442001
-158.339401
-157.585693
-155.921646
-156.035919
-157.843185
-158.191345
-156.263367
-155.818649
-157.127045
-158.476196
-156.812683
-155.894836
-156.558945
-158.509445
-157.481628
-155.878738
-156.118530
-157.967102
-158.087799
-156.147491
-155.833679
-157.286896
-158.461700
-156.649063
-155.735504
-156.645844
-158.541092
-157.328201
-155.852448
-156.108337
-158.027191
-157.955841
-156.048782
-155.833679
-157.385071
-158.388748
-156.521393
-155.727997
-156.727386
-158.446152
-157.191406
-155.916824
-156.238693
-158.242844
-157.834061
-155.962967
-155.877670
-157.533661
-158.332962
-156.392654
-155.727463
-156.852921
-158.453659
-156.980591
-155.743561
-156.308426
-158.235870
-157.741257
-156.063812
-155.942032
-157.625931
-158.232651
-156.291794
-155.720490
-156.944641
-158.459030
-156.866867
-155.716736
-156.403381
-158.304535
-157.550293
-155.859970
-156.030014
-157.912384
-158.196701
-156.262299
-155.737656
-157.090561
-158.476196
-156.771912
-155.726929
-156.467758
-158.347977
-157.422073
-155.771988
-155.980667
-157.849091
-158.070099
-156.221527
-155.802032
-157.334106
-158.414505
-156.583084
-155.668991
-156.543930
-158.344757
-157.231644
-155.725845
-156.061127
-157.968185
-157.904877
-156.009094
-155.804169
-157.446762
-158.379089
-156.585236
-155.656113
-156.642090
-158.374802
-157.035309
-155.658798
-156.113159
-158.023438
-157.711761
-155.883026
-155.798279
-157.419403
-158.238007
-156.322372
-155.716736
-156.929092
-158.442398
-156.955917
-155.680252
-156.225815
-158.119995
-157.581940
-155.811676
-155.827774
-157.535263
-158.133408
-156.181824
-155.627686
-156.840042
-158.376953
-156.905487
-155.605682
-156.264969
-158.173096
-157.443542
-155.749451
-155.876053
-157.680115
-158.045425
-156.115845
-155.643784
-156.972000
-158.350662
-156.623322
-155.651291
-156.532120
-158.307205
-157.414566
-155.715652
-155.883026
-157.746094
-157.923111
-155.978516
-155.644852
-157.086807
-158.291656
-156.485992
-155.571350
-156.469360
-158.297012
-157.250412
-155.677032
-156.065414
-157.851242
-157.794373
-155.894836
-155.677567
-157.220917
-158.229965
-156.362076
-155.554184
-156.541779
-158.270203
-156.954834
-155.630371
-156.153397
-157.971939
-157.795975
-155.844940
-155.699036
-157.329269
-158.135544
-156.188797
-155.495178
-156.609909
-158.265900
-156.819656
-155.543991
-156.122818
-158.037384
-157.532593
-155.795593
-155.861572
-157.459091
-158.073853
-156.119598
-155.538101
-156.780502
-158.300766
-156.702179
-155.547211
-156.194168
-158.078156
-157.370041
-155.684540
-155.794510
-157.616272
-158.094772
-156.030548
-155.572968
-156.864182
-158.240158
-156.533203
-155.502151
-156.255859
-158.141983
-157.217697
-155.590134
-155.833145
-157.669388
-157.830307
-155.942581
-155.709229
-157.055695
-158.258926
-156.409821
-155.453873
-156.350800
-158.172028
-157.073395
-155.571350
-155.877670
-157.753601
-157.714981
-155.783249
-155.570816
-157.145813
-158.272339
-156.321304
-155.585846
-156.497253
-158.225128
-156.904953
-155.514496
-155.952774
-157.839432
-157.579788
-155.724243
-155.593353
-157.248276
-158.100677
-156.216690
-155.610519
-156.648529
-158.354416
-156.781570
-155.486069
-156.028946
-157.968185
-157.464996
-155.678116
-155.633591
-157.372726
-157.991241
-156.037521
-155.469971
-156.692520
-158.200455
-156.645844
-155.568680
-156.111023
-158.022354
-157.295486
-155.569214
-155.681320
-157.477341
-157.870010
-155.923264
-155.500549
-156.820724
-158.153244
-156.483841
-155.458710
-156.267654
-158.199921
-157.168884
-155.658798
-155.763397
-157.591599
-157.758423
-155.810608
-155.467285
-156.906555
-158.094772
-156.301453
-155.417404
-156.320770
-158.135544
-157.044418
-155.633041
-155.857285
-157.775055
-157.684937
-155.744629
-155.507523
-157.054077
-158.084045
-156.202209
-155.362686
-156.353485
-158.122681
-156.849701
-155.454956
-155.906631
-157.931702
-157.550827
-155.688843
-155.522003
-157.166199
-157.985352
-156.070786
-155.410965
-156.507446
-158.136627
-156.674286
-155.394333
-155.932388
-157.853378
-157.408676
-155.727463
-155.650757
-157.474655
-157.927948
-155.949554
-155.419540
-156.643173
-158.131256
-156.550369
-155.359467
-156.016602
-157.938141
-157.198380
-155.492493
-155.592819
-157.402237
-157.835678
-156.004807
-155.465683
-156.757431
-158.142517
-156.428055
-155.357315
-156.121750
-158.009491
-157.076614
-155.468903
-155.681870
-157.508453
-157.704254
-155.759644
-155.428131
-156.969330
-158.129105
-156.351883
-155.339081
-156.212402
-158.031479
-156.891541
-155.379852
-155.710297
-157.627533
-157.566391
-155.652359
-155.457092
-156.963425
-158.015915
-156.260681
-155.356781
-156.418396
-158.043823
-156.761185
-155.372879
-155.775208
-157.702637
-157.427444
-155.584763
-155.483383
-157.109879
-157.954773
-155.994614
-155.356781
-156.593811
-158.116776
-156.678040
-155.346054
-155.871231
-157.786865
-157.287430
-155.497864
-155.474792
-157.222519
-157.844803
-155.891083
-155.310104
-156.511734
-158.084045
-156.573959
-155.318695
-156.062195
-157.868942
-157.156540
-155.447983
-155.541321
-157.338928
-157.724091
-155.784866
-155.347122
-156.671066
-158.019135
-156.321838
-155.247879
-156.005875
-157.938675
-157.105576
-155.401306
-155.578323
-157.414032
-157.607697
-155.696884
-155.336395
-156.737045
-157.952621
-156.177002
-155.264511
-156.130859
-157.932236
-156.809464
-155.360001
-155.748917
-157.540100
-157.559402
-155.591202
-155.341217
-156.879745
-157.907562
-156.071320
-155.257538
-156.194702
-157.940826
-156.694672
-155.297241
-155.703323
-157.635590
-157.489670
-155.573502
-155.491425
-157.016525
-157.838364
-155.897507
-155.220520
-156.321304
-157.969788
-156.511734
-155.221054
-155.746231
-157.686554
-157.209656
-155.462463
-155.543457
-157.173706
-157.867859
-155.794510
-155.211411
-156.439850
-157.964417
-156.377625
-155.203888
-155.832611
-157.751999
-157.076614
-155.364822
-155.465683
-157.252029
-157.681717
-155.747849
-155.370728
-156.601868
-157.947800
-156.256393
-155.213547
-155.960815
-157.865189
-156.978973
-155.334244
-155.504303
-157.351273
-157.569595
-155.653427
-155.289185
-156.738647
-158.013779
-156.122284
-155.204971
-156.086334
-157.896301
-156.779953
-155.265045
-155.581009
-157.489136
-157.445145
-155.523621
-155.306885
-156.823944
-157.852844
-156.035919
-155.332642
-156.200607
-157.960663
-156.655502
-155.239838
-155.669525
-157.579254
-157.306747
-155.435104
-155.331024
-156.954300
-157.758972
-155.834213
-155.152939
-156.289108
-158.046494
-156.519791
-155.263443
-155.756973
-157.652756
-157.166733
-155.354630
-155.331024
-157.054077
-157.692978
-155.743561
-155.193161
-156.413040
-157.916687
-156.405518
-155.289719
-155.846558
-157.867325
-157.054611
-155.296692
-155.378769
-157.166199
-157.597504
-155.662552
-155.209259
-156.516571
-157.904343
-156.196854
-155.166885
-155.907166
-157.771301
-156.902802
-155.386292
-155.466751
-157.299240
-157.533127
-155.570282
-155.221603
-156.638336
-157.845871
-156.050400
-155.126648
-155.973694
-157.803497
-156.734894
-155.206573
-155.561157
-157.546005
-157.396866
-155.484451
-155.257004
-156.758499
-157.784714
-155.939362
-155.120209
-156.083664
-157.835144
-156.572891
-155.162582
-155.568130
-157.484314
-157.285828
-155.541855
-155.268265
-156.917282
-157.731064
-155.825638
-155.121277
-156.203293
-157.848022
-156.430206
-155.097672
-155.638412
-157.549225
-157.095932
-155.309036
-155.339081
-157.145813
-157.699951
-155.799881
-155.089096
-156.262833
-157.823334
-156.274628
-155.065491
-155.711365
-157.612518
-156.950012
-155.241989
-155.323517
-157.110413
-157.532593
-155.585312
-155.151321
-156.560013
-157.842117
-156.160904
-155.098221
-155.795593
-157.683334
-156.826630
-155.222672
-155.393799
-157.210190
-157.431732
-155.515564
-155.150253
-156.580399
-157.848557
-156.183441
-155.145416
-155.963501
-157.770767
-156.698425
-155.139526
-155.469971
-157.362534
-157.328735
-155.419540
-155.144882
-156.685013
-157.755219
-155.901810
-155.105728
-156.196854
-157.836746
-156.657654
-155.184586
-155.557404
-157.444077
-157.219849
-155.358383
-155.215164
-156.846481
-157.698349
-155.785934
-155.084808
-156.153397
-157.834061
-156.528900
-155.136841
-155.693665
-157.510590
-157.037445
-155.224808
-155.229111
-156.939819
-157.585693
-155.638412
-155.061737
-156.268738
-157.783646
-156.196304
-155.037598
-155.769836
-157.644699
-157.033691
-155.155609
-155.206573
-157.017075
-157.468216
-155.532196
-155.081055
-156.357773
-157.742874
-156.091171
-155.037064
-155.763397
-157.625931
-156.743484
-155.171707
-155.454407
-157.193558
-157.393112
-155.454956
-155.068710
-156.495651
-157.742874
-155.995682
-155.041885
-155.879807
-157.694595
-156.639420
-155.099823
-155.402374
-157.320694
-157.412964
-155.403458
-155.164200
-156.664627
-157.701569
-155.842789
-155.016144
-155.958130
-157.690842
-156.477951
-155.052612
-155.434570
-157.363068
-157.150101
-155.305817
-155.276855
-156.785324
-157.699417
-155.726929
-155.015610
-156.069168
-157.729462
-156.303604
-155.015060
-155.560623
-157.474655
-157.014923
-155.198532
-155.172241
-156.897980
-157.650604
-155.644318
-155.099289
-156.224747
-157.739120
-156.186111
-154.974838
-155.575653
-157.521866
-156.875443
-155.140594
-155.219986
-157.015991
-157.457489
-155.484985
-155.009705
-156.326660
-157.858215
-156.071854
-154.985565
-155.713516
-157.596420
-156.743484
-155.107330
-155.295624
-157.110413
-157.325516
-155.380920
-154.997360
-156.422150
-157.679581
-155.916290
-155.082123
-155.816513
-157.629684
-156.579865
-155.031158
-155.291336
-157.190872
-157.232178
-155.295090
-155.038132
-156.562698
-157.625931
-155.767700
-154.946945
-155.950089
-157.806168
-156.490280
-155.067642
-155.385742
-157.293869
-157.060516
-155.200134
-155.069244
-156.661942
-157.557800
-155.635727
-154.933533
-156.007477
-157.689224
-156.323990
-155.083725
-155.509659
-157.519180
-157.000977
-155.165268
-155.093384
-156.797668
-157.484314
-155.540237
-154.941574
-156.093307
-157.658112
-156.113159
-154.914215
-155.556870
-157.579254
-156.884033
-155.216766
-155.150253
-156.927475
-157.399551
-155.436707
-154.930847
-156.219910
-157.629150
-155.958130
-154.864868
-155.611588
-157.513275
-156.669983
-154.983948
-155.208725
-157.173172
-157.317474
-155.314407
-154.945862
-156.341690
-157.594818
-155.843872
-154.851990
-155.688309
-157.535812
-156.520325
-154.967331
-155.250031
-157.137772
-157.186584
-155.369659
-154.993073
-156.497787
-157.591599
-155.760178
-154.890610
-155.826172
-157.630753
-156.406601
-154.948547
-155.341217
-157.238083
-157.044968
-155.165268
-155.029007
-156.722565
-157.561554
-155.677567
-154.862717
-155.920578
-157.616272
-156.234940
-154.887390
-155.362686
-157.307816
-156.928558
-155.100891
-155.054230
-156.712372
-157.476791
-155.656113
-154.938354
-156.174850
-157.596954
-156.064880
-154.846085
-155.429733
-157.353958
-156.755814
-155.044037
-155.079437
-156.835220
-157.343231
-155.395935
-154.900803
-156.158218
-157.605011
-156.023575
-154.851990
-155.532196
-157.466064
-156.625458
-154.958206
-155.122360
-156.969330
-157.256317
-155.299377
-154.893829
-156.278381
-157.569061
-155.780563
-154.847153
-155.770920
-157.516495
-156.484924
-154.894363
-155.183502
-157.075546
-157.132401
-155.185120
-154.895981
-156.420013
-157.552429
-155.697952
-154.807999
-155.730148
-157.552429
-156.487061
-154.927628
-155.371796
-157.195709
-157.008484
-155.106796
-154.922256
-156.527832
-157.434418
-155.529510
-154.801559
-155.831528
-157.543854
-156.207047
-154.901871
-155.462997
-157.286896
-156.976837
-155.072464
-154.990387
-156.643173
-157.381851
-155.460846
-154.808533
-155.971008
-157.529907
-156.034302
-154.804245
-155.375015
-157.356628
-156.836288
-155.011307
-155.132553
-156.774597
-157.308350
-155.321381
-154.807999
-156.077225
-157.517563
-155.872833
-154.764008
-155.459244
-157.365753
-156.560013
-154.912064
-155.093384
-156.955383
-157.336258
-155.281677
-154.848770
-156.183441
-157.508453
-155.788086
-154.772598
-155.588516
-157.443008
-156.429657
-154.861115
-155.132004
-157.009018
-157.076614
-155.179749
-155.004333
-156.353485
-157.452652
-155.634659
-154.767227
-155.697952
-157.477875
-156.306290
-154.841797
-155.199066
-157.090027
-156.930695
-155.056366
-154.848770
-156.471512
-157.555115
-155.530045
-154.761871
-155.788086
-157.476791
-156.098679
-154.733429
-155.216766
-157.134018
-156.792297
-154.977509
-154.872375
-156.582550
-157.343231
-155.443146
-154.913147
-155.953842
-157.637192
-156.049866
-154.764008
-155.304214
-157.242905
-156.686081
-154.899200
-154.925476
-156.686081
-157.242905
-155.275238
-154.736115
-156.014999
-157.474655
-155.878738
-154.873978
-155.473190
-157.318008
-156.536957
-154.878815
-155.014526
-156.821808
-157.152252
-155.223206
-154.797272
-156.142670
-157.476257
-155.730148
-154.728073
-155.563843
-157.503082
-156.386749
-154.791367
-155.042969
-156.887787
-157.020828
-155.119675
-154.794586
-156.243515
-157.377563
-155.585312
-154.715729
-155.616425
-157.405991
-156.308960
-154.906174
-155.157227
-157.140442
-156.901733
-155.010239
-154.809616
-156.363144
-157.351273
-155.461380
-154.696426
-155.697418
-157.399551
-156.093307
-154.733429
-155.225891
-157.227890
-156.836288
-155.084274
-154.887924
-156.479553
-157.252029
-155.362686
-154.702316
-155.824554
-157.420471
-155.930771
-154.673355
-155.259140
-157.172638
-156.680725
-155.041351
-154.967865
-156.753143
-157.224136
-155.240372
-154.699646
-155.939362
-157.452652
-155.830460
-154.686768
-155.371796
-157.284744
-156.516571
-154.808533
-154.922256
-156.733826
-157.152786
-155.288651
-154.731293
-156.064346
-157.414032
-155.699570
-154.695877
-155.461929
-157.292267
-156.371185
-154.767761
-154.980194
-156.830917
-157.009552
-155.068176
-154.777420
-156.325592
-157.422073
-155.694199
-154.647598
-155.531128
-157.352341
-156.230637
-154.709290
-155.033844
-156.935532
-156.857208
-154.965714
-154.771515
-156.309494
-157.324982
-155.561707
-154.694275
-155.759109
-157.368439
-156.064880
-154.661011
-155.070328
-156.995071
-156.735977
-154.870758
-154.770981
-156.421082
-157.237015
-155.315475
-154.656189
-155.775742
-157.450516
-156.087418
-154.694275
-155.189407
-157.109879
-156.606689
-154.828384
-154.798340
-156.515488
-157.173706
-155.218384
-154.656723
-155.884109
-157.388290
-155.810074
-154.679260
-155.458160
-157.220383
-156.491898
-154.765625
-154.863251
-156.628677
-157.047104
-155.093918
-154.625076
-155.942032
-157.309433
-155.651825
-154.604691
-155.364822
-157.268127
-156.480087
-154.790298
-155.024185
-156.769226
-156.937134
-154.993073
-154.648148
-156.094925
-157.328201
-155.515030
-154.572495
-155.456024
-157.264908
-156.189880
-154.710373
-155.128799
-156.934448
-156.986496
-154.988785
-154.722702
-156.228500
-157.268661
-155.443680
-154.614349
-155.572968
-157.317474
-156.042358
-154.611664
-155.032776
-156.992935
-156.848618
-154.919586
-154.876129
-156.385681
-157.199463
-155.299377
-154.605759
-155.683472
-157.336792
-155.907166
-154.619705
-155.101974
-157.010086
-156.581482
-154.782257
-154.753815
-156.505844
-157.271881
-155.220520
-154.611664
-155.793442
-157.336258
-155.770370
-154.562851
-155.215164
-157.132401
-156.463455
-154.716812
-154.798874
-156.594894
-157.037994
-155.123962
-154.759186
-155.960281
-157.415649
-155.689911
-154.582153
-155.291870
-157.176392
-156.326660
-154.693207
-154.853058
-156.697891
-156.930695
-154.970535
-154.594498
-156.067032
-157.399551
-155.520935
-154.614883
-155.410431
-157.232178
-156.167343
-154.635269
-154.938889
-156.813217
-156.813217
-154.898117
-154.644379
-156.137833
-157.216080
-155.410965
-154.707153
-155.587982
-157.432816
-156.066498
-154.620239
-154.998444
-156.902802
-156.718277
-154.838577
-154.699646
-156.288040
-157.187119
-155.262360
-154.528519
-155.574570
-157.279388
-155.961884
-154.727539
-155.099823
-156.976837
-156.568069
-154.754898
-154.681396
-156.362610
-157.074463
-155.148102
-154.518326
-155.727463
-157.287430
-155.755890
-154.537628
-155.183502
-157.179611
-156.505295
-154.826782
-154.789764
-156.537491
-157.034775
-155.078903
-154.578934
-155.828842
-157.265442
-155.621246
-154.533340
-155.262909
-157.131332
-156.342758
-154.812820
-154.856277
-156.685013
-156.912994
-154.966782
-154.581619
-155.997299
-157.272415
-155.528976
-154.534958
-155.344986
-157.162979
-156.140518
-154.565521
-154.879349
-156.833603
-156.823944
-154.981812
-154.585907
-156.061127
-157.154404
-155.328888
-154.487747
-155.403458
-157.167801
-155.990311
-154.555878
-154.931915
-156.843262
-156.680176
-154.782791
-154.636337
-156.317551
-157.134018
-155.235001
-154.502762
-155.536484
-157.216080
-155.878204
-154.536026
-154.980194
-156.904953
-156.558411
-154.724319
-154.651901
-156.351349
-157.123276
-155.270416
-154.568741
-155.805252
-157.272415
-155.758041
-154.530655
-155.106262
-156.972000
-156.385681
-154.659409
-154.696426
-156.451660
-156.992386
-155.051010
-154.568741
-155.943115
-157.289047
-155.738724
-154.515640
-155.170639
-157.065887
-156.314331
-154.601471
-154.740402
-156.568604
-156.906555
-154.938354
-154.514023
-155.887863
-157.215546
-155.476410
-154.506516
-155.427048
-157.128647
-156.158768
-154.566071
-154.791901
-156.633514
-156.757431
-154.842865
-154.566071
-156.016068
-157.159760
-155.353027
-154.463608
-155.397018
-157.243988
-156.178070
-154.575180
-154.870758
-156.779419
-156.664093
-154.754898
-154.580017
-156.151779
-157.125427
-155.233932
-154.455551
-155.487671
-157.206970
-155.889999
-154.566071
-155.107864
-156.925873
-156.664093
-154.730759
-154.633118
-156.293411
-157.054611
-155.143814
-154.497940
-155.637878
-157.253098
-155.751068
-154.490433
-155.062271
-157.027802
-156.584702
-154.724319
-154.795670
-156.444687
-156.990784
-155.020432
-154.477554
-155.718338
-157.191406
-155.587448
-154.424438
-155.107864
-156.997223
-156.278381
-154.580017
-154.659943
-156.513885
-157.014389
-154.957672
-154.495789
-155.832062
-157.177994
-155.472122
-154.442154
-155.249496
-157.115234
-156.179688
-154.507599
-154.739334
-156.597565
-156.775665
-154.875061
-154.645996
-156.006409
-157.272949
-155.365356
-154.420685
-155.293472
-157.113083
-155.979584
-154.475403
-154.806396
-156.704865
-156.660339
-154.758652
-154.526367
-156.111023
-157.217163
-155.269882
-154.561234
-155.432419
-157.145813
-155.878738
-154.453415
-154.894363
-156.807312
-156.533203
-154.674423
-154.568207
-156.199524
-156.995071
-155.147568
-154.556946
-155.569214
-157.306747
-155.777344
-154.458237
-154.963562
-156.896362
-156.429123
-154.625076
-154.624008
-156.319153
-156.966644
-154.999512
-154.444824
-155.657181
-157.138306
-155.604080
-154.551041
-155.074081
-156.952164
-156.300919
-154.560699
-154.628830
-156.432877
-156.878128
-154.909927
-154.443756
-155.773590
-157.117386
-155.434570
-154.402451
-155.189941
-157.164047
-156.185577
-154.647064
-154.692123
-156.517105
-156.757431
-154.827316
-154.474335
-155.893753
-157.117920
-155.332642
-154.386353
-155.246277
-157.078217
-156.048782
-154.589127
-154.786011
-156.668915
-156.657654
-154.716263
-154.476486
-155.989243
-157.077682
-155.233932
-154.399231
-155.346054
-157.083054
-155.842789
-154.419083
-154.830002
-156.735428
-156.543930
-154.779037
-154.548355
-156.148575
-157.006882
-155.084808
-154.368652
-155.451187
-157.113632
-155.709229
-154.419083
-154.919586
-156.844330
-156.412491
-154.584839
-154.581619
-156.372803
-157.009552
-155.122360
-154.388504
-155.582092
-157.130264
-155.609451
-154.382065
-154.985565
-156.896912
-156.284286
-154.537628
-154.602539
-156.354019
-156.861496
-155.008087
-154.436783
-155.746231
-157.144745
-155.467285
-154.359528
-155.059586
-156.928558
-156.112625
-154.472183
-154.633118
-156.464539
-156.748840
-154.827316
-154.438385
-155.819199
-157.123825
-155.476410
-154.361679
-155.172241
-157.017609
-155.988174
-154.421768
-154.715195
-156.578262
-156.639420
-154.721100
-154.442154
-155.923264
-157.056229
-155.221603
-154.393860
-155.422226
-157.123276
-156.019821
-154.416931
-154.740952
-156.647461
-156.526230
-154.635269
-154.471649
-156.035919
-156.954300
-155.047791
-154.296234
-155.355713
-157.102905
-155.836899
-154.399765
-154.954453
-156.774597
-156.375488
-154.568207
-154.488281
-156.146957
-156.891006
-154.969467
-154.328415
-155.469437
-157.068024
-155.571350
-154.339157
-155.021500
-156.887253
-156.383530
-154.526901
-154.524765
-156.273026
-156.835220
-154.886322
-154.356857
-155.608902
-157.069641
-155.431885
-154.319839
-154.998978
-156.899048
-156.170029
-154.504379
-154.703400
-156.392654
-156.723633
-154.767761
-154.356857
-155.705460
-157.041748
-155.310654
-154.298920
-155.093918
-156.938217
-155.981201
-154.413177
-154.646530
-156.526764
-156.746704
-154.738800
-154.492035
-155.837967
-156.982742
-155.188339
-154.324127
-155.213547
-157.005264
-155.852982
-154.356857
-154.721100
-156.608292
-156.536423
-154.693207
-154.585907
-156.054153
-157.084122
-155.089096
-154.270493
-155.309036
-157.042816
-155.743011
-154.359528
-154.776352
-156.683395
-156.412491
-154.544067
-154.439468
-156.077225
-156.897980
-155.001663
-154.446442
-155.434570
-157.031021
-155.574570
-154.312866
-154.839645
-156.743484
-156.272491
-154.495789
-154.478622
-156.202209
-156.813751
-154.842331
-154.267807
-155.543457
-157.140991
-155.466751
-154.392792
-154.982346
-156.855057
-156.156616
-154.453949
-154.564453
-156.349731
-156.731674
-154.784393
-154.335388
-155.646988
-157.005264
-155.366974
-154.417465
-155.111633
-157.062668
-156.049866
-154.384750
-154.560165
-156.427521
-156.640488
-154.702850
-154.353104
-155.774124
-156.994537
-155.215164
-154.278534
-155.165268
-157.060516
-155.903946
-154.474869
-154.658875
-156.514420
-156.511734
-154.581619
-154.321991
-155.869080
-156.935532
-155.103577
-154.296234
-155.230179
-156.988632
-155.718872
-154.307495
-154.764008
-156.768158
-156.421616
-154.559097
-154.434097
-156.027863
-156.859360
-154.944260
-154.296234
-155.373413
-157.027267
-155.636795
-154.314468
-154.771515
-156.682327
-156.320236
-154.639557
-154.494186
-156.188263
-156.816971
-154.842331
-154.262970
-155.456558
-156.987564
-155.453339
-154.252777
-154.857895
-156.772980
-156.150711
-154.396545
-154.517242
-156.373871
-156.787476
-154.922806
-154.321442
-155.588516
-156.988632
-155.321915
-154.249023
-154.961426
-156.842728
-156.026260
-154.386887
-154.533340
-156.332031
-156.596497
-154.658340
-154.339691
-155.835815
-156.978439
-155.210861
-154.243668
-155.057983
-156.912460
-155.887863
-154.296234
-154.571960
-156.451660
-156.506378
-154.600403
-154.320908
-155.811676
-156.972000
-155.239304
-154.294632
-155.308502
-156.976837
-155.759109
-154.283890
-154.635269
-156.543396
-156.410355
-154.518326
-154.327347
-155.920044
-156.873306
-154.973755
-154.274780
-155.402908
-157.002579
-155.666840
-154.258148
-154.745239
-156.652817
-156.281601
-154.453949
-154.380463
-156.078293
-156.823944
-154.857895
-154.260300
-155.400772
-156.969330
-155.483917
-154.266724
-154.970001
-156.768692
-156.184509
-154.399231
-154.413177
-156.164658
-156.722031
-154.748459
-154.242050
-155.520401
-156.973083
-155.368042
-154.247955
-154.904022
-156.869003
-156.177536
-154.362747
-154.463608
-156.289108
-156.649612
-154.683548
-154.269409
-155.644852
-156.942505
-155.214630
-154.212555
-155.004333
-156.843796
-155.854599
-154.320908
-154.657257
-156.422684
-156.618484
-154.584305
-154.266724
-155.709763
-156.885101
-155.098221
-154.197525
-155.090164
-156.874908
-155.748383
-154.274780
-154.598251
-156.493500
-156.404449
-154.541931
-154.435165
-155.908249
-156.873840
-154.982880
-154.212021
-155.221603
-156.942505
-155.621780
-154.231857
-154.674423
-156.578262
-156.278381
-154.427658
-154.320374
-155.992462
-156.888855
-154.909393
-154.312332
-155.319229
-156.950546
-155.486069
-154.215775
-154.757568
-156.697891
-156.182907
-154.383682
-154.371338
-156.084732
-156.704865
-154.802643
-154.336472
-155.478012
-157.032089
-155.360001
-154.177689
-154.826233
-156.741867
-156.034302
-154.343445
-154.406204
-156.226349
-156.650146
-154.676041
-154.232391
-155.545074
-156.909775
-155.273636
-154.327881
-154.958740
-156.797119
-155.893753
-154.261902
-154.468964
-156.290726
-156.527832
-154.561768
-154.186798
-155.619644
-156.856674
-155.092316
-154.162659
-155.041885
-156.951080
-155.770920
-154.252777
-154.542465
-156.396408
-156.423233
-154.503830
-154.254929
-155.766617
-156.815369
-154.970535
-154.161057
-155.104660
-156.873840
-155.674347
-154.321442
-154.634186
-156.617416
-156.318085
-154.424438
-154.261902
-155.844940
-156.738113
-154.852524
-154.142807
-155.193161
-156.847015
-155.479095
-154.147644
-154.699646
-156.729538
-156.263367
-154.538162
-154.342911
-155.995148
-156.710220
-154.785477
-154.167496
-155.332642
-156.918365
-155.384140
-154.163193
-154.777420
-156.691452
-156.070786
-154.319839
-154.419617
-156.306824
-156.691986
-154.701248
-154.209335
-155.468903
-156.922119
-155.276321
-154.137985
-154.849838
-156.749924
-155.959198
-154.330032
-154.446442
-156.243515
-156.597565
-154.761871
-154.252243
-155.654510
-156.865784
-155.116989
-154.122971
-154.940506
-156.794449
-155.788620
-154.221130
-154.497940
-156.330429
-156.457016
-154.526901
-154.237762
-155.803635
-156.876526
-155.125580
-154.136917
-155.007553
-156.784256
-155.625000
-154.164276
-154.526901
-156.436630
-156.319687
-154.443756
-154.226501
-155.784317
-156.776199
-154.909393
-154.168564
-155.261292
-156.866867
-155.528442
-154.166412
-154.598251
-156.504761
-156.175934
-154.318771
-154.275314
-155.946869
-156.714508
-154.777420
-154.120819
-155.252716
-156.901199
-155.517181
-154.198608
-154.853058
-156.628143
-156.058441
-154.294083
-154.321442
-156.046112
-156.637802
-154.702316
-154.133698
-155.373413
-156.852386
-155.287582
-154.181442
-154.939972
-156.766556
-156.101364
-154.280136
-154.361679
-156.155548
-156.548218
-154.592880
-154.157303
-155.464600
-156.820190
-155.125031
-154.088089
-154.825699
-156.741333
-155.944717
-154.268341
-154.562851
-156.290192
-156.458633
-154.517792
-154.195923
-155.625000
-156.790146
-154.989319
-154.080048
-154.965179
-156.763870
-155.674347
-154.172852
-154.459854
-156.376022
-156.474182
-154.428192
-154.177689
-155.733902
-156.756363
-154.883102
-154.061279
-155.035995
-156.787476
-155.534348
-154.126724
-154.538712
-156.428589
-156.203293
-154.361679
-154.354706
-155.893219
-156.815903
-154.815506
-154.106339
-155.196381
-156.842194
-155.408279
-154.117599
-154.613815
-156.508514
-156.080444
-154.267807
-154.258682
-156.007477
-156.770309
-154.745239
-154.254395
-155.303665
-156.828247
-155.296692
-154.103119
-154.717880
-156.633514
-155.996216
-154.260300
-154.315018
-156.059525
-156.525146
-154.568207
-154.075226
-155.417938
-156.947327
-155.190475
-154.062881
-154.789764
-156.643173
-155.833145
-154.192703
-154.345581
-156.162521
-156.423233
-154.489883
-154.120285
-155.496262
-156.796585
-155.100891
-154.202362
-154.942642
-156.853989
-155.702255
-154.161057
-154.456635
-156.322372
-156.344910
-154.399765
-154.150330
-155.643234
-156.760117
-154.928162
-154.061813
-155.033844
-156.901733
-155.613205
-154.265656
-154.518326
-156.357239
-156.217773
-154.355240
-154.186264
-155.785400
-156.706467
-154.814972
-154.068253
-155.086945
-156.765472
-155.419006
-154.077896
-154.577332
-156.594894
-156.129791
-154.296768
-154.214157
-155.886246
-156.630295
-154.705536
-154.077362
-155.196381
-156.769760
-155.292938
-154.047867
-154.643845
-156.546616
-156.040741
-154.379913
-154.289795
-156.084198
-156.565384
-154.606827
-154.087555
-155.331024
-156.771912
-155.172241
-154.033371
-154.709290
-156.626007
-155.869080
-154.179291
-154.368118
-156.279999
-156.567535
-154.664764
-154.136368
-155.440460
-156.774597
-155.054230
-154.026398
-154.806931
-156.658188
-155.723709
-154.115448
-154.358459
-156.207581
-156.361542
-154.420151
-154.165878
-155.712982
-156.766556
-154.944260
-154.044113
-154.960342
-156.753143
-155.630371
-154.112778
-154.427658
-156.341690
-156.280533
-154.377243
-154.157837
-155.702789
-156.761185
-154.998444
-154.057510
-155.047791
-156.764938
-155.453339
-154.075226
-154.488815
-156.412491
-156.134079
-154.268341
-154.165878
-155.815445
-156.644775
-154.733978
-154.108475
-155.355713
-156.850769
-155.427597
-154.072540
-154.595032
-156.491348
-156.007477
-154.244736
-154.222198
-155.946335
-156.575043
-154.646530
-154.074692
-155.257538
-156.832535
-155.366440
-154.139587
-154.841263
-156.622787
-155.958130
-154.216843
-154.279068
-156.069168
-156.475800
-154.521545
-154.062881
-155.375549
-156.762787
-155.090698
-154.022644
-154.749527
-156.668381
-155.900192
-154.172318
-154.354706
-156.175385
-156.377625
-154.421219
-154.075760
-155.501617
-156.728455
-154.949615
-154.014069
-154.867538
-156.702179
-155.658264
-154.134232
-154.496323
-156.269272
-156.290726
-154.375626
-154.135300
-155.607834
-156.680725
-154.839111
-153.983490
-154.959808
-156.758499
-155.504837
-154.048935
-154.443756
-156.377090
-156.284821
-154.338074
-154.269409
-155.755356
-156.624924
-154.733978
-154.026398
-155.097137
-156.726852
-155.313858
-154.001190
-154.493652
-156.436096
-156.058441
-154.261368
-154.326813
-155.917358
-156.695740
-154.656723
-154.039276
-155.194778
-156.744553
-155.254852
-154.020508
-154.597717
-156.505844
-155.912003
-154.162125
-154.234543
-155.977448
-156.513885
-154.616486
-154.181442
-155.320831
-156.752609
-155.115921
-154.023727
-154.716812
-156.602402
-155.811142
-154.128326
-154.252243
-156.054153
-156.355637
-154.452347
-154.085419
-155.469971
-156.849701
-155.042969
-154.084335
-154.780106
-156.613663
-155.659332
-154.070923
-154.316086
-156.166809
-156.306290
-154.359528
-154.058594
-155.524689
-156.687698
-154.902420
-154.129944
-154.938889
-156.753143
-155.551514
-154.047333
-154.385284
-156.289658
-156.203827
-154.312866
-154.126175
-155.646988
-156.615814
-154.759186
-154.002258
-154.984482
-156.663559
-155.431351
-154.163727
-154.485062
-156.355103
-156.070786
-154.236160
-154.139053
-155.801483
-156.599182
-154.691055
-154.006027
-155.097137
-156.730606
-155.279526
-154.024261
-154.602005
-156.606689
-156.006409
-154.259216
-154.163193
-155.877121
-156.492966
-154.562851
-153.997437
-155.205505
-156.713974
-155.139526
-153.967926
-154.626144
-156.537491
-155.862640
-154.272095
-154.276917
-156.050400
-156.415176
-154.481308
-154.017288
-155.336929
-156.715591
-155.025803
-153.974365
-154.726456
-156.582550
-155.692062
-154.059662
-154.264053
-156.085266
-156.348129
-154.513489
-154.050003
-155.414185
-156.657120
-154.907776
-153.965256
-154.809616
-156.651215
-155.582092
-154.049469
-154.334320
-156.192551
-156.211334
-154.289795
-154.084869
-155.692062
-156.684479
-154.893295
-153.975983
-154.919037
-156.696808
-155.429199
-153.985092
-154.371338
-156.292877
-156.116913
-154.244202
-154.075760
-155.665771
-156.619568
-154.820877
-153.988846
-155.108948
-156.705399
-155.316544
-153.987778
-154.485596
-156.416260
-155.981735
-154.176605
-154.155151
-155.822418
-156.528900
-154.592346
-153.955063
-155.134155
-156.766006
-155.305283
-153.973297
-154.545685
-156.474182
-155.864792
-154.121887
-154.196991
-155.915222
-156.439316
-154.499008
-153.972763
-155.240372
-156.695740
-155.072998
-153.978119
-154.751144
-156.550903
-155.790756
-154.063950
-154.223816
-156.031082
-156.348129
-154.396011
-153.985092
-155.352493
-156.681259
-154.942108
-153.952377
-154.752213
-156.656586
-155.755356
-154.085953
-154.350418
-156.154999
-156.276245
-154.308578
-154.011917
-155.498932
-156.636734
-154.835358
-153.913757
-154.820343
-156.619568
-155.460312
-153.984024
-154.330032
-156.257996
-156.257996
-154.223816
-154.004944
-155.587448
-156.557877
-154.703400
-153.939499
-154.936752
-156.639954
-155.363754
-153.967926
-154.421219
-156.308426
-155.995682
-154.199677
-154.219528
-155.756973
-156.540176
-154.575714
-153.878342
-154.982880
-156.636200
-155.210861
-153.949692
-154.504913
-156.415176
-155.917358
-154.127258
-154.130478
-155.878738
-156.589523
-154.569824
-154.002258
-155.146500
-156.656586
-155.097137
-153.941650
-154.569824
-156.468292
-155.780563
-154.077896
-154.154617
-155.932922
-156.393723
-154.486130
-154.121887
-155.354095
-156.780502
-154.979126
-153.921799
-154.676041
-156.554657
-155.654510
-154.050537
-154.241516
-156.058975
-156.265518
-154.332718
-153.989395
-155.396469
-156.650146
-154.906708
-154.069855
-154.794586
-156.579865
-155.508591
-153.962036
-154.271027
-156.180756
-156.161972
-154.253860
-154.010315
-155.530045
-156.564316
-154.702850
-153.897659
-154.898666
-156.767624
-155.440460
-154.059128
-154.357925
-156.274094
-156.055771
-154.172852
-154.053757
-155.637878
-156.543396
-154.648148
-153.908920
-154.988251
-156.675354
-155.329956
-154.046783
-154.428741
-156.391037
-155.969391
-154.121353
-154.066101
-155.740875
-156.475800
-154.549438
-153.916977
-155.098221
-156.668915
-155.144348
-153.898727
-154.493652
-156.415176
-155.873917
-154.234009
-154.178757
-155.896439
-156.442001
-154.461456
-153.921799
-155.197464
-156.679642
-155.027939
-153.909454
-154.577866
-156.461853
-155.672211
-154.010315
-154.198608
-156.110474
-156.360458
-154.450729
-153.960953
-155.322449
-156.624924
-154.890076
-153.898727
-154.699646
-156.532654
-155.567596
-153.981873
-154.223816
-156.113693
-156.237625
-154.393860
-154.014069
-155.506989
-156.604538
-154.775284
-153.867615
-154.783859
-156.551971
-155.400238
-153.942184
-154.296234
-156.186111
-156.080978
-154.178757
-153.969009
-155.527374
-156.557877
-154.793518
-153.915359
-154.885254
-156.599716
-155.302597
-153.935211
-154.376160
-156.282684
-155.946869
-154.109558
-154.027481
-155.673279
-156.465073
-154.532272
-153.898193
-155.107864
-156.663010
-155.303665
-153.905167
-154.410492
-156.333633
-155.807922
-154.023727
-154.048401
-155.767700
-156.396408
-154.436783
-153.874054
-155.098221
-156.646393
-155.164200
-153.910004
-154.593964
-156.420547
-155.705460
-154.034988
-154.117599
-155.887314
-156.306290
-154.352554
-153.901413
-155.190475
-156.569138
-154.890610
-153.875122
-154.737183
-156.524078
-155.730148
-153.990463
-154.189484
-156.034302
-156.195236
-154.258148
-153.921799
-155.342300
-156.616882
-154.827850
-153.874588
-154.693741
-156.529434
-155.474258
-153.941116
-154.331635
-156.101364
-156.089020
-154.186264
-153.936813
-155.457626
-156.538559
-154.683548
-153.856354
-154.838043
-156.575043
-155.370193
-153.916977
-154.296234
-156.247803
-156.142670
-154.196991
-154.111694
-155.578873
-156.462921
-154.575180
-153.817734
-154.892227
-156.590057
-155.216232
-153.875671
-154.387436
-156.311646
-155.923264
-154.113846
-154.150330
-155.761795
-156.566986
-154.517792
-153.847229
-155.008087
-156.589523
-155.067108
-153.850983
-154.447510
-156.347595
-155.753754
-154.033920
-154.060196
-155.800949
-156.322372
-154.406204
-154.007629
-155.191025
-156.614731
-154.988785
-153.869232
-154.564453
-156.438782
-155.640015
-153.986710
-154.128860
-155.930771
-156.264435
-154.319305
-153.903030
-155.314941
-156.731674
-154.879883
-153.927704
-154.674423
-156.527832
-155.520935
-153.931458
-154.207184
-156.085266
-156.188797
-154.244202
-153.938431
-155.413651
-156.562698
-154.789764
-153.979736
-154.815506
-156.639954
-155.415253
-153.917511
-154.255997
-156.156616
-156.027863
-154.136368
-153.932526
-155.511276
-156.502090
-154.617020
-153.849380
-154.922806
-156.722031
-155.346588
-154.047867
-154.349884
-156.233856
-155.959747
-154.103653
-153.993683
-155.614273
-156.461853
-154.539780
-153.846695
-154.967331
-156.587372
-155.143814
-153.846695
-154.440002
-156.462387
-155.866394
-154.076294
-154.073074
-155.755356
-156.380310
-154.452347
-153.871368
-155.083191
-156.603470
-155.013458
-153.829529
-154.475403
-156.382996
-155.727463
-154.111160
-154.140671
-155.907700
-156.282135
-154.335388
-153.845093
-155.157227
-156.554657
-154.871841
-153.844009
-154.586456
-156.423233
-155.539169
-153.913208
-154.092926
-155.921112
-156.203293
-154.364365
-153.912140
-155.320831
-156.560013
-154.767227
-153.833282
-154.672821
-156.490280
-155.443146
-153.910004
-154.203430
-156.074005
-156.046646
-154.142807
-153.943787
-155.531128
-156.536957
-154.775818
-153.828461
-154.770447
-156.519257
-155.287582
-153.869766
-154.288727
-156.184509
-155.965637
-154.074142
-153.941650
-155.547211
-156.483841
-154.686234
-153.919113
-155.031158
-156.581482
-155.168488
-153.849380
-154.371338
-156.312180
-155.896439
-154.065567
-153.992065
-155.670593
-156.392654
-154.459854
-153.887466
-155.138443
-156.628677
-155.192093
-153.869766
-154.455551
-156.360992
-155.754288
-154.002808
-154.059128
-155.784866
-156.324524
-154.383133
-153.850449
-155.099823
-156.577728
-154.956055
-153.885849
-154.654037
-156.461853
-155.760727
-153.990463
-154.144424
-155.959198
-156.254776
-154.290863
-153.861710
-155.238770
-156.561630
-154.813904
-153.809143
-154.611664
-156.504227
-155.629288
-153.928772
-154.195923
-156.003723
-156.090103
-154.166412
-153.893906
-155.355164
-156.499405
-154.685150
-153.817184
-154.721100
-156.515488
-155.361069
-153.920731
-154.348801
-156.168961
-156.145355
-154.145493
-153.916977
-155.470505
-156.455948
-154.561234
-153.793594
-154.841263
-156.569138
-155.256470
-153.863861
-154.302673
-156.212936
-155.910385
-154.064499
-154.075226
-155.623932
-156.424301
-154.506516
-153.807007
-154.916901
-156.570206
-155.107864
-153.805923
-154.367050
-156.278381
-155.800949
-153.989929
-153.987244
-155.770370
-156.480621
-154.422302
-153.908386
-155.064423
-156.533737
-154.962494
-153.802704
-154.466827
-156.396408
-155.686157
-153.960953
-154.040894
-155.802567
-156.220444
-154.332718
-153.966324
-155.213013
-156.669449
-154.831604
-153.753891
-154.536026
-156.413040
-155.513428
-153.925018
-154.098831
-155.935059
-156.134628
-154.219528
-153.866013
-155.294022
-156.526764
-154.784393
-153.955597
-154.708221
-156.550369
-155.401306
-153.868698
-154.178223
-156.060059
-156.043961
-154.132614
-153.889618
-155.399689
-156.476868
-154.626144
-153.773209
-154.755966
-156.624390
-155.299911
-153.908386
-154.237228
-156.122284
-155.961349
-154.092926
-153.924484
-155.528976
-156.418930
-154.515106
-153.793594
-154.864868
-156.529434
-155.138992
-153.782318
-154.308578
-156.352417
-155.861038
-154.001724
-153.950226
-155.594421
-156.313797
-154.389038
-153.798416
-154.945862
-156.520325
-155.008636
-153.801102
-154.398163
-156.313263
-155.737656
-154.092392
-154.080048
-155.906631
-156.293411
-154.318222
-153.815048
-155.077835
-156.542847
-154.894897
-153.758179
-154.460922
-156.344376
-155.550430
-153.893906
-154.093460
-156.002121
-156.238159
-154.352020
-153.832748
-155.183502
-156.492966
-154.761871
-153.767838
-154.547287
-156.391037
-155.409882
-153.844543
-154.099899
-155.965637
-156.080978
-154.166946
-153.903030
-155.453339
-156.489212
-154.639023
-153.779648
-154.686234
-156.467758
-155.320297
-153.860107
-154.186264
-156.053085
-155.974228
-154.076294
-153.891754
-155.449585
-156.467758
-154.689453
-153.832214
-154.855743
-156.509064
-155.166885
-153.797882
-154.250107
-156.167343
-155.872299
-154.029617
-153.921799
-155.559555
-156.379776
-154.442154
-153.818268
-155.034378
-156.543396
-155.101440
-153.788757
-154.314468
-156.220444
-155.725845
-153.959351
-153.947006
-155.681870
-156.278931
-154.340225
-153.774277
-155.017212
-156.500473
-154.898666
-153.791977
-154.541931
-156.333633
-155.627151
-153.906235
-154.011917
-155.789154
-156.169495
-154.235611
-153.794662
-155.113235
-156.499405
-154.803177
-153.756042
-154.500076
-156.372269
-155.576721
-153.882095
-154.026398
-155.852982
-156.083115
-154.173920
-153.825241
-155.234467
-156.492966
-154.693741
-153.740479
-154.581619
-156.408203
-155.327805
-153.824173
-154.249023
-156.063812
-156.110474
-154.103119
-153.831680
-155.349274
-156.410889
-154.566071
-153.729218
-154.686768
-156.433960
-155.212479
-153.797882
-154.193771
-156.092239
-155.870697
-154.052155
-154.048401
-155.526291
-156.376022
-154.467896
-153.724930
-154.815506
-156.491898
-155.062805
-153.750671
-154.229721
-156.165741
-155.778961
-153.962036
-153.934143
-155.640015
-156.423233
-154.410492
-153.892288
-154.934067
-156.478485
-154.986099
-153.788223
-154.395477
-156.271408
-155.644318
-153.913757
-153.983490
-155.741943
-156.252640
-154.322525
-153.933060
-155.095535
-156.587921
-154.884705
-153.757111
-154.431412
-156.297699
-155.497330
-153.856354
-154.037140
-155.850845
-156.129257
-154.171249
-153.794128
-155.181900
-156.472046
-154.747925
-153.861710
-154.577332
-156.383530
-155.423828
-153.837036
-154.072006
-155.948471
-156.083664
-154.160507
-153.838120
-155.299911
-156.439316
-154.619171
-153.725464
-154.667984
-156.569672
-155.307434
-153.912140
-154.155151
-156.026260
-155.906631
-154.033920
-153.853668
-155.398621
-156.351883
-154.473801
-153.720627
-154.745773
-156.439316
-155.202820
-153.913757
-154.297302
-156.286972
-155.840118
-153.986176
-153.897125
-155.577255
-156.364212
-154.434631
-153.741013
-154.854675
-156.470428
-155.012924
-153.750137
-154.318222
-156.241913
-155.763397
-154.074692
-153.980804
-155.674896
-156.252106
-154.308578
-153.734039
-154.965714
-156.455948
-154.881485
-153.736725
-154.397079
-156.276779
-155.577789
-153.897659
-154.039276
-155.920044
-156.194168
-154.297836
-153.780182
-155.105728
-156.475800
-154.780640
-153.730286
-154.463608
-156.326126
-155.439926
-153.822556
-154.014603
-155.837433
-156.054153
-154.244202
-153.840790
-155.335327
-156.439850
-154.630432
-153.686295
-154.561768
-156.372269
-155.271484
-153.778564
-154.072006
-155.937744
-155.936142
-154.035522
-153.823090
-155.314407
-156.431274
-154.695877
-153.741013
-154.649750
-156.397476
-155.132004
-153.721176
-154.159439
-156.093857
-155.827774
-153.960419
-153.849380
-155.459244
-156.337402
-154.429276
-153.741547
-154.915283
-156.506378
-155.151321
-153.743164
-154.230789
-156.150711
-155.709763
-153.912674
-153.898193
-155.548828
-156.233856
-154.313934
-153.747986
-154.920654
-156.480621
-154.960892
-153.775345
-154.495255
-156.247803
-155.607300
-153.882095
-153.947540
-155.710831
-156.196854
-154.238297
-153.720093
-155.009171
-156.436630
-154.793518
-153.704544
-154.419083
-156.337402
-155.601395
-153.857956
-154.041962
-155.795593
-156.079910
-154.122421
-153.702927
-155.116989
-156.424835
-154.678177
-153.677185
-154.505981
-156.346512
-155.328888
-153.821487
-154.180359
-155.939362
-156.057373
-154.073608
-153.757111
-155.245743
-156.371185
-154.569290
-153.692200
-154.616486
-156.392654
-155.227493
-153.768906
-154.112228
-156.012848
-155.866394
-154.018356
-153.946472
-155.394333
-156.353485
-154.480774
-153.704010
-154.717880
-156.440399
-155.106262
-153.726532
-154.180359
-156.102966
-155.733902
-153.884247
-153.857422
-155.543991
-156.415176
-154.397079
-153.812363
-154.864334
-156.455948
-154.970535
-153.688446
-154.266190
-156.165192
-155.612656
-153.857956
-153.894974
-155.612122
-156.187729
-154.291946
-153.870834
-155.055298
-156.595963
-154.836975
-153.671280
-154.349350
-156.259613
-155.529510
-153.822556
-153.929840
-155.689911
-156.089554
-154.171249
-153.734039
-155.078369
-156.418396
-154.747925
-153.839188
-154.502762
-156.340073
-155.394867
-153.778564
-153.995834
-155.850845
-156.046646
-154.105804
-153.756042
-155.171707
-156.358856
-154.593430
-153.683624
-154.578934
-156.487595
-155.276855
-153.789291
-154.068253
-155.950089
-155.916824
-153.996902
-153.761932
-155.334244
-156.355637
-154.462524
-153.677719
-154.671738
-156.424835
-155.175995
-153.859039
-154.231857
-156.273026
-155.903946
-154.011917
-153.840256
-155.412567
-156.301453
-154.368118
-153.662704
-154.781708
-156.432877
-154.967331
-153.687378
-154.238297
-156.141602
-155.695282
-154.019424
-153.914291
-155.554184
-156.236008
-154.296768
-153.682541
-154.869690
-156.416794
-154.856277
-153.657867
-154.281219
-156.208649
-155.558487
-153.817184
-153.937363
-155.792374
-156.180222
-154.238831
-153.713120
-154.983948
-156.393188
-154.733429
-153.655182
-154.391190
-156.263901
-155.423828
-153.761932
-153.945938
-155.779495
-156.076141
-154.232941
-153.779648
-155.277924
-156.425903
-154.627213
-153.656265
-154.495255
-156.321304
-155.292938
-153.740479
-154.025330
-155.894836
-155.945251
-154.049469
-153.776428
-155.243057
-156.387817
-154.658340
-153.680939
-154.584839
-156.342224
-155.147568
-153.716873
-154.078979
-155.982803
-155.829391
-153.952911
-153.790375
-155.380920
-156.312180
-154.410492
-153.709900
-154.835358
-156.424835
-155.072998
-153.682007
-154.169632
-156.085266
-155.705460
-153.882095
-153.819870
-155.484985
-156.239227
-154.315018
-153.703461
-154.806931
-156.416260
-155.053146
-153.742630
-154.395477
-156.214020
-155.613205
-153.844009
-153.895508
-155.606766
-156.141602
-154.202362
-153.668594
-154.965714
-156.418396
-154.812820
-153.667526
-154.347198
-156.304138
-155.623932
-153.834366
-153.941650
-155.735504
-156.064880
-154.102036
-153.676102
-155.055832
-156.369049
-154.659409
-153.678253
-154.434097
-156.298767
-155.333176
-153.745316
-154.100433
-155.884644
-156.069717
-154.081665
-153.756042
-155.193695
-156.366364
-154.541931
-153.646072
-154.551575
-156.354019
-155.189941
-153.697037
-154.042496
-155.975296
-155.966171
-154.006561
-153.900345
-155.327271
-156.324524
-154.433029
-153.654648
-154.658340
-156.381378
-155.063889
-153.656799
-154.104721
-156.035385
-155.731216
-153.896042
-153.783936
-155.452271
-156.377625
-154.340225
-153.647141
-154.779037
-156.389969
-154.935669
-153.653580
-154.203964
-156.129791
-155.627151
-153.826843
-153.815048
-155.531662
-156.152328
-154.245270
-153.806458
-154.941574
-156.503159
-154.787613
-153.617630
-154.280136
-156.197922
-155.495712
-153.800034
-153.911606
-155.700638
-156.091705
-154.129944
-153.675568
-154.989319
-156.386749
-154.763474
-153.790375
-154.408890
-156.274094
-155.362137
-153.739944
-153.938431
-155.799347
-156.004807
-154.052689
-153.701859
-155.149170
-156.394791
-154.580551
-153.668060
-154.562851
-156.460770
-155.285965
-153.831146
-154.010849
-155.891083
-155.894302
-153.986710
-153.742630
-155.270416
-156.328278
-154.456100
-153.619247
-154.597717
-156.357773
-155.139526
-153.828461
-154.145493
-156.110474
-155.781647
-153.877808
-153.743698
-155.349808
-156.270874
-154.364365
-153.604767
-154.702850
-156.370117
-154.973221
-153.650894
-154.166946
-156.075607
-155.684540
-153.962036
-153.826309
-155.504837
-156.163055
-154.222748
-153.641769
-154.838043
-156.374405
-154.871841
-153.651428
-154.255463
-156.154465
-155.526291
-153.792511
-153.882645
-155.734970
-156.136230
-154.250107
-153.672348
-154.936203
-156.366364
-154.708755
-153.606903
-154.330032
-156.201675
-155.394333
-153.734039
-153.904633
-155.705460
-156.034836
-154.180359
-153.694351
-155.173325
-156.359924
-154.582153
-153.573105
-154.385818
-156.240829
-155.241989
-153.701859
-153.978668
-155.837967
-155.917358
-153.977051
-153.703461
-155.172241
-156.312180
-154.582153
-153.649826
-154.536026
-156.317017
-155.128250
-153.678787
-154.037674
-155.924332
-155.797195
-153.937897
-153.746918
-155.324600
-156.241913
-154.384216
-153.666992
-154.791367
-156.384064
-155.125031
-153.657867
-154.099365
-155.996216
-155.665771
-153.856354
-153.779648
-155.432953
-156.192551
-154.260834
-153.618179
-154.759186
-156.370651
-154.995758
-153.663239
-154.319305
-156.117447
-155.556335
-153.787155
-153.813980
-155.513428
-156.080978
-154.166946
-153.627823
-154.853058
-156.310577
-154.765625
-153.623001
-154.273163
-156.220444
-155.569214
-153.831146
-153.990463
-155.674347
-156.027328
-154.088089
-153.646072
-154.983948
-156.321304
-154.632050
-153.604218
-154.383682
-156.219376
-155.297241
-153.731903
-154.080048
-155.863174
-156.049332
-154.039276
-153.688446
-155.115921
-156.286438
-154.505447
-153.599930
-154.493652
-156.277313
-155.172775
-153.677719
-154.011917
-155.895905
-155.804703
-153.985641
-153.854736
-155.271484
-156.247803
-154.422302
-153.629974
-154.614349
-156.328278
-155.066559
-153.675034
-154.100433
-156.007477
-155.708679
-153.849380
-153.766235
-155.437241
-156.335785
-154.375092
-153.723846
-154.688904
-156.315933
-154.905090
-153.633194
-154.156754
-156.055771
-155.571899
-153.816650
-153.791977
-155.465683
-156.113693
-154.232941
-153.764084
-154.877197
-156.399094
-154.778488
-153.607437
-154.241516
-156.135162
-155.480164
-153.786621
-153.875122
-155.606766
-156.022507
-154.118134
-153.656265
-154.929779
-156.303604
-154.678177
-153.731369
-154.371338
-156.211334
-155.341217
-153.750137
-153.916428
-155.744629
-155.986023
-154.054840
-153.680405
-155.074081
-156.330429
-154.576797
-153.611191
-154.477020
-156.373871
-155.261826
-153.803787
-153.994217
-155.864258
-155.841187
-153.937897
-153.709366
-155.209259
-156.260681
-154.450729
-153.597244
-154.543533
-156.281601
-155.088562
-153.769455
-154.097748
-156.063278
-155.746780
-153.883713
-153.767838
-155.324051
-156.197388
-154.323593
-153.625153
-154.659409
-156.290726
-154.944260
-153.637482
-154.143356
-156.032166
-155.675964
-153.977051
-153.808075
-155.428131
-156.141602
-154.233475
-153.608521
-154.779572
-156.335251
-154.823013
-153.600464
-154.190552
-156.075607
-155.445297
-153.761398
-153.898193
-155.708145
-156.116379
-154.267807
-153.665375
-154.892761
-156.302521
-154.687302
-153.603683
-154.326813
-156.170563
-155.355164
-153.719025
-153.884781
-155.674896
-155.953842
-154.055374
-153.717957
-155.158295
-156.326126
-154.544067
-153.571503
-154.368652
-156.188797
-155.180832
-153.648743
-153.928238
-155.743011
-155.862640
-153.939499
-153.648209
-155.113235
-156.296097
-154.595566
-153.645523
-154.620789
-156.281601
-155.070328
-153.607437
-153.980270
-155.885178
-155.772522
-153.900345
-153.704544
-155.285431
-156.216690
-154.316086
-153.617630
-154.742020
-156.347046
-155.114304
-153.603149
-154.024796
-155.962967
-155.659866
-153.817734
-153.737259
-155.401306
-156.153397
-154.235611
-153.583847
-154.686768
-156.290192
-154.861115
-153.628372
-154.265656
-156.031082
-155.466751
-153.746384
-153.793045
-155.484451
-156.017670
-154.096680
-153.559158
-154.813904
-156.278381
-154.694275
-153.540924
-154.242050
-156.161972
-155.508591
-153.767303
-153.962570
-155.659866
-156.002655
-154.044113
-153.579010
-154.929779
-156.238159
-154.561234
-153.555939
-154.322525
-156.174850
-155.218384
-153.684158
-154.023727
-155.775742
-156.008026
-154.010315
-153.641235
-155.064423
-156.228500
-154.453415
-153.577408
-154.433029
-156.247269
-155.144348
-153.626755
-153.929306
-155.816513
-155.792908
-153.933060
-153.812363
-155.259140
-156.340622
-154.411026
-153.609589
-154.582153
-156.274628
-154.961426
-153.589203
-154.042496
-155.930237
-155.644318
-153.833282
-153.715805
-155.354630
-156.301987
-154.309647
-153.683624
-154.669067
-156.253708
-154.846085
-153.574722
-154.104721
-155.988708
-155.515030
-153.747986
-153.723312
-155.437790
-156.058441
-154.136917
-153.570969
-154.800491
-156.430740
-154.781708
-153.579010
-154.196991
-156.083115
-155.402908
-153.718491
-153.805389
-155.590134
-156.004807
-154.089706
-153.616028
-154.935669
-156.317017
-154.664230
-153.702393
-154.363297
-156.308426
-155.322983
-153.690048
-153.898727
-155.711365
-155.905563
-153.998505
-153.667526
-155.056366
-156.266586
-154.504379
-153.554337
-154.410492
-156.231186
-155.199600
-153.773209
-153.948624
-155.785400
-155.782181
-153.881561
-153.673965
-155.158829
-156.191483
-154.363297
-153.538773
-154.517242
-156.245132
-154.988251
-153.597244
-154.052155
-156.025726
-155.738190
-153.962036
-153.730820
-155.309036
-156.183441
-154.298920
-153.581696
-154.626678
-156.283218
-154.900803
-153.598862
-154.109024
-156.001053
-155.614807
-153.904633
-153.816116
-155.565994
-156.106186
-154.178223
-153.583298
-154.761337
-156.279999
-154.773132
-153.598328
-154.203430
-156.065414
-155.429199
-153.719025
-153.788223
-155.549362
-156.049332
-154.209335
-153.615494
-154.895981
-156.297165
-154.664764
-153.586517
-154.290863
-156.133545
-155.307434
-153.668594
-153.842941
-155.644318
-155.915756
-153.997437
-153.668594
-155.145416
-156.333099
-154.634735
-153.560242
-154.387970
-156.209717
-155.179214
-153.616562
-153.905701
-155.748917
-155.815445
-153.936279
-153.632660
-155.107864
-156.193634
-154.380997
-153.579010
-154.597717
-156.219910
-155.021500
-153.577408
-153.962570
-155.887863
-155.709229
-153.831680
-153.669128
-155.254318
-156.150711
-154.271027
-153.528046
-154.559097
-156.281067
-155.029007
-153.610657
-154.130478
-155.937744
-155.566528
-153.767303
-153.715805
-155.391113
-156.106720
-154.171249
-153.540390
-154.720016
-156.269806
-154.749527
-153.562378
-154.254929
-156.073471
-155.545074
-153.703461
-153.731369
-155.464600
-156.003723
-154.056442
-153.533417
-154.793518
-156.243515
-154.627762
-153.522156
-154.226501
-156.092239
-155.314407
-153.694351
-153.970078
-155.626617
-155.910919
-153.974899
-153.587051
-154.939423
-156.222595
-154.503830
-153.500687
-154.306961
-156.129791
-155.167953
-153.609055
-153.871902
-155.755356
-155.950623
-153.971695
-153.781784
-155.100357
-156.166275
-154.361679
-153.507660
-154.427658
-156.197922
-155.036530
-153.578476
-153.943253
-155.830994
-155.715652
-153.874054
-153.776962
-155.266663
-156.300385
-154.308578
-153.543610
-154.572495
-156.253174
-154.909393
-153.544144
-154.032837
-155.933990
-155.576721
-153.765701
-153.680405
-155.319229
-156.091705
-154.200745
-153.657867
-154.680328
-156.244598
-154.800491
-153.563461
-154.144424
-156.033768
-155.464066
-153.701859
-153.738342
-155.459244
-156.025192
-154.108475
-153.560242
-154.843948
-156.413574
-154.718414
-153.616562
-154.230789
-156.111023
-155.365356
-153.686295
-153.782318
-155.587982
-155.938812
-154.007629
-153.579544
-154.908844
-156.240829
-154.545685
-153.526443
-154.342361
-156.277847
-155.222672
-153.623535
-153.833817
-155.663086
-155.805786
-153.905701
-153.609589
-155.048325
-156.201675
-154.396545
-153.506058
-154.368118
-156.176468
-155.116989
-153.730286
-153.971695
-155.862640
-155.745163
-153.849915
-153.634796
-155.162048
-156.137299
-154.297836
-153.511414
-154.478088
-156.174316
-154.922806
-153.547897
-154.030701
-156.013916
-155.645386
-153.869232
-153.669128
-155.278458
-156.072937
-154.155685
-153.507126
-154.620789
-156.219376
-154.808533
-153.513031
-154.067169
-155.970474
-155.446899
-153.706146
-153.729218
-155.558487
-156.111023
-154.246353
-153.578476
-154.761337
-156.250488
-154.682480
-153.509277
-154.197525
-156.055771
-155.350876
-153.682541
-153.788223
-155.554733
-155.976364
-154.147110
-153.610657
-154.975906
-156.255859
-154.555344
-153.494247
-154.283356
-156.138916
-155.210861
-153.633728
-153.833282
-155.649673
-155.819733
-153.905167
-153.605301
-155.036530
-156.285355
-154.592880
-153.550583
-154.395477
-156.209717
-155.107330
-153.586517
-153.910004
-155.788620
-155.779495
-153.894974
-153.648743
-155.174393
-156.197922
-154.338074
-153.561310
-154.627213
-156.292877
-155.100891
-153.610657
-154.008163
-155.876053
-155.618561
-153.798416
-153.679321
-155.314941
-156.160370
-154.243668
-153.536636
-154.649216
-156.309494
-154.980194
-153.624603
-154.230789
-156.027863
-155.531128
-153.729218
-153.739944
-155.425980
-156.038055
-154.102036
-153.535553
-154.717346
-156.239761
-154.702316
-153.510345
-154.155151
-156.089554
-155.530045
-153.694351
-153.773209
-155.563843
-155.980667
-154.009232
-153.561844
-154.848770
-156.231720
-154.570892
-153.530197
-154.272095
-156.146423
-155.222672
-153.665909
-153.955597
-155.680252
-155.964569
-153.937897
-153.594040
-154.992004
-156.177002
-154.411575
-153.487274
-154.358459
-156.180756
-155.101974
-153.553268
-153.870834
-155.778961
-155.871765
-153.925018
-153.763550
-155.159912
-156.180222
-154.306427
-153.469040
-154.448044
-156.190948
-154.963028
-153.540390
-153.945938
-155.844406
-155.602463
-153.772125
-153.651428
-155.298843
-156.271957
-154.228104
-153.514633
-154.577332
-156.222061
-154.835358
-153.567749
-154.069321
-155.959198
-155.512878
-153.722244
-153.718491
-155.406128
-156.067566
-154.148178
-153.678787
-154.784393
-156.312180
-154.709290
-153.530197
-154.144958
-156.070786
-155.397018
-153.694885
-153.783936
-155.538101
-155.971542
-154.033371
-153.563995
-154.839645
-156.232254
-154.610596
-153.653580
-154.273697
-156.126038
-155.233932
-153.603149
-153.820404
-155.617493
-155.851379
-153.938965
-153.589737
-154.995224
-156.211334
-154.463608
-153.534485
-154.437317
-156.313797
-155.165802
-153.659485
-153.869766
-155.751602
-155.778427
-153.875122
-153.621933
-155.096603
-156.192017
-154.346130
-153.516251
-154.471649
-156.185043
-155.016678
-153.684158
-153.996368
-155.970474
-155.659866
-153.781784
-153.629974
-155.213547
-156.098679
-154.221130
-153.481918
-154.568207
-156.231720
-154.833755
-153.544678
-154.048935
-155.913605
-155.508057
-153.842941
-153.668060
-155.355713
-156.011780
-154.082733
-153.490494
-154.718948
-156.233856
-154.696426
-153.502304
-154.116531
-156.029480
-155.368042
-153.636414
-153.778030
-155.641098
-155.988708
-154.124039
-153.541992
-154.796738
-156.194168
-154.586456
-153.508743
-154.219528
-156.086884
-155.250031
-153.623001
-153.780716
-155.638947
-155.909851
-154.045715
-153.618713
-155.093918
-156.212402
-154.418549
-153.500687
-154.351486
-156.157684
-155.114304
-153.584915
-153.849915
-155.720490
-155.760178
-153.872986
-153.588669
-155.106262
-156.201675
-154.461456
-153.497467
-154.441605
-156.197922
-154.938354
-153.520538
-153.939499
-155.844940
-155.625000
-153.738342
-153.579010
-155.201752
-156.092239
-154.221130
-153.536636
-154.714661
-156.301453
-154.992538
-153.557022
-154.031235
-155.958130
-155.549896
-153.729218
-153.682007
-155.346588
-156.010162
-154.087021
-153.469040
-154.674423
-156.243515
-154.814972
-153.560776
-154.244202
-156.022507
-155.366440
-153.667526
-153.754959
-155.501083
-155.949554
-154.007095
-153.531799
-154.794052
-156.187729
-154.556946
-153.474945
-154.216843
-156.151245
-155.392715
-153.656265
-153.890686
-155.628220
-155.841187
-153.913757
-153.565063
-154.960342
-156.195236
-154.463608
-153.513565
-154.343445
-156.134628
-155.126114
-153.622467
-153.979736
-155.819733
-155.931839
-153.890686
-153.589737
-155.093918
-156.190414
-154.316620
-153.478699
-154.428192
-156.195770
-154.963562
-153.526443
-153.923950
-155.807388
-155.618561
-153.796814
-153.751740
-155.255386
-156.093857
-154.193237
-153.452408
-154.518860
-156.211334
-154.838043
-153.522156
-154.031769
-155.933456
-155.488205
-153.723846
-153.691666
-155.401306
-156.185577
-154.182510
-153.642853
-154.705002
-156.240295
-154.722702
-153.512497
-154.090240
-155.986023
-155.376633
-153.662704
-153.733505
-155.493576
-155.965637
-154.049469
-153.552719
-154.854141
-156.369049
-154.611130
-153.499084
-154.214691
-156.080444
-155.236084
-153.605301
-153.807007
-155.643784
-155.879272
-153.936279
-153.534485
-154.927094
-156.183441
-154.504379
-153.637482
-154.357391
-156.233856
-155.136841
-153.563995
-153.807541
-155.689911
-155.755356
-153.848312
-153.595108
-155.085876
-156.131409
-154.290863
-153.450272
-154.437851
-156.296097
-155.018814
-153.678787
-153.929306
-155.783249
-155.626617
-153.778564
-153.612274
-155.194778
-156.087952
-154.178223
-153.452942
-154.548904
-156.209717
-154.825699
-153.471725
-154.026398
-156.050934
-155.491425
-153.683624
-153.661621
-155.333176
-155.992462
-154.074692
-153.492645
-154.657257
-156.202209
-154.676041
-153.463135
-154.086487
-155.977982
-155.384140
-153.767303
-153.755508
-155.576721
-155.945786
-154.013000
-153.526978
-154.797272
-156.235474
-154.576797
-153.470108
-154.192169
-156.087952
-155.275238
-153.622467
-153.760864
-155.578873
-155.875519
-154.053757
-153.560776
-154.938889
-156.194168
-154.452881
-153.496933
-154.313400
-156.142136
-155.100891
-153.557022
-153.830063
-155.731216
-155.748383
-153.835968
-153.627289
-155.205505
-156.175385
-154.331100
-153.489426
-154.431412
-156.157684
-154.960342
-153.531799
-153.914825
-155.777893
-155.594955
-153.743698
-153.603149
-155.200134
-156.113159
-154.318222
-153.508743
-154.614349
-156.211334
-154.838577
-153.502304
-154.001190
-155.902878
-155.471039
-153.656799
-153.623535
-155.317078
-156.009094
-154.090775
-153.462601
-154.643311
-156.234940
-154.812820
-153.515717
-154.102585
-155.965637
-155.331573
-153.641769
-153.719025
-155.478012
-155.937744
-153.988846
-153.485672
-154.803711
-156.181824
-154.535492
-153.475479
-154.310715
-156.117447
-155.331573
-153.613342
-153.793594
-155.588516
-155.817047
-153.886932
-153.525375
-154.943726
-156.165741
-154.402451
-153.437927
-154.304276
-156.157684
-155.215164
-153.615494
-153.990997
-155.748383
-155.725845
-153.830063
-153.563995
-155.072464
-156.116379
-154.259216
-153.429352
-154.415329
-156.189331
-154.946396
-153.510345
-153.911072
-155.841187
-155.743561
-153.772675
-153.635345
-155.241440
-156.102432
-154.205032
-153.465286
-154.546753
-156.198456
-154.791901
-153.474945
-154.029083
-155.950089
-155.497330
-153.775879
-153.826843
-155.408279
-156.108337
-154.138519
-153.544144
-154.726456
-156.253174
-154.689987
-153.491577
-154.132080
-156.038605
-155.346588
-153.645523
-153.744766
-155.517715
-156.062744
-154.038742
-153.623001
-154.839645
-156.220993
-154.520462
-153.489426
-154.245270
-156.122284
-155.225891
-153.602081
-153.803787
-155.631973
-155.847626
-153.916977
-153.596176
-155.041351
-156.312180
-154.402985
-153.477631
-154.360077
-156.170029
-155.077835
-153.544678
-153.874054
-155.751602
-155.735504
-153.835434
-153.597244
-155.123962
-156.121750
-154.324661
-153.601013
-154.502228
-156.305206
-154.935135
-153.525375
