-160.332275
-159.388138
-157.613052
-157.887711
-159.814606
-159.869858
-157.877518
-157.595886
-159.188049
-160.294724
-158.349045
-157.484314
-158.507309
-160.377335
-159.163910
-157.576035
-158.009491
-159.980911
-159.685333
-157.776672
-157.662399
-159.388138
-160.185287
-158.168808
-157.488068
-158.687012
-160.393967
-158.908554
-157.481628
-158.091568
-160.138092
-159.457870
-157.628616
-157.725708
-159.565170
-160.022751
-157.981049
-157.471436
-158.867798
-160.322617
-158.651062
-157.430664
-158.232651
-160.170273
-159.176788
-157.521317
-157.768616
-159.721268
-159.794769
-157.774521
-157.489670
-159.052322
-160.224991
-158.390366
-157.415649
-158.421478
-160.235718
-158.922516
-157.405457
-157.856598
-159.862885
-159.544785
-157.606079
-157.505768
-159.223450
-160.093567
-158.144135
-157.383987
-158.641418
-160.183151
-158.636047
-157.355560
-157.954773
-159.962128
-159.315720
-157.493423
-157.539032
-159.400482
-159.906342
-157.958527
-157.379700
-158.828629
-160.186371
-158.378555
-157.265442
-158.065811
-160.041519
-159.016388
-157.330887
-157.607697
-159.582870
-159.675674
-157.658646
-157.409210
-159.070572
-160.079071
-158.126968
-157.219849
-158.205826
-160.057617
-158.781967
-157.269730
-157.711227
-159.683716
-159.434280
-157.494507
-157.435486
-159.237930
-159.954620
-157.913467
-157.201065
-158.382309
-160.060303
-158.512665
-157.211792
-157.812607
-159.815689
-159.188583
-157.368439
-157.447830
-159.402084
-159.759354
-157.711227
-157.197311
-158.582397
-160.001297
-158.238007
-157.120605
-157.935989
-159.892929
-158.913391
-157.211792
-157.477875
-159.527084
-159.541565
-157.524002
-157.206436
-158.751389
-159.933167
-158.020752
-157.123825
-158.097992
-159.939606
-158.636047
-157.153854
-157.620560
-159.718048
-159.368835
-157.484314
-157.264374
-158.975082
-159.833923
-157.827637
-157.088409
-158.257858
-159.934235
-158.398941
-157.121140
-157.768082
-159.856461
-159.137619
-157.377014
-157.316406
-159.116165
-159.640274
-157.614670
-157.113083
-158.497116
-159.935852
-158.174179
-157.063202
-157.834061
-159.772766
-158.861359
-157.265976
-157.382919
-159.310349
-159.468613
-157.456955
-157.117386
-158.664474
-159.843582
-157.904877
-157.006332
-157.969788
-159.830170
-158.609756
-157.214478
-157.480011
-159.439636
-159.208435
-157.271881
-157.128647
-158.823807
-159.693375
-157.709076
-156.954834
-158.131790
-159.837677
-158.342072
-157.132401
-157.603394
-159.577499
-158.977768
-157.150101
-157.194626
-159.014236
-159.528152
-157.471436
-156.950546
-158.307205
-159.793686
-158.094772
-157.070709
-157.736435
-159.653671
-158.697739
-157.009552
-157.195160
-159.137085
-159.345230
-157.306747
-156.960739
-158.514282
-159.710541
-157.822266
-156.965576
-157.849091
-159.779739
-158.454727
-156.910858
-157.320694
-159.338791
-159.094711
-157.158691
-156.999908
-158.678970
-159.607010
-157.635590
-156.993469
-158.048645
-159.772232
-158.160233
-156.819122
-157.418320
-159.441254
-158.876373
-157.026718
-157.029938
-158.872086
-159.398865
-157.413498
-156.985947
-158.254639
-159.782959
-157.916687
-156.767624
-157.566925
-159.502396
-158.575974
-156.884567
-157.100220
-159.033020
-159.197174
-157.173172
-156.830917
-158.385529
-159.694443
-157.686554
-156.720413
-157.698349
-159.576431
-158.328674
-156.797668
-157.188736
-159.199310
-158.994934
-157.030472
-156.892609
-158.600113
-159.587692
-157.490738
-156.739197
-157.887711
-159.603790
-158.059372
-156.737045
-157.323380
-159.320007
-158.758896
-156.896362
-156.907089
-158.770157
-159.423004
-157.264374
-156.718277
-158.071182
-159.581253
-157.817444
-156.699493
-157.456955
-159.439636
-158.528763
-156.794449
-157.011703
-158.970795
-159.259399
-157.182831
-156.888321
-158.296478
-159.491669
-157.579788
-156.646927
-157.596954
-159.487915
-158.227280
-156.712906
-157.104507
-159.107574
-158.992249
-156.944641
-156.820724
-158.433273
-159.341476
-157.379700
-156.623322
-157.741257
-159.477722
-157.982666
-156.639420
-157.215546
-159.254028
-158.774445
-156.813217
-156.899048
-158.624252
-159.200928
-157.193024
-156.604538
-157.935989
-159.447678
-157.741806
-156.601318
-157.356094
-159.286758
-158.408066
-156.741333
-157.010086
-158.808777
-158.992249
-156.965027
-156.624390
-158.131790
-159.364532
-157.489670
-156.550369
-157.481628
-159.352737
-158.171494
-156.660339
-157.131866
-158.991714
-158.821121
-156.858276
-156.640488
-158.321152
-159.291580
-157.269730
-156.506378
-157.620560
-159.373657
-157.906494
-156.577728
-157.209656
-159.106506
-158.552902
-156.675354
-156.683395
-158.479401
-159.090408
-157.064270
-156.482239
-157.792755
-159.355423
-157.642029
-156.529434
-157.328735
-159.213791
-158.390900
-156.572891
-156.730606
-158.653214
-158.916077
-156.894760
-156.499405
-158.004654
-159.277100
-157.367371
-156.451660
-157.488068
-159.296402
-158.151642
-156.502090
-156.825027
-158.819519
-158.727249
-156.763336
-156.588989
-158.226212
-159.183212
-157.203217
-156.427521
-157.525620
-159.294266
-157.952621
-156.465607
-156.961273
-158.973465
-158.463318
-156.590591
-156.590057
-158.373199
-158.996002
-156.973083
-156.412491
-157.706390
-159.288895
-157.684402
-156.368515
-157.097534
-159.077545
-158.227280
-156.507446
-156.636734
-158.550751
-158.823273
-156.770844
-156.381378
-157.839432
-159.176788
-157.437103
-156.352951
-157.242905
-159.113480
-157.942963
-156.350800
-156.715057
-158.706863
-158.616196
-156.639420
-156.440399
-158.083511
-159.125824
-157.218231
-156.349197
-157.521866
-159.139236
-157.667770
-156.270340
-156.802490
-158.819519
-158.410736
-156.510132
-156.458099
-158.257858
-158.926270
-156.844330
-156.284286
-157.655426
-159.126892
-157.437637
-156.234406
-156.947861
-158.939133
-158.116776
-156.383530
-156.536423
-158.426300
-158.732071
-156.679642
-156.316467
-157.868942
-159.052872
-157.210190
-156.192017
-157.084122
-158.964890
-157.826553
-156.262299
-156.565918
-158.552902
-158.485840
-156.506378
-156.330429
-158.069565
-158.980988
-156.990784
-156.199524
-157.257401
-159.029266
-157.632370
-156.223129
-156.709152
-158.731003
-158.308823
-156.405518
-156.398544
-158.259460
-158.859207
-156.872757
-156.200607
-157.456406
-159.036240
-157.362534
-156.155548
-156.863113
-158.851700
-158.061523
-156.306824
-156.465073
-158.460632
-158.695053
-156.671600
-156.193634
-157.643631
-158.948257
-157.105042
-156.101898
-156.973083
-158.903732
-157.813690
-156.182907
-156.486526
-158.470825
-158.466003
-156.553040
-156.216690
-157.807785
-158.867798
-156.929626
-156.089020
-157.144211
-158.905884
-157.524002
-156.105652
-156.565384
-158.580261
-158.246048
-156.458633
-156.264969
-157.996078
-158.714371
-156.703781
-156.068100
-157.316406
-158.894608
-157.264908
-156.046112
-156.738647
-158.730469
-157.984268
-156.311646
-156.315399
-158.166656
-158.538956
-156.481705
-156.049866
-157.493423
-158.850632
-157.043884
-156.011246
-156.853455
-158.771774
-157.735901
-156.200607
-156.435028
-158.501938
-158.385529
-156.353485
-156.056839
-157.669388
-158.757828
-156.823410
-155.972610
-156.994537
-158.800735
-157.455872
-156.009094
-156.492432
-158.586700
-158.121597
-156.185577
-156.083115
-157.832993
-158.612442
-156.591125
-155.949554
-157.194092
-158.809326
-157.159760
-155.895905
-156.610977
-158.743881
-157.893082
-156.086884
-156.173248
-158.052399
-158.440247
-156.391037
-155.934525
-157.362534
-158.776062
-156.957520
-155.887863
-156.743484
-158.813080
-157.633438
-155.984421
-156.244598
-158.217087
-158.256241
-156.230103
-155.958664
-157.559402
-158.667694
-156.718811
-155.850311
-156.924805
-158.865112
-157.377563
-155.929703
-156.326660
-158.327591
-157.971390
-156.057373
-155.991394
-157.717117
-158.541092
-156.521393
-155.827774
-157.044418
-158.697739
-157.117920
-155.940964
-156.484924
-158.485840
-157.785248
-155.977982
-156.053619
-157.933304
-158.362457
-156.321304
-155.828842
-157.204285
-158.604935
-156.852921
-155.891083
-156.623322
-158.547531
-157.532593
-155.866943
-156.117447
-158.077072
-158.124817
-156.121750
-155.843872
-157.443542
-158.558258
-156.661407
-155.878738
-156.776749
-158.598495
-157.272415
-155.780563
-156.247803
-158.266983
-157.949936
-156.006409
-155.870697
-157.576035
-158.442932
-156.447372
-155.892685
-157.012772
-158.728851
-157.022430
-155.718338
-156.354019
-158.356033
-157.691376
-155.887863
-155.982803
-157.821198
-158.279312
-156.214020
-155.695282
-157.145813
-158.704178
-156.820190
-155.674347
-156.461853
-158.425766
-157.465530
-155.812759
-156.042358
-157.977829
-158.099609
-156.058441
-155.748383
-157.350739
-158.597427
-156.578796
-155.679718
-156.646927
-158.466003
-157.199463
-155.689377
-156.105652
-158.111938
-157.832458
-155.887314
-155.767700
-157.538483
-158.485840
-156.382996
-155.722092
-156.845947
-158.513199
-156.944641
-155.611053
-156.225815
-158.253036
-157.640945
-155.813293
-155.838501
-157.721420
-158.339935
-156.201675
-155.690445
-156.997757
-158.456879
-156.734360
-155.622314
-156.376556
-158.309891
-157.349655
-155.668457
-155.891617
-157.848557
-157.998749
-156.008560
-155.780563
-157.190872
-158.398941
-156.483307
-155.538635
-156.501007
-158.366760
-157.097000
-155.596573
-155.984955
-157.995544
-157.804565
-155.910919
-155.840652
-157.402237
-158.271805
-156.270874
-155.516647
-156.678574
-158.384995
-156.862030
-155.546143
-156.113693
-158.103897
-157.547073
-155.741943
-155.881424
-157.605011
-158.170410
-156.056839
-155.509125
-156.861496
-158.339935
-156.627075
-155.504837
-156.238159
-158.202606
-157.311035
-155.653427
-155.936142
-157.761642
-157.990707
-155.909851
-155.568130
-157.072327
-158.285751
-156.357239
-155.424377
-156.406067
-158.304535
-157.069641
-155.519852
-155.883026
-157.909714
-157.845337
-155.789154
-155.586914
-157.246658
-158.185440
-156.205429
-155.461929
-156.584702
-158.300766
-156.822876
-155.468353
-156.023575
-158.077072
-157.615204
-155.667374
-155.652893
-157.443542
-158.019135
-155.982269
-155.403992
-156.763870
-158.266983
-156.571289
-155.376099
-156.081512
-158.106583
-157.320694
-155.546677
-155.804703
-157.645248
-157.827637
-155.775208
-155.375549
-156.891006
-158.150040
-156.273026
-155.326202
-156.275711
-158.180069
-157.092712
-155.461380
-155.893219
-157.795441
-157.651138
-155.667923
-155.478546
-157.160294
-158.121063
-156.115845
-155.343369
-156.461853
-158.219238
-156.737579
-155.370728
-156.020889
-157.926331
-157.385071
-155.523621
-155.538101
-157.356094
-157.956375
-155.937210
-155.367508
-156.667847
-158.203140
-156.515488
-155.342300
-156.145889
-158.042740
-157.172638
-155.439926
-155.605148
-157.537949
-157.807251
-155.749985
-155.342300
-156.875443
-158.174713
-156.261215
-155.156693
-156.035919
-157.875916
-156.770844
-155.085342
-155.392181
-157.445145
-157.348053
-155.374481
-155.185120
-156.837891
-157.828705
-155.819733
-155.074615
-156.298233
-157.949936
-156.507446
-155.083191
-155.577789
-157.611450
-157.128647
-155.232330
-155.228027
-157.004196
-157.654892
-155.646988
-155.026337
-156.319687
-157.933853
-156.347595
-155.060135
-155.755356
-157.738052
-156.914612
-155.174927
-155.281143
-157.187119
-157.529373
-155.475876
-155.067108
-156.540176
-157.871613
-156.121750
-155.002197
-155.867477
-157.764862
-156.659790
-155.057983
-155.394333
-157.391510
-157.345901
-155.334244
-155.093384
-156.711288
-157.783112
-155.915222
-155.046173
-156.203293
-157.841049
-156.420547
-155.024719
-155.512878
-157.503616
-157.068024
-155.167953
-155.113770
-156.872757
-157.572815
-155.671127
-154.971085
-156.349731
-157.798660
-156.116913
-154.884705
-155.555801
-157.562088
-156.807861
-155.037598
-155.150787
-157.029404
-157.370041
-155.326736
-154.952301
-156.476868
-157.701035
-155.844940
-154.838043
-155.684006
-157.617889
-156.540710
-154.953369
-155.252167
-157.204285
-157.183365
-155.243057
-155.093918
-156.825562
-157.725708
-155.743561
-154.916901
-156.006943
-157.800812
-156.369049
-154.948013
-155.465134
-157.476257
-157.068573
-155.178680
-155.154007
-156.992935
-157.642563
-155.642166
-154.942108
-156.140518
-157.753601
-156.133545
-154.869156
-155.541321
-157.565308
-156.822876
-155.028473
-155.152939
-157.037445
-157.446762
-155.512878
-154.983948
-156.370651
-157.751450
-155.915222
-154.859497
-155.729065
-157.653290
-156.597565
-154.972687
-155.242523
-157.213409
-157.274567
-155.370728
-154.983948
-156.557343
-157.658112
-155.708145
-154.840729
-155.886780
-157.703171
-156.313797
-154.889008
-155.381454
-157.387207
-157.069641
-155.225357
-155.046722
-156.828247
-157.579788
-155.520935
-154.851456
-156.090103
-157.721954
-156.112625
-154.861649
-155.493576
-157.505234
-156.867401
-155.150253
-155.137909
-157.039063
-157.382919
-155.300995
-154.835892
-156.260681
-157.691910
-155.865326
-154.777420
-155.616959
-157.569595
-156.578262
-154.909927
-155.212479
-157.270798
-157.217163
-155.166885
-154.880951
-156.453796
-157.569061
-155.640015
-154.757568
-155.775208
-157.611450
-156.273026
-154.791367
-155.297775
-157.429062
-157.013306
-155.059586
-154.904022
-156.615280
-157.448898
-155.416321
-154.724319
-155.945786
-157.644165
-156.053085
-154.751144
-155.382523
-157.493423
-156.791229
-155.064423
-155.001663
-156.834137
-157.306213
-155.244125
-154.774200
-156.159302
-157.579254
-155.802032
-154.724319
-155.531662
-157.482697
-156.546066
-154.957672
-155.066025
-157.006882
-157.120605
-155.090164
-154.767761
-156.323990
-157.497177
-155.579941
-154.666382
-155.660950
-157.512207
-156.282135
-154.826233
-155.120209
-157.161911
-156.915146
-154.965179
-154.820877
-156.533203
-157.372726
-155.354630
-154.669067
-155.834747
-157.503616
-156.046112
-154.820343
-155.311722
-157.355026
-156.702179
-154.838043
-154.873978
-156.735977
-157.270264
-155.216232
-154.685150
-156.038055
-157.495575
-155.756973
-154.667984
-155.479095
-157.503082
-156.468826
-154.732895
-154.988251
-156.933914
-157.112549
-155.052612
-154.679794
-156.218842
-157.433350
-155.531128
-154.622391
-155.631439
-157.617889
-156.249954
-154.694809
-155.095535
-157.046570
-156.860962
-154.893295
-154.716263
-156.435028
-157.355026
-155.357849
-154.632584
-155.793976
-157.609833
-156.015533
-154.757568
-155.197464
-157.201065
-156.693054
-154.814972
-154.824631
-156.636200
-157.224670
-155.190475
-154.623459
-155.984421
-157.588379
-155.783783
-154.696426
-155.325134
-157.298157
-156.415176
-154.695343
-154.876663
-156.813751
-157.040131
-155.018280
-154.637955
-156.126038
-157.404922
-155.534882
-154.702316
-155.504837
-157.383453
-156.179138
-154.629898
-154.982346
-156.984879
-156.871689
-154.870758
-154.672821
-156.315399
-157.311569
-155.367508
-154.686768
-155.683472
-157.514893
-155.961349
-154.556946
-155.100891
-157.137772
-156.646393
-154.742554
-154.722702
-156.515488
-157.181213
-155.124496
-154.542465
-155.909851
-157.517029
-155.714584
-154.534958
-155.269882
-157.243439
-156.391571
-154.647598
-154.815506
-156.729004
-157.004196
-154.959808
-154.560165
-156.088486
-157.478943
-155.486069
-154.485596
-155.389496
-157.293869
-156.153931
-154.570892
-154.890076
-156.850235
-156.789612
-154.814438
-154.603622
-156.295547
-157.416718
-155.341217
-154.563919
-155.575653
-157.338928
-155.928635
-154.501160
-155.024719
-157.025116
-156.592743
-154.715195
-154.669067
-156.465073
-157.274017
-155.150253
-154.552124
-155.775208
-157.344833
-155.700104
-154.481308
-155.169556
-157.181213
-156.387817
-154.628296
-154.733429
-156.621170
-156.970398
-154.969467
-154.652969
-155.979584
-157.296021
-155.479095
-154.448044
-155.314407
-157.228958
-156.149643
-154.530655
-154.820343
-156.778885
-156.772980
-154.825165
-154.676575
-156.195236
-157.297623
-155.253250
-154.413177
-155.468903
-157.289581
-155.923264
-154.482910
-154.953369
-156.947327
-156.570755
-154.701248
-154.724319
-156.376556
-157.181213
-155.078369
-154.414246
-155.644318
-157.280457
-155.668457
-154.392792
-155.064957
-157.068573
-156.334717
-154.544601
-154.649216
-156.556793
-157.086807
-154.938354
-154.468964
-155.838501
-157.239151
-155.454407
-154.391190
-155.199066
-157.151718
-156.103500
-154.462524
-154.722168
-156.712906
-156.859360
-154.780106
-154.586456
-156.072937
-157.165131
-155.209793
-154.363297
-155.394333
-157.221451
-155.874451
-154.404053
-154.876129
-156.864182
-156.532120
-154.654572
-154.652969
-156.267120
-157.053009
-155.016678
-154.353638
-155.555267
-157.226822
-155.634659
-154.350952
-154.968399
-156.974152
-156.337402
-154.538712
-154.717346
-156.475266
-156.916748
-154.872375
-154.368652
-155.771988
-157.190338
-155.382523
-154.306961
-155.110016
-157.057831
-156.070786
-154.454483
-154.795120
-156.651749
-156.843262
-154.748459
-154.428741
-155.984421
-157.138306
-155.192627
-154.310181
-155.296692
-157.153854
-155.851913
-154.342361
-154.757034
-156.798737
-156.644241
-154.575180
-154.415863
-156.134079
-157.027802
-155.008636
-154.307495
-155.480698
-157.158691
-155.625534
-154.294632
-154.860031
-156.931778
-156.410355
-154.458771
-154.494186
-156.318619
-156.872223
-154.825165
-154.312866
-155.686691
-157.147964
-155.392181
-154.266724
-155.025803
-157.016525
-156.211334
-154.435165
-154.720016
-156.557877
-156.727386
-154.715729
-154.372940
-155.883026
-157.092712
-155.220520
-154.282822
-155.175995
-157.048721
-155.848694
-154.371338
-154.832672
-156.702179
-156.510132
-154.573578
-154.377777
-156.066498
-156.982193
-154.993607
-154.253326
-155.399155
-157.135620
-155.635727
-154.287659
-154.959808
-156.856140
-156.291794
-154.450195
-154.434097
-156.250488
-156.813751
-154.774734
-154.217911
-155.550980
-157.111481
-155.391113
-154.222198
-155.054764
-156.978973
-156.197922
-154.356323
-154.503830
-156.428589
-156.682327
-154.633652
-154.252777
-155.755890
-157.025650
-155.137375
-154.176605
-155.101974
-157.041748
-155.952774
-154.296234
-154.624008
-156.610977
-156.525146
-154.500076
-154.273697
-155.915222
-156.926407
-154.993607
-154.174469
-155.289719
-157.093781
-155.748917
-154.212021
-154.741486
-156.756363
-156.282135
-154.362747
-154.346130
-156.144272
-156.781036
-154.740402
-154.160507
-155.450653
-157.029938
-155.482849
-154.221130
-154.978058
-156.850769
-156.065414
-154.310181
-154.430344
-156.333099
-156.652817
-154.595032
-154.186264
-155.641632
-156.983810
-155.124496
-154.185196
-155.184052
-156.955917
-155.792908
-154.217377
-154.539780
-156.489212
-156.453796
-154.480240
-154.222198
-155.856201
-156.891541
-154.923874
-154.152466
-155.329956
-156.954834
-155.528442
-154.110626
-154.630432
-156.651215
-156.235474
-154.345581
-154.261902
-156.019287
-156.758499
-154.731827
-154.155685
-155.528442
-157.018143
-155.394333
-154.109024
-154.778488
-156.772446
-156.028946
-154.254929
-154.376694
-156.218307
-156.639954
-154.614883
-154.160507
-155.583694
-156.959137
-155.277390
-154.114380
-154.924408
-156.833603
-155.773590
-154.149780
-154.431961
-156.398544
-156.428589
-154.394943
-154.151398
-155.768768
-156.913528
-155.054764
-154.117599
-155.206573
-156.923721
-155.555267
-154.102036
-154.576263
-156.566452
-156.235474
-154.315552
-154.208801
-155.930237
-156.784256
-154.864868
-154.124039
-155.419540
-156.950546
-155.324600
-154.070389
-154.685684
-156.663010
-156.034302
-154.222198
-154.260834
-156.138382
-156.613663
-154.592346
-154.115448
-155.605148
-156.914612
-155.094467
-154.014603
-154.816589
-156.775665
-155.795593
-154.128326
-154.378311
-156.306290
-156.413574
-154.379379
-154.105804
-155.756973
-156.874908
-155.040283
-154.037140
-154.997360
-156.829849
-155.548294
-154.055374
-154.487747
-156.501007
-156.226349
-154.252777
-154.158905
-155.850845
-156.765472
-154.894897
-154.025330
-155.177078
-156.872757
-155.359467
-154.023727
-154.591278
-156.627075
-156.042892
-154.171249
-154.219528
-156.060059
-156.601318
-154.663162
-154.033371
-155.362686
-156.853989
-155.141663
-153.977051
-154.743088
-156.722565
-155.806320
-154.115448
-154.324127
-156.220993
-156.444687
-154.529053
-154.107941
-155.700104
-156.804092
-154.876663
-153.935211
-154.887924
-156.785858
-155.539169
-153.988846
-154.349350
-156.343826
-156.195236
-154.196991
-154.070923
-155.850311
-156.668381
-154.677109
-153.912140
-155.062271
-156.790695
-155.302063
-153.957733
-154.508133
-156.534271
-155.994614
-154.147110
-154.218445
-156.114777
-156.624390
-154.639023
-153.989395
-155.274170
-156.813217
-155.089096
-153.887466
-154.644928
-156.638336
-155.797195
-154.059128
-154.232391
-156.163589
-156.441467
-154.476486
-153.996902
-155.489822
-156.784790
-154.908844
-153.902481
-154.786545
-156.689835
-155.545609
-153.955597
-154.298920
-156.273026
-156.211334
-154.327347
-154.023727
-155.673813
-156.677505
-154.703400
-153.888000
-154.969467
-156.720413
-155.277390
-153.889618
-154.421219
-156.438248
-156.028412
-154.221664
-154.088089
-155.953308
-156.558411
-154.515106
-153.877274
-155.151855
-156.730606
-155.071930
-153.862259
-154.554794
-156.554657
-155.772522
-154.023178
-154.183578
-156.203293
-156.435028
-154.334854
-153.896591
-155.372330
-156.736511
-154.877197
-153.847229
-154.682480
-156.630829
-155.561157
-153.931458
-154.276382
-156.360458
-156.235474
-154.254395
-153.942184
