-156.671600
-156.818588
-158.695053
-159.065735
-157.038528
-156.575577
-158.001968
-159.355423
-157.590530
-156.672668
-157.381851
-159.325378
-158.257858
-156.573425
-156.820190
-158.731003
-158.842575
-156.896912
-156.582550
-158.106583
-159.265289
-157.396866
-156.607758
-157.492889
-159.403168
-158.048645
-156.524612
-156.904953
-158.872086
-158.732071
-156.768158
-156.576111
-158.200455
-159.187515
-157.207504
-156.439316
-157.586227
-159.395111
-157.834610
-156.439850
-156.971466
-158.945038
-158.500870
-156.649612
-156.622787
-158.354416
-159.066269
-157.040665
-156.415710
-157.658112
-159.353806
-157.702103
-156.534271
-157.076080
-159.016922
-158.347977
-156.529984
-156.601868
-158.448837
-158.945572
-156.933914
-156.404449
-157.761642
-159.176788
-157.488602
-156.510666
-157.160828
-159.039993
-158.135010
-156.472046
-156.659790
-158.572754
-158.790543
-156.758499
-156.391037
-157.882355
-159.129578
-157.304062
-156.450043
-157.225204
-159.077545
-157.955841
-156.396408
-156.719879
-158.681641
-158.631760
-156.630295
-156.408203
-157.997681
-159.019073
-157.136688
-156.437180
-157.375412
-159.233643
-157.772385
-156.329346
-156.779953
-158.734222
-158.455261
-156.549286
-156.407669
-158.109802
-158.962738
-156.958054
-156.255325
-157.450516
-159.243835
-157.595352
-156.247269
-156.841110
-158.816833
-158.257858
-156.405518
-156.403381
-158.201538
-158.801270
-156.789078
-156.230637
-157.550293
-159.176239
-157.452652
-156.329880
-156.902267
-158.849548
-158.062057
-156.347046
-156.458099
-158.299164
-158.666626
-156.652817
-156.202209
-157.637726
-159.071106
-157.177994
-156.166809
-156.956451
-158.871017
-157.844803
-156.234406
-156.470963
-158.374268
-158.484772
-156.517105
-156.198990
-157.728394
-158.870468
-157.013855
-156.226883
-157.059448
-158.875839
-157.653824
-156.137299
-156.509064
-158.463318
-158.300766
-156.368515
-156.202209
-157.831390
-158.752991
-156.836288
-156.169495
-157.175323
-158.979370
-157.482162
-156.061661
-156.544998
-158.511063
-158.102295
-156.223663
-156.163589
-157.889862
-158.619949
-156.632431
-156.014999
-157.252563
-158.959518
-157.243988
-155.970474
-156.619034
-158.599564
-157.927948
-156.121216
-156.217773
-158.015381
-158.514282
-156.474731
-155.977448
-157.353958
-158.930023
-157.103439
-156.055222
-156.709152
-158.608688
-157.734833
-156.061127
-156.237076
-158.119461
-158.364075
-156.336319
-155.937744
-157.371124
-158.665558
-156.911392
-156.012314
-156.786392
-158.621567
-157.524002
-155.957596
-156.236542
-158.197235
-158.170959
-156.199524
-155.955444
-157.497177
-158.581863
-156.714508
-155.961349
-156.856674
-158.646774
-157.358246
-155.866394
-156.332031
-158.277710
-157.983200
-156.098679
-155.991394
-157.650070
-158.525009
-156.583618
-155.956528
-157.012238
-158.787857
-157.152252
-155.798813
-156.385681
-158.363541
-157.817978
-155.973694
-155.987640
-157.742340
-158.380173
-156.374954
-155.788086
-157.098068
-158.720276
-156.956985
-155.747314
-156.461853
-158.415039
-157.638260
-155.884109
-156.015533
-157.866791
-158.244446
-156.223663
-155.751068
-157.170486
-158.664474
-156.835754
-155.799881
-156.542847
-158.422012
-157.438705
-155.798279
-156.024643
-157.935989
-158.075470
-156.089020
-155.720490
-157.210724
-158.471359
-156.650146
-155.773056
-156.584152
-158.416107
-157.215546
-155.684006
-156.079361
-158.036301
-157.891998
-155.937744
-155.741943
-157.344833
-158.341003
-156.404449
-155.722092
-156.691452
-158.507843
-157.038528
-155.581009
-156.077225
-158.061523
-157.717667
-155.828308
-155.752670
-157.441391
-158.217087
-156.224747
-155.542389
-156.781036
-158.511063
-156.856674
-155.520401
-156.109940
-158.096924
-157.513275
-155.684540
-155.719421
-157.532059
-158.076004
-156.061127
-155.543457
-156.879196
-158.444000
-156.665695
-155.619644
-156.233856
-158.146271
-157.312103
-155.586380
-155.744629
-157.624863
-157.927948
-155.912003
-155.487137
-156.933914
-158.282532
-156.479019
-155.527908
-156.281067
-158.174179
-157.127045
-155.481232
-155.732819
-157.686554
-157.790085
-155.809006
-155.506989
-157.064270
-158.189728
-156.298233
-155.509659
-156.398010
-158.316864
-156.963959
-155.420624
-155.829391
-157.823334
-157.638809
-155.660950
-155.486603
-157.144211
-158.082977
-156.089554
-155.327805
-156.474731
-158.301849
-156.742416
-155.360535
-155.890533
-157.873764
-157.432816
-155.555267
-155.542923
-157.274567
-157.983200
-155.989777
-155.376633
-156.590057
-158.288971
-156.620636
-155.448517
-155.951157
-157.926331
-157.251495
-155.421692
-155.482849
-157.329269
-157.816910
-155.774124
-155.272018
-156.591125
-158.016464
-156.355103
-155.338547
-155.991928
-157.919357
-157.026184
-155.334244
-155.513428
-157.403839
-157.633438
-155.620178
-155.241989
-156.745087
-158.041672
-156.224747
-155.337997
-156.133011
-158.071716
-156.863647
-155.268799
-155.577789
-157.506302
-157.495041
-155.522003
-155.292404
-156.834137
-157.913467
-155.984421
-155.160980
-156.208649
-158.105515
-156.694122
-155.217300
-155.636261
-157.607697
-157.355026
-155.419006
-155.299911
-156.949478
-157.804565
-155.838501
-155.137909
-156.296631
-158.076538
-156.532120
-155.237686
-155.682938
-157.658646
-157.164597
-155.302063
-155.295090
-157.026184
-157.682251
-155.653427
-155.069778
-156.341156
-157.931168
-156.336319
-155.212479
-155.741409
-157.723022
-157.011703
-155.213547
-155.327271
-157.160828
-157.571747
-155.541855
-155.097137
-156.464539
-157.863037
-156.164658
-155.182434
-155.864258
-157.873230
-156.821808
-155.141129
-155.336929
-157.201599
-157.402237
-155.410965
-155.086411
-156.577728
-157.809921
-155.942032
-154.994675
-155.924332
-157.893082
-156.625458
-155.040817
-155.361603
-157.328201
-157.256851
-155.274704
-155.048325
-156.655502
-157.717117
-155.779495
-154.936752
-155.981201
-157.878052
-156.463455
-155.078369
-155.409348
-157.371658
-157.089493
-155.182968
-155.056366
-156.718811
-157.562088
-155.551514
-154.876663
-156.038055
-157.716583
-156.252640
-155.027405
-155.497864
-157.497177
-156.936600
-155.075150
-155.068710
-156.857208
-157.447830
-155.437790
-154.832138
-156.129257
-157.652756
-156.000504
-154.798874
-155.487137
-157.555649
-156.709152
-154.950699
-155.059586
-156.903336
-157.261154
-155.230179
-154.813904
-156.190948
-157.591064
-155.823486
-154.767761
-155.578873
-157.589981
-156.533203
-154.952301
-155.098221
-156.990250
-157.132401
-155.132553
-154.806931
-156.337402
-157.540634
-155.620178
-154.706619
-155.666840
-157.524536
-156.361542
-154.906174
-155.177078
-157.127045
-157.015457
-155.022583
-154.798340
-156.410355
-157.437103
-155.498932
-154.714127
-155.769836
-157.526688
-156.163055
-154.868622
-155.273636
-157.304596
-156.866333
-154.950699
-154.865936
-156.568069
-157.376480
-155.351410
-154.662628
-155.842255
-157.479477
-155.966171
-154.681396
-155.307434
-157.354492
-156.687698
-154.816040
-154.840729
-156.631363
-157.221451
-155.171707
-154.611664
-155.908249
-157.450516
-155.784866
-154.617020
-155.362137
-157.402237
-156.542847
-154.872910
-154.889542
-156.741867
-157.082520
-155.061737
-154.622391
-156.030014
-157.391510
-155.597107
-154.547287
-155.366440
-157.269196
-156.333633
-154.791367
-154.927628
-156.820724
-156.939285
-154.939972
-154.613266
-156.130325
-157.322845
-155.401840
-154.486130
-155.448517
-157.306747
-156.155548
-154.729141
-154.996826
-157.041748
-156.801956
-154.805847
-154.614349
-156.214020
-157.218231
-155.254852
-154.483459
-155.528442
-157.301926
-155.914673
-154.503296
-154.987167
-157.077148
-156.671066
-154.784393
-154.622391
-156.322372
-157.112549
-155.100891
-154.440002
-155.635727
-157.277771
-155.716202
-154.436783
-155.062271
-157.033157
-156.475800
-154.745773
-154.670135
-156.457565
-157.009018
-154.960342
-154.390106
-155.722092
-157.239685
-155.539169
-154.367050
-155.083725
-157.075546
-156.281067
-154.643311
-154.692123
-156.637802
-156.877060
-154.820343
-154.383133
-155.807388
-157.171570
-155.385208
-154.352554
-155.155609
-157.051941
-156.050400
-154.404602
-154.702850
-156.734360
-156.730072
-154.695877
-154.378845
-155.882492
-157.088409
-155.203888
-154.257614
-155.215698
-157.077682
-155.886246
-154.345581
-154.747925
-156.818054
-156.622787
-154.724319
-154.426590
-156.039139
-156.997757
-155.025803
-154.268875
-155.324600
-157.056763
-155.655045
-154.253326
-154.749527
-156.735428
-156.406067
-154.602005
-154.404053
-156.079910
-156.871689
-154.857895
-154.205582
-155.416855
-157.033691
-155.493042
-154.183578
-154.801559
-156.806778
-156.186661
-154.356857
-154.451263
-156.349731
-156.782639
-154.737732
-154.200211
-155.505905
-156.982193
-155.305817
-154.163193
-154.872375
-156.840042
-156.058441
-154.339157
-154.501160
-156.454346
-156.676956
-154.718948
-154.212021
-155.609451
-156.965027
-155.140594
-154.114380
-154.971085
-156.833069
-155.832062
-154.217377
-154.434631
-156.377625
-156.540176
-154.635803
-154.195923
-155.694733
-156.872757
-154.997360
-154.080582
-155.012390
-156.847015
-155.630905
-154.111160
-154.505981
-156.474182
-156.346512
-154.496857
-154.240982
-155.939362
-156.821808
-154.831070
-154.065567
-155.116989
-156.835754
-155.456558
-154.056442
-154.511887
-156.474731
-156.141602
-154.227570
-154.161057
-155.987640
-156.723633
-154.788681
-153.963104
-155.177078
-156.827164
-155.270950
-153.978119
-154.568741
-156.536957
-155.949554
-154.151398
-154.191635
-155.971542
-156.564316
-154.649216
-154.009781
-155.282745
-156.783722
-155.095535
-153.944870
-154.669067
-156.614731
-155.782715
-154.058594
-154.204498
-156.062744
-156.437180
-154.531189
-154.059128
-155.527908
-156.788544
-154.973755
-153.925018
-154.718948
-156.645844
-155.629288
-153.987778
-154.230255
-156.180756
-156.299850
-154.288193
-154.019424
-155.619644
-156.723633
-154.875061
-153.840256
-154.776352
-156.673752
-155.469437
-153.950760
-154.327881
-156.268738
-156.128723
-154.173386
-153.987778
-155.605148
-156.632980
-154.764008
-153.864395
-154.906174
-156.673752
-155.297241
-153.883179
-154.348267
-156.338470
-155.966721
-154.049469
-154.013000
-155.695282
-156.555191
-154.675491
-153.894974
-155.134689
-156.660339
-155.097137
-153.768906
-154.369186
-156.358856
-155.791840
-153.991531
-154.025864
-155.815445
-156.381378
-154.357391
-153.822556
-155.224274
-156.652817
-155.047256
-153.772125
-154.470581
-156.424835
-155.616425
-153.871902
-154.033371
-155.886246
-156.234406
-154.217911
-153.793045
-155.186722
-156.594894
-154.916901
-153.724930
-154.522614
-156.440399
-155.483917
-153.844543
-154.085419
-156.001053
-156.114243
-154.072006
-153.774277
-155.293472
-156.524612
-154.716263
-153.704010
-154.672821
-156.491348
-155.296158
-153.724380
-154.080048
-156.055771
-155.953308
-153.981339
-153.787155
-155.395401
-156.412491
-154.435715
-153.642853
-154.831070
-156.534805
-155.237686
-153.661621
-154.108475
-156.076691
-155.770370
-153.868698
-153.779648
-155.508591
-156.306290
-154.297302
-153.623001
-154.773666
-156.513351
-155.075150
-153.642853
-154.195389
-156.186111
-155.638412
-153.803787
-153.816116
-155.604080
-156.196304
-154.153000
-153.570969
-154.864868
-156.450043
-154.896515
-153.618713
-154.367584
-156.211868
-155.421692
-153.680405
-153.846161
-155.678116
-156.066498
-154.059662
-153.563461
-154.941040
-156.376022
-154.597717
-153.531265
-154.440002
-156.276245
-155.369659
-153.627289
-153.859039
-155.749985
-155.940430
-153.942184
-153.589737
-155.071396
-156.292877
-154.422836
-153.509277
-154.426590
-156.300919
-155.249496
-153.600464
-153.910004
-155.849777
-155.818649
-153.849380
-153.609589
-155.217834
-156.248886
-154.306961
-153.502838
-154.522614
-156.338470
-155.115387
-153.601013
-154.118134
-155.980667
-155.665771
-153.779648
-153.627289
-155.290802
-156.138382
-154.167496
-153.451340
-154.603073
-156.298767
-154.764542
-153.483521
-154.135300
-156.004807
-155.514496
-153.625153
-153.625153
-155.366440
-156.002655
-153.994217
-153.374084
-154.641708
-156.204895
-154.585907
-153.385895
-154.047333
-156.040207
-155.430267
-153.528046
-153.624069
-155.469971
-155.886246
-153.854736
-153.389648
-154.766693
-156.190948
-154.417465
-153.345657
-154.139587
-156.071854
-155.126648
-153.484055
-153.798950
-155.600327
-155.741943
-153.721710
-153.378387
-154.845016
-156.106720
-154.253326
-153.291473
-154.200745
-156.070251
-154.943726
-153.419159
-153.835968
-155.708679
-155.744629
-153.658936
-153.388580
-154.962494
-156.053085
-154.124039
-153.263046
-154.264053
-156.070786
-154.784927
-153.326889
-153.750137
-155.763947
-155.598709
-153.546295
-153.407349
-155.081589
-155.933456
-153.983490
-153.301132
-154.404602
-156.056839
-154.610046
-153.270020
-153.794662
-155.759644
-155.307434
-153.479767
-153.558624
-155.189407
-155.860504
-153.850983
-153.264664
-154.488815
-156.061127
-154.424438
-153.184189
-153.832214
-155.814362
-155.096069
-153.371414
-153.559708
-155.356781
-155.881424
-153.752823
-153.228714
-154.554794
-156.005875
-154.254395
-153.134308
-153.908386
-155.869614
-154.965179
-153.265198
-153.461533
-155.400238
-155.755356
-153.650894
-153.336533
-154.705536
-155.977448
-154.111160
-153.133759
-154.001190
-155.891083
-154.804245
-153.233002
-153.520004
-155.467285
-155.498398
-153.517319
-153.360138
-154.795120
-155.884644
-153.965256
-153.105331
-154.074142
-155.903412
-154.645996
-153.160583
-153.568283
-155.528442
-155.321915
-153.433105
-153.381607
-154.962494
-155.956528
-153.861710
-153.100510
-154.199142
-155.909851
-154.458237
-153.101578
-153.606903
-155.555267
-155.140060
-153.264114
-153.239441
-155.002731
-155.809006
-153.726532
-153.158981
-154.295166
-155.883026
-154.296234
-153.036667
-153.666992
-155.634659
-154.982880
-153.183655
-153.268951
-155.079971
-155.542389
-153.557556
-153.168091
-154.400833
-155.814362
-154.105804
-152.976593
-153.714188
-155.689911
-154.842331
-153.134842
-153.294159
-155.167953
-155.450653
-153.449188
-153.043640
-154.499008
-155.894836
-154.007629
-152.988922
-153.833282
-155.711365
-154.642242
-153.062424
-153.338684
-155.262909
-155.314407
-153.340836
-153.061874
-154.624542
-155.865326
-153.900879
-153.072617
-153.907852
-155.726929
-154.505981
-153.003403
-153.350494
-155.322983
-155.167953
-153.216919
-153.046326
-154.678177
-155.657181
-153.736725
-153.042572
-154.026398
-155.837967
-154.312866
-152.919724
-153.400375
-155.391113
-155.039200
-153.127335
-153.042038
-154.791367
-155.540237
-153.533951
-152.877350
-154.100433
-155.826172
-154.162125
-152.894516
-153.508743
-155.488739
-154.883636
-153.053299
-153.068863
-154.846619
-155.416321
-153.419159
-152.889679
-154.191635
-155.680786
-154.031235
-152.944397
-153.573654
-155.496262
-154.680328
-152.949234
-153.106949
-154.954987
-155.297241
-153.305420
-152.862869
-154.275848
-155.654510
-153.888535
-152.964249
-153.680405
-155.644318
-154.554794
-152.883789
-153.110168
-155.043503
-155.164734
-153.173462
-152.858032
-154.371872
-155.539703
-153.662155
-152.729828
-153.726532
-155.690979
-154.403519
-152.908463
-153.185257
-155.115921
-155.011307
-153.072067
-152.836578
-154.445358
-155.466751
