-158.528763
-158.615662
-160.407379
-160.851547
-158.996536
-158.485840
-159.870941
-161.098846
-159.408524
-158.332428
-159.093094
-160.944351
-160.031876
-158.416107
-158.645172
-160.474976
-160.654144
-158.732071
-158.444000
-159.959991
-161.020538
-159.248123
-158.263229
-159.125290
-160.934708
-159.862885
-158.372116
-158.668228
-160.561340
-160.512527
-158.606552
-158.425766
-160.061371
-160.981903
-159.156403
-158.275558
-159.264755
-160.956161
-159.703568
-158.321152
-158.737976
-160.604248
-160.349442
-158.493362
-158.396790
-160.038849
-160.874084
-159.044281
-158.261612
-159.325912
-160.938461
-159.528687
-158.260544
-158.788391
-160.691162
-160.183685
-158.401627
-158.416107
-160.120377
-160.729782
-158.902664
-158.258926
-159.483627
-160.897690
-159.360245
-158.197769
-158.825409
-160.696518
-159.988953
-158.271805
-158.426834
-160.189590
-160.544708
-158.603867
-158.217621
-159.669769
-160.883209
-159.162292
-158.116241
-158.889252
-160.737823
-159.836609
-158.234253
-158.478867
-160.297409
-160.426163
-158.495499
-158.214935
-159.745407
-160.802200
-159.090408
-158.115707
-158.971329
-160.772156
-159.619339
-158.119995
-158.492813
-160.362854
-160.266830
-158.364075
-158.165588
-159.721268
-160.741577
-158.982056
-158.093170
-159.081833
-160.796295
-159.487915
-158.089951
-158.548615
-160.433136
-160.147736
-158.327591
-158.204208
-159.823730
-160.640732
-158.838287
-158.056686
-159.167664
-160.724411
-159.288895
-158.036301
-158.581863
-160.475510
-159.958908
-158.189728
-158.220306
-159.902054
-160.480331
-158.566315
-158.072250
-159.396729
-160.744263
-159.122070
-157.981049
-158.650528
-160.515747
-159.763657
-158.090485
-158.257858
-159.990570
-160.349976
-158.444534
-158.025040
-159.466461
-160.685257
-159.070572
-157.967102
-158.725632
-160.552750
-159.570526
-157.961746
-158.234787
-160.064590
-160.191193
-158.268585
-157.953690
-159.396194
-160.605865
-158.905350
-157.909714
-158.816833
-160.564560
-159.413895
-157.922577
-158.291656
-160.156860
-160.048508
-158.139847
-157.944046
-159.501862
-160.513062
-158.727249
-157.863037
-158.925720
-160.561874
-159.210037
-157.857132
-158.321152
-160.208893
-159.860214
-158.048645
-157.964966
-159.581253
-160.357498
-158.441864
-157.816360
-159.062515
-160.533447
-159.016388
-157.773987
-158.358170
-160.248062
-159.730927
-157.978912
-158.004654
-159.704102
-160.234650
-158.325989
-157.841049
-159.194489
-160.561340
-159.021744
-157.780426
-158.418793
-160.305450
-159.543701
-157.863571
-158.019135
-159.802277
-160.120926
-158.204208
-157.782028
-159.098465
-160.444931
-158.865646
-157.772385
-158.629608
-160.349976
-159.344147
-157.777206
-158.021820
-159.875229
-159.963745
-158.069565
-157.780426
-159.207352
-160.372513
-158.545395
-157.708008
-158.717590
-160.365005
-159.209503
-157.723022
-158.054550
-159.933167
-159.846802
-157.985352
-157.762726
-159.287827
-160.229279
-158.383926
-157.647919
-158.785187
-160.380554
-159.119385
-157.661331
-158.111404
-159.984131
-159.667084
-157.862503
-157.753067
-159.394577
-160.137543
-158.213333
-157.551361
-158.706863
-160.320480
-158.963272
-157.584091
-158.159149
-160.043137
-159.476654
-157.720337
-157.755219
-159.464859
-160.032410
-158.103363
-157.540634
-158.794296
-160.228210
-158.644638
-157.568527
-158.349594
-160.098923
-159.323761
-157.630219
-157.789001
-159.586624
-159.913849
-157.986420
-157.578186
-158.897827
-160.165985
-158.460098
-157.498795
-158.417175
-160.123062
-159.193405
-157.563705
-157.786865
-159.622025
-159.710007
-157.822800
-157.521866
-158.953629
-160.069962
-158.271271
-157.396332
-158.313110
-160.111267
-159.030869
-157.489136
-157.820114
-159.683716
-159.554977
-157.677963
-157.502548
-159.048035
-159.959457
-158.102829
-157.379166
-158.384995
-160.094101
-158.873688
-157.399551
-157.902725
-159.748627
-159.373123
-157.567993
-157.514893
-159.121536
-159.886490
-157.996613
-157.361465
-158.500870
-160.046890
-158.568451
-157.355560
-158.032547
-159.794769
-159.194489
-157.507370
-157.545456
-159.236862
-159.769012
-157.833527
-157.313187
-158.549683
-159.995926
-158.390900
-157.269196
-157.946716
-159.869858
-159.181610
-157.410812
-157.546005
-159.324844
-159.648849
-157.712296
-157.298706
-158.636581
-159.921906
-158.190796
-157.199463
-157.994995
-159.874161
-159.008881
-157.409210
-157.688690
-159.410141
-159.494354
-157.607697
-157.308899
-158.760498
-159.877380
-158.064743
-157.194626
-158.075470
-159.828552
-158.671997
-157.248810
-157.700500
-159.469681
-159.346832
-157.473038
-157.263824
-158.806107
-159.750244
-157.889862
-157.130798
-158.149490
-159.830704
-158.488525
-157.188187
-157.734833
-159.546387
-159.303925
-157.379166
-157.273483
-158.874771
-159.646164
-157.762726
-157.108795
-158.220306
-159.786713
-158.302383
-157.099136
-157.669388
-159.587158
-159.141907
-157.299774
-157.388824
-159.031937
-159.539948
-157.606613
-157.079834
-158.311508
-159.766861
-158.168274
-157.057297
-157.732147
-159.581253
-158.817902
-157.199463
-157.418320
-159.098999
-159.414963
-157.453201
-157.054077
-158.412354
-159.680496
-157.956375
-156.972549
-157.768616
-159.593597
-158.609222
-157.124359
-157.476791
-159.239014
-159.393509
-157.374344
-157.098602
-158.542175
-159.635437
-157.812607
-156.938751
-157.807251
-159.608078
-158.465454
-157.012238
-157.337326
-159.225067
-159.225601
-157.257401
-157.103439
-158.618347
-159.548538
-157.664017
-156.917831
-157.938141
-159.616669
-158.264832
-156.938751
-157.403305
-159.289429
-158.960602
-157.156540
-157.177460
-158.662872
-159.411209
-157.513809
-156.873840
-157.980515
-159.560867
-158.089951
-156.874908
-157.431198
-159.317337
-158.763718
-157.041214
-157.021362
-158.762115
-159.440170
-157.407593
-156.847015
-158.065811
-159.522781
-157.905411
-156.792831
-157.475723
-159.364532
-158.597427
-156.917282
-157.065353
-158.873154
-159.309280
-157.295486
-156.971466
-158.185974
-159.449829
-157.749313
-156.749924
-157.551895
-159.411209
-158.406448
-156.838974
-157.070175
-158.942886
-159.048035
-157.150635
-156.928558
-158.304535
-159.505081
-157.633972
-156.708618
-157.596954
-159.359177
-158.205292
-156.773529
-157.092712
-158.955231
-158.858673
-156.986496
-156.813751
-158.380707
-159.431061
-157.481628
-156.717728
-157.696732
-159.387070
-158.084579
-156.730072
-157.170486
-159.060379
-158.721878
-156.910309
-156.811081
-158.464386
-159.329666
-157.354492
-156.766006
-157.771301
-159.323761
-157.875381
-156.635117
-157.206436
-159.105438
-158.589371
-156.829849
-156.821274
-158.519638
-159.082901
-157.188736
-156.766556
-157.881271
-159.365067
-157.709076
-156.593811
-157.247742
-159.116165
-158.384460
-156.717728
-156.835220
-158.628540
-158.978302
-157.039597
-156.630295
-157.966034
-159.396194
-157.577118
-156.531586
-157.306747
-159.122604
-158.219238
-156.649612
-156.846481
-158.689697
-158.838821
-156.908707
-156.610443
-158.047577
-159.183762
-157.442459
-156.653900
-157.395264
-159.140305
-158.022903
-156.573425
-156.901199
-158.737976
-158.692368
-156.823944
-156.605621
-158.118378
-159.105438
-157.273483
-156.609909
-157.481094
-159.208969
-157.889862
-156.526764
-156.938217
-158.823807
-158.534668
-156.685013
-156.569672
-158.203140
-158.992783
-157.065887
-156.424301
-157.565842
-159.275482
-157.728394
-156.537491
-156.990250
-158.859741
-158.359787
-156.587921
-156.590057
-158.310959
-158.912323
-156.969330
-156.416260
-157.607147
-159.091492
-157.572281
-156.525681
-157.023499
-158.892471
-158.164520
-156.499939
-156.610977
-158.400558
-158.751923
-156.821274
-156.382996
-157.694595
-159.007263
-157.325516
-156.294479
-157.108795
-159.050186
-158.034164
-156.444153
-156.634048
-158.449371
-158.626923
-156.706467
-156.361542
-157.770767
-158.962738
-157.171021
-156.271408
-157.137238
-158.932159
-157.863571
-156.485992
-156.686081
-158.530365
-158.468140
-156.563766
-156.356171
-157.868942
-158.902664
-157.068024
-156.254242
-157.196777
-158.912857
-157.701569
-156.421616
-156.775131
-158.743332
-158.343155
-156.484924
-156.371185
-157.955841
-158.791611
-156.914612
-156.235474
-157.314255
-158.916077
-157.488068
-156.232788
-156.794983
-158.768555
-158.195099
-156.439316
-156.378159
-158.042740
-158.667694
-156.748840
-156.181290
-157.387741
-158.882278
-157.330353
-156.180756
-156.797119
-158.663406
-158.009491
-156.422150
-156.412491
-158.119461
-158.522324
-156.602402
-156.169495
-157.471970
-158.807709
-157.152786
-156.105118
-156.847549
-158.723495
-157.870544
-156.344376
-156.458099
-158.339401
-158.434891
-156.499939
-156.154465
-157.571213
-158.751923
-156.984344
-156.068634
-156.939819
-158.717590
-157.646317
-156.156616
-156.477951
-158.434341
-158.319550
-156.499405
-156.200607
-157.687622
-158.692368
-156.842194
-156.034302
-156.999908
-158.720276
-157.494507
-156.093307
-156.507446
-158.366760
-158.152176
-156.443619
-156.223663
-157.854446
-158.569000
-156.681793
-155.991394
-157.086807
-158.737976
-157.311569
-156.033234
-156.511200
-158.401627
-157.942963
-156.151779
-156.167877
-157.955307
-158.475113
-156.561096
-155.987640
-157.181213
-158.706329
-157.130264
-155.960281
-156.607758
-158.483704
-157.786865
-156.090637
-156.156082
-157.896301
-158.393036
-156.558411
-155.956528
-157.261154
-158.642487
-156.957520
-155.893753
-156.624390
-158.468674
-157.599106
-155.997833
-156.178070
-158.009491
-158.255707
-156.438782
-155.979584
-157.445145
-158.591522
-156.818588
-155.878738
-156.721481
-158.523926
-157.444077
-155.919510
-156.244049
-158.097992
-158.065811
-156.157684
-155.954376
-157.568527
-158.554504
-156.796051
-155.872833
-156.809464
-158.516418
-157.261688
-155.836365
-156.286438
-158.172562
-157.930084
-156.072937
-155.952225
-157.551361
-158.434891
-156.638336
-155.835815
-156.871155
-158.509445
-157.105576
-155.819733
-156.312714
-158.212265
-157.786865
-156.018219
-155.960281
-157.625931
-158.327591
-156.378708
-155.832062
-157.098068
-158.491745
-156.941971
-155.782181
-156.386749
-158.281998
-157.611984
-155.901276
-155.995682
-157.754135
-158.198318
-156.253708
-155.826172
-157.184967
-158.512131
-156.929626
-155.744629
-156.438248
-158.313644
-157.445145
-155.788086
-155.992462
-157.795441
-158.048111
-156.113159
-155.748383
-157.119522
-158.404312
-156.756897
-155.749451
-156.636734
-158.320618
-157.263290
-155.736588
-156.010162
-157.857132
-157.879669
-156.010696
-155.754288
-157.210190
-158.294342
-156.481155
-155.692062
-156.710754
-158.381241
-157.227356
-155.697952
-156.065414
-157.934921
-157.769165
-155.932388
-155.749451
-157.349655
-158.226746
-156.335785
-155.614273
-156.646393
-158.345291
-157.091629
-155.645920
-156.099213
-158.011627
-157.611450
-155.802032
-155.773056
-157.433350
-158.122681
-156.234406
-155.596039
-156.725250
-158.267517
-156.766006
-155.627686
-156.295547
-158.077072
-157.444611
-155.730148
-155.790756
-157.534729
-158.037918
-156.084198
-155.574036
-156.815903
-158.247131
-156.651749
-155.578323
-156.344376
-158.142517
-157.417252
-155.661484
-155.809006
-157.605011
-157.893082
-155.968323
-155.549896
-156.891541
-158.192947
-156.474182
-155.478546
-156.284821
-158.154327
-157.245590
-155.609451
-155.910919
-157.698883
-157.769699
-155.841187
-155.560623
-156.997223
-158.109802
-156.311646
-155.446899
-156.346512
-158.096924
-156.941971
-155.543991
-155.997299
-157.771301
-157.716583
-155.767151
-155.559021
-157.118988
-158.074387
-156.202209
-155.440460
-156.439316
-158.129105
-156.779953
-155.402374
-155.893753
-157.850693
-157.605011
-155.690445
-155.596039
-157.203217
-157.931702
-156.008560
-155.404526
-156.538559
-158.126434
-156.632980
-155.399689
-155.958664
-157.812607
-157.277237
-155.567596
-155.675964
-157.263824
-157.799194
-155.877670
-155.370728
-156.629761
-158.068497
-156.444687
-155.336929
-156.025192
-157.888245
-157.108261
-155.471039
-155.613205
-157.423157
-157.856598
-155.804703
-155.368042
-156.703781
-158.026108
-156.309494
-155.292938
-156.027328
-157.869476
-156.932846
-155.369125
-155.619095
-157.542786
-157.765396
-155.736038
-155.456558
-156.804092
-157.937057
-156.130859
-155.250031
-156.116379
-157.911316
-156.770309
-155.316010
-155.686691
-157.528290
-157.444077
-155.649673
-155.582092
-157.000443
-158.036301
-156.069168
-155.274170
-156.227432
-157.836212
-156.575043
-155.280075
-155.758041
-157.636658
-157.235931
-155.388428
-155.335861
-157.011703
-157.944046
-155.998901
-155.434021
-156.455948
-157.998749
-156.527832
-155.297775
-155.800415
-157.686554
-157.164597
-155.414185
-155.398621
-157.105576
-157.665619
-155.775208
-155.336929
-156.459702
-157.889328
-156.315933
-155.193161
-155.818115
-157.683868
-156.968781
-155.303665
-155.427597
-157.222519
-157.596420
-155.631973
-155.225891
-156.569138
-157.963882
-156.142670
-155.101974
-155.870697
-157.738052
-156.842194
-155.259140
-155.450653
-157.249344
-157.412430
-155.487137
-155.164200
-156.638336
-157.922043
-156.059525
-155.213013
-155.971542
-157.749313
-156.660339
-155.156143
-155.461380
-157.320160
-157.281540
-155.397018
-155.163666
-156.709152
-157.709076
-155.906097
-155.215698
-156.118530
-157.880737
-156.474731
-155.068710
-155.493576
-157.382385
-157.154404
-155.307434
-155.186188
-156.797119
-157.605011
-155.700638
-155.035995
-156.150711
-157.861969
-156.352417
-155.141129
-155.564926
-157.436035
-156.975754
-155.201218
-155.205505
-156.904419
-157.537415
-155.594421
-155.007019
-156.197922
-157.694595
-156.194702
-155.116989
-155.652359
-157.639343
-156.842728
-155.123962
-155.216232
-156.958054
-157.355560
-155.445297
-154.998978
-156.327209
-157.701569
-156.031082
-154.972153
-155.761795
-157.718735
-156.719879
-155.105194
-155.277924
-157.113083
-157.305679
-155.374481
-155.022583
-156.408203
-157.617889
-155.837433
-154.939423
-155.778427
-157.563171
-156.551437
-155.139526
-155.337997
-157.142059
-157.116852
-155.237686
-155.008087
-156.507446
-157.529373
-155.696884
-154.900269
-155.842789
-157.573364
-156.345978
-154.922256
-155.327805
-157.327667
-157.006882
-155.113235
-154.981277
-156.601318
-157.483765
-155.571350
-154.864868
-155.910385
-157.553513
-156.176468
-154.875595
-155.421158
-157.423691
-156.914078
-155.152939
-155.063889
-156.704315
-157.359314
-155.446899
-154.880417
-156.028946
-157.558334
-156.043961
-154.832672
-155.416321
-157.338928
-156.746704
-155.141129
-155.138443
-156.861496
-157.267593
-155.321381
-154.857346
-156.144806
-157.542252
-155.880341
-154.844482
-155.539169
-157.395798
-156.606155
-154.988251
-155.167953
-157.115234
-157.285294
-155.357849
-154.885254
-156.257996
-157.503616
-155.725311
-154.762939
-155.613205
-157.456955
-156.432877
-154.872375
-155.123962
-157.020279
-157.071243
-155.228577
-154.860565
-156.314331
-157.420471
-155.593353
-154.735046
-155.687225
-157.433350
-156.234940
-154.788681
-155.140060
-157.049255
-156.887787
-154.997360
-154.876663
-156.565918
-157.335709
-155.406128
-154.678711
-155.746231
-157.385071
-156.045029
-154.700714
-155.177612
-157.117920
-156.732224
-154.894363
-154.843948
-156.478485
-157.250412
-155.441544
-154.686768
-155.825638
-157.402237
-155.903946
-154.689453
-155.255386
-157.130264
-156.549286
-154.833755
-154.872910
-156.617950
-157.161377
-155.296692
-154.718414
-156.054688
-157.370041
-155.709763
-154.627213
-155.325668
-157.191406
-156.424835
-154.708221
-154.856277
-156.689301
-157.012238
-155.021500
-154.640625
-156.121216
-157.331421
-155.666840
-154.597183
-155.370728
-157.211792
-156.240829
-154.665848
-154.913147
-156.774063
-156.874374
-154.950150
-154.681396
-156.138382
-157.312103
-155.615875
-154.601471
-155.521469
-157.298706
-156.142136
-154.613266
-154.958206
-156.870621
-156.769760
-154.882568
-154.661011
-156.217773
-157.152786
-155.309036
-154.582153
-155.684540
-157.260071
-156.003189
-154.531189
-154.987167
-156.917831
-156.604004
-154.769379
-154.662094
-156.323990
-157.121674
-155.200668
-154.523148
-155.631439
-157.280991
-155.914139
-154.548904
-155.089096
-156.989716
-156.466141
-154.714661
-154.702316
-156.423767
-156.994537
-155.079437
-154.553192
-155.749985
-157.231644
-155.665237
-154.552124
-155.298309
-157.063736
-156.310577
-154.607910
-154.740952
-156.528366
-156.895294
-154.932999
-154.507599
-155.858887
-157.186050
-155.484985
-154.463608
-155.225357
-157.138306
-156.298233
-154.586990
-154.762939
-156.612595
-156.783722
-154.836426
-154.492569
-155.895905
-157.116302
-155.364822
-154.415329
-155.299377
-157.114166
-156.009094
-154.534409
-154.914749
-156.706467
-156.647461
-154.743622
-154.509735
-156.038605
-157.048187
-155.203888
-154.403519
-155.371796
-157.116302
-155.843338
-154.459854
-155.017746
-156.827164
-156.619034
-154.673889
-154.544601
-156.160370
-156.989166
-155.074615
-154.388504
-155.488739
-157.113632
-155.705460
-154.418015
-154.915817
-156.847549
-156.475266
-154.624542
-154.682480
-156.286972
-156.915146
-154.965714
-154.389038
-155.580475
-157.073395
-155.507523
-154.329498
-154.965714
-156.871155
-156.205963
-154.527985
-154.716812
-156.421082
-156.920502
-154.855209
-154.369720
-155.695282
-157.051941
-155.395935
-154.326279
-155.046173
-156.941422
-156.065964
-154.427658
-154.592880
-156.453796
-156.786942
-154.762939
-154.440536
-155.755356
-156.965576
-155.219452
-154.316086
-155.145416
-156.928558
-155.869080
-154.372406
-154.665314
-156.518173
-156.531586
-154.659409
-154.498474
-155.897507
-157.029938
-155.108948
-154.257080
-155.199066
-156.928558
-155.715652
-154.299454
-154.702850
-156.595963
-156.403915
-154.540314
-154.394409
-156.003723
-156.987564
-154.988251
-154.346130
-155.328888
-156.958603
-155.589066
-154.282822
-154.753281
-156.632431
-156.244598
-154.452347
-154.407272
-156.063278
-156.745621
-154.872910
-154.372940
-155.421692
-156.938217
-155.443146
-154.217911
-154.805847
-156.705933
-156.088486
-154.364899
-154.402451
-156.160370
-156.673752
-154.721100
-154.257080
-155.557953
-157.073929
-155.335327
-154.209335
-154.893295
-156.763336
-155.961884
-154.304276
-154.480774
-156.260681
-156.549286
-154.620239
-154.274780
-155.630905
-156.928558
-155.250031
-154.358459
-155.022034
-157.079834
