0.015020
0.018239
0.019848
0.016630
0.011802
0.008047
0.008583
0.008583
0.010192
0.009656
0.008583
0.002682
0.003219
0.004828
0.004828
0.008047
0.015020
0.021458
0.026286
0.023603
0.016093
0.011802
0.005901
0.003755
0.005901
0.003219
0.001609
0.000536
0.003755
0.003219
0.005901
0.005901
0.002146
0.004292
0.010729
0.014484
0.020385
0.025213
0.021994
0.015020
0.010192
0.008047
0.010192
0.006974
0.003219
0.004828
0.005364
0.004828
0.005901
0.004292
0.007510
0.016093
0.024676
0.027895
0.021458
0.017703
0.013947
0.011802
0.005901
0.006437
0.004292
0.006974
0.006974
0.009656
0.017703
0.026286
0.027359
0.020921
0.019848
0.010192
0.006974
0.005901
0.008583
0.005901
0.005901
0.008047
0.015020
0.021994
0.024140
0.023067
0.017166
0.013411
0.009656
0.008047
0.005901
0.007510
0.004292
0.000536
0.000536
-0.000536
0.000536
0.001609
0.004292
0.004828
0.004828
0.007510
0.017166
0.022531
0.020385
0.017703
0.013947
0.012338
0.011802
0.007510
0.009656
0.007510
0.002146
0.003755
0.005901
0.006974
0.005901
0.010192
0.023067
0.024140
0.021994
0.020385
0.015557
0.012338
0.009656
0.008583
0.006974
0.008047
0.008047
0.010192
0.018239
0.021994
0.024140
0.021458
0.020921
0.012338
0.006974
0.010192
0.010729
0.004828
0.002682
0.006437
0.008047
0.012338
0.019312
0.024140
0.018239
0.015557
0.016630
0.009656
0.006974
0.007510
0.005364
0.003755
0.000536
-0.000536
0.004828
0.002146
0.002146
-0.001609
-0.000536
0.001609
-0.000536
0.000536
0.001073
0.003219
0.004828
0.005901
0.013947
0.023067
0.027359
0.023067
0.018775
0.017166
0.012338
0.010192
0.007510
0.009120
0.009120
0.012875
0.017166
0.028968
0.021994
0.012338
0.010192
0.013411
0.013947
0.007510
0.007510
0.005901
0.006437
0.002682
0.001609
-0.002146
0.006974
0.015557
0.021994
0.023067
0.020385
0.018239
0.015557
0.016093
0.013947
0.018239
0.023067
0.023603
0.031114
0.024676
0.023603
0.020385
0.015557
0.017703
0.025749
0.028968
0.026286
0.023603
0.013947
0.009656
0.012875
0.010192
0.012338
0.020385
0.024676
0.025213
0.017703
0.018775
0.019312
0.017166
0.010192
0.005901
0.005364
0.010192
0.011265
0.019312
0.027359
0.019848
0.019312
0.019848
0.015020
0.010729
0.007510
0.006974
0.008583
0.010192
0.012875
0.019312
0.024676
0.025749
0.018775
0.011265
0.008047
0.009120
0.009656
0.005901
0.004292
0.003219
0.005364
0.006974
0.009120
0.013947
0.020921
0.023603
0.019312
0.018239
0.012338
0.010729
0.008047
0.009120
0.013947
0.015557
0.016630
0.025213
0.027359
0.022531
0.017166
0.013411
0.009656
0.005901
0.004828
0.004828
0.003219
0.010192
0.020921
0.023603
0.026822
0.023603
0.016630
0.015557
0.009656
0.004828
0.009120
0.008047
0.004828
0.010192
0.018775
0.021994
0.021458
0.021458
0.015557
0.010192
0.009656
0.007510
0.010729
0.012338
0.005364
0.008047
0.006974
0.007510
0.017166
0.020385
0.019848
0.016630
0.016630
0.013947
0.009656
0.012338
0.012338
0.006974
0.002146
0.005901
0.008583
0.015557
0.023603
0.026822
0.023603
0.020921
0.016630
0.008583
0.004828
0.009120
0.012338
0.013947
0.019312
0.025213
0.026286
0.021994
0.016630
0.012338
0.009120
0.005901
0.010192
0.008583
0.014484
0.023067
0.028968
0.025213
0.020385
0.013947
0.011265
0.012338
0.006974
0.006974
0.008583
0.010192
0.012875
0.021994
0.030577
0.020385
0.014484
0.010192
0.008583
0.010192
0.007510
0.006974
0.004828
0.007510
0.008583
0.011265
0.019848
0.023067
0.021458
0.015020
0.016630
0.015557
0.008583
0.004292
0.004828
0.008047
0.008583
0.007510
0.009656
0.020921
0.021994
0.019848
0.015557
0.015557
0.012875
0.004828
0.002146
0.004292
0.001609
0.001073
0.003219
0.000536
0.003755
0.005901
0.006974
0.005901
0.004828
0.005901
0.012338
0.019312
0.023067
0.019312
0.016630
0.011802
0.010729
0.013947
0.008047
0.004828
0.006974
0.006437
0.003755
0.005364
0.004828
0.005364
0.011265
0.020385
0.021458
0.024676
0.019312
0.010729
0.008047
0.008047
0.006974
0.004828
0.002146
0.006974
0.008583
0.006974
0.005364
0.008047
0.012338
0.020921
0.026286
0.021994
0.013947
0.013947
0.010192
0.009656
0.006974
0.006437
0.008047
0.004292
0.003219
0.005364
0.002682
0.001609
0.001609
0.008047
0.016093
0.019312
0.017703
0.013947
0.015557
0.012875
0.008583
0.005901
0.003755
0.008583
0.005901
0.003755
0.004828
0.005901
0.004828
0.002682
0.003219
0.004292
0.004292
0.006974
0.010192
0.011265
0.018775
0.019312
0.017703
0.019848
0.013947
0.012875
0.009656
0.004292
0.005364
0.002682
0.007510
0.008047
0.015557
0.020385
0.025749
0.021458
0.012338
0.010192
0.008583
0.007510
0.007510
0.008583
0.008583
0.004292
0.002146
0.012338
0.020921
0.024676
0.024676
0.019312
0.017166
0.012338
0.011802
0.009656
0.008583
0.006974
0.006974
0.007510
0.007510
0.016630
0.022531
0.023067
0.017703
0.017703
0.013947
0.009656
0.008047
0.006974
0.007510
0.005364
0.005364
0.004292
0.008047
0.015557
0.020385
0.019848
0.020385
0.015020
0.010192
0.012338
0.010729
0.008583
0.009120
0.005364
0.004292
0.004828
0.004828
0.006974
0.006437
0.009656
0.018775
0.025213
0.023603
0.016093
0.013411
0.010729
0.010192
0.008583
0.003219
0.004828
0.008047
0.010192
0.014484
0.015020
0.015557
0.018239
0.018775
0.015557
0.015020
0.015557
0.010192
0.006437
0.008047
0.007510
0.010192
0.012875
0.015020
0.020921
0.026286
0.019312
0.013411
0.008583
0.005364
0.009120
0.004828
0.003755
0.004828
0.003219
0.004292
-0.001609
0.000000
0.003219
0.000000
0.000536
0.000536
0.003755
0.006974
0.011265
0.020921
0.024676
0.022531
0.017703
0.012875
0.007510
0.006974
0.005901
0.004828
0.000536
0.001609
0.004292
0.003219
0.004828
0.007510
0.011265
0.010192
0.011802
0.018239
0.028968
0.021994
0.015020
0.012875
0.011265
0.009656
0.005364
0.004828
0.002146
0.004292
0.004828
-0.001073
0.000536
0.000536
0.000536
-0.000536
0.002146
0.003755
0.006437
0.004828
0.006437
0.015020
0.023067
0.020921
0.020385
0.013411
0.010192
0.009656
0.005901
0.000000
0.001609
0.004292
0.003755
0.004828
0.004828
0.005901
0.004828
0.004828
0.004292
0.007510
0.017166
0.021458
0.023603
0.019848
0.017166
0.013947
0.007510
0.005901
0.004292
0.008583
0.005364
0.000536
-0.001609
0.003219
0.004828
0.007510
0.012875
0.012875
0.019312
0.020385
0.019312
0.017166
0.016093
0.012875
0.009656
0.006974
0.003219
0.000000
3.670335
28.354172
49.091942
55.943378
85.436951
137.825867
172.139359
179.402786
189.781860
220.173981
230.041840
202.908066
172.798645
174.210022
179.840515
153.849915
113.211227
99.196152
103.502708
81.015594
32.900517
4.465342
4.824758
2.748728
0.094414
0.022531
0.027359
0.024676
0.015020
0.009656
0.012338
0.009656
0.003219
0.003219
0.005364
0.010192
0.004828
0.005364
0.002146
0.004292
0.012875
0.025213
0.024676
0.021458
0.016093
0.012338
0.013947
0.004292
0.003755
0.008047
0.006974
0.007510
0.004292
0.002682
0.008583
0.012875
0.017703
0.020921
0.021994
0.018239
0.017166
0.014484
0.009656
0.009120
0.009120
0.005364
0.009120
0.011802
0.015557
0.023603
0.020921
0.018775
0.011802
0.012338
0.008583
0.004292
0.002146
0.002146
0.004292
0.006437
0.005364
0.006974
0.003219
0.004292
0.005901
0.011265
0.010192
0.017166
0.021994
0.021994
0.014484
0.009656
0.007510
0.004828
0.004828
0.006437
0.004828
0.003219
0.003219
0.004292
0.004828
0.006974
0.003755
0.002682
0.004292
0.008583
0.015020
0.020921
0.019848
0.019312
0.019312
0.013947
0.009656
0.004292
0.002682
0.004828
0.004828
0.004292
0.002682
0.000000
0.001609
0.005364
0.004292
0.003219
0.000536
0.005901
0.013411
0.018775
0.024140
0.020921
0.015557
0.015557
0.008583
0.006974
0.008583
0.005901
0.004292
0.004292
0.003219
0.001609
0.006974
0.006974
0.001073
0.004828
0.015020
0.017703
0.020921
0.020921
0.013411
0.014484
0.008583
0.006437
0.008047
0.004828
0.004828
0.004828
0.004828
0.004828
-0.001073
0.001609
0.003219
0.005901
0.004292
0.000536
0.001073
0.003219
0.007510
0.013411
0.019312
0.019312
0.019312
0.015557
0.005901
0.006974
0.002682
0.005901
0.005364
0.004828
0.003219
0.005901
0.007510
-0.001073
0.001609
0.007510
0.005901
0.008583
0.016630
0.021994
0.025213
0.020385
0.013947
0.011265
0.010192
0.011265
0.005364
-0.000536
-0.001073
-0.001073
0.004828
0.006437
0.005364
0.004828
0.004828
0.005901
0.005901
0.015020
0.023603
0.026286
0.020921
0.016630
0.010192
0.005901
0.005364
0.004828
0.005901
0.004828
0.003219
0.001609
-0.000536
-0.000536
0.001073
0.004828
0.005364
0.005901
0.005364
0.013947
0.020385
0.019312
0.017703
0.015557
0.010729
0.010729
0.006437
0.003219
0.006974
0.005364
0.006974
0.008047
0.003755
0.004828
0.004828
0.006974
0.002682
0.005364
0.009120
0.015020
0.022531
0.024140
0.017703
0.013947
0.012338
0.007510
0.006437
0.003755
0.005901
0.005901
0.004828
0.006437
0.009120
0.012338
0.016630
0.020921
0.020921
0.015557
0.010192
0.010729
0.010192
0.007510
0.006974
0.006974
0.002682
0.004292
0.004828
0.005901
0.008583
0.004292
0.006974
0.012875
0.021458
0.022531
0.018775
0.015020
0.013947
0.013947
0.009656
0.006974
0.008583
0.008047
0.009656
0.013411
0.021458
0.024676
0.023067
0.018775
0.013411
0.013947
0.010192
0.009120
0.004828
0.001609
0.005364
0.007510
0.003755
0.008583
0.015557
0.020921
0.023067
0.018239
0.014484
0.017166
0.007510
0.004828
0.006974
0.008047
0.004292
0.008583
0.008583
0.007510
0.012875
0.024140
0.028968
0.020385
0.013947
0.011802
0.003219
0.005901
0.008583
0.004292
0.002146
-0.000536
-0.000536
-0.003755
-0.001073
0.000536
-0.001609
0.000536
0.000536
-0.001073
0.003755
0.004292
0.004292
0.002682
0.002146
0.003755
0.004292
0.009120
0.011265
0.018775
0.028968
0.026286
0.018239
0.013947
0.011265
0.003755
0.003219
0.003219
0.004292
0.007510
0.003219
0.002146
0.003219
0.008047
0.006974
0.007510
0.013947
0.024676
0.027359
0.018775
0.013411
0.013947
0.008583
0.002146
0.008047
0.010192
0.010192
0.006974
0.007510
0.015557
0.020921
0.024140
0.020921
0.016093
0.010192
0.006974
0.003755
0.003219
0.009120
0.010192
0.006974
0.006437
0.007510
0.009120
0.017703
0.026822
0.024140
0.013947
0.009120
0.012875
0.006437
0.003219
0.004828
0.003755
0.007510
0.005901
0.004292
0.000536
-0.000536
-0.001073
0.000536
-0.001073
-0.002146
0.001073
0.000536
0.002146
0.001609
0.000000
-0.001073
-0.001609
-0.002146
-0.001609
0.000000
0.001609
0.002146
0.004292
0.005901
0.004828
0.008583
0.015020
0.017703
0.023067
0.023603
0.016630
0.012875
0.013411
0.011265
0.007510
0.008583
0.010192
0.013411
0.010192
0.017703
0.021458
0.019312
0.016630
0.011265
0.008583
0.005901
0.009120
0.006974
0.007510
0.009656
0.004828
0.002682
0.005901
0.008583
0.011265
0.017703
0.023067
0.023603
0.015557
0.012338
0.009656
0.008047
0.006437
0.004292
-0.001073
0.000536
0.001073
0.005364
0.006974
0.004292
0.002146
0.004292
0.005901
0.004292
0.005364
0.010192
0.020921
0.024140
0.016630
0.011265
0.010192
0.010729
0.008583
0.007510
0.004292
-0.001073
-0.001609
0.001609
0.004828
0.001073
0.001609
0.002682
-0.001073
-0.002146
-0.000536
0.000536
0.007510
0.006437
0.003219
0.004828
0.005364
0.009120
0.019312
0.027359
0.025213
0.017703
0.011802
0.009656
0.004828
0.006974
0.003219
0.005901
0.003219
0.002146
0.004828
0.000536
-0.001609
0.002682
0.004828
0.004292
0.005901
0.012338
0.016093
0.021994
0.024676
0.019312
0.018239
0.015557
0.010192
0.005364
0.007510
0.006974
0.010192
0.019312
0.025749
0.025749
0.024676
0.017703
0.012875
0.008583
0.009120
0.007510
0.007510
0.007510
0.006437
0.012338
0.022531
0.026286
0.023067
0.019848
0.018239
0.013947
0.009656
0.011265
0.011265
0.010192
0.014484
0.023067
0.027359
0.023067
0.016093
0.008583
0.008583
0.008047
0.005901
0.003219
0.005901
0.000000
0.002146
0.006437
0.005364
0.004292
0.007510
0.013947
0.021994
0.023067
0.018775
0.017166
0.012875
0.004828
0.003755
0.004828
0.006437
0.004828
0.004292
0.003755
0.004828
0.004828
0.004828
0.009120
0.015557
0.020385
0.025749
0.016630
0.014484
0.013947
0.007510
0.006974
0.004292
0.001609
0.003755
0.002682
0.004292
0.004828
0.003755
0.001073
0.000536
0.001609
0.003755
-0.002146
-0.003219
0.001609
0.007510
0.009120
0.011265
0.018239
0.023603
0.019312
0.013947
0.011802
0.009656
0.008583
0.010729
0.005901
0.002146
0.000536
0.004828
0.007510
0.006437
0.005901
0.008583
0.011265
0.013947
0.017166
0.019848
0.018239
0.014484
0.009656
0.005364
0.005901
0.006437
0.005901
0.003219
0.001609
0.005901
0.006974
0.006974
0.003755
0.003219
0.006974
0.006437
0.008047
0.015020
0.020385
0.020921
0.017166
0.015020
0.009656
0.004828
0.006437
0.008047
0.005901
0.002146
0.001609
0.002146
0.001609
0.004828
0.003219
0.001609
0.004828
0.007510
0.006974
0.009120
0.023067
0.025213
0.020921
0.015557
0.014484
0.013947
0.010192
0.002146
-0.002146
0.004828
0.007510
0.006974
0.005901
0.001609
-0.000536
0.004828
0.006437
0.010192
0.010192
0.012338
0.019312
0.018775
0.016093
0.015020
0.011265
0.006974
0.001609
0.007510
0.006974
0.003755
0.004292
0.004292
0.003755
0.001073
-0.002146
0.001073
0.000000
0.003755
0.004292
0.003219
0.010729
0.017703
0.021458
0.019848
0.015557
0.012875
0.015020
0.009656
0.005901
0.004828
0.001609
0.000536
0.004828
0.003755
-0.002146
-0.001073
0.004292
0.000000
0.002146
0.004292
0.004292
0.002682
0.004292
0.004292
0.006974
0.007510
0.011265
0.015557
0.017703
0.015557
0.011802
0.009656
0.004292
0.004292
0.005901
0.000536
0.003219
0.002146
0.003219
0.004828
0.000536
0.000000
0.004292
0.006437
0.004292
0.003219
0.003219
0.001609
0.002682
0.002146
0.004828
0.006974
0.012875
0.018775
0.020385
0.024676
0.023603
0.010729
0.006974
0.009120
0.009120
0.007510
0.004828
0.001609
0.004292
0.005901
0.002146
0.000536
0.002682
0.005901
0.005901
0.012875
0.022531
0.023067
0.021458
0.017703
0.013947
0.008583
0.004828
0.005901
0.004828
0.002146
0.002146
0.003755
0.002146
0.000536
0.004828
0.006974
0.004828
0.010192
0.020921
0.023603
0.019312
0.016093
0.011265
0.013947
0.014484
0.004292
0.001609
0.001609
0.002146
0.005901
0.004828
0.000536
0.001609
0.001609
0.002146
0.004292
0.002146
0.001609
0.000536
0.000536
0.004292
0.004828
0.010192
0.016093
0.024676
0.023603
0.015020
0.010192
0.013947
0.010729
0.005901
0.003219
0.003219
0.004292
0.001609
0.001073
-0.000536
0.004828
0.008583
0.005364
0.007510
0.013947
0.019848
0.023067
0.019312
0.013411
0.011802
0.010729
0.006974
0.007510
0.002146
0.002146
0.002146
0.000000
0.004828
0.003219
0.000536
0.001073
0.003219
-0.000536
0.000536
0.003219
0.006437
0.004828
0.002146
0.000000
-0.001609
0.002146
0.008583
0.010192
0.008583
0.015020
0.018239
0.018239
0.016630
0.010192
0.008583
0.007510
0.004292
0.004292
0.001609
-0.002146
-0.002682
-0.002682
0.002682
0.001073
0.003219
0.004828
0.002146
0.000000
0.003219
0.001609
0.001609
0.003219
0.004828
0.003219
0.002146
0.002146
-0.000536
-0.003219
-0.003219
-0.005901
0.000536
0.002682
-0.000536
0.001609
0.001073
-0.008583
-0.007510
0.001609
0.003219
0.001609
-0.002682
-0.003219
-0.001073
-0.002146
-0.001073
-0.000536
0.001609
0.001609
0.002682
-0.000536
-0.004828
-0.001073
-0.002146
-0.003219
-0.003219
-0.001073
0.001073
0.000536
0.005364
-0.000536
-0.002146
0.000000
0.002146
0.001609
0.003219
0.005901
0.003219
0.005901
0.000536
0.002682
0.008583
0.009656
0.015020
0.019848
0.022531
0.017703
0.014484
0.008583
0.004828
0.002682
0.004828
0.003219
0.004292
0.005901
0.007510
0.003219
0.002682
0.006974
0.003219
-0.000536
0.000000
0.001073
0.001609
0.002146
0.001609
0.000000
0.004828
0.007510
0.011265
0.018239
0.023067
0.021994
0.010192
0.008047
0.006974
0.004828
0.004292
0.004828
0.003755
0.003219
0.006437
0.005901
0.004828
0.003219
0.002146
0.006974
0.008583
0.011265
0.012875
0.016093
0.020921
0.017703
0.015557
0.012875
0.009656
0.009120
0.004292
0.000536
0.002146
0.004292
0.004828
0.000536
0.002682
0.000000
0.002146
0.004292
0.004828
0.002146
0.000000
-0.004828
-0.006437
-0.004828
0.001609
0.000000
-0.001073
0.003219
-0.000536
-0.001073
0.003219
0.004292
0.002146
0.000536
0.001073
-0.002682
-0.002682
0.001073
0.002146
-0.001073
-0.003219
-0.001609
0.001073
0.001073
-0.001073
-0.001609
0.005901
0.003219
0.004292
0.002146
0.002146
0.000536
-0.003755
-0.002682
-0.002146
-0.001073
-0.005364
-0.005901
-0.000536
0.002146
0.004292
0.000536
-0.001609
-0.000536
-0.002682
-0.001073
-0.000536
0.000536
-0.001609
0.000536
0.002146
0.002146
0.001073
-0.002682
-0.006437
-0.004292
-0.001073
0.001073
0.000536
-0.000536
-0.001609
-0.000536
-0.000536
-0.001073
-0.001073
0.001073
0.003219
0.002146
0.004292
0.003755
0.005364
0.004828
0.005901
0.010192
0.009656
0.010729
0.015020
0.016630
0.015557
0.015020
0.013947
0.011802
0.007510
0.002146
0.003219
0.004292
0.006974
0.004292
-0.001609
-0.000536
0.002146
-0.001609
-0.000536
0.001073
-0.004292
-0.004828
0.001073
0.005901
0.001609
-0.004292
-0.003219
-0.001609
0.000000
0.000536
0.001609
0.004292
0.001609
0.002682
0.001609
-0.001073
0.000000
0.000536
0.005901
0.003219
0.001609
0.000536
0.000536
0.002146
0.004292
0.000536
0.006437
0.009656
0.011265
0.016630
0.018239
0.016630
0.009656
0.006437
0.009120
0.004828
0.002146
0.003755
0.006437
0.008583
0.006437
0.008047
0.006974
0.004292
0.004292
0.009120
0.004292
0.005901
0.011265
0.020921
0.023067
0.019312
0.015020
0.011802
0.010192
0.004292
0.001609
0.003219
-0.000536
-0.001073
0.004828
0.005364
0.002146
-0.000536
0.001609
0.004828
0.004292
0.002682
0.003219
0.004828
0.008047
0.012338
0.020385
0.026822
0.021994
0.016630
0.011265
0.009656
0.004828
0.004292
0.006974
0.006974
0.004828
0.000000
0.003219
0.001073
0.002146
0.002146
-0.002146
-0.004828
-0.006437
-0.003219
-0.002146
-0.003219
-0.003219
-0.000536
-0.001073
0.000536
0.004292
0.004828
0.001609
0.000000
0.000536
0.002146
0.002682
0.005901
0.001609
-0.003219
-0.002146
-0.000536
-0.002146
-0.001073
0.004292
0.002682
-0.000536
0.002146
0.002682
0.001609
-0.000536
0.000000
0.004292
0.010192
0.012338
0.016093
0.019312
0.017166
0.013947
0.009656
0.007510
0.006974
0.001073
0.002146
0.007510
0.006437
0.004828
0.005364
0.001609
-0.001073
0.002146
0.002146
0.005901
0.004828
0.008583
0.004292
0.001609
0.000536
-0.003219
-0.001073
0.003219
0.005901
0.010192
0.013411
0.020921
0.019312
0.015557
0.017166
0.014484
0.008047
0.006437
0.002146
0.000000
0.001073
-0.000536
0.000000
0.000536
0.001609
-0.002146
-0.002146
0.004292
0.003219
0.001073
0.000536
0.002682
-0.002146
0.001609
0.003755
0.002146
0.002146
0.001609
-0.003219
-0.005901
-0.003219
0.001073
0.000000
-0.004828
-0.000536
-0.002146
-0.002146
0.003219
0.003755
0.004292
0.005901
0.004292
0.003219
0.004292
0.001609
0.001609
0.006437
0.010192
0.013947
0.016630
0.017703
0.015557
0.013411
0.012338
0.011265
0.004828
0.002146
0.003755
0.004292
0.002146
-0.003755
0.001073
0.005901
0.004828
0.001609
-0.002146
-0.002682
0.002682
0.003219
-0.003219
-0.003755
0.000536
0.000000
0.004292
0.003219
-0.005364
-0.004828
-0.004828
-0.005364
0.001609
0.004828
0.003219
0.001609
0.001609
0.001073
0.000536
-0.001609
0.000000
-0.000536
-0.008047
-0.006437
-0.002146
0.004292
0.002146
0.000536
-0.003219
0.001609
0.004292
0.001073
0.002682
0.004292
0.002146
0.002682
0.000536
-0.003755
-0.001609
-0.002682
-0.002146
-0.000536
-0.000536
0.002682
0.002146
0.003219
0.004828
0.000536
-0.002146
0.000536
0.001073
0.003219
0.000536
-0.000536
0.002146
-0.000536
-0.001609
-0.005901
-0.005364
-0.004828
-0.003755
-0.002146
-0.001073
0.002146
0.000536
-0.000536
-0.003219
-0.000536
0.001609
-0.002146
-0.000536
-0.003219
-0.001073
0.002146
0.002146
-0.000536
0.000000
0.000536
-0.002146
0.002146
-0.000536
-0.000536
0.002146
-0.002146
-0.000536
-0.000536
-0.002682
0.002682
0.003219
0.003219
0.003219
0.000000
0.000536
-0.000536
-0.000536
0.001073
-0.001609
-0.002146
-0.000536
-0.001073
0.001609
0.003219
0.004292
0.001073
-0.001073
-0.003219
-0.000536
0.003219
0.000000
-0.004828
-0.005364
-0.006437
-0.007510
-0.000536
0.003219
0.001073
0.000536
-0.001609
-0.003755
-0.003219
0.000536
-0.001073
-0.002146
-0.001073
-0.001073
0.000536
0.000536
0.002682
0.000536
0.000536
0.002146
0.003219
0.001073
0.000536
0.001073
-0.001073
-0.001073
0.000000
0.001609
-0.001073
-0.001609
-0.001609
0.003755
0.001609
-0.000536
0.002146
-0.004828
-0.000536
0.003219
-0.003219
-0.002146
-0.001609
-0.000536
0.000536
0.003219
-0.001073
-0.000536
-0.003755
0.001609
0.000536
0.000000
0.001073
0.001609
0.000536
0.000536
-0.003219
0.000536
0.000536
0.001073
0.002682
0.000000
-0.003219
-0.002682
0.000000
-0.002682
-0.003755
0.002146
0.001073
-0.001609
-0.002146
0.003219
0.000536
-0.000536
0.004292
0.004292
-0.002146
-0.001073
0.004292
0.007510
0.010192
0.010192
0.016630
0.023603
0.028431
0.022531
0.013947
0.011265
0.013411
0.009656
0.012338
0.009120
0.007510
0.012338
0.018239
0.023603
0.021994
0.017703
0.011265
0.012338
0.007510
0.007510
0.008047
0.003755
0.002146
0.002682
0.007510
0.008583
0.005901
0.005901
0.007510
0.009656
0.013411
0.014484
0.017703
0.014484
0.008583
0.001609
0.001609
0.005901
0.007510
0.007510
0.004292
0.004292
0.004292
0.005364
0.005901
0.000536
0.002146
0.004828
0.004292
0.002146
0.004828
0.004292
0.010192
0.016093
0.024676
0.020385
0.017703
0.015557
0.015020
0.010192
0.005364
0.004292
0.000536
0.002682
-0.001073
-0.003755
0.002146
-0.002682
-0.003755
0.001073
0.004292
0.005364
0.003755
0.005364
0.005364
0.004828
0.008583
0.013411
0.019848
0.024676
0.020385
0.016093
0.011265
0.009120
0.009656
0.006437
0.005364
0.002146
0.002146
0.006437
0.005364
0.002146
0.001609
-0.007510
-0.004828
-0.004828
-0.001073
0.002146
0.000536
0.000536
-0.003219
-0.003219
-0.002682
-0.002146
-0.000536
0.002682
-0.003755
-0.003755
-0.000536
-0.000536
-0.000536
-0.002146
-0.002146
0.000000
0.000536
-0.001073
-0.000536
0.000536
0.000000
-0.000536
-0.001609
-0.002146
0.000536
0.005364
0.009656
0.003219
0.000536
-0.001073
0.001073
0.005901
0.001609
0.001073
0.001609
0.000536
-0.001073
0.000536
0.002146
0.000536
0.001609
0.003219
0.003755
0.005364
0.004292
0.001609
-0.000536
-0.000536
0.001609
0.005901
0.009656
0.012875
0.023067
0.018239
0.013411
0.017166
0.012338
0.005901
0.006974
0.006974
0.000000
-0.001609
-0.003219
-0.003219
-0.001073
0.002146
0.004828
0.001609
-0.000536
0.003755
0.002146
0.001609
0.001609
0.002146
0.000000
0.003755
0.004292
0.002682
0.005364
0.011265
0.012338
0.019312
0.025213
0.019312
0.012338
0.009120
0.004828
0.006437
0.007510
0.005901
0.000536
0.000000
0.000536
0.005364
0.004292
0.003755
0.001609
-0.000536
-0.000536
0.004828
0.003219
0.000000
0.004828
0.002682
0.001609
0.001609
0.002146
0.003219
0.006437
0.002146
0.002146
0.005901
0.012338
0.020385
0.019312
0.015557
0.013411
0.013411
0.008583
0.006974
0.006437
-0.000536
-0.005901
-0.003755
0.004292
-0.000536
0.001073
0.002682
0.002146
-0.002146
-0.003219
0.000000
0.001609
0.001609
0.002146
0.006974
0.009656
0.003219
-0.001073
0.002146
0.003219
0.002146
-0.004828
-0.001073
0.002682
0.004828
0.005901
0.008583
0.008583
0.017703
0.021994
0.021994
0.011265
0.007510
0.013411
0.011265
0.006974
0.003755
0.003219
0.001609
-0.002146
-0.004828
0.000000
0.004828
0.000536
0.000000
-0.001073
0.000536
0.002682
0.004292
-0.000536
0.000000
-0.000536
-0.003755
-0.001609
-0.001073
-0.002146
0.002146
0.002682
0.001609
-0.000536
-0.000536
0.003219
-0.001609
-0.001073
0.001609
0.000536
0.002146
-0.002146
0.001609
0.001609
-0.001609
-0.003755
0.000536
0.000536
0.001609
0.001073
0.003755
0.006437
0.004292
-0.001073
-0.000536
-0.001073
0.001073
0.002146
0.003755
0.008583
0.009120
0.011265
0.015557
0.015557
0.020921
0.017703
0.013411
0.009120
0.008583
0.008583
0.001073
-0.005364
-0.001609
0.004828
0.004292
0.001609
0.003219
0.002682
0.003755
0.001609
0.000000
0.001609
0.003219
0.003755
0.002146
0.005901
0.005364
0.008583
0.011265
0.016630
0.019312
0.017703
0.010192
0.010729
0.007510
0.006974
0.005364
0.003219
0.004292
0.004828
0.008047
0.006974
0.008047
0.011265
0.012338
0.013947
0.024140
0.018775
0.017703
0.016630
0.013947
0.008583
0.004828
0.003219
0.003755
0.003219
0.002146
0.002682
0.004292
0.003219
0.004292
0.006974
0.004828
0.009656
0.013947
0.019312
0.019312
0.021458
0.016630
0.013411
0.012875
0.010192
0.006974
0.001609
0.004828
0.004828
0.004292
0.004828
0.003219
0.004292
0.011265
0.015557
0.021994
0.024140
0.023067
0.015557
0.012338
0.008583
0.005901
0.008583
0.008583
0.004828
0.004292
0.009656
0.011265
0.016630
0.028431
0.027895
0.016093
0.013947
0.012875
0.004292
0.000000
0.000536
0.005901
0.004828
0.004828
0.005901
0.004292
0.004292
0.002146
0.008583
0.012338
0.019848
0.019312
0.018239
0.015557
0.013411
0.012875
0.010192
0.009656
0.008047
0.006974
0.004292
0.004828
0.007510
0.008583
0.008583
0.013947
0.023603
0.024140
0.018239
0.015020
0.012875
0.008047
0.005364
0.005364
0.002146
-0.001073
-0.001609
-0.001073
0.001073
0.002146
0.003755
0.001609
0.005901
0.009120
0.010729
0.008047
0.011265
0.025213
0.025749
0.012875
0.009656
0.008047
0.006437
0.005901
0.005364
0.001073
0.005901
0.006974
0.005901
0.006974
0.004292
0.005364
0.006974
0.009656
0.012875
0.020921
0.024676
0.023067
0.015020
0.008047
0.008047
0.009656
0.007510
-0.001073
0.002146
0.006437
0.004828
0.004292
0.005901
0.004828
0.010192
0.010729
0.014484
0.024676
0.024140
0.020921
0.011265
0.009656
0.008583
0.005901
0.002146
0.006974
0.005901
0.002146
0.006974
0.010192
0.008047
0.011265
0.020921
0.021994
0.017703
0.013947
0.008047
0.010729
0.010192
0.006974
0.000536
0.001073
0.004828
-0.001073
0.003219
-0.001073
0.002146
0.003755
0.002146
-0.000536
0.003755
0.004292
0.003219
0.004292
0.005901
0.008583
0.013947
0.017703
0.021994
0.018775
0.012338
0.012875
0.011265
0.009120
0.005901
0.005901
0.005901
0.003755
0.004292
0.004828
0.005901
0.003755
0.004292
0.008583
0.012875
0.021994
0.024140
0.021994
0.012875
0.011265
0.009656
0.006974
0.004828
0.004292
0.002146
0.000536
0.000536
-0.003219
-0.004292
-0.001073
-0.002146
0.000536
0.001609
0.006437
0.009656
0.003755
0.005901
0.005901
0.009656
0.013947
0.019312
0.023603
0.017703
0.011265
0.011802
0.009656
0.004828
0.004828
0.001609
-0.000536
0.001609
0.007510
0.004292
0.005901
0.005364
0.006437
0.005901
0.010729
0.007510
0.010192
0.015557
0.021458
0.019312
0.017166
0.013947
0.008583
0.007510
0.004292
0.005901
0.005901
0.002146
0.000000
-0.001609
-0.003219
0.001073
0.002146
0.001609
0.004828
0.004828
0.003219
0.001073
0.000536
0.002146
0.005364
0.007510
0.013947
0.020385
0.020385
0.022531
0.018239
0.008583
0.003219
0.002146
0.003219
0.007510
0.005901
0.005901
0.005901
-0.000536
-0.001073
0.002146
0.004828
0.003219
0.000536
0.000000
-0.001609
-0.000536
0.003219
0.005901
0.009656
0.007510
0.013947
0.022531
0.024140
0.016630
0.011265
0.007510
0.008583
0.004828
0.004292
0.006437
0.004828
0.002146
-0.001073
-0.000536
0.001073
0.002146
-0.002146
-0.001073
0.000536
0.001073
0.000536
-0.002146
-0.001073
0.000000
0.003219
0.001609
-0.001073
0.002146
0.003219
0.000536
-0.002146
-0.001073
-0.000536
0.000536
-0.001073
-0.000536
0.002146
0.003219
0.007510
0.008583
0.010192
0.011802
0.018239
0.020921
0.023603
0.018239
0.011265
0.009120
0.006437
0.002146
0.005901
0.003219
0.001609
0.001609
0.003219
0.003219
-0.001073
0.002682
0.004828
0.007510
0.004292
0.003755
0.012875
0.021994
0.024676
0.022531
0.020385
0.016093
0.012338
0.005901
0.004828
0.001609
0.002146
0.002146
0.005901
0.006437
0.002682
0.004828
0.011265
0.009656
0.012338
0.017166
0.023603
0.020385
0.011265
0.007510
0.011265
0.007510
0.005364
0.003219
-0.001073
0.001073
0.000536
0.000536
0.001609
0.001073
0.003219
-0.000536
0.000000
0.001609
0.002146
0.003219
-0.000536
0.000536
0.000536
0.000000
0.000000
0.000000
0.000000
-0.001609
-0.000536
0.001609
-0.004292
-0.005901
-0.007510
-0.008583
-0.006974
-0.003219
-0.001073
-0.001073
0.004828
0.000536
-0.000536
0.001073
0.003219
0.001609
-0.001073
0.000536
0.000000
-0.004828
0.001073
0.003755
0.000000
-0.002682
0.000536
0.000536
-0.001073
-0.000536
0.000536
-0.004828
-0.004292
-0.000536
0.003219
0.001609
0.003219
0.000536
-0.001609
-0.003219
-0.003219
0.000536
-0.000536
0.000536
0.000536
-0.000536
-0.003219
0.000000
0.000536
0.001609
-0.000536
0.002146
0.004828
0.000536
-0.001073
-0.003219
-0.003219
-0.001609
-0.004292
-0.000536
-0.002146
-0.000536
-0.000536
0.002146
0.000536
0.001609
0.001073
0.003219
-0.000536
-0.001073
-0.001609
-0.000536
0.001609
0.004292
-0.001073
0.000536
0.002146
0.001073
-0.001073
-0.001073
-0.004828
0.001609
0.001609
-0.002146
0.001609
0.002146
0.000536
0.001073
-0.000536
-0.002146
-0.003219
-0.004292
0.000000
-0.000536
0.001073
0.000536
0.001609
0.003219
-0.000536
-0.002146
-0.003755
-0.002146
-0.001073
0.000536
0.001073
0.001609
0.000000
-0.001609
0.001073
0.001609
0.003219
0.001609
0.000536
0.003219
-0.001073
-0.000536
0.001609
0.002146
-0.001073
-0.001073
-0.001073
0.001073
0.001609
0.002146
0.001609
0.002146
-0.001609
-0.001073
-0.000536
-0.002146
-0.004828
-0.001609
0.002146
0.001073
0.002146
-0.000536
-0.004292
-0.002682
-0.002146
-0.003219
0.000536
0.002146
-0.003755
0.001609
-0.002682
-0.003755
-0.002682
0.000536
0.000536
-0.001073
0.001609
0.001609
0.004292
0.000536
-0.001609
-0.002146
-0.001073
0.000536
-0.000536
0.000000
-0.002146
-0.003219
-0.000536
0.003219
0.002146
0.002682
0.004292
0.001609
-0.001609
-0.001073
-0.001609
-0.003219
-0.005364
-0.005901
-0.001609
0.000536
0.001073
0.003219
0.004292
0.000000
-0.002146
-0.004292
-0.000536
-0.002146
0.003219
0.005901
0.003219
0.003219
-0.005364
-0.001609
0.000000
0.000000
0.004828
-0.002146
-0.000536
-0.002146
-0.002146
-0.001609
0.000536
0.001073
0.000000
-0.001609
-0.001073
0.000536
-0.000536
-0.001609
0.003219
0.000536
-0.001073
-0.004828
-0.001073
0.002146
0.000000
0.001609
0.000536
0.001073
0.003219
-0.000536
-0.002146
-0.000536
0.000000
-0.000536
0.003755
0.003219
0.000000
0.001609
0.000536
-0.003219
-0.003755
-0.003755
-0.002146
-0.003219
-0.000536
0.004828
0.007510
0.002146
-0.001609
0.001073
0.000000
-0.001073
-0.001073
-0.005901
-0.005364
0.000000
0.003219
0.003219
-0.002682
-0.001073
-0.003219
-0.001073
-0.001073
-0.002682
-0.000536
0.002146
0.002682
0.002682
0.001609
0.003755
-0.000536
-0.000536
0.001609
0.000000
-0.000536
-0.001609
0.000000
0.004292
0.003219
-0.001073
-0.002146
-0.001073
-0.002146
0.001609
0.002682
0.002146
-0.001073
-0.001609
-0.001609
-0.002682
-0.001073
0.000536
0.002682
0.000536
-0.001073
-0.002146
-0.002146
-0.000536
-0.000536
0.000000
0.000536
-0.003755
-0.004292
-0.003219
-0.003755
-0.005364
-0.001073
0.001609
0.000536
0.002146
-0.001073
-0.001609
-0.001073
-0.000536
-0.002146
0.001609
0.001609
0.003219
0.003219
0.004292
0.002682
0.001073
-0.000536
-0.002682
-0.001073
0.002146
0.000536
-0.003755
0.002682
0.001609
-0.003219
-0.001073
0.001073
-0.002146
-0.002146
-0.001609
-0.003755
-0.001073
-0.001609
0.002146
0.002146
-0.002146
-0.004292
-0.002146
-0.002146
0.001609
0.003219
0.003219
-0.001073
0.000000
0.001609
0.002146
0.001609
0.000536
0.000000
0.003219
0.002146
0.001073
-0.001609
-0.001073
-0.000536
-0.002146
-0.001073
0.000536
0.000000
0.001609
-0.002146
-0.002146
-0.001073
-0.000536
0.002146
0.004292
-0.001073
-0.001073
-0.001609
-0.001609
0.000536
-0.001609
-0.000536
0.003755
0.003755
-0.000536
-0.002146
-0.004292
-0.005364
-0.001609
0.001609
0.001073
0.001609
0.000000
0.001609
0.000536
-0.000536
0.000536
-0.002146
-0.001073
-0.001609
0.001609
0.005364
0.001609
-0.002682
-0.003219
-0.001073
-0.003219
0.002146
0.004292
-0.000536
0.001073
0.000000
-0.002146
0.000000
-0.000536
-0.000536
0.000000
-0.000536
0.000536
0.003219
-0.000536
-0.001609
-0.000536
-0.002146
0.000536
0.000000
0.000000
-0.000536
-0.000536
0.001609
0.002146
0.000536
0.002146
0.001609
-0.001609
-0.000536
0.000000
0.000000
-0.003219
-0.003219
0.000536
0.000536
-0.003755
-0.000536
-0.001073
-0.002682
-0.003219
-0.001073
0.003219
0.002146
0.001073
0.001609
0.001609
-0.000536
-0.004292
-0.003755
0.000536
0.000536
0.002682
0.004828
0.000000
-0.002146
0.001609
-0.002146
-0.002146
0.002682
0.003219
0.000536
0.001073
-0.001073
-0.003755
-0.001073
0.000536
0.000536
-0.000536
0.001073
0.003219
0.004292
0.005901
0.003219
0.002146
0.001609
0.001073
0.004292
0.001609
0.001073
0.002682
0.005901
-0.002682
-0.003219
0.002146
0.001609
0.002146
0.004292
0.006437
0.012338
0.023067
0.026286
0.017703
0.014484
0.008047
0.006974
0.009656
0.007510
0.006974
0.006437
0.004828
0.004828
0.001073
0.001609
0.002146
0.000536
0.001073
-0.002146
-0.001073
0.000536
-0.003219
-0.003755
-0.003755
-0.001073
-0.003755
-0.005901
-0.003219
-0.000536
0.000000
-0.000536
-0.003219
0.000536
0.001073
0.000536
0.002146
-0.003219
-0.006437
-0.002682
-0.003219
-0.006437
-0.002682
-0.002146
-0.002146
0.002682
0.001609
0.000536
0.000000
0.002146
-0.001073
-0.005364
-0.001073
0.001073
0.003219
0.004292
0.002146
-0.001073
-0.000536
0.000536
0.001609
0.002682
0.002146
0.001609
0.001609
-0.001609
0.000000
-0.002146
0.000000
0.002682
0.000536
0.000536
-0.002146
-0.003755
-0.001073
0.001073
0.003219
0.001073
-0.001609
-0.001073
0.001073
-0.003755
-0.004828
0.000000
0.000536
-0.001073
0.001073
0.001073
-0.002682
-0.000536
0.001073
-0.002682
-0.001609
-0.000536
-0.001073
-0.000536
-0.001073
-0.000536
0.000536
-0.002146
-0.002682
-0.004292
-0.002146
0.003219
0.002146
0.002146
0.001073
-0.001073
-0.003755
-0.001073
-0.001073
-0.002146
0.000536
-0.003755
-0.001609
0.002682
0.003219
0.002146
0.000536
0.002146
0.000536
0.000536
0.000000
-0.001609
0.000536
0.002682
-0.000536
-0.002146
-0.001073
-0.004292
-0.005364
-0.004292
-0.001073
0.000536
-0.002146
-0.002146
-0.002146
0.000536
0.002682
0.000536
0.001609
0.000536
-0.001073
0.000536
0.004292
0.000000
-0.002146
0.001609
0.002146
0.002146
0.003219
0.002682
0.001073
0.003755
0.004292
-0.001609
-0.002682
-0.001073
0.000536
0.000536
-0.000536
-0.001073
0.000536
0.001609
-0.000536
-0.000536
-0.000536
0.000536
-0.001609
-0.001073
0.003219
0.003219
-0.000536
-0.000536
0.000000
-0.001073
-0.003755
-0.004292
-0.002146
0.002146
-0.001609
-0.002146
-0.002682
-0.003755
-0.001609
-0.001073
-0.001609
-0.001073
-0.001609
0.002682
0.000536
0.002146
0.000536
-0.002146
-0.002682
-0.001609
-0.000536
-0.000536
0.000536
0.003219
0.003219
0.001073
0.001609
-0.001609
0.000536
0.003219
0.002146
-0.001073
0.002146
-0.000536
-0.001073
0.002682
0.001609
-0.000536
0.000536
-0.001609
0.001609
0.000536
0.000000
0.000000
-0.001073
-0.000536
-0.002146
0.002682
0.002146
0.001073
0.002146
0.001073
-0.001609
-0.004828
-0.003219
-0.001073
-0.000536
-0.001609
-0.001073
0.004292
0.003755
0.002146
-0.001073
-0.002682
-0.000536
-0.003219
-0.004292
-0.002146
0.001073
-0.002146
-0.001073
0.003755
0.001609
0.003755
0.003755
0.001609
-0.001609
-0.001073
0.000536
-0.000536
0.000000
0.000536
0.003219
0.002682
0.002146
0.000536
-0.000536
-0.002146
-0.003219
-0.001609
0.000000
-0.002682
-0.002682
-0.001073
-0.001073
0.004292
0.001073
-0.003219
-0.001609
-0.000536
-0.002146
0.002146
0.000536
0.000536
0.003219
-0.000536
-0.003219
-0.003219
-0.005364
-0.003755
-0.001073
0.004292
-0.002146
-0.003755
-0.001609
-0.001073
0.000000
-0.001073
-0.002146
0.000536
0.002146
-0.002682
-0.002146
0.000536
0.002146
0.001073
0.000000
-0.004828
-0.001609
0.001073
0.001073
0.000536
0.004292
0.002146
0.001609
0.002682
0.001609
0.000536
0.001073
-0.000536
0.000536
0.000536
0.001609
0.001609
0.000536
-0.001073
0.000536
0.002146
0.000000
0.001073
-0.002682
-0.005901
-0.004828
0.000536
0.002682
-0.001073
-0.003219
-0.005364
-0.004828
-0.000536
0.002682
-0.000536
0.001609
0.000536
0.000536
0.001073
0.005901
0.005901
0.005364
0.004828
-0.002682
-0.000536
-0.000536
-0.000536
-0.001609
-0.002682
-0.004828
-0.003219
-0.001073
-0.000536
0.000536
0.001609
0.003219
0.001609
0.000536
-0.003219
0.001609
0.000536
-0.009656
-0.004828
-0.003755
-0.000536
0.004292
0.002146
-0.001073
0.001073
0.004828
0.002146
0.003219
0.001609
-0.000536
-0.001073
0.002146
0.000536
-0.001609
-0.005901
-0.003755
-0.003755
-0.002146
0.000536
0.002146
0.001609
0.003219
0.002682
0.003755
0.003755
0.001073
-0.004292
-0.003755
0.000000
0.003219
0.001609
0.001609
-0.001609
0.000536
0.004828
0.002146
0.004292
0.001609
0.000000
0.001609
-0.000536
-0.001609
0.001609
-0.001073
-0.000536
-0.000536
0.000536
-0.005364
-0.004292
0.002146
0.002682
0.002682
0.001609
-0.005901
-0.002682
0.006437
0.001073
0.000536
-0.000536
0.000536
-0.002146
-0.003219
-0.006437
-0.004292
-0.003219
0.001073
0.003755
0.001609
-0.001073
0.000536
0.004292
0.002146
-0.002682
-0.004292
-0.001073
0.001609
-0.001073
-0.001609
0.001073
0.002146
0.001609
-0.000536
0.000000
0.003219
0.000000
-0.002146
-0.001073
0.000536
-0.000536
0.000536
0.000536
-0.003755
-0.001073
0.002146
0.001609
0.000536
0.000536
-0.001609
0.000536
0.001609
0.000000
0.000536
0.001609
-0.002146
0.001073
-0.002682
-0.004828
-0.000536
-0.000536
-0.000536
-0.003219
-0.002146
-0.000536
0.001609
0.000000
0.001609
-0.003219
-0.003755
0.003219
0.003219
0.002146
-0.003219
-0.008583
-0.003755
0.002146
0.003755
0.001073
-0.001073
-0.003219
-0.000536
-0.002146
-0.002146
-0.001073
-0.004292
0.001609
0.003755
0.000536
0.001073
0.001609
0.004292
0.001073
-0.003219
-0.001073
-0.001073
0.000000
0.001609
-0.000536
-0.000536
-0.000536
-0.000536
0.000000
0.002146
0.001073
0.003755
0.003219
0.002146
-0.002146
-0.001073
-0.003219
0.000000
0.001609
0.000000
-0.001609
-0.000536
-0.001609
0.000536
0.000000
0.000536
-0.003219
-0.003219
-0.003219
-0.002682
-0.000536
0.002146
0.002682
-0.002146
0.000000
0.002146
-0.001609
-0.002146
-0.003755
0.004292
0.003219
0.001073
0.001609
0.002146
-0.002146
-0.004292
-0.003755
-0.000536
0.001609
0.001609
-0.002146
0.000536
-0.000536
0.003219
0.001073
-0.001073
0.000000
-0.002146
0.000536
0.001073
0.000000
-0.002146
-0.003219
-0.004292
-0.001073
-0.001609
-0.003755
-0.002146
0.004292
0.006437
0.002146
0.001609
-0.000536
-0.000536
0.002146
0.000536
0.000000
0.004292
0.004292
0.001073
-0.001609
-0.003755
-0.001609
-0.003755
-0.003755
-0.001073
0.001073
-0.003219
-0.003219
-0.002682
-0.000536
-0.000536
-0.001073
0.001609
0.000000
0.000536
0.001073
0.000536
0.000536
-0.001609
-0.002146
0.000536
-0.004828
-0.001073
0.003219
0.003755
0.002146
0.000536
0.000536
-0.002682
-0.001609
0.001609
0.001073
-0.001073
-0.001073
0.000536
0.007510
0.004828
0.000000
0.001609
0.002146
0.002146
0.002682
0.004828
-0.000536
-0.004292
0.000536
-0.001609
-0.001073
0.001609
0.002146
-0.003219
-0.000536
0.000536
0.000000
0.000536
0.001073
0.003219
0.001609
0.000536
-0.002682
-0.003755
-0.004828
-0.004828
0.000000
0.001609
-0.000536
-0.002146
-0.001073
-0.001073
-0.004292
0.002146
-0.000536
0.000536
0.000000
0.000536
-0.000536
0.000536
-0.000536
0.005364
0.002682
0.003219
-0.000536
0.001609
-0.001073
-0.005364
0.002146
0.004828
0.002146
-0.006437
-0.002146
-0.001073
-0.003219
-0.002682
-0.002146
-0.002682
0.001609
0.004828
0.002146
0.002682
-0.001609
-0.001073
-0.002682
-0.004828
0.001073
0.006974
0.003219
0.001609
0.000536
-0.000536
0.000536
-0.002146
-0.003755
0.003219
0.004828
0.000536
-0.002682
0.000536
-0.000536
-0.001609
-0.001073
0.000000
-0.001073
0.001609
0.002146
0.000536
-0.003219
-0.003755
0.002146
0.002146
-0.001609
-0.003755
-0.004828
-0.001609
-0.002682
-0.001073
-0.003219
-0.001609
-0.001073
0.000000
0.004828
0.004292
0.004292
0.002682
0.005901
-0.000536
-0.006974
0.000536
0.000536
-0.002146
0.000536
0.001609
-0.002146
0.001609
0.003219
-0.000536
-0.002146
-0.001609
-0.001073
0.001073
0.001609
0.005901
0.002146
-0.003219
-0.007510
-0.006437
-0.002146
-0.000536
0.002146
-0.001073
0.000536
0.002682
0.002146
0.002146
0.001609
0.001609
0.004292
-0.003755
-0.002682
-0.001609
-0.002682
-0.000536
0.000536
0.004292
0.001609
0.002682
-0.000536
-0.001073
0.000536
0.003219
-0.000536
-0.001073
0.002146
-0.000536
-0.005364
-0.005364
-0.000536
0.000000
0.000536
0.000536
-0.001073
-0.002146
0.000536
0.000536
0.003755
0.001609
0.002146
0.000536
0.000000
-0.001073
-0.004292
-0.003219
-0.005901
-0.001073
0.001073
-0.001073
-0.002682
-0.004292
-0.000536
-0.002146
-0.004292
-0.003219
-0.001073
0.000536
0.004292
0.001609
-0.000536
-0.000536
0.003755
-0.000536
-0.000536
0.003219
-0.000536
0.001609
-0.005364
-0.007510
-0.004828
-0.003219
0.000000
0.000536
0.000536
0.000536
0.001609
0.003219
0.001609
-0.001073
0.000000
0.002146
0.001609
0.000000
-0.000536
-0.000536
0.001073
0.002146
0.001073
0.000000
-0.000536
0.002146
0.002146
-0.002682
-0.001609
-0.000536
-0.004828
0.000536
0.002146
0.000536
-0.001609
0.000536
0.003219
0.004292
-0.000536
0.000000
-0.002682
-0.002146
-0.001609
0.003219
0.003219
0.002146
0.001073
-0.001609
-0.003219
0.002682
0.004292
0.000536
0.000000
-0.000536
-0.001073
-0.001073
0.000000
0.002146
0.001609
0.001609
-0.005901
0.000536
0.006974
0.002682
-0.001609
-0.002682
-0.000536
-0.001609
-0.003219
0.001073
0.003755
-0.000536
0.001609
0.004828
-0.000536
-0.002146
0.001609
-0.001073
0.000000
-0.001073
-0.004292
0.000000
0.000536
0.001609
-0.000536
-0.003755
-0.003219
-0.003219
-0.002146
0.001609
-0.001609
-0.003755
0.004292
0.004292
0.001609
0.001609
0.001073
0.000536
0.002146
0.000000
0.002146
-0.003219
-0.002146
0.000536
-0.002682
-0.005901
-0.001073
0.004292
0.004292
0.000536
-0.005364
-0.001609
-0.001609
-0.002146
-0.001073
0.002146
0.000000
0.000536
0.002146
-0.001073
-0.004292
-0.002146
0.003219
0.003219
-0.001609
-0.001073
-0.002146
0.000000
0.003219
0.002682
-0.001073
-0.001073
0.000536
0.000536
-0.001609
0.002682
-0.001073
-0.004828
-0.003219
-0.003755
-0.003755
-0.001073
0.000536
-0.000536
-0.003219
0.001073
0.003219
0.003219
-0.002146
0.000000
0.003219
0.000000
0.000000
-0.002146
-0.002146
-0.001073
0.001609
-0.001073
-0.004828
-0.002146
0.003219
-0.000536
-0.000536
-0.002682
-0.000536
0.000000
-0.000536
-0.002146
-0.002146
-0.000536
-0.002146
-0.000536
-0.000536
0.002146
-0.001073
-0.002146
-0.003755
0.001609
0.001073
0.001609
0.004828
0.003755
0.000000
-0.000536
-0.001609
-0.000536
-0.002146
0.000536
0.002146
0.002146
-0.000536
0.005901
0.003219
0.000536
-0.003219
-0.002682
0.000536
-0.000536
-0.002146
0.002682
0.004828
0.004828
0.002146
0.001073
-0.004292
0.000536
0.002146
-0.001073
0.000000
-0.004828
-0.001073
-0.001073
-0.000536
-0.003755
-0.001073
0.002146
0.001609
-0.000536
0.001073
-0.003219
0.000536
0.002146
-0.003219
0.001073
0.002146
0.001609
0.004292
0.004292
0.001609
-0.001073
-0.002682
0.001073
0.001609
0.001073
-0.000536
-0.001073
-0.002146
-0.003219
0.000536
-0.001073
-0.000536
-0.000536
0.000000
-0.003219
-0.002146
-0.001609
0.000536
-0.000536
-0.003755
-0.008047
-0.005901
-0.002146
-0.004292
-0.001073
-0.002146
0.004292
0.002146
0.004292
0.001609
-0.000536
0.002146
0.000000
-0.004292
0.001609
0.004292
-0.001073
-0.002146
0.000000
0.001073
0.002146
-0.002146
0.000000
0.001073
-0.000536
0.001609
0.001609
-0.000536
0.000000
0.003219
0.005364
0.000536
-0.000536
-0.004828
0.001073
0.001609
0.000536
0.000536
-0.003755
-0.002146
-0.001073
0.000000
-0.002146
-0.001609
-0.004828
-0.001609
-0.002146
0.000536
0.000536
0.003755
0.002682
-0.001609
-0.001073
-0.001073
-0.002146
-0.004828
-0.000536
0.003755
0.004828
0.001609
0.001073
0.001073
0.003219
0.004292
0.004292
0.000536
0.005901
0.002146
0.000536
0.001609
-0.002146
-0.004828
-0.006437
-0.003219
-0.003755
-0.000536
0.001073
0.003755
0.002146
0.000536
-0.001073
-0.001073
-0.000536
-0.003755
0.001073
0.004292
0.003219
0.001609
-0.001073
0.001609
0.001073
-0.003219
0.001609
0.000536
-0.001073
-0.000536
0.001073
0.001609
-0.003219
-0.003755
-0.000536
0.000536
0.001073
0.002146
0.001609
0.001073
-0.000536
-0.001073
-0.000536
-0.002146
0.002146
0.006974
0.001609
0.000536
-0.003219
-0.005364
-0.004292
-0.000536
0.002146
0.002146
0.001609
-0.002146
0.001073
0.001073
-0.000536
0.000536
0.000000
0.000000
-0.003219
-0.004292
-0.002682
-0.000536
-0.002146
-0.002146
-0.001073
-0.000536
-0.001073
-0.006437
-0.003755
-0.002146
0.002146
0.004292
-0.003755
-0.002146
-0.003755
-0.001609
0.002682
0.005364
0.006437
0.004828
0.002682
0.001609
0.000536
0.001073
0.000536
-0.000536
-0.000536
-0.000536
0.001609
-0.000536
-0.000536
0.001609
0.004292
0.001073
-0.001609
-0.002146
-0.005901
-0.001073
0.002146
-0.001609
-0.001073
-0.000536
-0.003219
-0.002682
0.001609
0.000000
-0.001609
0.000000
0.000536
0.001609
0.001073
0.002146
0.003219
0.001609
-0.002146
0.002682
0.001609
0.001073
-0.000536
0.000000
-0.002146
-0.001073
0.001073
-0.002682
-0.002146
0.001609
-0.000536
-0.002146
-0.001073
0.002682
0.003755
0.003755
0.003219
-0.003219
-0.003219
0.000536
-0.003219
-0.002146
-0.001609
0.002146
-0.000536
-0.001609
-0.001073
-0.002146
0.000000
0.004292
0.001609
0.001609
-0.001073
-0.003219
-0.003219
-0.000536
0.002682
-0.003219
-0.003219
0.001609
-0.004292
-0.001609
-0.001073
0.004292
-0.000536
0.002146
0.004828
0.000536
-0.003219
-0.003755
-0.005364
-0.000536
0.002146
0.004828
0.001609
0.002682
0.002682
0.000536
-0.000536
-0.001073
-0.002146
0.000000
0.002146
-0.001073
0.000000
0.000000
0.000000
-0.001073
-0.003219
-0.002146
-0.001073
0.001073
0.002146
0.003219
0.003219
0.004292
0.002146
0.000536
-0.004828
-0.002682
-0.000536
0.000000
-0.002146
-0.001609
0.001609
-0.001073
-0.002146
-0.006437
-0.002146
-0.003219
-0.002682
0.003219
0.005901
0.003219
0.000536
0.004292
0.001073
-0.001609
0.002146
0.001609
0.000000
-0.001609
-0.002146
-0.001609
0.001609
0.000536
-0.001073
-0.001073
-0.006437
0.001609
-0.000536
-0.003755
-0.001073
0.006437
0.003219
-0.000536
-0.000536
0.000536
0.002146
-0.000536
-0.003219
-0.001073
-0.002146
-0.001073
-0.001609
0.000536
0.002146
0.004292
0.000536
-0.001609
0.000536
0.000000
-0.000536
0.000536
-0.000536
-0.002682
-0.004828
-0.002146
-0.002146
0.002682
0.001609
-0.003219
-0.001073
0.004292
0.002682
-0.003219
-0.003219
0.001609
0.002146
0.003219
0.002146
0.000536
0.000536
0.003755
0.000000
-0.002682
-0.000536
-0.001073
-0.002146
-0.001073
0.000000
-0.003219
0.001609
0.002146
0.002146
-0.000536
-0.003219
-0.005901
-0.003755
0.003219
0.003755
0.000000
0.003219
0.004828
0.001609
-0.001073
-0.004828
-0.007510
-0.003219
0.000000
-0.003219
-0.000536
-0.005364
-0.005364
0.000536
0.001609
0.000536
0.005901
0.002146
-0.001073
0.003755
0.001609
0.002146
-0.002146
-0.002146
0.000000
0.004828
0.003219
-0.000536
-0.002146
-0.003755
-0.004828
-0.002146
-0.003755
-0.004292
-0.003219
-0.001609
0.000000
-0.000536
0.003755
0.003219
0.003219
0.008583
0.004828
0.000000
-0.003219
-0.002146
-0.000536
-0.000536
0.002682
0.005901
0.000536
0.002146
0.002146
-0.000536
-0.002146
-0.003219
-0.002682
-0.002146
-0.001073
-0.001073
-0.001073
0.001609
0.003219
0.002682
-0.001073
0.001073
0.000536
-0.003755
-0.001609
0.000536
-0.004828
-0.002146
0.000536
0.001073
-0.000536
-0.003219
0.000000
0.002146
-0.000536
-0.004828
-0.001073
-0.000536
-0.000536
-0.001073
0.002146
0.002146
0.001609
0.001609
0.004292
0.003219
-0.001073
-0.002146
0.001073
0.000536
0.001609
-0.001073
-0.002682
-0.002146
0.000000
0.000536
-0.001073
0.000000
-0.003219
0.000536
0.002146
0.000536
0.002682
0.000536
0.000536
0.004292
-0.000536
-0.001609
0.001609
0.000536
0.001073
-0.000536
0.002146
0.000536
-0.000536
-0.000536
-0.006437
-0.003755
-0.003755
-0.001073
0.000000
0.000536
0.003219
0.003755
0.000000
-0.002146
-0.003219
-0.001609
-0.002146
-0.002146
-0.000536
-0.001073
-0.001609
0.000536
0.002682
-0.001073
0.000536
0.000536
0.002682
-0.002146
0.001609
0.000000
-0.004828
-0.004292
-0.000536
0.000536
-0.001073
0.001609
0.001609
0.002146
0.001073
-0.002146
-0.001073
-0.001073
-0.002146
-0.003219
-0.006974
-0.003755
-0.003219
0.001073
0.004292
0.003219
0.002146
0.002146
0.003755
0.002146
0.001609
0.002146
0.000536
-0.001609
-0.003219
-0.000536
-0.002146
0.000536
0.000536
-0.003219
-0.006437
-0.004292
-0.005364
-0.002682
0.001609
0.003219
-0.000536
-0.003755
-0.001073
-0.000536
0.002146
0.001073
0.003219
0.001609
-0.001609
0.001609
0.000536
0.000000
0.004292
0.005901
0.001073
0.001609
-0.003219
-0.000536
-0.004828
-0.003755
-0.001073
-0.003219
-0.002146
0.003219
0.004828
0.003219
0.002682
0.003755
0.000536
-0.002682
0.000000
0.004828
0.002146
0.001609
0.000536
-0.005901
-0.006974
-0.003219
-0.000536
-0.002682
-0.004292
-0.003755
0.000536
0.003219
0.001609
0.001073
0.005364
0.004292
0.000536
-0.003755
0.001609
0.001073
0.000536
-0.001073
-0.004292
-0.001073
0.001073
0.001609
0.002682
0.000536
-0.001609
-0.000536
-0.000536
0.001609
0.000000
0.002682
0.001073
-0.005901
-0.002146
-0.002682
-0.004292
-0.004292
-0.003219
0.001609
0.000000
-0.000536
0.001609
-0.001073
0.001609
0.002146
-0.001609
0.000000
0.001609
0.001609
0.002682
0.001609
0.000536
-0.001073
-0.002146
0.002146
0.004292
0.001609
0.001609
-0.001073
-0.002682
-0.001073
-0.005364
-0.005901
-0.000536
0.000000
0.001609
0.000536
-0.002146
-0.000536
0.000536
0.001609
-0.001073
-0.001073
0.003219
0.001609
-0.000536
0.001609
0.002146
-0.002146
-0.002146
-0.000536
0.000536
0.000000
-0.000536
-0.002682
-0.003755
0.000536
0.001073
0.001609
0.003219
0.004292
0.000536
0.000536
-0.001073
-0.002146
-0.001609
-0.000536
-0.000536
0.000000
-0.002146
0.000000
0.001609
0.003219
0.001073
0.002146
-0.000536
-0.000536
0.000536
0.002146
0.002682
-0.003219
-0.003219
-0.000536
-0.002682
-0.003219
-0.003219
-0.002146
0.000536
0.000536
-0.001609
-0.003755
0.002146
-0.001073
-0.001609
0.001609
0.003755
0.001609
-0.000536
0.003219
0.000536
-0.003755
0.000000
0.001609
-0.001073
-0.003219
0.001073
-0.001073
-0.002146
0.001609
0.001609
-0.002146
0.000536
0.002146
-0.003755
-0.003755
-0.001073
-0.002146
-0.001609
-0.000536
0.001609
-0.003219
-0.003755
-0.003219
-0.001073
0.002146
0.006974
0.004292
-0.000536
-0.002146
-0.001073
0.002146
0.001609
-0.003755
0.004828
0.005901
-0.001073
-0.001609
-0.003219
-0.004828
-0.001073
-0.003755
-0.001609
0.003219
0.006974
0.000536
0.001609
0.000000
0.001073
0.001073
-0.001073
-0.001073
-0.000536
0.000536
0.001609
0.000536
0.002146
-0.001073
-0.002146
0.002682
0.004292
-0.001073
0.000536
0.002146
-0.000536
0.000536
-0.004292
-0.002146
0.002146
0.000536
-0.001073
-0.003219
-0.001073
-0.001073
-0.001073
0.002146
0.001073
-0.001073
0.002682
-0.001073
-0.003755
-0.000536
-0.001609
-0.001609
-0.003219
0.000536
0.000536
-0.002146
0.000536
0.005901
0.004292
-0.001073
-0.003219
-0.001073
-0.000536
0.002146
0.000000
-0.004828
0.001609
0.001073
-0.000536
0.000536
0.003219
-0.002146
-0.001073
-0.001073
0.000000
0.003755
0.002682
-0.000536
-0.002146
0.004828
0.003219
-0.003219
0.003219
0.000536
0.002682
0.001609
0.001609
0.000536
0.001073
0.001609
-0.003219
-0.005364
-0.002146
-0.002146
-0.001073
0.003219
0.004828
0.002146
-0.001073
0.000536
-0.001073
-0.003755
-0.003219
0.000536
0.001609
-0.000536
-0.002146
-0.001073
0.000000
0.000536
0.003219
-0.003755
-0.006974
-0.004828
-0.000536
0.001609
0.000000
0.002682
0.001073
0.003219
-0.000536
0.001073
0.004828
0.005901
0.001609
-0.003755
-0.001609
0.001609
0.000536
-0.004828
-0.005364
-0.001073
-0.000536
-0.000536
-0.001073
-0.001609
0.002146
0.000000
0.001609
0.004828
0.004292
0.002146
-0.000536
0.000536
-0.003219
-0.001073
-0.003219
-0.003755
-0.002146
0.002146
0.001609
-0.003219
-0.004828
-0.002146
0.002682
-0.003219
-0.002146
0.002682
0.002682
0.003755
0.005901
0.004292
-0.001073
-0.004828
-0.007510
-0.004828
-0.002146
0.000536
0.003219
0.001609
0.003219
-0.000536
0.001073
-0.001073
0.001073
0.000536
-0.001073
0.000536
0.000536
0.001609
0.000000
0.000536
-0.002146
0.000536
0.003219
0.000000
-0.002682
-0.002682
-0.001073
-0.001609
0.001609
0.001073
0.000536
-0.000536
-0.000536
-0.001609
0.000536
-0.001073
0.000000
-0.001073
0.001609
0.000000
-0.001073
0.003219
0.000536
0.000536
0.001609
-0.000536
-0.002146
-0.001073
-0.005364
-0.000536
0.000536
-0.001609
0.000536
0.002682
0.000000
-0.001073
-0.002146
-0.001073
-0.003219
0.000536
-0.000536
-0.000536
0.005901
0.002682
0.000536
0.000000
-0.002682
0.000536
-0.000536
-0.000536
-0.002146
-0.001609
0.002146
0.003219
-0.000536
0.000536
0.001073
0.000000
-0.003219
-0.002146
0.000536
-0.001073
0.001609
-0.000536
-0.001073
0.003219
0.000536
-0.003755
0.000536
0.002146
-0.002682
-0.001609
-0.002146
-0.005901
-0.003219
-0.001073
-0.002146
-0.000536
-0.002682
-0.000536
0.002682
0.001609
-0.002146
-0.004292
-0.004828
-0.003219
-0.000536
0.000000
0.002146
0.001073
0.002146
0.001609
-0.002146
0.000536
-0.001073
-0.002682
-0.002146
-0.001073
-0.001609
0.001073
-0.000536
0.001609
0.003219
-0.002146
-0.000536
0.003755
-0.003219
-0.006437
-0.003755
-0.000536
0.001609
0.003755
0.001609
0.000000
0.002146
0.000536
-0.002146
-0.003219
0.000000
0.005901
0.004828
0.001073
-0.000536
0.001609
0.001609
0.002146
0.001609
0.000000
-0.000536
-0.000536
-0.003755
-0.003219
0.002682
0.001073
-0.002146
-0.003219
-0.002682
-0.002682
0.002146
0.002146
0.004828
0.002146
-0.002146
-0.003219
-0.001073
0.000536
0.001073
0.001609
0.005364
0.000000
0.000536
0.001609
0.001609
0.000536
0.000000
0.000000
-0.003755
-0.003219
-0.003219
-0.001073
-0.001073
-0.000536
-0.001073
0.004292
0.001073
0.000536
0.000536
-0.003219
-0.001073
0.001609
0.002146
-0.000536
0.000000
-0.000536
-0.001073
0.002146
0.001609
-0.001609
-0.000536
-0.004828
-0.002682
-0.000536
0.001073
-0.003219
-0.001609
0.002146
-0.002682
-0.000536
0.003219
0.005901
0.004828
-0.002146
-0.003219
-0.002146
-0.000536
0.002146
0.002146
0.001609
0.001073
-0.000536
0.001609
0.001073
0.001073
-0.001609
-0.003755
-0.001609
-0.003755
-0.002682
-0.001073
-0.001609
-0.002146
-0.000536
0.000536
0.001073
0.000536
-0.002146
-0.009656
-0.001073
0.001609
0.003755
-0.000536
0.000536
0.001073
0.001073
0.002682
0.000536
-0.000536
-0.004292
0.002146
-0.000536
0.004292
0.003219
0.000000
-0.004828
-0.003755
0.001609
0.000536
0.002146
-0.001073
-0.001073
-0.000536
0.002146
0.002682
-0.001073
-0.001073
-0.001609
-0.001073
0.002146
-0.003755
-0.005901
0.001609
0.002682
-0.001073
-0.004828
0.001073
0.004292
0.001073
-0.001073
0.000536
0.002682
0.000536
-0.001609
0.002146
0.000536
0.000000
0.000000
0.000536
0.001609
-0.003755
-0.003219
0.000536
0.000536
0.001609
0.000000
-0.000536
0.002146
0.003219
-0.001073
-0.000536
-0.002146
-0.003755
-0.003755
-0.009120
-0.003755
-0.000536
0.002146
-0.001073
0.000000
0.001609
0.004292
0.003219
-0.001073
-0.001609
-0.000536
0.001609
0.000536
-0.001609
0.002682
0.003219
-0.000536
-0.002682
-0.004292
0.000000
0.001073
0.000000
0.002146
0.000536
-0.003219
-0.002682
0.002146
0.004828
0.002146
-0.002146
-0.001073
-0.002146
-0.000536
-0.002146
-0.001073
-0.003755
-0.002146
0.001609
0.004292
0.004292
0.002146
-0.001073
-0.002146
0.000536
0.001609
0.001609
-0.001609
-0.003219
-0.003755
-0.004828
-0.003219
0.000536
0.002146
-0.001073
-0.000536
0.000536
0.000000
-0.000536
0.000000
0.000000
-0.001609
0.002146
0.000536
0.001073
0.000536
-0.001609
-0.002146
-0.002146
0.003219
0.000000
0.001609
0.000536
-0.003219
-0.001609
0.002682
0.004292
0.003219
0.002146
0.001073
-0.001073
0.001073
0.000000
0.001609
0.001073
0.000536
-0.004828
-0.003219
0.000000
0.000536
-0.003755
-0.001073
0.004292
0.002146
-0.001073
-0.004828
-0.004828
0.000536
0.000536
0.000536
-0.001073
0.001073
0.000000
0.003219
0.005901
0.004292
-0.000536
0.000536
0.001073
-0.003755
-0.004828
-0.001073
-0.002146
-0.002146
-0.004292
-0.006974
0.000536
0.002146
0.003755
0.002146
0.001609
-0.001073
-0.001073
0.001609
0.001609
0.000000
-0.002146
-0.002146
0.001073
-0.000536
0.004292
0.002682
0.000536
-0.000536
-0.002146
-0.004828
-0.000536
0.000536
-0.001073
0.001073
0.001609
0.004828
0.003219
-0.001609
0.001609
-0.002146
-0.002146
0.001609
0.001073
0.001073
0.001609
-0.000536
-0.002146
-0.000536
-0.001073
-0.001073
0.001609
0.000536
0.001609
0.000000
-0.004828
-0.003219
0.000000
0.000000
-0.002682
-0.001073
0.004292
0.001609
-0.001073
-0.001073
0.001609
0.003219
0.000536
-0.003219
-0.002682
-0.002146
-0.002146
0.000000
0.001609
0.002146
-0.004292
-0.005901
-0.004828
0.002146
0.002146
0.002146
0.000536
0.004828
0.003755
-0.001073
-0.004828
0.001073
-0.001073
-0.003219
-0.001073
0.000536
0.000000
-0.003755
-0.002146
0.001073
-0.000536
-0.001609
0.001073
-0.003219
0.001609
0.004292
0.005901
0.003219
0.000000
-0.000536
-0.003755
-0.001073
0.001609
-0.001073
-0.000536
-0.006437
-0.004828
0.003219
0.006974
0.002682
0.002146
0.002682
0.000000
0.000536
-0.001609
-0.002146
-0.001073
-0.003219
0.003219
0.003219
-0.002146
-0.003219
-0.000536
-0.004292
-0.002146
0.001609
-0.001073
-0.004292
-0.002146
-0.000536
0.002146
-0.003219
-0.003219
-0.001073
0.001073
0.000536
0.000536
0.004828
0.002146
0.003219
0.004292
0.000536
-0.001609
-0.001073
-0.000536
0.000536
0.002146
-0.001073
-0.002146
-0.001609
-0.002682
-0.001073
0.000000
-0.001073
0.002146
0.002682
0.001073
0.000536
-0.000536
0.000536
0.000536
0.000536
-0.001073
-0.002146
-0.002146
-0.003219
0.001609
0.000000
0.000000
-0.001609
-0.004292
-0.001609
-0.001073
0.003219
0.002682
-0.000536
0.002146
0.004292
0.000536
0.000536
-0.001073
-0.000536
0.000536
-0.001609
-0.004828
-0.004828
-0.003755
-0.001073
-0.000536
-0.002146
-0.001073
0.000536
0.000536
-0.001073
0.000536
-0.001073
0.000536
0.002682
0.001609
-0.003219
-0.003219
-0.003219
-0.001609
0.001609
0.001073
0.000536
0.000000
0.000536
0.001609
0.000536
0.003219
0.002146
-0.001073
0.002682
0.003755
0.003219
0.000536
-0.000536
0.001073
0.000536
-0.000536
0.002146
0.002682
-0.002146
-0.003755
0.000000
-0.002682
-0.003219
0.001609
-0.000536
-0.003219
0.002682
-0.001073
0.002146
0.001073
0.000536
0.000536
-0.002146
-0.000536
-0.003755
-0.007510
-0.004828
-0.003219
0.002682
0.001609
0.000000
-0.003219
-0.002146
0.002682
0.002682
-0.004292
-0.002682
0.002146
0.002682
0.000000
-0.001073
0.002146
-0.000536
0.001073
0.000000
0.000000
0.001609
0.001073
-0.001609
-0.004828
-0.001073
0.000000
0.003755
-0.002146
0.001609
0.003755
-0.002682
-0.004292
-0.001609
-0.001073
0.001609
-0.000536
0.002682
0.005901
0.001609
-0.000536
0.000536
0.002146
-0.000536
-0.003219
0.000536
-0.000536
-0.003755
-0.001073
-0.001073
-0.000536
0.000536
0.000000
-0.001073
-0.002146
-0.000536
0.000536
0.000536
0.001073
0.002146
-0.002146
-0.003219
-0.001073
-0.002146
0.000000
0.005364
0.002146
-0.001073
0.001073
-0.001073
-0.003219
-0.000536
0.001609
-0.000536
0.000536
0.000000
0.000536
0.000536
-0.001609
0.000000
0.003755
0.001609
0.000536
-0.000536
0.003219
-0.000536
-0.002146
-0.002682
-0.001073
-0.000536
-0.003219
-0.006437
-0.001073
-0.001073
0.001609
0.004292
-0.001609
-0.003219
0.000536
0.002146
0.004828
0.002682
0.001609
0.001609
0.000536
-0.001073
0.003219
0.001609
-0.001609
-0.003755
-0.001609
-0.002146
-0.000536
-0.001073
-0.002146
0.001073
-0.000536
-0.001609
-0.000536
0.001609
0.000000
0.000000
0.003755
0.000536
-0.001609
-0.001609
0.001609
0.001609
0.000000
-0.003219
-0.004292
-0.002682
-0.001073
-0.001609
-0.002146
0.000536
0.000000
0.003755
0.002682
0.003219
0.003219
0.002146
-0.003755
-0.005901
-0.003755
-0.004828
-0.002682
0.001609
0.003219
0.004292
0.002146
0.000536
-0.000536
0.000536
0.000000
0.001609
0.000536
-0.001073
-0.001073
-0.001073
-0.003219
0.000536
0.000000
0.002682
-0.000536
0.000000
0.003219
0.001073
0.001609
-0.000536
0.001609
-0.002682
-0.000536
-0.000536
0.000536
0.001073
-0.001073
-0.002146
-0.002682
-0.002682
0.002146
0.001073
0.000000
-0.001073
0.000536
-0.002146
-0.001609
-0.001073
0.002146
0.001609
-0.000536
-0.004292
-0.001609
-0.001609
-0.002682
0.001609
0.002146
0.002146
0.000536
-0.002146
0.001073
0.001073
-0.003219
0.001609
0.000000
0.002146
0.002146
0.004828
0.003219
-0.002146
-0.001073
0.000000
0.003219
0.004292
0.003219
-0.000536
-0.002146
-0.002146
0.002682
-0.000536
-0.001073
-0.003219
-0.000536
-0.000536
0.000536
-0.000536
0.000536
0.002146
0.000536
0.003219
0.003219
-0.003219
-0.003755
-0.003219
-0.002146
-0.003219
-0.002682
0.001609
0.003219
0.002146
0.002146
0.002682
0.002146
0.001609
0.002682
0.000536
-0.003755
-0.001609
-0.001073
0.000000
-0.001073
0.000000
-0.002146
-0.003219
-0.002146
-0.002146
-0.003755
-0.001073
-0.000536
-0.001073
-0.003219
-0.001609
0.001609
0.001073
0.001073
0.003219
-0.001609
-0.002146
-0.003219
0.002146
0.002146
0.001609
-0.001073
-0.000536
0.000536
-0.000536
-0.001073
-0.002146
0.003219
-0.001073
-0.000536
-0.003755
-0.003755
-0.003755
0.000536
0.003219
0.003219
0.001073
-0.000536
0.000536
-0.001609
0.001609
-0.003219
-0.004828
-0.002146
0.002146
0.001073
-0.001073
-0.001073
0.000000
0.000000
0.001609
0.001073
-0.000536
-0.003219
-0.002146
0.006437
-0.003219
0.001073
0.003219
0.002146
0.003755
0.005364
0.000536
-0.002146
-0.002146
-0.001073
-0.004292
-0.005901
-0.005901
-0.002146
0.001073
0.004292
0.002146
0.001609
0.000536
0.000000
0.002146
0.001073
-0.002146
-0.002682
-0.001609
0.002146
0.001609
-0.000536
0.002146
0.003219
0.002146
-0.001073
-0.002682
-0.004292
-0.001073
-0.005901
-0.003755
0.001073
0.003219
0.000000
-0.003219
0.000536
-0.001609
-0.001073
-0.003219
-0.000536
0.001609
-0.001073
0.001073
-0.002146
-0.001609
-0.002682
-0.000536
0.004292
0.002146
0.001609
-0.001073
0.001609
0.002146
0.001609
0.002146
0.001073
0.003755
0.002682
-0.002146
-0.001609
-0.001073
-0.001073
-0.002146
-0.002146
0.000536
-0.000536
-0.004828
-0.002146
0.001073
0.001609
0.001609
0.001073
0.002146
0.001609
0.000000
0.000536
0.003219
-0.000536
-0.002146
-0.000536
-0.002682
-0.002146
-0.001073
-0.001609
-0.003755
-0.004292
0.004292
0.003755
0.001073
0.001073
-0.000536
-0.002146
0.002146
0.004828
0.002682
0.001609
-0.002146
-0.002146
-0.001073
0.000000
0.001073
-0.001609
-0.002682
0.003219
0.000000
-0.001073
-0.000536
0.001609
0.002146
-0.000536
-0.002146
-0.004292
-0.000536
-0.001073
0.000536
0.001073
-0.000536
0.003755
0.002146
0.002146
0.000536
-0.002146
-0.003219
0.000536
0.003219
-0.000536
-0.002146
-0.003219
-0.002146
-0.000536
-0.001073
-0.002682
0.000536
0.000536
0.001609
0.001609
-0.000536
-0.001073
-0.003219
0.000000
0.000000
0.001609
0.001609
-0.000536
0.000536
0.003219
-0.002682
-0.003219
0.000000
0.002682
-0.000536
-0.000536
-0.001073
0.003219
0.004292
0.000536
-0.001609
0.001073
-0.001609
-0.001073
0.000000
0.003219
0.001609
0.000536
0.001073
-0.001073
-0.001609
-0.002682
-0.002146
0.001073
0.000536
-0.002146
0.001073
0.004292
-0.001073
0.000536
0.000536
-0.001073
0.000000
-0.002682
-0.002146
0.002146
0.005364
0.002682
0.000536
0.001609
0.001073
-0.000536
0.001073
-0.002146
-0.001609
-0.001609
-0.002146
-0.001609
0.003219
0.004292
0.003219
-0.001609
-0.000536
0.000000
-0.008047
-0.004828
-0.004828
0.941992
3.024996
0.410914
0.205994
9.479465
31.513813
23.540678
7.286490
26.238445
65.117607
71.019005
51.548847
55.669792
93.306015
110.420662
92.328613
81.545059
111.197968
141.452209
132.893814
114.785149
132.820328
170.413086
174.248108
153.111771
156.727386
193.997772
211.908493
194.848038
187.015961
220.227631
252.109436
245.275177
230.319168
253.161407
-217.804077
-211.594772
-229.890121
-222.197006
-180.071823
-160.218643
-177.389618
-184.595642
-150.560013
-120.877075
-137.770172
-166.568512
-158.417282
-131.470734
-141.930267
-183.989456
-198.529724
-178.049973
-184.355316
-231.149139
246.714447
-255.827606
-249.956787
224.117905
179.523483
177.384689
192.943665
168.893890
119.947868
100.532425
113.298668
96.436157
40.651562
5.148232
12.010397
17.163458
2.983153
0.025213
0.004292
0.001609
-0.001609
-0.001073
0.002682
0.003219
0.003755
0.002682
-0.001609
-0.003219
-0.003219
0.000000
-0.005364
0.000536
0.000000
-0.002146
-0.003219
-0.003755
0.001609
0.003219
0.000000
0.003755
0.005364
0.003219
-0.001073
0.002682
0.000536
0.003219
-0.001609
-0.001609
-0.001073
0.001073
0.003219
-0.002146
-0.003755
0.017703
0.055254
0.018239
0.018239
0.180244
0.928044
0.631929
0.026286
0.241399
5.140722
7.475317
0.633538
0.021994
3.145695
9.727300
2.143622
0.018239
0.786424
4.898251
2.148450
0.036478
-0.004292
0.135720
0.358880
0.016630
-0.005901
0.001609
0.000536
-0.000536
-0.002146
-0.004828
-0.001073
0.005364
-0.002146
-0.002146
0.003755
-0.000536
0.000536
-0.001073
-0.001609
0.001609
0.002146
-0.001073
-0.003755
0.001073
0.000000
-0.002146
-0.001073
0.000536
-0.001073
-0.002682
-0.003219
-0.004292
0.000536
0.001609
0.003219
0.000536
0.016093
0.032187
-0.011802
0.060618
2.807200
5.344570
0.624955
0.227451
6.677092
18.441261
8.199513
0.359416
5.248011
22.911968
18.024982
2.708495
2.726734
20.024302
24.101797
7.023633
1.065910
12.157383
24.195675
11.047483
0.641584
4.507721
18.939079
12.493731
1.025677
0.570774
6.027997
6.358982
0.464559
0.006974
0.274122
0.758529
0.049889
0.001073
-0.001073
0.005901
0.004292
0.003219
-0.001073
-0.004828
-0.001609
0.000536
0.000000
0.000536
0.000536
-0.003755
-0.003219
-0.000536
-0.004828
-0.000536
0.000000
0.001609
-0.001073
0.000536
0.001609
0.004292
0.003219
0.002682
0.002146
-0.001609
0.003219
-0.000536
-0.003755
-0.005364
-0.000536
0.003219
-0.002146
-0.002146
-0.002146
-0.000536
0.000536
-0.002146
-0.004828
-0.001609
0.002682
0.004828
0.003219
0.003219
-0.002146
-0.001609
-0.002146
0.001073
0.002146
0.001609
0.001609
0.000536
-0.002146
0.000000
0.004292
0.002146
-0.000536
-0.001073
-0.000536
-0.003219
-0.002146
0.000536
0.000536
0.000000
-0.001609
-0.000536
0.001609
0.001609
0.000000
-0.003755
-0.000536
0.002146
-0.001073
-0.000536
0.002146
0.001609
0.001609
0.001073
-0.001073
-0.003755
-0.004292
-0.002146
-0.003755
0.002146
0.001609
-0.001609
-0.003219
-0.000536
0.001073
0.001609
0.000536
0.000536
0.001073
0.002682
0.002682
-0.002146
0.000536
0.001609
0.002146
-0.001073
0.001609
-0.000536
-0.001073
-0.003755
-0.007510
0.000536
0.000536
0.001609
-0.000536
-0.001609
-0.003219
-0.003219
-0.001073
-0.002146
-0.003219
-0.002682
-0.001073
0.003219
0.005364
0.002146
0.001073
0.002146
0.002682
-0.001073
-0.003755
-0.001609
0.001073
0.003219
0.004292
-0.001073
-0.002682
0.002146
0.004828
0.002682
0.001609
-0.000536
-0.000536
0.002146
0.000536
-0.003219
-0.003755
-0.003219
-0.001073
-0.000536
-0.000536
0.001609
0.004292
0.003755
0.003219
0.004292
0.005364
-0.000536
0.000536
0.001073
-0.003219
0.001609
-0.000536
-0.004828
-0.001609
0.000000
0.000536
-0.001073
0.000536
0.002146
0.001609
0.002682
0.000536
-0.000536
-0.000536
-0.002146
0.000536
-0.000536
-0.003219
-0.002682
0.000536
0.001609
-0.001609
-0.001073
-0.004828
0.000536
-0.000536
0.000536
0.001609
-0.000536
-0.003219
-0.000536
0.002146
0.001609
0.000000
0.004828
0.001073
-0.001609
-0.000536
0.002146
0.001609
-0.000536
0.000536
0.001609
-0.001073
-0.004828
-0.006437
-0.003219
-0.000536
0.001609
-0.000536
0.004292
-0.002682
-0.004828
0.003219
0.003755
0.002682
0.003219
0.000000
-0.001073
-0.001073
-0.001609
-0.002146
-0.000536
-0.004828
-0.002146
-0.000536
-0.000536
0.001609
0.005364
0.005364
0.003219
-0.001073
-0.000536
0.002146
-0.001073
-0.003219
0.000000
-0.000536
-0.003219
-0.003219
-0.001073
-0.003755
0.000000
0.002682
0.000000
0.000536
0.000000
-0.002146
-0.000536
0.001609
-0.001073
0.002682
0.003755
0.000000
-0.002146
-0.004828
-0.005364
-0.005901
-0.000536
0.001073
-0.002146
0.001609
0.001073
-0.002146
-0.003219
0.001609
0.004828
0.004292
0.002146
0.001609
-0.003219
-0.002146
-0.002146
-0.000536
-0.000536
-0.001073
-0.004828
-0.003755
-0.001073
0.003219
0.004292
0.004828
0.000000
-0.000536
0.000536
0.000536
-0.001073
0.001609
-0.000536
-0.002146
-0.000536
0.004292
0.001073
-0.003755
-0.002146
-0.001073
-0.002146
0.000000
0.003219
0.000536
-0.002146
-0.001073
0.003755
0.003755
-0.002146
-0.001609
0.000000
-0.003755
0.000536
0.004828
0.000536
-0.000536
0.000536
-0.000536
0.000536
0.004292
-0.001073
-0.002682
0.002146
0.002682
-0.002682
-0.001609
-0.002146
-0.001073
-0.003755
-0.003755
0.001073
0.004292
0.004828
0.001073
0.002146
0.003219
0.001073
-0.001609
-0.003219
0.000000
0.001609
0.002146
-0.000536
-0.002146
-0.000536
-0.003219
-0.003755
0.001073
0.003219
-0.004292
-0.003219
-0.003219
-0.001609
-0.001609
-0.003219
0.001073
0.002146
0.008583
0.004828
0.001609
0.000536
0.001073
0.001609
-0.001609
0.000000
-0.002682
-0.001073
0.002682
0.002146
-0.001073
-0.001073
-0.002146
-0.001609
0.001609
0.002146
0.000536
-0.003219
-0.004828
-0.004292
-0.002682
-0.000536
0.001609
0.004828
0.001073
-0.003755
-0.004828
-0.004828
-0.002146
0.002682
0.001609
-0.001073
0.000536
0.001073
-0.002146
-0.000536
0.004292
0.002146
0.001609
0.001609
0.001609
-0.002682
0.001073
0.003219
0.001073
-0.003755
-0.002146
0.001609
0.003755
-0.001073
-0.002146
0.003219
-0.000536
-0.002682
-0.000536
0.000536
0.000536
-0.000536
-0.003219
-0.003755
-0.000536
-0.000536
0.000536
-0.001073
0.001609
0.001073
0.004292
-0.000536
-0.001073
0.000536
0.001073
0.000000
0.000000
-0.003219
-0.001073
-0.001609
0.001609
0.001609
0.000000
-0.001073
0.001609
0.003219
0.001609
0.002146
0.001073
-0.002146
-0.002146
-0.006437
-0.005901
-0.003219
-0.001073
-0.003755
-0.002682
0.000536
0.001073
-0.001073
-0.001073
0.000536
0.002146
0.003219
-0.000536
0.001073
-0.003219
-0.002146
-0.000536
-0.001073
-0.002682
0.001073
0.000000
0.000536
0.001073
0.001609
0.000000
-0.000536
0.000000
-0.000536
-0.000536
-0.000536
0.001609
-0.001609
-0.003219
-0.004828
-0.003755
0.000000
-0.000536
0.004828
0.006437
0.003755
0.001073
-0.000536
-0.006974
-0.002146
0.001609
-0.003755
-0.003755
-0.000536
0.001609
0.004292
0.001609
0.002146
0.000536
0.000000
-0.001609
-0.003755
-0.000536
0.001073
0.000536
-0.000536
0.001073
0.004292
-0.000536
-0.000536
0.002146
0.000000
0.001073
0.000536
-0.004828
-0.006974
-0.006437
-0.004828
-0.002146
0.000536
0.003219
0.001609
-0.003219
-0.002682
-0.001073
0.003219
0.002682
0.002146
-0.002146
-0.003755
0.000000
0.002682
0.002146
0.000536
0.003219
0.002146
0.003219
0.004828
0.001609
-0.001073
-0.003219
-0.000536
0.000000
0.001609
-0.001609
-0.003219
-0.003219
-0.003219
0.000536
0.002146
0.006437
-0.001073
-0.000536
0.000000
-0.002146
-0.003219
-0.001609
-0.003755
-0.000536
0.000536
0.001609
-0.002146
-0.006437
0.001073
0.002146
0.003755
0.002146
0.000536
0.002146
-0.002146
-0.002682
0.001073
0.001609
-0.003755
-0.002146
0.000536
-0.002682
-0.000536
0.000536
0.000000
0.000000
0.001609
0.000536
0.000536
0.001073
0.001609
-0.000536
-0.000536
0.001073
-0.003755
-0.007510
-0.002146
0.002682
0.005901
0.003219
-0.004828
0.001609
0.003755
-0.001073
0.001073
0.003219
0.000536
0.001073
-0.004828
-0.001609
0.003219
0.000536
-0.000536
-0.003219
-0.002146
-0.002146
-0.003755
-0.005901
-0.004828
-0.001073
-0.001609
0.002682
0.005901
0.004828
0.002146
0.006974
0.004292
0.000536
-0.002146
-0.000536
-0.000536
-0.002682
-0.003755
-0.004292
0.001073
0.002682
0.001609
0.005364
0.004292
-0.001609
-0.004292
-0.004828
-0.003755
0.003219
0.001609
0.003219
0.003219
0.004292
0.001609
0.000000
0.000536
0.004292
0.003219
0.000536
-0.001073
-0.002146
0.003219
-0.000536
-0.004828
-0.004828
0.000000
-0.000536
0.001073
0.001073
0.002682
-0.003219
-0.006437
-0.003219
0.000536
-0.003219
-0.003219
0.002146
0.002146
0.003755
0.002146
0.001609
-0.002146
-0.004292
-0.003755
-0.001609
-0.004292
-0.002682
0.002682
0.002146
0.001609
-0.000536
-0.000536
-0.002682
-0.001073
0.001609
0.004292
0.000536
-0.000536
0.001073
-0.002146
0.001073
0.001609
0.001073
-0.003755
-0.001073
-0.000536
-0.000536
-0.000536
0.001073
0.000000
0.001609
0.002146
0.000000
-0.000536
-0.000536
-0.002146
0.000000
0.000536
0.002146
-0.003219
0.000536
0.000536
-0.001609
-0.000536
0.002146
0.002146
-0.003219
-0.004292
-0.003755
-0.004828
-0.000536
0.001073
0.000536
0.000536
0.000536
0.002146
0.002146
-0.001073
-0.000536
0.003219
0.003219
-0.002146
0.000000
0.000536
0.002146
-0.000536
-0.003219
-0.000536
0.000536
-0.001073
0.000536
0.001073
-0.001609
-0.003219
