0.001609
-0.001609
-0.004828
-0.001073
0.000000
0.001609
0.000536
0.002146
0.001609
0.000000
0.002146
-0.001073
-0.000536
-0.004828
-0.000536
0.000536
-0.001073
-0.003219
0.001609
0.002146
0.000536
0.002146
0.002146
-0.002682
0.003219
0.001609
0.000000
-0.003219
-0.001073
-0.001073
0.001073
-0.001073
0.002146
0.000536
-0.002146
-0.001073
0.000000
-0.003219
-0.000536
0.003755
0.000000
-0.001073
-0.003755
-0.003755
-0.003219
-0.003755
-0.001609
-0.002682
-0.002682
0.000536
-0.000536
0.000000
0.001073
0.002146
0.003755
0.001609
-0.000536
0.000536
0.003755
0.000000
0.000000
0.001609
0.001609
-0.001609
-0.003755
-0.000536
0.003755
0.000536
0.000536
0.000536
-0.001609
0.000536
0.002682
0.002682
0.000000
-0.002682
-0.004828
-0.003219
-0.001073
-0.002146
0.000536
-0.001073
-0.003755
0.000000
0.002682
-0.002146
-0.001609
0.002146
0.002682
-0.001073
-0.001073
-0.000536
0.001609
0.003219
0.000536
-0.002146
-0.001073
-0.003755
-0.009120
-0.007510
-0.001073
0.000536
0.002146
0.003219
0.000536
-0.002682
-0.001609
-0.002682
-0.001609
-0.003219
0.001073
0.000536
-0.002146
0.000536
0.002146
-0.005901
-0.008583
-0.005364
-0.005901
-0.001073
0.000536
0.002146
-0.000536
-0.003219
-0.001073
0.001609
0.001609
-0.003219
-0.000536
-0.000536
-0.002146
-0.002146
-0.003219
-0.002146
0.003755
-0.000536
-0.003219
0.001609
0.005901
0.005901
0.000536
-0.001073
0.000536
-0.001073
0.002146
0.002682
-0.002682
-0.004292
-0.004828
0.003755
0.003219
-0.000536
-0.001073
0.000536
0.001609
-0.000536
-0.001073
-0.002146
-0.004828
-0.002146
-0.002146
-0.004292
0.000536
0.002146
0.003755
0.002682
0.004292
0.000536
-0.000536
0.000000
-0.005901
0.000536
0.000536
0.001609
0.000536
0.003219
0.001073
-0.000536
-0.001609
-0.005364
-0.003755
0.001073
0.002146
-0.002146
-0.003755
-0.000536
-0.002146
-0.003755
-0.004292
0.003219
0.003755
0.002682
-0.000536
0.001073
-0.002146
-0.002682
-0.001073
-0.001073
0.001609
0.004292
0.003755
0.001609
0.001609
-0.003219
-0.000536
0.001609
0.001609
-0.002146
-0.001609
-0.000536
-0.001609
0.002146
0.000536
-0.001609
-0.003219
-0.003219
0.000536
0.000000
-0.001073
-0.001073
0.000536
-0.001609
-0.001073
-0.000536
-0.001073
-0.000536
-0.000536
-0.002146
0.000536
0.001609
0.004828
0.000536
0.002146
0.002682
0.000000
0.002146
0.003755
0.002146
-0.002682
-0.001609
-0.001073
0.000536
0.001073
0.001609
-0.001609
-0.004292
-0.004828
-0.007510
-0.002682
0.001073
0.002146
-0.002146
0.000536
0.006437
0.003755
-0.002146
-0.004292
0.000536
0.003755
0.001609
0.001073
0.001609
0.004292
0.000536
-0.000536
0.001609
0.002682
0.000536
-0.001073
-0.005901
-0.002146
0.004292
0.002682
0.002146
-0.000536
-0.002146
-0.002682
-0.002146
-0.003755
0.001073
0.004292
0.000000
0.001609
-0.001073
-0.001073
0.000536
0.002146
0.001609
-0.000536
0.000536
-0.001073
-0.005901
-0.000536
0.003219
-0.000536
-0.002146
0.001609
0.001073
0.001609
0.000536
0.001609
-0.000536
-0.003219
0.001609
0.004292
0.001609
0.000000
-0.004292
-0.001609
-0.001073
-0.000536
-0.001073
-0.001073
0.000536
0.000536
0.000536
0.001609
0.001073
-0.003755
-0.002682
-0.003755
0.000536
-0.002146
-0.002682
-0.003755
-0.002146
-0.001609
0.002146
0.001609
-0.000536
0.003219
0.004292
-0.000536
0.000536
-0.001073
-0.001073
0.001073
0.000000
0.002146
-0.000536
0.001073
0.001609
0.003755
-0.002146
-0.001073
-0.003755
-0.003755
-0.002146
0.000536
-0.004828
-0.006974
-0.003219
0.000536
-0.004292
-0.079393
-0.254273
-0.339031
-1.213968
-6.446422
-12.633206
-16.247751
-23.509563
-33.423546
-38.136723
-37.848656
-40.652637
-44.451180
-48.520634
-50.559113
-52.161461
-58.298355
-64.413795
-66.673286
-67.145355
-68.199997
-74.126610
-77.906914
-77.114052
-75.955338
-80.802094
-87.776367
-93.955643
-102.098839
-109.648186
-118.334251
-123.277557
-121.485847
-120.247200
-125.057472
-129.626892
-128.197266
-131.235138
-137.190186
-141.099762
-141.115326
-139.341843
-140.873917
-146.811264
-152.565674
-152.868225
-154.461456
-158.452042
-158.815216
-154.889008
-153.507660
-163.034866
-171.801941
-169.912048
-171.434479
-177.897522
-186.275146
-190.220139
-189.091461
-188.873657
-192.572449
-193.709167
-193.630844
-196.729874
-203.419296
-210.184372
-213.609543
-213.107971
-216.790649
-217.762146
-216.029968
-213.632614
-211.966965
-215.217270
-214.578903
-212.212112
-212.315643
-218.413391
-218.721832
-215.127670
-211.691772
-213.619202
-216.713928
-216.139404
-215.371216
-216.590561
-216.780991
-217.784668
-220.796799
-223.882401
-234.222321
-241.949234
-240.429489
-239.698853
-246.559952
-252.380875
255.793823
255.127014
252.916885
247.171051
243.428299
242.961594
242.340927
240.887711
239.513885
238.077286
237.378311
234.703613
230.269379
226.774460
226.121613
221.268417
215.482361
213.052811
210.679596
206.507156
200.944794
196.800232
196.778778
195.832504
189.486374
183.872513
182.445038
184.106934
180.518143
172.715591
164.249466
164.805756
162.860626
157.803055
156.181915
158.494522
160.770111
157.967743
150.421616
145.372620
143.838928
142.096039
138.948196
136.687622
138.492218
137.816299
131.126877
126.688889
126.026917
125.409477
120.833626
113.637260
108.796944
107.538452
105.235504
101.982529
98.112633
96.332718
94.944939
91.734871
87.285088
85.169891
84.138855
80.619255
74.726982
72.500748
73.510330
73.403580
68.820755
66.453438
66.115479
64.957306
60.750526
58.624607
62.476799
66.345078
63.768547
59.369728
55.945618
57.163342
57.632191
57.208939
56.700928
56.157513
55.426342
51.708801
50.455673
51.637989
51.386398
49.271744
46.771385
45.815449
45.901279
45.368053
44.077911
40.909687
39.463440
37.137966
30.231813
23.940958
22.401907
19.233145
15.413143
12.272812
10.513282
11.987961
11.450982
8.622325
5.695498
2.743459
0.488793
-5.009199
-4.753853
-2.346838
-4.735077
-12.749519
-18.963661
-19.786026
-19.074167
-20.916309
-22.794392
-22.920992
-23.361948
-25.893417
-26.957182
-30.256300
-32.364517
-34.510284
-39.505630
-43.027370
-43.942001
-40.973335
-40.407387
-44.108299
-46.737400
-45.869438
-48.610661
-53.698273
-55.550072
-56.184143
-57.875008
-62.211605
-65.459763
-65.981720
-64.584290
-64.294075
-67.317459
-71.869705
-71.022125
-70.974922
-74.126511
-77.013107
-75.609238
-74.550842
-76.457893
-77.827965
-77.382713
-76.108665
-77.573151
-79.825134
-79.286011
-76.259407
-76.641350
-79.973732
-82.689735
-82.378059
-81.659233
-83.075439
-83.520149
-82.837791
-82.171532
-83.381210
-88.163048
-91.198776
-92.332275
-94.560120
-99.185867
-102.858345
-101.569809
-97.821159
-98.917107
-102.214081
-101.952827
-98.213295
-98.375839
-100.675560
-103.650665
-104.012764
-106.398323
-108.776367
-109.318176
-104.946716
-100.877266
-102.607826
-105.815208
-106.896141
-106.373650
-108.413734
-112.059395
-113.423569
-111.715538
-111.912407
-114.430466
-115.872421
-114.843529
-113.961082
-115.909973
-117.289169
-117.153984
-113.733093
-113.570015
-117.754257
-119.945625
-119.032600
-119.670967
-121.133842
-122.226578
-121.750214
-121.791519
-124.092857
-128.335571
-130.961456
-131.335358
-133.188766
-134.138809
-134.057800
-135.888672
-137.509796
-139.804169
-142.077606
-140.914063
-140.051468
-141.232712
-143.382767
-146.646484
-147.180237
-145.715759
-146.129883
-146.046204
-144.440094
-145.043060
-148.174271
-147.389450
-144.999603
-142.536804
-144.184753
-147.460266
-151.309769
-153.507568
-157.576477
-163.040146
-165.317871
-163.212341
-162.093323
-163.625931
-163.609848
-162.958069
-161.480164
-162.333649
-163.900055
-162.639954
-159.727615
-161.498413
-165.463791
-165.898300
-166.448151
-168.250595
-172.553940
-175.722702
-175.888992
-175.142807
-177.191483
-178.399002
-177.438782
-174.510345
-174.476547
-176.793442
-177.869003
-174.908386
-172.227783
-175.062332
-179.580246
-176.747833
-172.650497
-171.937027
-171.529861
-172.854874
-171.484802
-168.878235
-167.583801
-166.034561
-164.072784
-163.859818
-165.620422
-167.019470
-166.758224
-164.753006
-168.141708
-169.604050
-166.600510
-164.302383
-164.324387
-167.422867
-169.627640
-168.037628
-165.899368
-168.231827
-170.500443
-171.854416
-172.327026
-174.678787
-174.892822
-173.932587
-171.515915
-171.602295
-173.516846
-176.261292
-176.323517
-176.391098
-178.838348
-181.491058
-182.753311
-182.547852
-183.362701
-185.710175
-186.361954
-185.883972
-186.411835
-188.133286
-186.794861
-181.905731
-178.252563
-178.681717
-181.021667
-181.919144
-180.574280
-182.330582
-185.574448
-186.517517
-185.650620
-187.486328
-189.673401
-189.732956
-187.170364
-185.210205
-186.561508
-188.034576
-188.350006
-189.595627
-192.574493
-195.154251
-196.082291
-194.545380
-195.194473
-201.270752
-204.793564
-203.158493
-202.547485
-206.124481
-209.308258
-207.959106
-208.337296
-212.938904
-217.659058
-219.127823
-218.848343
-219.861679
-221.671097
-222.580368
-222.274063
-220.921158
-221.158798
-221.177567
-219.539276
-218.981384
-221.274139
-223.891434
-222.985382
-219.929810
-219.956635
-221.233368
-223.776627
-225.647202
-226.509262
-229.320221
-230.658112
-228.781097
-226.340286
-227.813354
-230.407593
-231.544846
-230.905411
-232.977142
-236.863663
-237.510620
-236.919998
-237.241318
-238.968124
-240.272217
-237.179092
-234.759201
-235.077316
-236.072418
-234.727020
-232.824799
-233.847794
-236.515518
-237.247223
-236.940384
-237.488083
-241.250153
-246.133911
-245.133453
-244.651199
-248.733521
-250.118607
-247.999130
-247.020126
-248.610138
-252.217163
-254.970718
-254.097397
-254.426773
254.294556
252.443298
254.979050
-255.172424
255.618500
253.234009
252.960419
251.716415
251.661697
253.398697
253.513504
254.695282
255.297165
252.818802
249.122177
248.372772
247.938797
246.083237
245.982925
248.193069
250.088852
248.602371
246.689957
246.281723
246.088608
244.002380
241.738068
239.516113
239.997314
241.321243
237.982437
234.241821
237.894455
243.339874
243.998093
241.914017
240.972565
242.873703
241.469849
238.010330
236.298538
238.747940
239.734985
237.815598
236.261536
235.732590
236.682632
235.897278
232.181885
230.026459
230.674484
230.119263
227.019714
223.868118
222.386993
221.206833
219.747711
218.872772
219.334641
222.126282
221.416031
220.374268
221.597885
225.482803
227.684357
226.919388
225.249451
224.008667
222.224457
219.054626
216.252243
216.002274
218.203293
216.424988
212.271851
211.128693
212.594788
213.415009
213.003021
212.223038
211.957489
212.280975
210.741379
208.550552
208.437363
209.978027
208.822525
205.214417
203.394806
204.942978
204.475739
202.004349
200.370346
201.300003
201.784409
199.229874
196.610428
196.502075
197.126495
196.717178
194.676025
194.265106
196.151245
196.175919
193.839172
191.661209
192.124176
193.042557
192.281891
191.869888
192.457840
193.150391
193.736176
191.441269
190.034180
189.757370
188.350830
185.105881
183.524460
184.096298
185.567230
183.435410
180.646988
179.824615
181.872757
180.749985
177.886459
178.194901
180.018265
179.502747
176.919250
175.785217
176.692337
177.703522
174.593231
171.349915
171.883133
174.417816
172.570847
169.218094
168.096390
169.134933
169.262085
167.875381
166.820724
168.413956
169.814606
166.970398
164.418015
163.620850
163.712585
163.469040
162.974976
164.102051
166.822876
167.670456
166.103516
164.329498
165.049393
165.356781
164.335403
163.763016
163.337616
163.828461
162.960495
160.380753
160.560455
163.090851
163.495331
161.632263
159.815872
160.455856
160.394699
158.532166
156.512466
156.126221
156.480286
155.851563
154.745422
154.522263
156.377289
157.169067
155.771637
154.302322
154.637070
153.834549
150.001678
148.015762
148.886414
150.339096
149.212036
147.312485
147.520096
149.332199
148.853149
146.558258
144.908691
146.844177
148.330658
146.726700
146.694504
147.324829
149.298401
148.893921
145.966019
146.012695
147.802261
148.947556
147.352722
146.506210
147.733063
148.793610
148.153625
146.302902
145.330872
145.751984
145.132385
143.346573
142.133148
142.674408
141.501755
138.197266
136.110504
137.380798
138.313675
136.811646
135.542953
136.451157
137.726807
137.286392
135.316040
134.666946
134.815002
132.865036
129.739197
128.291870
129.414108
129.495117
127.326813
125.699249
126.126259
127.745773
126.737267
123.504662
123.941330
125.910606
125.920265
123.586739
121.553627
122.534241
123.304573
121.420052
118.702972
116.785728
116.564178
114.528923
112.074699
112.171799
112.959290
112.119759
111.110710
110.739494
111.470665
112.642792
111.489441
109.898354
110.685852
112.065041
109.992233
105.423897
103.929901
104.087082
103.623596
101.072281
99.310066
100.768112
100.657074
99.025749
97.872940
97.987740
99.807884
99.090660
97.636902
98.282784
99.216187
98.036018
94.837204
92.975754
93.510048
94.942352
93.295471
92.003723
92.155533
93.433876
91.387886
88.907913
89.624069
90.532265
89.801628
89.347801
89.485664
91.482834
93.380768
90.424438
88.572105
88.692268
89.005013
86.136658
82.603653
81.783432
83.332138
84.224243
82.548935
81.415970
84.248383
85.860390
83.407242
82.538208
84.905525
87.764755
86.900017
85.274055
85.269234
85.865219
85.475227
84.261795
83.452843
83.364326
82.819839
79.754074
77.955917
78.922585
81.028122
81.223923
79.196709
78.377563
78.992859
80.196640
78.872696
77.557884
78.185516
78.893623
76.093391
73.224503
72.318451
72.802322
72.532494
71.195145
70.882935
71.556168
71.432785
70.312164
70.035355
71.166176
72.172539
70.419983
68.196968
68.398140
70.114212
68.659386
65.881691
66.105385
68.121872
68.338593
66.407936
65.361877
67.064545
68.453926
66.689034
64.968124
64.979393
66.454605
65.757233
64.097481
63.273506
64.793785
64.590469
61.557430
59.700268
60.164291
60.900826
60.231884
58.417099
59.885880
61.358410
60.187897
58.949787
59.589764
61.362167
61.378258
59.095699
59.481937
62.485474
64.268608
62.578278
61.901291
62.333664
63.256340
61.475357
59.324223
60.087044
62.832554
62.389450
60.037689
58.697659
60.357948
61.523636
61.025818
60.612221
60.977001
62.337418
61.194798
58.020668
56.619484
56.471428
56.802948
55.755814
53.742546
53.082722
52.448650
50.968071
49.736935
50.518532
52.245338
50.996502
48.455376
48.487564
50.968605
52.360672
50.984699
50.087769
51.839252
53.262966
51.391323
49.288471
49.668270
51.018494
49.756248
47.863140
48.423191
49.332996
48.823376
46.814396
45.835392
46.170132
45.953407
43.250813
41.164593
41.632904
44.275955
43.486313
40.515499
39.917900
41.963352
41.770233
40.286972
39.369656
40.359394
41.203751
39.694206
38.140133
38.422836
39.081051
37.709370
34.912361
34.364655
34.645214
33.389942
30.697540
28.262630
29.010967
29.539898
27.845814
25.178627
25.802507
26.949421
26.333050
24.785950
25.460794
27.402714
28.427319
26.049809
23.619188
24.439945
25.487617
24.809555
23.877216
24.920061
26.134565
24.199083
22.178305
21.630598
23.339701
23.310198
20.903719
18.875969
20.197226
20.994915
17.992449
15.541984
15.989912
18.767609
18.289103
15.780701
15.523209
16.556395
16.457153
14.391315
13.256742
14.311386
15.179886
14.321579
14.025463
13.901009
14.992130
14.539910
12.627495
12.196196
13.967527
15.057040
13.793720
13.723982
15.823079
16.258133
13.485802
12.139870
12.997104
13.434303
12.857629
10.912490
10.423791
11.757922
11.388850
9.825122
10.419499
12.944532
13.684286
11.718225
10.654998
11.179101
12.910736
12.736929
10.826659
10.184002
10.835778
9.954942
7.995319
7.500184
8.415353
7.342470
4.014921
1.589667
1.951229
4.278850
4.358243
2.308499
2.919506
5.866181
6.362391
3.821265
4.128646
6.595743
8.109582
6.775451
4.291725
3.624928
4.107725
3.851842
1.595031
0.921260
4.186046
5.769622
5.342614
5.855453
6.648850
7.562411
4.350733
0.571500
0.050079
0.211011
-1.834978
-4.530062
-3.893305
-2.960969
-4.466225
-6.673684
-7.428457
-6.739130
-6.181230
-9.155800
-11.574616
-11.392226
-10.642817
-12.146463
-14.211765
-14.192453
-12.230685
-12.603512
-15.689662
-17.190090
-16.881636
-16.748598
-19.081047
-20.250490
-20.053616
-18.266729
-19.196383
-21.448364
-22.282532
-20.925333
-20.799271
-22.837749
-23.490063
-23.655287
-23.375799
-26.498430
-29.820614
-29.242329
-27.546101
-28.748266
-31.664902
-32.609039
-31.091980
-30.642979
-32.206707
-32.352619
-32.057041
-33.469490
-35.563225
-36.034218
-33.746830
-32.410557
-33.739323
-34.947926
-35.608822
-35.804623
-36.221973
-38.308731
-38.654202
-35.970383
-33.926003
-33.397072
-33.802086
-32.949142
-31.101637
-31.947605
-34.384663
-34.972065
-32.468491
-31.930439
-34.879261
-38.029781
-38.371494
-39.349430
-41.279011
-43.659740
-43.034248
-41.117004
-42.018227
-43.792778
-44.177406
-43.026203
-42.947346
-43.662422
-44.350140
-42.864197
-40.887943
-41.770927
-43.048733
-41.489834
-39.576881
-40.649765
-42.811626
-42.566471
-40.856831
-41.243069
-43.041222
-43.127590
-41.260773
-40.102592
-41.670612
-43.131344
-42.599731
-41.922203
-42.329899
-43.838909
-44.898384
-44.205299
-44.709557
-47.398739
-48.881470
-47.852032
-46.362331
-47.552162
-48.361118
-47.042004
-45.312515
-46.111279
-47.491543
-47.315052
-46.526485
-46.495373
-47.703976
-48.786518
-47.551624
-46.285622
-48.103092
-49.465118
-49.495155
-49.180267
-49.525200
-50.275143
-50.051449
-48.157272
-47.256046
-49.145397
-51.254684
-50.497768
-49.832043
-51.946159
-53.609131
-52.161274
-51.014359
-51.014896
-52.401062
-52.526588
-50.170002
-49.071903
-51.285801
-52.646217
-51.501987
-50.071831
-51.519688
-54.276463
-52.714882
-50.820168
-50.996658
-53.031380
-52.924629
-51.479992
-51.793274
-53.590355
-54.420765
-53.480385
-53.280827
-55.530663
-58.086273
-57.480095
-55.501698
-55.543537
-57.363686
-58.343765
-57.257469
-56.756969
-58.072327
-58.612522
-58.173714
-58.204826
-59.343155
-60.416576
-60.247597
-58.816906
-60.077545
-62.390144
-62.653538
-61.542568
-62.129971
-64.275742
-65.163010
-64.600288
-64.351379
-65.625427
-66.154892
-65.606651
-64.060623
-64.779457
-67.181107
-67.692871
-66.296516
-65.483803
-66.028831
-66.054039
-64.340111
-63.164230
-63.633617
-64.385712
-62.654610
-60.776527
-60.913857
-62.195415
-62.038776
-60.266373
-59.864040
-61.376270
-62.062378
-61.246986
-59.986885
-60.878990
-61.207829
-60.332355
-58.282612
-58.455345
-59.037922
-58.639343
-57.271416
-57.259079
-57.849167
-58.639343
-58.183369
-57.829315
-59.352276
-61.223923
-61.562416
-61.591385
-64.204926
-66.926834
-67.631721
-66.614624
-66.694557
-68.242188
-68.557083
-67.369400
-66.398972
-68.106468
-68.711037
-67.048607
-65.105080
-66.641983
-67.707893
-67.042702
-65.427483
-65.932808
-67.923546
-69.307564
-68.266327
-68.037804
-69.787140
-71.745155
-71.642693
-70.844467
-71.475861
-72.667831
-72.821793
-71.803627
-71.766609
-73.955833
-74.290031
-72.866318
-72.313248
-74.352798
-75.272797
-74.536797
-74.208496
-75.766319
-76.765709
-76.948105
-76.047417
-77.039299
-77.908867
-77.974319
-76.469063
-76.131638
-76.752838
-77.020523
-76.217468
-75.033005
-74.271255
-75.008865
-74.807701
-73.955833
-74.756203
-75.990555
-76.336021
-74.766930
-74.180061
-75.457870
-75.832840
-74.354408
-73.039055
-73.811531
-74.912842
-74.845787
-74.172554
-74.153244
-74.500320
-74.757271
-73.748230
-73.569595
-74.587761
-75.533508
-74.820038
-73.412415
-74.705238
-76.051712
-76.126274
-74.552887
-74.818428
-76.256630
-76.787704
-75.373650
-75.063049
-77.183067
-78.766640
-78.127205
-76.820969
-78.257561
-79.955399
-79.590614
-77.828407
-77.322540
-78.839600
-79.195793
-78.136322
-77.611145
-79.770325
-80.864128
-79.472595
-77.396568
-78.216789
-80.883438
-81.448853
-79.959152
-79.497810
-81.543800
-82.741135
-81.067436
-80.314812
-81.886589
-83.022232
-82.851112
-82.942841
-84.292526
-85.567650
-85.298355
-83.634850
-84.010361
-85.612709
-86.011826
-85.316597
-85.370239
-86.873886
-87.455925
-84.971123
-81.214958
-81.206375
-83.267387
-83.073730
-82.135498
-82.336662
-84.610100
-86.294525
-85.288704
-84.178802
-85.540825
-87.372780
-86.641068
-84.852036
-85.951744
-87.161415
-86.920021
-85.708199
-85.649727
-85.489868
-85.626656
-85.192139
-85.402962
-86.715096
-87.595940
-86.639999
-85.732338
-86.811661
-88.547585
-88.078194
-86.118042
-85.780617
-87.759552
-88.243958
-85.853577
-84.431465
-85.222183
-86.298286
-84.879395
-83.104309
-83.941154
-85.281723
-85.699081
-85.053200
-85.814415
-87.215065
-87.299820
-85.301575
-84.776398
-87.235985
-89.264809
-90.006706
-89.061493
-90.966934
-93.282753
-93.100899
-91.314018
-91.400383
-92.642242
-92.382607
-91.433105
-90.895592
-92.322525
-93.222672
-91.990471
-89.915512
-90.341446
-91.585457
-91.389114
-89.273392
-88.382362
-90.226646
-92.195389
-91.460464
-90.416550
-91.765701
-92.881500
-92.055374
-90.551193
-90.647751
-92.025337
-91.392334
-89.955742
-90.552269
-92.140137
-92.268341
-90.482529
-89.265343
-90.254539
-90.077515
-87.001556
-85.226471
-86.496231
-88.133453
-88.219818
-88.393623
-89.588814
-91.121429
-91.119820
-88.186020
-87.206482
-88.595329
-90.673500
-89.982567
-87.928528
-88.094826
-89.224571
-88.893051
-87.948380
-87.914581
-89.421982
-90.020653
-88.924164
-88.014900
-89.484749
-90.657410
-89.926239
-88.210159
-87.778328
-88.491791
-88.058350
-86.464577
-85.913658
-87.210770
-87.924240
-86.548264
-86.222649
-88.253075
-90.130089
-89.632805
-87.983788
-88.279900
-89.891373
-89.683769
-87.859863
-87.734337
-89.120506
-88.843697
-86.899635
-85.976952
-87.301430
-88.309944
-87.386185
-86.752647
-87.785301
-88.966545
-87.890442
-85.966225
-85.695862
-86.954353
-87.453239
-86.859398
-85.506493
-85.824066
-85.965691
-85.030670
-84.708267
-86.390015
-88.617859
-89.136063
-87.770813
-88.806152
-90.264198
-90.667603
-88.605522
-84.457214
-82.220787
-81.148979
-78.947960
-77.215790
-77.331123
-77.875076
-77.567154
-76.472282
-76.995308
-78.177094
-77.433586
-75.446068
-74.095840
-74.911232
-75.701408
-75.382767
-73.157066
-73.041199
-74.651062
-74.421463
-72.417854
-71.465668
-72.194153
-71.922714
-70.935661
-69.892281
-70.305878
-69.697021
-67.355453
-64.835243
-65.581436
-66.597458
-65.274055
-62.820908
-62.845585
-63.790794
-63.837463
-63.534374
-63.761292
-65.445717
-65.981621
-64.541817
-63.332138
-64.437210
-65.808891
-65.843758
-62.794086
-61.858532
-63.310680
-63.729103
-61.807034
-60.822124
-61.826344
-62.155182
-61.128433
-60.355957
-61.171349
-61.780746
-61.061916
-59.021290
-58.911320
-60.879524
-61.587627
-59.840439
-58.615742
-59.890327
-60.155865
-59.500332
-58.363613
-59.783039
-61.189053
-61.303314
-60.354885
-60.698208
-61.502335
-61.171349
-59.495506
-57.945724
-58.835682
-58.922585
-58.514889
-57.665165
-58.904884
-60.651539
-60.051796
-58.768627
-59.090492
-61.032948
-61.889107
-61.097858
-60.789940
-62.401409
-63.826736
-63.183544
-61.336037
-61.621960
-63.434597
-63.021538
-61.316189
-61.453518
-63.086449
-63.470001
-62.672314
-62.281784
-63.712475
-64.835785
-63.512917
-61.994251
-63.301025
-66.691338
-68.141335
-67.839859
-69.010376
-70.998428
-72.225273
-71.556862
-70.559082
-71.383057
-71.740860
-69.954514
-68.349480
-69.784996
-71.452255
-71.898575
-70.302666
-70.902939
-72.588974
-72.815353
-71.549355
-71.480690
-73.426361
-74.926788
-74.103889
-72.992378
-73.917740
-75.444992
-74.949860
-73.193008
-73.150635
-74.984726
-75.653130
-74.190788
-72.586296
-73.051392
-74.579712
-74.048637
-73.198914
-74.557182
-76.692223
-76.193329
-74.372643
-74.559868
-76.764107
-77.416420
-75.640793
-74.940735
-76.435799
-77.864342
-77.421242
-76.277550
-77.624557
-79.048805
-79.075630
-78.608391
-79.264458
-80.509003
-80.503639
-78.753769
-77.878830
-79.379791
-80.629700
-80.277794
-79.221542
-79.582031
-80.554062
-80.138863
-78.997849
-79.164146
-80.297112
-80.440338
-79.132492
-78.118080
-78.777367
-79.698975
-79.204376
-77.570915
-77.900826
-79.363167
-79.186676
-77.281769
-77.327904
-79.093330
-79.613686
-78.900215
-79.177017
-81.353897
-82.160172
-80.569618
-78.147049
-78.408295
-79.968803
-80.311592
-79.643188
-80.704269
-83.022774
-83.363945
-82.370995
-82.316811
-84.020554
-84.012505
-82.959473
-82.055565
-83.104309
-85.261879
-85.100410
-83.222328
-82.885445
-84.196503
-85.015114
-84.198112
-83.271675
-85.004921
-86.250542
-84.970589
-83.311913
-84.941620
-86.630341
-86.577766
-84.386406
-83.025452
-83.721214
-83.790955
-81.683815
-80.849648
-82.101166
-82.306084
-80.859840
-79.170578
-79.494057
-80.207527
-80.274582
-79.285919
-79.517662
-81.171509
-81.520195
-80.534218
-80.357727
-82.457359
-83.219109
-82.439125
-81.037933
-82.402107
-84.521591
-84.807510
-83.302795
-82.828575
-84.251755
-84.451317
-83.333366
-82.982536
-84.964149
-86.571869
-85.637390
-83.921310
-84.902458
-86.259125
-86.119110
-85.102020
-84.962547
-86.513397
-86.982246
-85.836945
-85.739845
-87.375992
-88.456390
-87.901169
-86.499451
-87.165710
-88.339447
-87.961250
-85.763451
-85.152977
-86.750504
-86.401817
-84.434685
-83.481430
-84.551628
-85.038185
-83.995338
-82.467552
-83.417595
-85.135811
-85.058029
-83.493767
-84.013580
-85.641678
-86.337982
-86.037575
-85.820854
-87.587891
-88.291168
-87.601837
-86.085320
-86.424347
-87.553558
-87.314842
-85.364876
-84.805367
-85.876106
-86.954353
-85.368629
-83.635384
-84.648727
-85.294067
-84.515152
-84.316132
-86.296677
-88.604446
-88.728363
-87.351318
-87.203262
-89.100121
-89.736336
-88.715492
-87.990761
-89.873131
-91.203506
-90.155296
-89.337227
-90.533493
-90.894516
-90.322136
-89.237450
-89.528198
-91.016823
-91.152542
-89.322746
-88.213379
-89.699860
-90.990005
-90.329109
-89.956818
-91.438469
-92.961426
-92.136383
-90.404747
-90.756111
-92.596107
-92.681938
-91.699181
-90.970695
-92.203438
-91.878349
-88.940262
-87.520302
-89.122650
-90.859108
-91.414864
-90.996979
-91.574188
-93.119141
-92.536568
-90.989464
-90.348953
-92.062889
-93.910927
-93.290802
-92.223282
-93.224281
-95.312119
-95.238083
-93.209267
-92.820877
-94.355637
-95.012245
-93.924339
-93.302071
-94.654434
-96.516968
-96.685417
-96.001984
-96.853317
-97.864510
-97.608093
-96.948273
-97.503487
-99.349922
-100.089134
-99.142319
-98.642357
-100.320877
-101.885681
-102.063240
-101.947906
-103.210159
-105.057663
-105.180504
-103.652718
-103.483208
-104.884392
-104.924622
-103.259506
-103.481056
-105.080727
-105.674568
-105.220741
-103.856033
-104.121567
-104.924622
-104.353310
-102.691414
-102.870590
-104.917648
-105.920258
-104.395157
-104.438072
-106.265190
-106.344048
-104.986847
-103.607658
-104.367798
-105.836578
-106.013062
-104.815186
-105.248100
-107.289261
-107.096138
-104.708977
-104.226173
-105.379524
-105.924553
-104.920334
-103.342117
-104.207397
-105.465897
-105.067314
-104.070068
-104.349556
-105.301208
-106.002335
-105.105408
-103.998192
-105.220200
-106.456703
-106.326881
-105.172997
-105.927231
-107.462532
-107.849838
-106.723312
-107.313400
-108.648064
-108.677567
-107.442146
-106.721703
-107.688370
-108.488739
-107.757576
-105.991608
-106.476547
-107.223816
-106.489426
-104.919258
-105.283501
-106.252853
-106.430954
-105.046936
-104.765297
-106.286652
-107.371872
-106.778030
-105.512566
-106.349411
-107.290871
-106.754959
-104.953056
-105.365044
-106.740479
-106.912674
-105.303886
-104.772278
-106.201355
-106.951302
-105.927773
-104.155899
-104.142494
-105.814041
-106.229790
-105.329102
-104.979340
-106.475479
-107.279068
-106.488892
-105.304428
-106.068314
-106.390717
-105.288330
-103.987999
-105.153687
-107.084877
-107.807465
-106.690056
-106.609589
-108.546143
-109.051468
-107.703926
-107.108475
-108.340683
-109.564842
-108.988167
-108.141663
-109.246201
-110.973541
-111.077072
-110.096992
-110.868401
-112.640266
-112.800659
-111.773376
-111.199921
-111.899979
-112.659042
-112.255638
-111.132866
-111.605469
-113.023819
-112.915459
-111.131256
-111.145737
-112.972862
-113.857986
-113.329056
-113.486771
-114.403549
-115.019386
-114.491524
-113.219086
-114.040916
-115.036552
-114.503868
-112.645630
-112.457336
-114.467384
-115.334274
-113.524323
-112.362923
-113.824196
-115.224846
-115.117554
-114.528008
-116.065445
-117.881302
-117.937630
-116.487625
-115.849800
-116.290756
-116.404480
-115.412064
-114.514053
-115.828339
-117.240257
-117.130821
-116.475288
-118.036873
-119.749191
-119.110291
-117.357201
-117.367928
-119.351692
-120.147232
-118.706352
-117.935486
-119.580215
-120.505035
-119.744904
-118.867279
-120.387558
-122.201805
-122.561218
-121.839172
-122.510796
-124.499382
-125.194077
-123.729057
-122.981789
-124.260132
-124.899033
-124.245110
-123.895355
-125.287956
-127.257233
-127.249184
-125.712814
-125.999275
-127.249184
-126.863487
-124.718788
-124.448959
-126.145721
-127.350037
-126.498169
-125.816353
-126.875282
-128.308121
-128.294708
-127.620941
-128.864410
-131.294495
-132.041763
-130.298859
-128.888550
-129.807480
-129.955536
-128.882111
-127.553886
-128.476563
-129.656204
-130.402924
-129.784943
-130.105743
-132.062683
-132.431747
-129.876678
-128.681488
-129.165359
-130.130951
-129.429825
-128.389664
-129.313416
-130.649155
-130.048340
-127.935295
-127.138680
-128.307587
-128.105881
-126.873672
-126.404289
-127.544228
-128.364441
-127.379539
-126.072235
-127.000816
-128.628922
-128.118225
-126.446671
-126.597412
-127.432648
-125.855507
-120.807053
-119.336136
-120.547417
-120.523811
-118.348007
-115.969421
-116.761749
-117.445709
-116.210823
-113.555435
-112.869324
-113.758209
-113.454582
-110.813683
-107.975365
-107.725388
-108.883026
-107.686760
-106.018967
-105.985703
-107.750595
-108.134689
-107.643845
-108.585838
-110.528297
-111.660187
-110.755745
-110.364677
-112.695518
-114.542488
-114.551071
-113.358559
-113.582260
-114.156250
-113.517883
-112.041061
-111.169876
-112.315720
-113.078003
-112.356491
-112.418182
-113.702957
-114.551605
-114.169662
-113.847260
-114.671234
-115.242012
-111.885490
-107.225426
-107.600395
-114.075249
-122.118652
-126.168259
-128.915909
-132.036392
-133.123764
-132.717667
-133.411835
-135.377350
-137.215195
-136.617599
-135.184235
-135.468552
-137.444260
-138.165771
-137.330002
-136.693787
-138.550949
-140.884460
-140.673645
-140.031525
-141.411789
-142.829605
-142.941177
-141.249786
-141.011597
-142.560837
-142.820480
-141.305573
-140.600693
-141.780319
-142.443359
-141.045395
-140.104477
-140.921478
-141.934814
-141.143021
-139.521362
-139.668884
-140.841019
-141.277679
-140.342651
-139.900085
-141.711655
-142.957809
-141.307709
-139.152298
-139.422119
-140.254150
-140.442978
-139.939789
-139.788513
-140.336761
-139.535843
-137.221100
-135.851028
-136.482422
-136.949127
-135.729797
-133.765884
-133.013794
-132.671539
-131.084213
-128.426132
-126.243355
-125.839951
-124.352402
-120.172447
-115.371292
-110.430664
-102.576614
-91.260368
-74.992775
-57.036457
-40.237240
-22.413424
-6.780972
8.103145
21.379007
33.875957
48.980015
67.251762
85.049294
108.671509
135.353592
152.830872
161.905319
171.319870
187.759125
207.907898
222.752319
230.746368
236.438553
242.785736
249.048691
253.634201
-251.317551
-239.278198
-226.086548
-210.923492
-193.195160
-178.270264
-164.780899
-151.349472
-136.021179
-115.447563
-90.906410
-65.866386
-37.896305
1.291310
60.094994
175.096329
66.955452
-219.224045
-215.399750
-219.295395
-223.054230
-226.917694
-231.059555
-235.050690
-238.554718
-241.936981
-245.637360
-249.377975
-252.833191
-255.783081
253.285858
250.270523
247.533051
245.015533
242.491577
240.032532
237.581528
235.268921
233.173050
230.998306
228.794601
226.644012
224.598022
222.581543
220.454544
218.372620
216.593231
214.899155
213.075256
211.167664
209.407593
207.743561
206.115997
204.584457
203.128006
201.748825
200.274673
198.731339
197.090897
195.373749
193.702194
191.802643
189.961029
187.976196
186.245102
184.202866
182.006668
179.841599
178.039154
176.501709
174.949249
173.555038
172.265961
171.183960
170.094452
169.147095
168.348862
167.639145
166.775482
165.961166
165.125381
164.176956
163.186691
162.112198
161.107437
160.270584
159.382782
158.503555
157.646317
156.919968
156.272491
155.642166
155.075150
154.752747
154.567673
154.406738
154.137985
153.863327
153.698105
153.575256
153.413788
153.140198
152.959961
152.921341
152.836578
152.627899
152.408493
152.458923
152.560303
152.476089
152.479843
152.612885
152.493790
152.448196
152.174072
152.111847
151.982559
152.014206
151.948227
152.047470
152.010986
151.923553
151.571106
151.384430
151.376389
151.412857
151.396774
151.337219
151.451477
151.581833
151.551804
151.482590
151.553406
151.755112
151.892975
151.886002
151.887604
152.051224
152.182114
150.061569
122.078079
62.439690
-47.622089
-156.998825
-180.283081
-181.045898
-185.018250
-189.528122
-196.663345
-205.165421
-210.323303
-217.128067
-223.782089
-225.894608
-228.694290
-233.682129
-239.289551
-241.989471
-243.406204
-246.822800
-250.940002
255.725693
253.727982
251.923386
247.998779
246.004822
245.449615
245.426544
241.737427
236.779633
231.886749
228.267380
223.521484
215.943695
209.683960
206.270584
199.592957
193.320877
189.616196
189.954147
188.613586
184.434708
179.924301
175.613983
175.024979
173.772385
169.965256
168.591965
168.562469
165.388336
160.353836
157.326691
156.665253
156.073563
152.132324
148.228104
146.921326
146.888062
142.778381
137.466537
134.316559
133.858429
132.565613
128.234375
124.498596
125.667503
126.456612
122.772865
119.621269
118.711998
118.131569
114.721947
109.375229
106.071281
104.802063
101.439644
96.185738
93.426804
94.256149
95.386429
92.482666
90.107841
90.016113
89.672249
85.069046
79.921883
77.157066
75.316528
71.569489
66.758675
65.324226
66.804810
65.930412
62.223061
57.927773
56.241734
57.194454
54.734871
51.047905
50.618752
51.647648
50.862831
48.280403
46.308975
46.646931
45.934002
41.834515
38.201729
35.823681
34.723976
29.443779
24.308960
21.231390
21.852591
21.546282
18.011129
13.071574
13.384856
14.015175
12.178935
11.061526
11.530375
11.961675
7.601476
3.107703
0.359511
-0.031555
-0.380779
-2.112950
-6.476904
-9.913350
-11.197056
-14.309492
-15.852835
-16.045954
-16.205814
-18.597807
-21.829870
-21.852938
-21.562185
-21.641579
-25.126842
-27.711956
-28.999952
-29.739706
-32.635956
-35.916832
-36.401775
-36.681801
-38.386074
-43.250530
-46.095818
-44.953732
-45.014351
-48.190624
-51.369041
-50.931843
-50.082657
-53.004120
-56.603107
-56.782814
-55.785568
-58.162006
-61.156960
-62.857483
-62.134357
-63.183640
-67.087326
-67.446739
-67.044411
-67.191933
-67.806694
-69.068939
-69.381683
-69.820496
-72.867485
-76.557671
-77.652008
-76.935860
-78.360649
-81.253143
-82.509491
-83.159119
-84.331779
-86.126717
-89.108795
-90.337784
-90.608154
-93.129425
-95.660896
-96.515991
-94.529007
-92.716904
-94.821365
-96.796555
-96.537987
-96.048218
-98.081863
-101.412636
-102.495712
-101.688362
-104.243439
-107.900894
-109.950638
-108.996849
-110.283775
-113.554993
-114.719612
-113.248146
-112.827042
-115.411079
-118.312698
-118.321815
-116.966225
-118.073441
-120.725609
-121.590889
-119.878571
-120.461685
-123.749001
-125.654442
-124.781113
-124.064964
-124.918442
-126.728394
-128.808182
-127.579727
-128.555511
-131.938858
-133.085236
-132.956482
-133.379196
-136.602142
-139.044556
-140.225266
-141.346970
-144.336029
-148.399567
-149.470840
-148.017090
-151.191757
-155.115280
-155.860947
-155.796570
-157.026627
-159.901413
-162.437180
-162.878677
-162.535355
-164.162918
-165.982529
-165.664948
-163.818512
-164.266449
-166.626785
-167.356354
-166.678833
-167.078476
-169.864212
-171.547043
-170.629715
-169.985992
-173.113449
-176.337463
-175.942108
-174.771057
-175.860031
-178.545456
-179.894608
-179.871536
-180.390274
-183.215179
-185.875931
-186.827042
-186.182770
-187.693390
-189.255508
-189.628342
-189.298965
-189.841843
-191.491943
-192.911911
-191.418442
-190.401886
-191.687744
-192.116379
-191.743530
-190.826218
-192.370117
-193.969238
-193.504684
-191.984924
-191.676483
-193.967636
-195.386520
-193.964951
-193.364136
-194.688614
-195.994308
-195.588226
-195.678879
-198.803665
-202.018555
-203.149902
-202.371002
-204.220642
-206.480133
-206.310089
-205.417984
-205.364883
-206.208160
-210.122574
-213.263443
-215.695145
-218.923981
-220.957092
-220.686188
-219.127823
-220.080017
-223.049225
-224.462204
-223.359818
-222.477905
-223.518600
-224.563599
-224.590424
-225.114517
-228.429733
-231.492813
-231.179001
-228.570816
-228.748383
-231.534653
-232.116699
-230.200531
-229.521927
-232.433731
-234.063980
-233.685257
-233.458878
-235.777908
-238.247147
-238.150055
-238.018097
-239.808197
-242.889526
-243.036499
-241.999023
-242.037109
-243.219437
-243.805756
-243.898026
-242.931900
-244.560532
-246.841492
-246.631195
-245.970306
-247.267426
-250.378250
-252.536896
-251.675369
-251.711838
-253.521255
-254.551224
-254.055023
-252.958527
-254.346313
255.460785
255.313263
-255.675613
254.717804
252.940582
252.731369
254.451736
254.607300
251.885391
250.552872
251.796890
252.368195
250.771744
248.559998
248.057877
249.137207
248.251007
246.161560
245.021088
245.743134
245.764587
242.986359
240.889404
241.262238
241.856079
240.356720
238.050568
238.242615
239.866425
238.487762
236.141907
235.023422
235.225662
234.348572
231.557465
229.271149
227.961166
227.327621
224.232895
222.875702
224.603577
225.805740
224.307999
221.587158
220.028259
220.083511
220.695053
218.897446
216.964111
218.286438
218.715057
215.819336
214.150467
214.098969
215.579544
213.702545
210.468872
209.286560
210.620148
210.321350
207.898239
205.937546
206.123154
206.623123
205.503021
203.175949
202.859985
204.337875
203.615829
201.356339
201.025345
202.441025
203.311127
202.220535
201.125656
201.286057
201.444839
198.879044
196.862564
197.571198
199.542084
199.773300
198.143585
196.192001
195.501068
193.800552
191.333969
189.725189
191.358109
193.128922
191.941223
190.099091
189.799759
190.717072
188.285919
184.854294
184.131165
185.577423
187.511826
187.055313
185.505539
187.149734
188.825043
188.032181
186.824646
186.340240
187.998383
187.951172
186.801575
185.162216
185.634277
186.044662
182.947784
179.128845
178.670197
179.024780
177.123627
175.002548
174.872192
176.347931
175.242325
173.234970
171.964676
173.197418
172.968887
170.507156
168.366760
167.438705
168.468140
168.921432
166.835754
165.744629
166.592743
165.027939
161.575943
160.023483
159.837326
159.284256
155.621429
152.410828
152.631851
153.648941
151.841125
150.306366
149.442169
150.347137
149.814987
147.546921
146.455261
147.027100
147.160675
144.720398
142.688354
142.216293
142.877731
140.645584
138.562057
138.967056
139.813034
138.073349
134.654602
133.506088
134.760284
135.682434
134.731323
133.838684
135.870178
138.334595
137.646347
135.508621
134.331131
135.797226
135.100922
132.748093
131.919296
133.200317
133.268448
131.051865
129.380844
130.088959
132.076462
130.991241
129.548218
130.202133
131.485840
130.690308
127.848236
126.372482
126.824707
127.008705
125.402596
124.235832
125.912216
128.436707
128.343903
126.313477
124.717560
125.024406
124.447731
122.944618
121.514999
120.839088
120.413689
119.496910
118.362335
120.007599
121.815948
121.697929
120.263481
119.847740
121.253754
120.801537
118.548477
117.765274
118.629478
119.337585
117.232590
115.118469
114.979530
116.549164
115.884506
114.642647
115.454819
116.805046
117.237953
116.828110
117.153191
118.782906
119.821457
117.814629
116.202621
117.102234
119.541969
118.921303
117.283012
117.409615
119.679832
119.791412
117.428925
116.224075
118.127373
119.542503
117.551773
116.000381
115.105598
115.627014
113.854080
111.134857
110.994308
112.001205
111.439018
109.061508
108.280449
108.712822
108.761101
106.370178
104.543594
104.923393
105.945854
104.345642
102.350616
102.143013
103.132751
102.127998
100.790108
99.983299
101.637154
102.812492
101.388779
99.060081
98.191589
100.084152
100.825516
99.065453
99.030045
100.543350
100.839462
99.296654
98.309601
99.106758
100.673164
99.837929
98.818146
98.515594
99.782669
98.285461
95.279236
94.828621
96.318871
96.844040
94.865105
93.304054
95.100601
96.675598
94.445602
92.797653
92.814819
94.575424
94.466530
93.537949
93.843178
94.803947
93.975143
90.789215
89.782318
90.488274
90.762398
89.182571
87.509949
87.840401
88.965317
87.409096
85.648499
85.733253
87.421432
87.650497
86.464958
86.838326
87.768517
89.679321
88.805458
87.497612
89.199203
90.687294
88.800629
85.700531
84.603508
85.261185
84.815941
83.808502
83.240944
83.432991
84.001083
82.635841
81.429382
81.461029
82.460960
81.867119
80.044823
79.458496
80.620964
80.791550
78.265450
76.034386
77.068642
78.849098
77.481171
74.940582
74.688988
77.768166
78.958527
76.887329
75.765625
76.975304
77.478485
77.492973
78.312653
80.416580
81.569931
80.899910
79.597435
79.402702
80.178398
79.455811
77.839516
77.356178
78.300316
77.803032
74.713127
72.497086
73.159592
74.379997
72.815201
71.359299
70.545509
71.414551
70.885078
68.749504
68.120796
69.375534
70.846992
69.069763
67.971130
68.777397
69.361046
67.979179
66.353760
66.329620
67.281799
65.372070
62.583107
61.914165
62.701660
63.348072
61.916309
60.831627
61.477501
62.039692
60.726482
58.561939
57.933765
58.947105
58.666008
56.532043
55.568058
56.831917
57.454723
56.192474
55.682858
55.142658
55.274086
54.818111
53.912598
53.168552
53.504902
52.433628
49.728352
48.713940
50.372082
50.955196
49.122173
48.737545
50.123711
50.790508
49.219269
47.353519
47.195808
47.612087
46.913101
45.545177
44.233574
44.806496
44.852631
42.052940
40.833073
41.820126
42.601185
42.121605
41.289047
41.275097
41.355564
40.245129
38.529053
38.732365
41.018681
41.677967
38.585915
36.393478
37.462608
39.437786
38.997902
38.030697
38.473263
39.641098
38.889542
37.689522
38.015141
39.105728
39.571362
38.984493
37.782864
37.553802
37.542000
36.494328
35.946087
36.064640
37.198139
36.495403
34.290089
33.643143
35.684303
36.296917
34.262730
32.810047
33.708050
35.327568
34.339443
32.592789
32.466724
34.586205
34.776642
34.094826
34.154907
35.729362
36.689056
35.512642
34.594254
35.638706
37.142887
35.870449
34.271851
34.048153
35.656944
35.493866
33.609344
32.866909
34.153835
34.388794
31.686201
29.730871
30.170218
31.526342
30.398205
28.511002
28.137638
28.647259
27.521267
25.654449
24.680271
25.800362
27.079239
25.538578
22.910011
23.219002
24.406687
22.682024
20.788385
20.722939
21.609676
21.223438
19.685997
19.837809
20.520700
21.865561
20.334019
19.057287
19.439770
20.119978
18.547131
16.843391
15.888525
17.170622
16.899181
15.162720
14.628424
15.777481
15.964700
14.784528
14.534010
14.606966
14.227701
13.669802
12.028826
11.857163
13.373686
13.917101
12.339962
11.262786
13.055576
14.677776
12.862993
11.501503
11.351299
12.195660
11.189294
9.227527
8.858455
9.545100
8.600426
6.463242
6.780815
8.181464
9.090734
7.735145
6.712151
8.178246
11.012268
10.461343
9.048891
8.297336
9.972644
11.027825
9.203923
8.426619
9.978545
11.487020
10.212434
9.165835
9.545100
10.145378
8.783353
7.315648
6.926727
8.919072
8.258712
5.590450
4.743409
5.869936
6.897223
5.476725
4.492354
4.289042
4.898977
4.989099
3.778350
3.452193
4.038524
4.120063
3.394794
2.217304
3.239226
5.042743
4.022431
2.616953
3.414642
6.076467
7.609618
9.024215
10.818076
13.654245
14.133823
12.801302
12.741757
14.188541
14.535619
12.573851
11.992347
13.063086
15.094055
14.830126
12.440277
12.114656
13.954116
14.405264
12.010588
10.834169
12.674166
14.351620
12.944532
11.599671
12.573851
13.949287
12.927902
11.038017
11.643124
13.321651
12.446178
9.739291
8.566630
10.232282
10.884595
9.780598
9.115947
9.533834
11.006368
10.965598
9.466779
8.817148
10.981690
11.638832
10.387313
10.958087
12.895180
13.454689
12.334599
11.036944
11.108828
12.539518
12.247694
10.193658
9.744657
11.690331
12.188149
10.475826
9.786498
10.871720
11.369538
9.375048
6.535125
6.030869
7.073176
6.410670
5.873155
6.549072
7.636440
7.348907
4.449975
3.093314
4.591596
5.601716
3.769230
1.588058
1.503836
1.235615
-0.465442
-2.264131
-2.308120
-0.843633
-0.714351
-2.266277
-3.098835
-1.563538
0.164877
-0.658561
-1.415480
-1.314093
-1.498092
-3.546764
-5.264987
-4.846562
-3.412653
-3.338624
-4.807402
-5.380858
-3.817667
-2.055455
-3.038754
-4.550447
-4.631986
-3.377785
-4.751076
-6.863584
-7.020761
-6.143143
-5.306829
-6.178011
-6.274035
-5.794455
-5.691458
-8.073796
-10.377278
-9.677221
-8.064677
-8.241166
-9.795238
-10.359575
-9.233047
-9.080161
-10.622432
-11.353065
-10.769954
-10.212590
-11.577834
-14.266481
-15.003016
-13.661912
-13.770809
-15.783539
-16.723921
-15.947154
-15.620997
-16.968538
-18.397083
-18.180899
-16.944937
-17.145029
-17.797878
-17.565062
-16.140272
-16.178896
-18.195381
-19.427052
-18.571428
-18.591276
-20.330957
-20.912458
-20.012310
-18.859497
-19.501081
-21.195700
-20.648531
-18.982342
-18.851986
-20.167879
-21.662405
-20.554653
-20.149639
-21.907022
-22.950401
-21.806171
-19.692055
-20.357779
-21.335712
-20.432880
-19.184580
-19.968321
-21.661869
-22.381773
-21.149031
-20.071318
-21.104506
-22.114088
-20.956984
-20.570745
-23.204138
-25.008194
-24.201385
-21.948866
-22.520176
-24.040453
-23.776522
-23.030333
-23.023893
-24.770014
-25.593988
-24.346226
-22.779276
-22.974543
-24.339252
-23.757746
-22.480478
-23.573748
-25.469534
-25.434666
-23.398867
-22.262684
-23.854307
-23.982515
-22.295942
-20.472040
-21.063200
-22.868862
-23.860207
-23.071100
-23.743799
-26.100389
-26.760214
-25.128357
-24.994247
-27.299337
-28.919928
-27.015022
-25.318258
-26.097708
-27.845436
-29.100172
-29.841000
-31.303339
-32.184177
-32.809132
-32.373005
-32.191685
-33.200199
-32.890671
-31.385414
-31.018488
-32.912128
-33.861095
-33.716255
-32.399826
-32.027534
-33.196442
-33.927074
-33.110073
-32.113365
-33.180347
-34.266644
-33.554249
-32.640690
-33.984474
-35.739178
-36.146336
-33.859486
-33.347717
-34.758560
-36.202663
-34.744076
-33.186249
-34.259670
-35.606140
-34.569733
-32.931438
-33.285492
-34.283272
-33.437840
-31.083935
-30.579144
-32.509796
-33.147625
-31.863920
-31.319431
-32.677704
-33.768288
-32.723835
-31.343037
-32.539303
-34.127171
-34.221046
-32.569340
-32.133751
-33.456081
-34.027927
-32.979183
-32.466343
-34.223728
-34.653419
-33.575169
-33.751659
-35.682850
-37.286274
-37.604919
-36.209637
-35.936588
-38.005642
-38.327507
-36.076599
-35.085789
-36.624844
-38.240067
-37.391418
-35.904938
-36.425285
-38.291031
-38.279228
-36.815277
-36.245041
-37.562004
-38.034073
-36.878040
-35.225266
-35.762241
-36.539547
-35.259598
-32.551102
-32.025925
-33.880405
-33.884697
-32.521599
-32.434158
-33.810131
-33.817104
-32.469028
-32.184711
-33.735565
-35.283737
-36.141506
-35.490269
-36.439770
-37.976139
-37.723476
-36.305122
-36.393101
-37.951462
-38.408512
-37.455254
-36.776653
-36.943489
-37.648373
-37.228874
-36.246113
-37.958973
-40.037148
-40.723793
-40.360622
-40.665859
-42.110497
-42.749397
-42.012863
-41.101986
-42.877605
-44.419876
-44.321709
-42.983288
-43.330902
-44.970268
-44.820065
-43.720894
-44.526630
-46.949200
-47.081703
-45.826965
-44.670933
-45.693928
-47.217422
-46.134884
-43.633991
-42.965584
-43.497734
-43.435505
-42.585781
-41.967266
-43.242390
-45.076481
-44.409687
-42.793922
-43.370598
-44.391983
-43.434971
-41.556889
-41.912548
-43.600731
-43.462864
-41.540257
-41.016155
-42.892090
-43.690315
-42.661957
-41.174404
-42.453819
-43.368450
-42.264454
-40.852539
-41.161530
-42.699509
-43.172649
-42.178089
-41.594440
-43.015472
-43.978924
-42.153412
-40.597729
-41.231804
-42.900139
-43.120079
-42.070263
-42.126053
-43.288521
-43.414051
-42.445236
-42.451672
-44.268600
-44.833473
-43.080917
-41.829937
-43.069653
-43.891483
-42.937153
-41.514507
-41.847637
-43.151730
-43.203762
-41.943127
-41.800968
-43.447308
-43.998234
-42.617432
-41.206593
-41.810089
-43.362015
-43.537430
-43.312660
-45.031422
-46.973339
-47.139637
-45.557133
-44.808796
-46.468014
-47.276432
-45.813015
-44.428997
-46.211594
-48.223255
-47.933571
-46.777004
-46.942764
-47.867588
-48.022087
-47.724895
-47.252289
-48.438904
-49.539146
-48.987682
-47.511391
-48.599834
-49.847061
-49.346561
-48.640606
-48.991974
-49.757477
-49.771423
-48.208771
-47.809116
-49.623367
-51.174755
-50.725220
-49.784298
-50.952133
-52.749748
-52.801247
-51.615711
-51.901100
-54.645535
-55.038746
-53.398308
-52.705223
-54.849918
-56.288120
-55.475948
-55.291946
-56.612129
-57.694672
-56.556877
-54.641243
-55.426056
-57.239769
-57.510670
-55.930851
-55.393333
-57.128189
-57.871159
-56.022045
-54.759262
-55.554268
-56.416866
-56.005951
-55.188950
-55.004414
-55.796204
-56.388969
-54.193314
-53.181049
-55.380459
-56.335327
-54.978130
-53.641315
-55.080051
-57.126579
-57.202217
-55.573578
-55.924950
-58.335182
-58.792767
-57.436104
-57.388363
-59.253571
-60.725029
-60.289440
-59.342621
-60.763653
-61.490532
-59.892471
-58.888790
-59.854919
-61.691162
-62.633152
-61.917542
-61.265228
-62.581120
-63.382027
-62.625645
-61.514671
-62.745808
-64.239799
-63.662048
-61.768944
-61.579044
-63.625572
-64.651787
-63.322479
-62.983452
-65.085228
-66.578682
-65.998253
-64.568100
-65.255821
-66.671486
-66.731033
-65.645813
-66.246086
-68.391853
-68.696556
-67.721840
-67.331314
-69.161110
-69.882088
-69.285568
-68.214294
-68.993744
-70.795654
-70.144951
-68.009911
-67.829132
-69.462593
-70.477539
-69.629967
-68.834953
-70.228630
-71.417923
-70.787071
-69.395538
-69.730812
-71.467278
-71.918961
-70.817108
-71.120735
-72.236000
-72.673737
-70.898109
-69.644447
-70.710892
-72.021423
-71.856194
-71.158821
-72.208641
-74.545914
-76.140755
-75.549599
-75.979828
-78.100380
-78.625557
-77.282845
-76.602097
-77.990410
-78.824577
-78.195328
-77.455040
-78.674911
-80.360947
-80.559967
-78.928642
-78.565475
-80.098625
-80.859299
-80.184456
-79.956467
-81.806656
-83.372528
-83.124161
-82.178947
-82.561966
-83.106453
-82.086143
-79.884048
-79.519272
-80.815849
-82.183777
-81.433296
-80.272972
-81.894096
-83.603203
-83.538292
-83.096802
-84.857941
-87.489723
-87.693565
-85.445877
-85.187309
-87.268173
-88.055130
-87.195747
-86.611031
-88.088928
-88.942940
-88.379143
-86.908218
-87.614708
-89.224037
-89.521225
-88.715492
-88.563675
-89.616173
-89.831291
-87.939796
-86.440437
-87.235985
-88.230011
-87.426956
-86.416840
-86.505348
-87.792274
-88.130234
-86.663597
-86.462975
-88.055130
-89.103874
-88.847992
-88.659164
-89.852745
-90.687988
-90.122040
-88.850670
-89.302361
-90.947090
-91.032921
-89.610809
-89.267487
-91.251251
-91.949699
-90.481453
-89.661774
-91.268417
-92.945869
-92.554802
-91.150932
-91.269493
-92.098831
-92.223282
-90.414398
-89.340446
-90.431564
-90.743774
-89.936966
-89.794273
-91.801102
-93.564384
-93.396484
-92.289268
-93.402916
-94.714516
-94.866333
-94.142136
-94.292877
-96.348526
-97.211128
-96.075478
-95.107193
-96.795387
-98.424561
-97.810867
-95.350739
-95.463928
-97.599510
-98.402031
-97.034103
-96.723503
-98.022224
-98.752327
-97.948730
-97.596291
-98.844055
-100.218422
-99.895485
-99.037712
-99.347237
-101.179184
-102.692490
-102.249924
-102.087379
-103.398987
-103.863007
-102.386185
-100.719460
-101.005913
-102.187164
-101.599220
-100.345558
-101.296127
-103.267021
-103.048149
-101.539139
-101.471550
-103.203178
-104.184868
-103.120033
-102.189308
-103.735870
-106.026474
-107.096138
-106.472260
-107.059128
-108.547752
-108.582619
-106.454559
-105.220741
-106.621925
-107.525833
-106.900337
-106.770523
-108.108406
-109.533730
-109.190948
-107.734505
-108.333176
-110.265442
-111.158615
-109.819122
-109.078293
-110.645241
-112.163368
-111.384453
-109.229034
-109.236542
-110.162445
-109.738113
-108.174385
-108.519318
-109.649605
-109.166267
-106.897659
-105.420830
-106.303818
-107.389038
-107.282288
-106.414856
-107.335396
-108.441002
-107.757576
-106.099968
-106.130005
-107.505447
-107.552650
-106.441681
-105.791512
-107.517784
-109.399086
-109.156075
-107.722168
-107.792442
-108.853523
-108.295624
-107.571426
-109.507446
-112.145126
-113.172417
-111.734215
-109.576111
-110.507370
-111.626930
-110.744484
-109.899048
-111.058838
-112.704636
-112.579651
-110.863571
-111.595276
-113.271660
-114.082756
-112.683716
-111.855988
-113.388603
-114.604713
-113.709930
-112.586624
-114.114410
-116.105682
-116.483871
-115.324623
-115.213577
-116.107826
-116.255882
-115.161545
-115.208748
-117.402260
-118.323868
-117.221481
-116.019310
-116.483871
-117.433372
-116.959694
-114.470604
-113.677208
-115.156181
-115.931335
-114.950722
-115.078934
-117.607178
-118.577606
-117.358810
-115.849800
-116.578285
-117.941917
-117.536903
-115.889496
-115.442635
-116.849190
-117.281021
-116.280022
-115.657753
-117.146378
-118.877472
-118.619446
-118.376434
-120.265785
-122.662605
-122.527428
-121.104782
-121.025925
-122.237747
-122.324646
-120.727127
-120.537766
-122.613258
-123.283272
-121.885307
-120.276512
-121.750656
-123.488731
-122.689430
-120.993202
-121.226013
-123.023636
-123.108391
-122.592331
-121.601524
-121.808594
-122.290855
-121.316673
-120.169228
-121.326866
-122.686745
-122.747902
-121.305946
-120.983009
-123.051529
-123.036507
-120.937950
-119.289459
-120.240570
-121.847755
-122.044090
-121.507111
-122.650269
-124.062721
-124.046631
-122.834267
-123.044556
-124.940880
-125.968697
-124.925858
-122.995201
-123.582069
-124.746681
-124.837883
-123.960800
-124.519768
-125.692970
-125.372711
-123.581535
-124.055748
-126.168259
-126.565224
-125.093765
-124.002106
-125.147408
-126.271790
-124.726837
-122.273689
-122.199661
-123.466202
-123.776794
-123.195831
-123.639465
-125.159744
-126.042191
-124.883476
-124.266571
-125.685997
-126.543228
-125.361984
-124.218292
-125.513260
-127.447670
-127.734131
-126.286270
-126.189713
-127.873070
-129.045731
-128.337631
-127.473419
-128.256088
-128.276474
-127.713745
-126.557709
-127.100594
-128.423462
-127.905792
-126.270714
-126.222969
-128.072083
-128.806473
-127.013153
-126.191856
-127.649910
-128.838120
-127.709991
-126.273933
-126.704163
-128.222824
-128.473343
-127.557640
-127.541550
-129.296783
-129.849319
-127.983040
-126.398926
-127.062500
-127.751831
-127.111855
-125.961189
-126.276619
-127.392952
-127.644547
-125.651665
-125.242355
-127.053925
-127.627380
-126.422531
-125.477318
-125.951530
-126.624229
-125.829758
-124.091690
-124.210243
-125.698868
-125.806160
-124.393707
-124.235992
-125.477318
-125.613037
-124.210243
-123.151306
-124.137825
-125.144188
-124.255844
-122.800476
-122.873428
-124.528893
-124.067017
-121.434158
-119.525497
-119.679993
-119.229919
-116.074028
-114.078468
-114.534439
-116.067055
-117.434982
-116.431839
-116.467239
-118.080322
-118.348007
-116.590088
-116.252129
-117.345932
-117.846970
-117.253662
-115.663116
-116.908195
-118.316895
-117.696770
-116.989738
-118.455292
-120.383270
-120.217506
-118.625885
-118.456367
-120.151527
-120.605354
-119.678383
-119.185928
-120.484657
-121.653023
-120.949211
-119.745972
-120.201416
-121.839172
-122.817101
-121.359055
-120.945457
-122.763458
-123.731735
-122.717865
-121.921249
-122.926003
-124.165718
-124.203804
-122.785988
-123.106781
-123.773582
-123.184029
-120.542053
-119.870430
-121.508186
-122.224869
-121.290390
-119.956795
-120.715324
-122.704453
-122.762924
-121.779091
-122.371857
-124.765457
-125.333015
-123.523598
-123.448494
-125.331406
-126.432724
-125.503601
-124.159279
-125.189789
-127.197151
-127.471275
-126.621010
-127.722328
-129.418564
-130.052628
-129.077377
-128.591904
-130.289734
-130.746780
-129.231339
-127.912231
-129.170715
-130.564392
-130.338013
-129.275330
-129.978607
-131.123901
-131.702194
-131.109421
-130.207657
-131.160919
-132.698364
-132.016541
-131.287521
-133.122147
-135.219635
-134.963760
-133.441330
-134.075943
-135.793091
-135.742126
-133.771774
-131.619583
-132.204300
-132.806183
-132.365234
-131.697891
-132.856079
-134.276031
-134.252426
-133.263779
-133.075485
-134.144073
-134.641357
-133.434891
-132.999298
-134.773849
-136.121399
-135.537750
-133.740662
-134.362411
-135.129517
-134.851639
-133.467621
-133.233200
-134.441254
-134.938538
-133.452057
-132.487534
-133.907501
-135.426712
-134.959457
-133.891403
-134.094177
-135.122543
-135.452988
-134.136032
-134.099548
-135.309219
-135.575302
-134.077011
-133.551834
-135.242172
-136.777466
-136.342941
-134.954102
-135.619293
-136.830032
-136.826279
-135.533463
-135.414368
-136.785507
-137.548874
-136.518356
-135.495377
-136.132660
-136.530167
-135.693848
-135.188522
-136.723816
-138.589569
-137.816010
-136.340805
-137.083771
-138.678085
-138.827209
-137.584808
-136.615463
-137.876099
-138.873886
-138.147003
-137.729645
-139.620605
-140.861389
-140.102875
-138.715622
-139.220963
-140.678467
-141.271774
-140.330322
-139.961777
-142.082870
-143.609589
-142.634872
-140.948303
-141.288406
-142.855881
-142.983566
-141.954666
-142.894516
-144.801025
-144.651901
-142.914902
-142.241653
-143.783401
-145.426514
-145.048325
-144.843933
-146.602936
-148.145203
-148.240158
-147.193558
-146.848083
-147.343765
-147.717117
-146.570206
-146.157684
-147.853378
-148.944504
-148.611374
-147.574966
-148.186508
-149.259933
-149.516342
-148.140381
-147.933838
-149.575897
-149.951935
-148.538422
-147.821732
-148.750839
-149.846268
-149.300156
-147.725174
-147.956909
-148.848480
-148.708466
-146.871155
-146.615814
-148.477264
-149.553360
-148.469208
-147.721954
-149.033020
-150.293655
-149.884354
-148.360855
-148.536270
-149.820511
-149.934235
-148.572205
-148.584015
-149.900970
-150.340317
-149.705170
-149.370438
-151.096176
-152.085373
-151.011414
-149.119919
-149.368286
-149.958374
-150.000214
-148.749771
-148.292725
-148.644638
-148.712219
-147.738586
-146.730072
-148.104965
-149.402618
-149.539413
-148.053467
-149.065201
-150.987274
-151.531219
-149.666016
-148.943970
-150.309738
-151.352585
-150.778595
-149.460556
-150.043671
-151.097778
-149.950867
-148.292725
-149.041061
-150.772690
-150.156860
-148.087799
-147.625397
-149.309280
-150.194412
-149.801743
-148.820053
-149.847336
-151.282852
-150.620880
-148.792694
-148.811462
-149.735748
-149.458954
-148.022888
-148.116776
-150.052261
-151.453445
-150.928802
-150.869247
-152.023682
-153.238174
-152.335892
-150.856918
-151.872940
-153.562729
-153.622818
-152.475357
-152.196411
-153.570770
-154.509018
-153.977402
-153.087982
-154.072891
-155.345322
-154.802444
-153.410385
-153.600815
-154.936020
-155.615158
-154.558365
-154.382416
-156.202560
-157.145081
-156.215973
-155.172592
-155.919861
-157.443878
-156.957336
-155.778763
-156.677307
-158.525345
-158.396606
-156.637070
-156.281418
-157.714249
-158.074203
-156.949280
-156.043777
-156.934265
-158.215820
-157.635925
-156.082932
-156.506729
-158.520523
-158.758163
-156.921387
-155.540054
-156.197189
-156.296432
-155.727264
-155.036865
-155.893036
-156.901001
-156.919785
-156.015884
-156.969666
-159.158890
-159.871826
-158.536087
-158.218506
-159.733414
-160.172226
-159.252228
-158.181488
-158.928757
-159.893280
-158.833267
-156.654785
-157.020630
-158.176132
-157.838699
-156.111359
-155.710098
-157.249161
-158.263031
-157.071060
-155.781982
-156.905304
-157.637543
-157.328018
-156.143555
-156.769043
-158.882080
-158.848297
-157.067841
-156.825897
-158.802689
-160.001633
-159.092377
-158.087616
-159.208786
-160.814346
-160.719940
-159.143875
-159.374542
-160.725830
-160.549881
-159.711960
-159.737717
-161.451111
-162.774506
-162.066406
-161.379227
-162.658630
-164.340378
-164.030319
-162.461227
-162.716034
-164.344666
-164.539398
-162.964951
-162.611435
-163.568985
-163.969696
-163.367813
-162.870529
-164.711594
-166.370819
-166.126740
-164.727158
-164.557632
-166.111710
-167.019379
-165.778580
-164.657425
-165.658417
-166.587006
-165.724396
-164.151016
-164.885941
-166.099380
-165.387512
-162.875900
-162.077667
-164.131165
-165.466370
-163.849533
-163.052383
-163.984726
-164.682098
-164.414948
-163.804474
-164.849472
-166.000137
-165.797363
-164.720718
-165.300613
-167.003815
-166.846634
-165.465302
-165.130554
-166.927643
-167.811157
-166.943192
-165.552200
-166.466293
-167.348740
-166.804794
-164.789383
-164.765244
-166.311264
-166.559647
-164.679947
-163.533035
-164.726089
-166.155701
-166.482925
-165.874069
-167.014008
-168.751541
-168.434509
-167.002747
-167.491440
-168.763351
-168.902817
-167.508606
-166.514038
-167.618042
-167.943130
-166.630447
-165.109634
-165.542007
-166.780655
-166.219543
-164.440689
-164.738419
-167.294037
-168.058990
-166.106354
-164.922958
-166.437332
-167.442093
-166.113327
-164.123123
-164.509354
-165.943802
-165.588150
-164.073227
-164.072159
-165.869247
-166.854141
-166.127808
-165.896591
-167.453888
-168.688248
-167.633591
-165.855286
-166.325211
-168.172714
-168.616898
-167.370743
-167.743027
-169.945663
-170.596359
-169.557281
-169.136169
-170.622116
-171.171432
-169.553528
-168.130875
-169.385620
-170.801285
-170.449921
-168.685028
-168.607773
-170.206375
-170.406998
-169.360947
-169.295486
-170.334579
-170.731552
-169.488083
-168.181305
-169.238098
-171.131729
-171.398346
-169.955322
-169.998230
-171.946060
-172.757156
-171.721283
-171.190201
-172.599976
-173.884750
-173.998474
-173.210449
-174.118637
-175.920013
-175.694702
-174.045685
-173.876709
-175.101410
-175.331543
-174.237732
-173.451843
-174.839081
-176.446259
-176.053589
-174.489319
-174.819229
-176.259583
-176.710724
-175.643204
-175.076187
-176.041245
-176.845917
-175.402344
-174.540283
-175.871201
-177.061020
-176.506882
-175.389481
-175.746750
-176.910828
-176.889359
-175.517685
-175.508026
-177.370010
-177.952057
-176.568039
-175.317596
-176.732727
-177.535782
-176.631332
-175.286484
-175.649109
-177.227325
-177.495010
-175.956497
-175.467255
-176.548187
-176.702682
-174.699066
-173.050049
-173.710403
-174.701752
-174.138489
-172.983002
-173.077942
-173.948593
-173.435745
-171.347916
-171.134415
-172.818848
-173.437897
-172.634842
-172.317276
-173.899780
-174.921158
-174.615387
-173.767807
-174.471085
-175.749954
-175.650177
-174.336975
-173.752258
-175.197433
-176.536392
-175.876556
-174.641144
-175.484421
-176.813721
-176.343262
-174.928131
-175.218353
-176.340591
-176.424805
-175.093887
-175.027908
-177.041183
-178.631195
-178.041641
-177.195679
-178.069534
-179.257217
-178.901550
-177.399521
-178.283569
-180.261978
-180.189011
-178.893509
-178.745453
-180.633194
-181.771515
-180.992615
-180.066177
-181.380447
-183.267120
-183.295013
-182.191025
-182.479080
-183.994003
-184.156006
-183.092773
-182.729065
-183.789612
-184.345367
-182.902878
-181.542465
-182.664703
-183.401230
-182.709229
-181.517776
-181.674423
-183.195770
-183.416245
-181.715195
-181.397629
-183.281601
-184.408676
-183.042358
-181.885254
-183.289658
-184.508987
-184.319626
-183.100281
-183.447906
-185.004120
-185.124283
-184.039597
-184.105576
-185.457413
-185.793762
-185.097992
-184.167267
-184.702103
-185.840439
-185.597961
-184.254181
-184.309967
-185.624252
-185.941284
-184.775055
-184.126495
-185.188126
-185.791611
-184.229492
-182.991394
-184.352341
-186.281387
-186.152100
-184.969254
-185.827026
-186.898834
-186.075394
-184.477875
-184.303528
-186.010483
-186.982513
-185.754059
-185.135010
-186.630615
-188.086517
-187.705109
-186.164978
-186.519028
-187.841354
-188.031265
-186.753464
-186.578583
-187.655212
-188.226532
-186.751846
-185.114090
-185.631226
-186.417648
-186.080765
-185.164520
-185.819504
-187.572601
-188.202927
-187.353195
-187.305450
-188.630997
-189.240936
-188.882065
-187.621414
-187.959915
-189.186752
-188.600418
-187.058151
-187.071564
-188.334351
-188.598282
-187.168655
-186.219162
-187.890182
-188.764572
-187.469604
-186.554977
-187.537735
-188.848267
-188.309143
-186.838745
-186.880051
-188.099396
-188.524246
-187.568314
-187.216400
-188.531754
-188.898682
-188.004974
-186.899902
-187.469070
-188.802124
-188.635300
-187.043671
-187.829559
-189.710861
-190.039703
-188.836990
-188.516205
-190.302017
-191.397430
-190.630859
-189.527939
-190.594910
-191.916702
-191.352905
-190.319183
-190.766571
-192.113068
-192.433853
-190.946289
-190.178101
-191.844818
-193.176285
-192.221954
-190.860992
-190.904449
-191.009583
-190.613693
-189.361099
-189.104141
-190.532684
-191.334671
-190.034332
-189.090195
-189.818680
-190.237640
-189.635757
-189.203918
-190.276276
-191.438202
-191.011200
-189.824051
-190.408234
-191.709641
-191.933868
-190.295044
-189.463562
-190.466171
-191.018173
-189.498962
-188.279099
-189.026367
-190.297729
-190.041306
-188.756531
-188.735077
-190.569702
-191.633469
-190.568634
-189.432449
-190.054718
-191.201630
-190.827194
-189.401337
-190.134644
-191.467163
-190.899612
-189.526321
-189.292435
-190.271973
-190.407166
-189.170120
-188.482941
-189.873398
-190.852402
-189.659363
-187.906799
-188.485626
-189.913635
-189.992493
-189.312820
-190.383026
-192.273987
-192.350174
-191.107224
-190.682892
-191.544418
-192.747665
-192.857101
-191.612015
-192.552948
-194.002945
-193.387650
-191.972504
-191.779922
-193.018570
-193.328094
-191.769180
-190.431305
-191.556213
-192.883392
-191.918854
-190.264999
-190.744049
-191.975723
-192.030457
-190.542877
-189.828339
-190.446320
-190.118561
-188.958771
-188.206146
-189.611084
-190.988129
-190.461349
-189.266144
-189.502716
-190.782669
-191.375443
-190.590622
-191.011734
-192.975128
-193.405884
-192.375381
-192.427414
-194.178894
-195.702927
-195.288254
-194.202499
-195.412186
-196.953369
-196.445908
-194.520081
-194.397766
-195.533951
-195.250168
-193.722382
-192.547577
-193.925705
-195.062424
-194.753433
-193.130157
-193.808212
-195.212082
-194.911682
-193.299667
-193.806610
-195.670746
-196.612732
-195.621384
-194.496475
-195.571503
-196.928696
-196.416397
-194.843552
-195.638550
-197.392181
-197.655579
-196.204498
-195.988312
-197.244125
-197.329422
-195.370331
-194.093063
-194.723389
-195.515182
-194.896652
-193.922485
-195.097290
-196.526367
-196.268875
-194.587128
-193.940720
-194.762543
-194.933670
-194.097366
-192.778244
-193.498154
-194.818344
-194.684235
-193.419296
-194.160126
-195.877274
-196.324661
-194.979813
-194.988922
-196.734512
-197.612122
-196.613815
-195.489426
-196.436783
-197.106262
-195.697021
-194.156906
-194.369873
-196.001724
-195.922333
-194.548508
-194.704071
-196.079514
-197.133087
-196.537094
-195.202972
-196.878281
-198.515488
-197.676498
-196.013000
-196.633118
-198.379776
-198.989166
-196.941574
-196.142273
-196.481308
-196.602539
-195.362823
-194.132767
-195.191696
-196.191635
-195.071533
-193.265335
-193.858109
-195.289871
-195.285034
-193.590958
-192.839935
-193.719711
-193.806610
-191.629181
-189.156174
-188.803207
-189.066589
-187.952408
-184.955841
-182.743011
-181.168030
-178.700928
-174.789200
-171.501877
-169.814774
-167.996765
-165.461548
-163.544296
-164.060364
-163.586685
-161.813736
-159.839630
-160.081573
-161.604523
-162.374329
-161.102951
-160.645905
-161.831436
-162.258987
-161.381363
-160.950073
-161.881332
-162.779343
-162.005249
-161.559464
-163.175766
-164.770065
-164.986252
-164.973923
-167.033325
-171.195572
-175.327789
-178.956818
-182.887863
-187.644485
-189.299942
-189.121307
-188.225983
-189.419037
-193.124252
-195.775345
-193.822708
-190.075638
-188.571457
-187.001831
-184.711761
-183.577179
-183.799805
-183.445755
-182.450653
-180.548965
-180.244812
-181.028015
-180.482986
-178.868301
-179.020645
-180.385361
-180.666458
-180.722778
-180.932526
-182.095001
-182.874985
-182.058517
-180.892822
-181.481842
-183.138916
-183.217239
-181.945862
-180.725464
-181.349335
-181.578934
-180.417007
-179.570496
-180.634796
-181.851990
-181.222198
-180.092453
-181.480774
-183.784790
-184.902191
-184.601257
-184.733749
-186.331284
-187.094101
-186.166595
-185.491211
-186.646164
-188.332748
-188.766724
-187.929871
-188.032333
-189.212509
-189.509689
-188.491531
-188.364395
-189.917389
-191.254745
-190.392136
-189.453369
-190.895325
-192.078186
-191.309464
-189.821899
-190.100311
-191.716080
-192.198349
-191.321793
-191.253662
-192.466034
-192.814194
-191.963913
-191.154419
-192.876953
-194.041031
-193.461136
-191.584122
-191.673706
-192.633408
-192.346420
-191.268143
-191.500427
-192.590500
-192.799713
-191.293900
-190.109436
-191.157104
-192.455307
-192.101791
-190.439346
-190.507477
-191.937088
-192.335678
-191.336807
-191.149063
-193.016968
-194.059265
-193.391403
-192.609802
-193.287872
-194.778641
-195.038818
-194.248093
-195.189026
-197.014526
-197.636810
-196.472717
-195.910004
-197.502686
-198.540710
-197.738724
-196.813370
-197.758041
-198.652283
-198.533737
-197.624466
-197.796661
-198.988632
-198.778885
-197.453339
-196.915833
-197.982269
-199.193558
-199.160828
-197.996216
-198.549286
-199.619492
-199.219299
-198.123886
-198.856140
-200.564697
-201.219696
-199.670990
-199.147964
-200.625854
-201.341476
-200.921967
-200.234787
-201.711075
-203.120316
-202.479263
-201.409058
-201.926193
-203.642273
-204.361633
-202.108047
-200.729385
-202.384842
-203.443787
-202.991028
-202.505005
-203.109039
-204.095032
-203.927124
-203.090271
-203.965210
-205.297195
-206.004227
-205.403412
-204.423325
-205.218872
-206.319107
-205.642120
-204.767731
-206.352371
-208.913345
-208.992737
-207.875870
-208.161789
-209.905762
-210.251236
-209.041550
-208.476685
-209.675095
-210.931442
-210.279663
-209.261490
-209.709427
-210.770508
-211.436234
-210.106400
-210.208313
-211.522064
-212.008621
-211.071991
-210.705597
-211.980179
-212.510193
-210.941101
-208.725052
-208.316284
-208.699844
-208.041626
-206.743439
-206.669952
-208.407486
-209.036728
-207.935410
-207.239105
-208.390854
-208.958405
-208.139267
-207.170990
-208.234207
-209.575851
-209.312988
-207.797012
-208.115662
-209.913803
-210.539841
-209.530258
-209.008301
-210.162186
-211.173904
-210.794647
-209.975494
-210.798935
-211.846069
-211.319290
-209.786133
-209.740005
-211.121338
-211.224335
-207.501968
-204.207138
-204.468384
-205.134109
-205.408768
-204.820831
-204.921677
-205.541809
-205.038620
-203.817154
-203.950180
-205.466705
-206.101318
-205.696838
-204.937775
-206.482727
-208.028748
-207.672562
-206.527786
-207.620514
-209.189072
-209.128464
-207.144165
-206.733780
-208.484192
-209.660614
-208.700912
-207.998169
-209.314072
-210.251236
-209.484116
-208.225098
-208.344711
-209.326401
-209.667053
-208.816788
-209.368790
-211.029068
-211.862701
-211.214676
-210.901932
-212.681320
-214.033142
-213.014450
-211.726990
-212.237671
-213.204346
-213.109390
-211.672806
-211.391174
-212.454941
-213.164642
-212.714035
-212.431870
-214.498779
-217.083893
-217.273254
-216.075912
-217.087112
-218.716278
-219.399170
-218.582169
-218.652451
-219.868027
-221.073410
-220.499954
-219.819748
-221.021912
-222.450455
-222.168289
-221.350220
-222.709549
-224.703506
-225.734558
-225.865982
-226.435684
-227.539673
-227.581528
-226.669037
-226.927597
-228.783691
-230.130692
-230.085632
-229.470871
-230.201508
-231.492188
-231.615570
-230.088318
-230.110840
-232.089783
-233.207718
-232.260361
-231.687988
-232.827927
-233.877197
-233.426590
-232.052231
-232.443832
-233.989319
-234.235016
-232.566681
-231.833359
-233.028015
-233.567673
-233.242584
-232.848312
-234.285431
-235.755814
-234.950623
-233.554794
-233.654572
-234.269348
-233.709839
-232.110168
-231.679932
-233.124573
-233.853058
-232.959885
-232.196533
-233.192703
-234.167953
-233.632584
-232.883713
-233.845551
-235.315399
-235.949478
-235.569138
-236.418320
-238.970184
-240.647095
-240.896011
-240.949646
-242.326691
-243.147446
-242.216187
-241.030655
-241.296188
-242.300949
-242.304169
-241.019928
-241.266144
-242.753174
-243.175888
-242.125534
-241.140091
-242.235504
-243.449463
-242.388916
-240.139618
-239.822586
-240.958237
-241.217865
-239.776993
-239.032944
-240.497971
-241.029037
-239.425613
-238.382233
-239.236786
-239.899841
-239.216400
-238.120987
-238.811386
-239.679886
-239.518417
-237.893539
-237.565247
-238.564636
-238.756683
-237.950943
-236.856064
-237.786255
-238.910095
-238.083435
-236.665085
-237.085663
-238.429443
-238.218628
-236.783646
-236.489136
-237.996002
-239.274338
-238.554443
-237.782501
-238.811935
-239.988876
-239.563492
-237.942352
-238.255646
-239.987808
-240.304306
-238.612915
-237.846329
-238.809250
-239.156326
-238.377411
-237.578110
-237.902130
-238.302307
-237.602783
-236.298157
-236.556198
-238.149429
-238.256714
-237.095322
-236.735901
-238.047501
-239.004517
-238.363998
-237.049713
-237.782501
-238.980911
-238.225601
-236.816360
-237.295410
-238.542633
-238.596817
-237.700958
-237.514816
-239.236252
-239.876236
-239.629471
-239.075867
-240.356888
-242.320251
-242.695770
-241.212509
-241.295120
-242.113190
-242.567017
-241.925446
-241.534378
-242.979553
-244.151138
-243.960159
-243.050888
-243.951050
-245.158035
-244.819534
-243.335739
-243.414063
-244.791641
-245.099564
-243.973038
-243.781525
-244.962769
-245.648880
-244.500366
-244.005219
-245.527649
-246.608582
-246.098953
-244.764832
-244.924149
-246.455154
-246.388092
-244.738007
-243.564804
-244.705811
-245.452545
-244.425797
-243.236496
-243.842148
-244.698837
-244.358200
-242.838455
-242.660904
-243.115799
-242.246231
-240.208282
-239.116623
-240.128891
-241.014557
-240.541962
-239.476578
-240.100998
-241.157257
-240.818222
-239.346756
-239.350525
-241.129898
-242.331528
-240.717377
-239.841354
-240.936234
-242.549316
-242.275742
-240.780136
-241.299408
-242.799301
-242.817535
-241.099854
-240.945358
-242.469925
-242.928589
-241.730179
-241.520966
-242.901230
-243.579819
-242.483337
-241.170135
-241.368607
-242.072952
-242.257492
-241.312820
-241.579437
-243.107224
-243.515457
-242.602432
-242.614761
-243.989670
-244.939697
-244.540054
-243.700531
-244.451004
-245.669266
-245.310379
-244.801300
-245.082397
-246.868744
-247.554321
-246.720154
-246.209457
-247.599915
-248.625061
-248.270477
-246.834412
-246.991592
-248.322510
-247.835953
-246.330704
-246.762527
-248.181961
-248.851440
-248.396530
-248.272079
-249.437225
-250.045563
-249.159363
-247.824158
-248.777405
-250.264420
-250.174835
-249.037048
-249.377151
-250.733810
-250.791748
-249.739792
-249.009689
-250.331482
-251.242355
-250.198441
-249.193695
-250.223114
-251.969238
-252.059357
-250.709671
-250.673187
-252.162888
-252.331329
-250.562149
-250.092758
-251.707458
-253.073242
-252.983643
-252.781952
-254.043655
-255.517258
-255.056458
-253.784027
-254.006104
-255.612213
255.748413
-255.319321
-255.171799
255.617523
254.423935
255.224304
255.954941
255.463562
254.288208
253.959915
254.474365
254.387985
253.172958
252.884338
253.975998
254.637970
253.174026
252.047501
252.634903
254.036621
253.548462
252.073776
252.111328
253.331207
253.272736
252.247055
251.880661
252.917603
253.592453
252.696060
251.947723
252.148880
252.588760
251.945572
250.506302
250.246124
251.408600
250.950470
249.543381
249.255859
250.345367
250.800262
249.391571
248.342834
248.796661
250.140442
249.398544
248.027939
248.092316
249.276245
248.991928
247.561234
247.227036
248.198532
248.878738
247.919571
247.210938
247.715195
248.761795
248.029541
247.345581
247.713043
249.017136
248.941498
248.376083
248.263977
249.276779
249.939285
248.996216
248.274704
248.632507
249.457550
248.667908
247.275314
247.115448
247.900269
247.913681
246.626755
245.644531
246.194382
246.885315
246.287186
245.513092
245.789368
247.014069
246.874588
245.858032
245.792587
246.441681
246.404129
245.510422
245.443893
246.354233
246.405731
245.522217
244.904770
245.502365
246.823624
246.058655
244.760468
245.404205
246.996902
246.766220
245.355927
245.058731
246.294159
246.740479
245.590881
244.619919
245.160660
246.151459
245.836029
244.823776
245.086624
246.020569
245.922409
244.343124
243.559372
244.316299
244.490097
243.131302
242.415680
243.191910
244.409103
243.935425
242.875946
243.248245
244.923019
245.638092
244.274460
243.070679
243.578690
244.476700
243.837784
242.915649
243.406494
244.197739
243.635010
242.462357
242.171066
243.255219
243.080872
241.484955
240.888977
241.687195
242.396912
241.268234
240.031204
240.253830
241.456528
241.015564
239.632629
239.470612
240.522049
240.325165
238.420807
237.291061
238.082840
239.334900
238.647186
238.101089
239.059708
240.529556
240.110062
238.984604
238.893402
240.395447
240.964615
239.668030
238.849426
239.256577
240.402420
239.494217
238.258255
238.693848
240.116501
239.724350
238.447083
238.048508
239.149292
239.480804
238.457809
237.655304
238.260941
239.309143
238.656830
237.874710
238.195496
239.301636
239.273209
237.910110
237.423553
238.212128
238.705658
237.784576
237.005661
237.840912
238.714233
237.649399
236.399490
236.639816
237.685333
237.183762
236.015396
236.327072
237.807114
237.933716
236.886581
236.376419
237.158554
237.968582
237.328613
236.253036
237.053406
238.252365
238.268448
236.684875
236.458496
237.836075
238.540970
237.800140
237.340942
238.294205
239.220642
238.454056
237.260483
237.193954
237.964294
237.657974
236.468689
236.194565
237.267456
237.668167
236.460648
235.813156
236.833466
238.154724
237.146210
235.726791
236.175797
237.910645
237.601654
236.126984
235.840515
236.543793
237.014252
236.099075
234.954315
235.433350
236.317413
235.871094
234.928558
235.098083
236.364090
236.278259
235.073944
234.706482
235.841049
236.277176
235.017075
234.353500
234.852921
236.107666
235.385620
234.055237
234.088501
235.461258
235.109879
233.721573
232.868622
234.001587
234.632980
233.869629
233.604095
234.369049
235.138321
233.744644
232.370804
232.232941
233.266129
232.957672
231.604767
231.222290
232.743103
233.717285
233.018295
233.011856
234.159851
235.476273
234.748856
233.252716
233.379318
234.692535
234.280014
232.710922
232.369202
233.320313
233.633591
231.976532
231.295776
232.124588
232.929779
231.994766
230.723938
230.994843
232.317169
232.353638
231.246429
231.016296
231.620331
231.774292
230.508820
229.539474
230.558167
231.867630
231.325287
230.289413
230.803329
232.110107
231.874069
230.446060
229.841492
230.708908
231.224442
230.061432
229.089401
229.374786
230.337692
229.590439
228.066940
227.921021
228.931152
228.510040
227.084717
227.005325
227.781555
227.931213
226.996201
225.929214
226.472092
227.451645
226.644287
225.501144
225.332687
226.501068
226.833130
226.169006
226.528961
227.954285
228.334625
226.937729
225.923859
226.717789
228.009537
227.667282
226.136292
225.840698
226.712952
226.271469
225.135818
225.060181
226.533783
227.328262
226.526276
225.140656
225.380432
226.578842
225.993591
224.976501
224.798401
225.956573
226.228546
225.146011
224.345642
225.372391
226.409866
225.772583
225.047852
225.976959
227.201660
225.991974
224.372467
224.249084
225.454468
225.640076
224.489410
224.408936
225.562836
226.288635
225.032822
224.425568
224.734558
225.356842
224.714706
223.565125
224.148224
225.463593
225.379364
224.116043
223.635925
224.774796
225.740387
224.842392
224.037720
224.418060
225.242035
224.348328
222.918167
222.793716
224.009827
224.441132
223.683136
223.144547
223.677765
224.077957
223.116119
222.337204
222.529785
223.670258
223.144012
222.079178
222.485260
223.658997
224.279129
223.670792
223.190689
224.625671
226.498917
226.128769
225.613251
226.409332
227.738098
227.312164
225.966766
225.687820
226.650726
226.645905
225.176590
224.457214
225.002243
225.549423
224.077423
222.489548
223.080170
224.491547
223.883224
222.316284
221.821686
222.703064
222.574844
221.302414
221.082458
222.689102
223.579605
222.371002
221.437057
221.948288
223.166550
222.623123
221.513763
221.396286
222.408554
222.426254
220.760605
219.682892
220.433365
221.235886
219.998322
218.682968
219.143234
220.690857
220.172668
218.773621
218.545639
219.914093
220.117950
219.004288
218.405090
219.383560
219.881912
218.901825
218.253265
219.944672
221.928436
221.701523
220.407089
220.186615
221.266464
221.277725
219.486557
218.309067
219.027893
219.921600
219.306305
218.664185
219.333664
220.436050
220.464478
219.668945
219.472610
220.896317
221.814178
220.842682
220.573380
221.727798
222.457367
221.286316
220.214508
220.679596
221.238037
220.354507
218.869644
218.744659
219.872253
220.215042
219.297180
218.905579
219.745117
220.746124
219.798767
218.560120
218.509155
219.340637
218.699585
217.343460
217.283386
218.010269
218.127747
217.072021
216.981369
218.045135
218.914169
218.098770
217.064514
217.448074
219.060074
219.220474
217.916382
217.781738
219.306839
219.578827
218.047272
216.991562
217.553757
217.930878
216.961517
216.277023
217.301620
218.940460
218.738220
217.674454
217.481339
218.786499
219.166290
218.073029
217.177704
217.922821
218.662048
217.733994
216.312424
216.422394
217.527466
216.865494
215.350586
215.004578
216.203522
216.511978
215.264221
214.236389
214.790009
215.813004
215.028717
214.321152
214.792679
215.982513
215.281387
213.718201
213.783646
215.816757
216.733002
215.690689
215.263687
216.001831
216.800049
216.018997
214.602783
214.808243
216.255569
216.169739
215.067337
215.448212
216.926117
217.346680
216.175629
215.504547
216.021133
216.516815
215.668152
214.522858
214.799652
216.040985
216.012558
214.829697
214.499252
215.487381
215.829086
214.843109
214.029861
214.883881
216.126816
215.349518
214.560944
214.990097
216.564011
216.293655
214.836670
214.474045
215.388672
215.791534
214.917145
214.254105
215.003510
215.963196
215.301773
214.706848
216.028641
217.691620
217.568771
216.117691
216.025436
217.220093
217.702347
216.129501
215.226135
215.836060
217.261932
216.830093
215.771698
215.942810
217.151962
217.169128
215.912781
215.238464
216.438492
217.352051
216.375183
215.373657
215.884338
216.572067
215.243301
213.720337
213.588913
214.235321
213.637726
212.118530
211.631439
212.740799
213.293335
212.443604
212.061661
213.016525
214.096924
213.077682
211.798798
212.174850
213.204819
213.102890
211.736038
211.516632
212.781570
213.358246
212.348114
211.685608
212.307358
213.020813
212.236542
211.062805
211.152924
212.245667
212.091705
211.127182
211.174393
212.586838
213.290649
212.822342
212.461304
213.307281
214.273407
213.479477
212.346512
212.653351
213.912918
214.225128
212.974686
212.516571
213.884491
214.702560
213.440857
212.602936
214.560410
216.583328
215.770615
214.558258
214.377487
215.265823
215.002975
213.380768
212.516571
213.353943
213.923111
213.007401
212.389969
213.265976
214.458481
213.826019
212.801407
212.740799
213.908096
214.049713
212.807846
212.351883
213.600174
214.390350
213.476791
212.738113
212.945709
213.838348
213.225204
212.072922
212.550903
213.830307
213.667236
211.761795
211.041885
211.927017
212.635117
211.707077
211.606216
212.621170
214.050781
213.254700
212.002121
211.953293
212.765472
212.943573
211.784851
211.242508
212.186646
212.866867
211.846542
211.009155
211.647522
212.924255
212.138916
211.371262
211.834213
213.380234
213.817978
212.742935
212.163055
212.892075
213.492889
212.608826
212.090622
212.962341
214.176315
213.779343
212.342224
211.968323
213.159760
213.325516
212.196838
211.636795
212.768158
213.447830
212.332031
211.322983
211.334244
211.980652
211.525757
210.431412
210.734497
212.185577
212.312180
211.172241
211.017746
212.444138
212.801956
211.098206
209.909988
210.574112
211.415787
211.152390
210.651886
210.601471
211.498398
211.623932
210.390640
209.764618
210.707687
211.413101
210.341293
209.354782
210.179825
211.512878
211.096069
210.354706
210.571426
211.771988
211.879807
210.675491
209.856354
210.510803
211.380920
210.610046
210.286575
211.049393
211.965103
211.365891
210.059128
209.808609
211.144348
211.859421
210.831070
210.607361
211.949005
212.477402
211.349808
210.472183
211.171707
212.084732
211.321915
210.209869
210.220596
211.620712
211.869614
210.573578
209.911072
211.030624
212.188263
211.110016
210.037125
210.414246
211.593887
211.406662
210.517776
210.751663
212.250488
212.821259
211.602463
210.742020
211.564377
212.426971
211.317612
210.539780
211.233398
212.344910
212.151779
211.274704
211.520935
213.265442
213.808853
212.498322
212.231171
213.188721
213.904877
213.039597
212.681793
213.138840
214.378021
213.536346
212.130325
212.072388
213.171555
213.673126
212.454880
212.036987
213.067490
214.118378
213.073929
211.771439
211.967255
213.342682
213.251495
212.390503
212.454880
213.233246
213.277237
212.114227
211.531113
212.452728
213.202133
212.778351
211.729599
212.278381
213.610367
213.262222
211.903946
211.778961
212.942505
213.320160
212.301987
211.589050
212.047180
212.705933
212.062195
211.358383
211.709747
212.825012
212.498322
211.290787
211.211945
212.311646
212.687683
211.966705
211.403442
211.832596
212.208115
211.435638
210.419083
210.669052
211.730682
211.159363
210.418533
210.136902
211.200134
211.392715
210.249023
209.767838
210.041428
210.947464
210.042496
208.976044
209.738327
210.768295
210.387421
208.646133
208.352173
209.455093
209.488892
208.125793
206.883392
207.738480
209.295227
208.525970
207.130692
207.212769
208.715866
208.299057
206.882858
206.229996
207.368332
207.749207
206.551865
205.745590
206.701538
207.744385
206.596924
205.778854
206.272919
207.156967
206.910217
205.806213
205.300888
206.583511
207.167160
205.900085
204.913574
205.761154
206.643600
205.952118
204.742981
205.017105
206.198883
206.006836
204.623352
204.414688
205.641525
206.205856
205.254745
204.530014
205.034805
205.794952
204.869583
203.343414
