222.435089
-9.862483
242.780182
-9.864629
18.446089
-9.851754
-142.643112
-9.842635
-18.460037
-9.842635
221.255981
-9.412946
243.160522
-6.478609
19.217493
-5.232454
-143.298111
-5.235672
-19.991579
-5.238891
219.890747
-5.240500
243.392258
-5.224407
20.538214
-5.232990
-142.632385
-5.761922
-20.157875
-8.784772
220.846146
-9.862483
245.720413
-9.851218
22.756399
-9.848536
-141.389984
-9.861947
-19.791487
-9.868920
220.919098
-9.865703
246.716583
-9.863557
24.897877
-9.854437
-139.606842
-9.869457
-19.828501
-9.871066
220.374084
-9.858728
247.710617
-9.857656
26.768986
-9.850145
-138.700806
-9.841562
-20.494225
-9.476245
219.164932
-6.583215
247.650528
-5.238355
28.154615
-5.227089
-138.102127
-5.235672
-22.200109
-5.235136
216.116882
-5.243183
246.039597
-5.244792
27.433638
-5.232454
-140.307449
-5.236745
-25.640850
-5.237282
213.762436
-5.240500
245.253174
-5.453468
27.671282
-8.079887
-140.262375
-9.808303
-26.241127
-9.841025
213.554291
-9.851218
246.151718
-9.844781
28.845016
-9.832442
-140.222153
-9.854974
-27.460461
-9.864093
211.797440
-9.851218
245.681259
-9.844245
28.996830
-9.852828
-140.945801
-9.856583
-28.591816
-9.858191
211.895615
-9.854437
246.686554
-9.858728
30.089024
-9.840489
-141.406082
-9.842099
-30.632977
-9.848000
210.564163
-9.144725
247.029327
-6.078959
30.914072
-5.244792
-141.587921
-5.250156
-31.914000
-5.249084
209.658112
-5.244256
247.257324
-5.237818
31.533663
-5.236745
-141.905502
-5.244256
-33.074860
-5.616546
208.822342
-8.499385
248.052872
-9.844781
33.029797
-9.872676
-141.290207
-9.871066
-33.804420
-9.860874
207.601929
-9.849608
247.463852
-9.848000
32.986881
-9.832442
-142.461792
-9.839417
-36.288681
-9.852828
206.078979
-9.850682
247.877991
-9.846927
34.206753
-9.852828
-141.932327
-9.874822
-36.472145
-9.779872
206.268875
-7.633031
249.027588
-5.354226
35.286610
-5.244792
-142.121689
-5.247474
-37.963455
-5.254448
204.763092
-5.247474
248.827484
-5.239428
36.178177
-5.227089
-141.895309
-5.706668
-38.934414
-8.707524
203.812515
-9.868384
248.963211
-9.859265
36.755924
-9.863557
-142.281006
-9.879649
-40.332916
-9.879649
202.949905
-9.860874
249.773773
-9.850145
38.739685
-9.834052
-140.938828
-9.853900
-40.424648
-9.868384
202.622681
-9.438158
250.363327
-6.503821
39.247158
-5.248547
-141.808411
-5.247474
-42.115513
-5.251229
201.826065
-5.259276
251.562271
-5.250693
41.765217
-5.314529
-140.156708
-7.365347
-41.851048
-9.740174
202.221954
-9.859265
252.861526
-9.852291
42.903011
-9.836734
-139.671753
-9.850682
-41.937416
-9.871066
202.703690
-9.880723
254.466034
-9.866775
44.939342
-9.849608
-138.999603
-9.855510
-42.669121
-9.868920
201.970367
-8.752585
254.933807
-5.743146
45.451107
-5.232990
-140.460327
-5.238891
-45.606678
-5.246938
198.533386
-5.242110
252.251602
-5.239964
43.222729
-5.236745
-143.391983
-5.662680
-49.825260
-8.615792
194.607162
-9.866239
249.550613
-9.872676
40.833416
-9.865703
-146.484039
-9.855510
-53.476818
-9.851218
191.602539
-9.848536
246.975159
-9.853900
38.526718
-9.852291
-150.102325
-9.849608
-58.416912
-9.863020
186.705902
-9.864093
244.090714
-8.998813
36.356274
-5.927146
-152.869293
-5.249084
-62.345810
-5.246938
183.081161
-5.249620
241.917038
-5.249620
35.076862
-5.303264
-155.083725
-7.261814
-65.993614
-9.717645
179.773468
-9.871066
239.957428
-9.864629
33.784035
-9.851218
-157.173706
-9.852291
-69.614594
-9.860337
175.709381
-9.872676
237.012894
-9.868920
32.324913
-9.864093
-159.000824
-9.866775
-72.155182
-9.850145
173.633347
-8.995057
236.603592
-5.913198
32.129112
-5.223334
-160.078003
-5.232454
-74.237656
-5.236209
171.768143
-5.242110
236.328934
-5.251229
32.947723
-5.279124
-159.880600
-7.041873
-75.258499
-9.643079
170.548813
-9.848536
235.845596
-9.841025
32.447224
-9.837808
-161.244766
-9.847463
-76.985847
-9.855510
169.415314
-9.860337
236.940475
-9.855510
35.136406
-9.850145
-159.742722
-9.861947
-77.469711
-9.855510
168.482437
-8.749904
236.397064
-5.744756
34.751240
-5.239964
-160.514664
-5.236209
-78.575859
-5.241573
168.142334
-5.247474
237.758011
-5.237818
36.653999
-5.256594
-160.161148
-6.926001
-79.552177
-9.611428
167.260956
-9.868384
237.949524
-9.859801
37.476364
-9.847463
-159.957840
-9.838880
-80.323051
-9.853364
165.726196
-9.848536
236.769348
-9.842099
36.376659
-9.826005
-162.357346
-9.832442
-83.071236
-9.697259
165.110901
-7.216753
237.983322
-5.298436
37.743511
-5.245328
-161.814468
-5.256594
-83.667229
-5.253911
164.808884
-5.252302
239.168854
-5.238355
39.269154
-5.264640
-161.810715
-7.047237
-84.581322
-9.667218
165.187607
-9.877503
241.081802
-9.887696
41.047993
-9.890915
-161.725418
-9.882869
-85.243828
-9.893061
165.679001
-9.903253
242.413254
-9.891988
42.000179
-9.888769
-162.176559
-9.887696
-86.169731
-9.882332
166.277664
-9.872140
245.578262
-8.586288
45.427505
-5.647660
-160.285614
-5.244792
-85.227737
-5.254984
167.908981
-5.258203
247.425232
-5.246938
46.123272
-5.239428
-160.973862
-5.354226
-86.253952
-7.593871
168.448639
-9.777189
249.082840
-9.871603
47.588291
-9.863557
-160.380554
-9.869994
-86.271652
-9.875358
169.713577
-9.868920
252.541275
-9.871066
51.132568
-9.875358
-158.449905
-9.871066
-85.884880
-9.872676
168.461517
-9.873749
250.614380
-9.226800
47.828083
-6.155671
-163.577744
-5.259812
-90.903290
-5.256594
166.272827
-5.252839
249.948654
-5.254448
47.307735
-5.253375
-164.951035
-5.255521
-93.364487
-6.185711
163.515518
-9.233237
247.617279
-9.850145
44.961872
-9.853364
-167.556000
-9.866239
-95.626122
-9.865703
162.148132
-9.872140
248.486313
-9.853364
46.243435
-9.844781
-167.876266
-9.839953
-96.388954
-9.848000
162.839066
-9.860874
250.876160
-9.828688
50.001213
-8.162499
-164.734848
-5.491555
-94.521049
-5.243183
164.591095
-5.244792
253.956406
-5.224407
53.521343
-5.221725
-162.142776
-5.229235
-93.050133
-5.241037
165.987991
-5.239964
-255.718170
-5.653561
56.758232
-8.580924
-159.675674
-9.831906
-91.837234
-9.852291
166.566803
-9.855510
-254.233841
-9.860874
58.268852
-9.850682
-159.108658
-9.856046
-92.327003
-9.853364
165.475677
-9.850145
-254.639923
-9.856583
58.599838
-9.850682
-159.739517
-9.865703
-93.950279
-9.871603
164.195190
-9.859265
-254.579315
-9.856583
59.302574
-9.857120
-160.283463
-9.872676
-96.236069
-9.857120
161.994171
-8.395315
-255.493942
-5.574704
59.715637
-5.243719
-159.261002
-5.240500
-95.575699
-5.244792
162.451218
-5.248011
-253.768753
-5.249084
62.929459
-5.245865
-156.485992
-5.254984
-94.837021
-5.259812
162.564941
-5.257667
-252.727509
-5.295754
64.659485
-7.138432
-155.621246
-9.670438
-95.088608
-9.866775
162.204453
-9.872676
-252.426041
-9.860337
65.225433
-9.852291
-155.856750
-9.854974
-96.674339
-9.857656
160.106979
-9.866775
-253.571335
-9.850682
65.198608
-9.839417
-156.480621
-9.851218
-98.284737
-9.860337
158.736359
-9.854974
-253.483902
-9.841562
66.594429
-9.836734
-155.304749
-9.840489
-98.745537
-9.741248
157.875916
-7.426501
-253.586899
-5.315602
67.561096
-5.243719
-154.472717
-5.252302
-98.880722
-5.237818
158.106049
-5.245865
-251.383728
-5.244792
70.806572
-5.257130
-152.282974
-6.621839
-98.819031
-9.486438
156.409286
-9.846391
-253.100342
-9.846927
70.355957
-9.847463
-153.044724
-9.857656
-100.731445
-9.858191
155.028473
-9.854437
-252.745224
-9.831370
71.739441
-9.838344
-150.890900
-9.838344
-99.340454
-9.828688
155.844406
-9.848000
-250.970673
-8.838416
73.797768
-5.799473
-150.075516
-5.253375
-99.843636
-5.252839
154.532272
-5.242110
-251.099945
-5.231917
74.619598
-5.229235
-149.636169
-5.252302
-100.493271
-6.815494
153.484055
-9.569587
-251.421280
-9.848536
75.030510
-9.831370
-150.652191
-9.831370
-101.734596
-9.845854
153.250717
-9.867311
-251.150375
-9.868384
75.465569
-9.851218
-150.066391
-9.853900
-102.899742
-9.861947
151.240128
-9.863557
-251.670181
-9.844781
76.951515
-9.839953
-148.682907
-9.861411
-102.533356
-9.845854
151.569504
-8.370639
-250.330154
-5.555392
78.026001
-5.237818
-149.103485
-5.241037
-104.576126
-5.240500
148.931274
-5.238355
-251.583817
-5.234063
78.015816
-5.240500
-149.454849
-6.345571
-105.374352
-9.346963
148.799850
-9.853364
-251.160568
-9.857120
78.536697
-9.851218
-149.482742
-9.860337
-107.148361
-9.875895
146.158417
-9.883405
-252.670120
-9.860874
78.751274
-9.845854
-148.980103
-9.844781
-107.175186
-9.848000
145.970123
-9.739638
-251.955032
-7.433475
79.609047
-5.327940
-149.122787
-5.254984
-108.621437
-5.240500
144.089890
-5.248011
-252.934586
-5.244256
79.775337
-5.239428
-149.098114
-5.242110
-109.037712
-6.257595
143.908035
-9.278834
-252.127243
-9.839417
81.466209
-9.828151
-147.704971
-9.843708
-108.713699
-9.852828
143.575989
-9.853364
-251.767822
-9.851754
83.003113
-9.860874
-146.516754
-9.860337
-108.905746
-9.857120
143.336731
-9.863020
-250.383804
-9.868920
85.590370
-9.866239
-144.034103
-9.872676
-107.493294
-9.749294
144.496521
-7.430256
-248.053497
-5.323649
88.887344
-5.232990
-141.325607
-5.245865
-105.827110
-5.234063
146.017334
-5.240500
-245.976929
-5.229772
91.602272
-5.230844
-138.443314
-5.241573
-104.294495
-5.250693
146.461502
-6.451250
-244.473282
-9.417773
94.249611
-9.850145
-136.917664
-9.842099
-104.547691
-9.845854
146.055954
-9.847463
-244.654602
-9.832442
93.779152
-9.831906
-138.708847
-9.841562
-107.278717
-9.851218
143.014328
-9.845854
-246.542343
-9.838880
92.780296
-9.840489
-139.370819
-9.842099
-109.153046
-9.839953
140.222687
-9.722472
-249.107071
-7.414163
90.499352
-5.316675
-142.769714
-5.245865
-113.635017
-5.235136
135.316925
-5.241573
-252.801544
-5.231381
88.472137
-5.225480
-144.854858
-5.270005
-117.079514
-7.028998
131.514618
-9.636106
-255.945099
-9.854437
85.977142
-9.834588
-148.002701
-9.833516
-121.639801
-9.836198
126.216187
-9.846927
251.517212
-9.851218
82.601852
-9.857656
-150.874802
-9.851218
-125.118095
-9.851754
122.577507
-9.843708
248.195023
-9.840489
79.397682
-9.845854
-154.671738
-9.839417
-130.358063
-9.809913
116.573647
-8.054675
242.680939
-5.441666
74.460274
-5.227626
-159.367218
-5.243719
-134.972534
-5.249620
112.665665
-5.254448
240.271774
-5.251766
74.355667
-5.236745
-158.084579
-5.230308
-133.966156
-5.617619
110.092354
-8.506358
234.816162
-9.852291
67.771385
-9.865703
-165.853867
-9.845854
-145.382721
-8.558393
98.696724
-5.640150
231.161392
-5.232454
72.016785
-5.228162
-156.727386
-5.232454
-133.540222
-5.234600
113.658089
-5.236745
244.986572
-5.232454
83.394180
-5.237818
-148.867447
-5.246401
-128.593704
-5.250156
116.508736
-5.244792
248.309814
-5.230844
87.790855
-5.232454
-145.624649
-5.238355
-126.489235
-5.241037
118.666306
-5.246938
251.141693
-5.236209
90.322861
-5.223334
-144.097397
-5.228162
-126.487091
-5.236745
118.437248
-5.245328
252.831482
-5.242110
94.296288
-5.231381
-140.023132
-5.232990
-123.373047
-5.246401
121.421471
-5.250693
-255.274536
-5.252302
98.489120
-6.729127
-136.867233
-9.556175
-121.285217
-9.863557
123.001289
-9.863557
-253.271469
-9.855510
101.220680
-9.845317
-134.938736
-9.852828
-121.232643
-9.853900
121.919823
-9.857656
-253.928070
-9.857656
101.346207
-9.839417
-135.121124
-9.863557
-122.629005
-9.855510
120.595886
-8.991838
-253.632492
-5.906225
102.987724
-5.215824
-133.923782
-5.220652
-122.991104
-5.217433
119.158760
-5.226017
-254.605591
-5.231381
102.854149
-5.234063
-134.283203
-5.399824
-124.660507
-7.883550
117.371338
-9.817422
-254.726303
-9.864093
104.499413
-9.842099
-132.969986
-9.828151
-124.860062
-9.834052
116.479233
-9.830833
-254.921555
-9.828688
105.045509
-9.823323
-132.948532
-9.836734
-126.027359
-9.842099
114.679474
-9.838344
-255.750366
-9.816350
105.407074
-9.808303
-132.757019
-9.822787
-127.412987
-9.835662
113.056732
-9.517551
255.810883
-6.674946
105.663490
-5.240500
-133.119659
-5.233527
-129.039474
-5.238891
110.856247
-5.246938
254.954193
-5.246938
106.096405
-5.229772
-132.970520
-6.336988
-130.383270
-9.338380
109.159485
-9.844781
254.277740
-9.849072
106.242317
-9.844781
-132.766678
-9.854437
-130.739471
-9.862483
108.942764
-9.864629
255.515839
-9.857656
108.746422
-9.846927
-130.799545
-9.863020
-130.142944
-9.861947
109.164848
-9.872676
-255.060501
-9.867311
110.942078
-9.861947
-129.511017
-9.857120
-130.709961
-9.848536
107.673538
-8.379758
-255.982651
-5.562366
110.795097
-5.240500
-130.090378
-5.238355
-132.016739
-5.237818
106.303467
-5.243183
255.857025
-5.236745
111.862076
-5.220116
-128.916641
-5.232454
-131.787674
-6.508649
105.726791
-9.428502
255.848434
-9.821713
112.965538
-9.817959
-128.006302
-9.815276
-132.026932
-9.827615
104.704872
-9.836734
255.759918
-9.827615
114.193451
-9.821177
-126.777840
-9.831370
-132.132599
-9.830833
103.990868
-9.819032
255.971817
-9.820642
115.165489
-8.969844
-126.294510
-5.909980
-132.937805
-5.232454
103.041367
-5.238891
255.924606
-5.228699
115.819946
-5.238891
-125.701202
-5.528570
-133.314392
-8.298756
102.316093
-9.831370
255.898331
-9.860874
117.100433
-9.854974
-125.069275
-9.858728
-133.807373
-9.844245
101.147186
-9.854974
255.810883
-9.831370
117.796738
-9.824396
-124.456657
-9.842099
-134.492950
-9.844781
100.085571
-9.775580
255.476151
-7.628740
119.064346
-5.342961
-123.555435
-5.235136
-134.946777
-5.242110
99.279297
-5.246938
255.800156
-5.241037
120.018677
-5.230844
-123.091949
-5.606354
-135.989090
-8.497775
97.280518
-9.842099
254.903229
-9.843708
120.208580
-9.830297
-123.157936
-9.827079
-137.333939
-9.841562
95.362732
-9.853900
253.801376
-9.845854
120.243980
-9.841025
-123.846191
-9.835125
-139.545700
-9.831906
92.584496
-9.822787
251.754852
-9.828151
119.243515
-9.828688
-124.533905
-9.816350
-141.074020
-9.774507
90.872177
-7.927538
251.636841
-5.409480
120.148499
-5.229772
-124.113876
-5.235672
-141.305222
-5.245865
90.568016
-5.242110
252.397507
-5.229772
122.669235
-5.229772
-121.586693
-5.285562
-140.670074
-7.135750
90.916161
-9.651662
253.888809
-9.821177
125.041916
-9.825469
-120.014923
-9.826005
-140.354111
-9.822787
90.271362
-9.830297
254.921463
-9.835125
127.654922
-9.832979
-118.029015
-9.831370
-140.095551
-9.837808
90.005287
-9.839417
255.086685
-9.837808
127.834633
-9.831370
-118.715660
-9.831370
-142.078766
-9.836734
87.414810
-9.712816
253.012268
-7.310093
127.236504
-5.286098
-118.625534
-5.228699
-142.985367
-5.232990
85.970169
-5.233527
253.082001
-5.228699
128.740143
-5.226017
-117.850380
-5.225480
-143.268600
-5.232454
85.133324
-5.244256
252.502121
-5.243719
128.903229
-6.526888
-117.590202
-9.426356
-144.421417
-9.835662
83.788460
-9.849608
252.746735
-9.840489
130.643982
-9.821713
-115.566742
-9.826005
-143.186523
-9.823323
84.125885
-9.827079
253.167831
-9.822787
131.568268
-9.822787
-115.395081
-9.832442
-144.621506
-9.832979
82.069702
-9.842099
252.050964
-9.841562
131.190079
-9.832442
-116.126793
-9.828688
-146.171829
-9.820642
79.946465
-9.512187
250.587021
-6.672801
130.628418
-5.226017
-116.722244
-5.221725
-148.149689
-5.236745
77.260506
-5.241037
248.836075
-5.235672
130.270615
-5.225480
-117.183044
-5.487800
-149.755249
-8.195222
75.360962
-9.817959
248.014786
-9.829761
130.613937
-9.840489
-116.520004
-9.848536
-150.041718
-9.868920
74.234436
-9.864093
247.482635
-9.849608
130.838165
-9.844781
-117.579475
-9.844245
-152.621460
-9.844781
73.237724
-9.839417
249.183685
-9.572268
133.835800
-6.865920
-114.570038
-5.250156
-151.107086
-5.236209
72.479195
-5.246938
248.092560
-5.244256
133.320282
-5.227089
-115.634338
-5.483509
-153.894974
-8.202733
68.719810
-9.829761
245.543396
-9.830297
132.988770
-9.822250
-115.480911
-9.827079
-154.269409
-9.836734
68.667244
-9.839417
246.505234
-9.831370
133.962402
-9.846927
-115.531876
-9.846927
-155.705460
-9.843171
66.923805
-9.853900
245.977905
-9.852291
134.787994
-9.842099
-115.255608
-9.837271
-156.931244
-9.737493
65.192711
-7.521451
245.259079
-5.330623
134.883484
-5.233527
-115.803314
-5.236209
-158.831848
-5.238891
63.037285
-5.248547
243.471115
-5.245328
134.990768
-5.243183
-114.526047
-5.661607
-158.093704
-8.600236
62.896736
-9.857656
244.357849
-9.856046
136.666611
-9.838880
-112.631332
-9.844245
-157.422073
-9.855510
61.870522
-9.855510
242.894974
-9.863020
135.779343
-9.869994
-114.401054
-9.865703
-160.933624
-9.860337
58.356293
-9.756804
241.554947
-7.517696
136.509964
-5.324722
-112.727356
-5.235136
-159.011017
-5.245865
59.864769
-5.258203
242.833282
-5.242110
137.720184
-5.236209
-111.935036
-6.349863
-159.554977
-9.350182
58.738777
-9.856583
242.467972
-9.858191
138.420242
-9.852828
-111.636772
-9.854974
-160.765182
-9.859801
56.773254
-9.848000
241.254532
-9.847463
138.029709
-9.848536
-112.183945
-9.841562
-162.065521
-9.859801
55.446095
-9.866239
241.162811
-9.643615
139.228653
-6.998421
-111.358360
-5.271078
-162.511841
-5.247474
54.427929
-5.251229
240.711655
-5.241573
139.689468
-5.238355
-110.619141
-5.302728
-162.678131
-7.256449
53.422100
-9.712816
240.723465
-9.852828
140.854080
-9.844245
-109.648186
-9.855510
-162.879303
-9.860874
52.391598
-9.863557
240.228867
-9.864093
141.615829
-9.859265
-108.936325
-9.850145
-163.485489
-9.853900
50.894386
-9.859801
239.280426
-9.846927
141.649612
-9.834588
-109.251213
-9.840489
-165.061020
-9.835125
48.684246
-9.256305
237.995117
-6.223262
141.908722
-5.244256
-108.076408
-5.244792
-164.407089
-5.244792
48.885414
-5.246938
239.032059
-5.241573
143.610321
-5.238891
-106.553986
-5.256594
-163.842758
-6.817640
48.936375
-9.580852
239.439758
-9.854974
144.851639
-9.845854
-105.743958
-9.852828
-164.509018
-9.848536
47.207420
-9.840489
238.078796
-9.842099
144.680511
-9.852828
-105.807259
-9.860337
-165.661285
-9.851754
45.630817
-9.852291
237.606201
-8.749904
145.599976
-5.751729
-104.606171
-5.249620
-165.152206
-5.258739
45.733814
-5.253911
237.953278
-5.254984
146.390152
-5.296827
-103.746254
-7.134677
-165.206390
-9.673656
44.951679
-9.860337
237.855103
-9.844781
147.245773
-9.841562
-103.084816
-9.839953
-165.685974
-9.840489
43.694798
-9.852291
237.407181
-9.856583
148.166321
-9.834052
-101.868164
-9.829225
-165.606033
-9.840489
43.420677
-9.836198
238.487579
-8.442522
150.378601
-5.571485
-100.525993
-5.226017
-165.977249
-5.232990
41.972820
-5.234600
236.927063
-5.230844
149.179123
-5.225480
-102.132637
-5.816103
-168.474396
-8.845926
39.351765
-9.836734
235.541428
-9.831906
149.023010
-9.820642
-102.007103
-9.813130
-169.143341
-9.826005
38.431767
-9.826005
235.288239
-9.819032
149.961243
-9.819568
-100.687462
-9.805084
-168.925003
-9.798647
37.879230
-9.807230
235.363876
-9.031535
151.099579
-5.973816
-99.735809
-5.220116
-168.825760
-5.221725
37.761215
-5.231917
235.888519
-5.225480
152.096283
-5.222798
-98.757339
-5.477608
-168.728134
-8.192004
36.634151
-9.828688
235.366547
-9.843708
152.846237
-9.844781
-97.904938
-9.839417
-168.477615
-9.837808
36.417965
-9.843708
235.368164
-9.844781
153.814514
-9.846391
-97.291245
-9.844781
-169.838028
-9.852828
34.540417
-9.861947
234.598907
-9.829761
153.848312
-8.055211
-96.956505
-5.440593
-170.217834
-5.230308
33.591454
-5.232454
234.484650
-5.234600
154.713043
-5.234063
-95.865379
-5.246401
-169.269928
-6.438375
33.867184
-9.390414
234.751785
-9.835125
156.178604
-9.841562
-95.002243
-9.844781
-170.157211
-9.847463
31.987492
-9.844245
233.532455
-9.852291
156.141602
-9.854437
-94.235130
-9.845317
-170.200119
-9.846927
31.405453
-9.869457
233.666565
-9.861411
156.800888
-8.999885
-94.204018
-5.926610
-171.028397
-5.241573
30.326668
-5.243719
233.215958
-5.247474
158.025040
-5.243719
-92.531387
-5.290390
-170.970993
-7.247330
28.899733
-9.707988
232.444550
-9.852291
157.745026
-9.843708
-93.347321
-9.846927
-171.921570
-9.852828
29.128794
-9.855510
233.981995
-9.854974
160.842438
-9.852828
-89.423248
-9.848536
-169.436234
-9.854974
30.382458
-9.854974
236.442657
-9.832979
164.944061
-8.281053
-84.772293
-5.527497
-165.204773
-5.247474
34.005051
-5.260349
240.595795
-5.250156
169.488800
-5.240500
-81.036514
-5.249620
-162.958160
-5.974353
35.349373
-9.050847
242.492111
-9.871603
172.808838
-9.871066
-77.254066
-9.878040
-160.417038
-9.890378
37.393215
-9.888769
245.437180
-9.882332
176.427139
-9.866775
-74.262329
-9.856583
-158.530365
-9.859265
38.605576
-9.871603
247.512131
-9.842099
179.942978
-8.072913
-69.822197
-5.453468
-155.085876
-5.251229
40.804451
-5.264640
249.673462
-5.260885
182.913254
-5.250693
-66.673820
-5.333305
-152.606445
-7.484437
42.000179
-9.760023
251.036560
-9.874286
185.514999
-9.876967
-63.486286
-9.879113
-150.175293
-9.886086
44.008080
-9.887160
253.564270
-9.871066
188.770660
-9.859801
-60.381359
-9.866239
-148.520905
-9.877503
44.451717
-9.881795
253.678528
-9.729445
189.615021
-7.317604
-59.618004
-5.297363
-148.629807
-5.235136
43.390099
-5.242110
253.144775
-5.238891
190.197067
-5.238891
-58.430321
-5.241573
-147.899170
-5.241573
43.545666
-5.241037
253.870575
-5.242646
191.855209
-5.573631
-57.599911
-8.388878
-148.330460
-9.834052
42.843464
-9.855510
253.797623
-9.837271
192.713531
-9.829761
-56.522736
-9.824396
-148.431854
-9.824396
42.065624
-9.812594
254.019165
-9.812594
194.043900
-9.809913
-55.018017
-9.818496
-147.644897
-9.807230
42.026463
-9.808303
254.288467
-9.815813
195.109818
-9.829761
-54.295429
-9.827079
-148.594925
-9.836734
40.648346
-9.831370
253.785278
-8.358837
195.718674
-5.551100
-53.815311
-5.224407
-148.747818
-5.227089
39.997643
-5.239964
253.790649
-5.246401
197.010422
-5.243183
-52.290207
-5.247474
-148.662521
-6.538690
39.518063
-9.460689
253.962845
-9.842099
197.853180
-9.843708
-51.567623
-9.844245
-148.996719
-9.851218
38.316967
-9.850682
253.365250
-9.849608
198.344559
-9.853900
-50.813919
-9.852291
-148.701141
-9.841562
38.095955
-9.851754
253.714478
-8.991838
199.986069
-5.918563
-49.034542
-5.231381
-148.084778
-5.238891
37.947361
-5.250156
254.111969
-5.244792
201.127625
-5.238891
-48.000282
-5.708278
-148.045074
-8.701623
37.442570
-9.860337
253.790115
-9.845854
201.627579
-9.843171
-47.680023
-9.849072
-149.878632
-9.846927
33.881668
-9.852291
250.482941
-9.845854
199.177124
-9.841562
-49.266285
-9.848000
-151.270706
-9.864629
32.349052
-9.850145
249.624100
-9.837271
199.908295
-8.896888
-47.746006
-5.854726
-150.169388
-5.236209
32.776600
-5.235136
250.225998
-5.226553
201.305725
-5.224407
-45.811596
-5.233527
-148.980103
-5.238891
32.611374
-5.430937
250.203995
-7.979036
202.012741
-9.787381
-45.170551
-9.824396
-150.212296
-9.830297
30.498329
-9.858728
248.550140
-9.853900
201.520294
-9.841562
-45.295002
-9.840489
-150.532028
-9.833516
29.063347
-9.820642
247.242844
-9.824933
201.274597
-9.823859
-45.236530
-9.824933
-151.327560
-9.835125
28.257612
-9.845317
247.805573
-8.731664
202.850128
-5.730808
-44.112148
-5.235136
-151.521759
-5.245865
27.523224
-5.242110
247.662338
-5.227626
203.547516
-5.217433
-44.119122
-5.224407
-152.554413
-5.750657
25.485281
-8.759559
245.975220
-9.844781
203.983093
-9.851218
-42.289856
-9.843171
-151.084564
-9.841025
27.033451
-9.846927
248.269592
-9.839953
206.603622
-9.840489
-39.463345
-9.827615
-148.894272
-9.842099
28.013531
-9.836734
249.372513
-9.756804
208.615280
-7.622303
-37.530544
-5.341352
-148.099792
-5.234063
28.602545
-5.231381
249.326920
-5.232990
208.960739
-5.230844
-37.439350
-5.390168
-149.068069
-7.878185
26.421371
-9.790601
249.150955
-9.842099
211.840363
-9.843171
-33.329670
-9.829761
-146.563431
-9.830297
26.639168
-9.848536
248.649384
-9.846391
210.816299
-9.831906
-34.294193
-9.830833
-147.997330
-9.857656
25.585596
-9.862483
248.508835
-9.724082
211.991104
-7.402361
-33.147816
-5.308092
-147.899704
-5.236209
24.645750
-5.242110
247.529297
-5.231917
211.600037
-5.224944
-33.314114
-5.236209
-148.806290
-5.519450
22.702219
-8.290173
245.888855
-9.810985
211.458954
-9.821713
-33.127968
-9.825469
-149.400665
-9.821713
21.363260
-9.818496
244.310104
-9.831370
210.354950
-9.839417
-33.625786
-9.852828
-150.214981
-9.861947
20.328465
-9.860337
243.835358
-9.854974
211.609161
-8.984864
-30.998829
-5.909443
-149.549805
-5.230308
18.951954
-5.234600
242.907852
-5.231381
212.057083
-5.233527
-30.207043
-5.513013
-149.337372
-8.295001
17.347456
-9.824396
241.335007
-9.837808
211.733078
-9.845854
-30.001585
-9.843171
-150.218201
-9.830833
15.446307
-9.840489
239.297058
-9.836198
209.994461
-9.822787
-31.269733
-9.836198
-151.494934
-9.844781
13.319852
-9.706379
236.959244
-7.394851
209.454803
-5.307556
-30.785862
-5.230308
-151.975586
-5.233527
11.902572
-5.233527
235.502274
-5.233527
209.049789
-5.234063
-30.044500
-5.224944
-151.813583
-5.600989
10.944487
-8.485437
235.138565
-9.820105
210.217087
-9.828151
-28.280144
-9.822787
-150.665604
-9.828151
10.883868
-9.834052
234.382721
-9.837808
210.082443
-9.828688
-28.199141
-9.822787
-151.513168
-9.838880
9.482146
-9.827079
233.840912
-9.722472
210.537888
-7.498921
-27.105335
-5.312384
-151.163956
-5.215288
8.644224
-5.209387
233.217575
-5.209387
211.244919
-5.206705
-25.890295
-5.209923
-150.309937
-5.315602
8.809985
-7.534863
233.926743
-9.721936
213.136948
-9.809376
-24.095360
-9.800256
-150.070679
-9.799184
7.929147
-9.800256
233.397278
-9.806693
213.528549
-9.799184
-23.238661
-9.805621
-149.722000
-9.797574
6.905616
-9.786845
231.970337
-9.799184
212.832779
-9.217144
-23.122253
-6.197513
-150.550797
-5.221725
6.314457
-5.224944
232.356583
-5.228162
213.636902
-5.226553
-22.953810
-5.221189
-150.991211
-5.383730
4.356444
-7.858873
230.316498
-9.765388
213.390686
-9.819032
-21.628799
-9.814740
-150.364120
-9.820105
4.186929
-9.831370
230.720963
-9.821177
214.652924
-9.838344
-20.402493
-9.828151
-150.030457
-9.843171
3.805519
-9.841025
230.615295
-9.833516
215.458664
-9.821713
-19.264164
-9.809913
-149.560532
-9.810985
3.571094
-9.240747
230.957535
-6.209851
217.225159
-5.225480
-17.225149
-5.226017
-149.397446
-5.229772
2.614081
-5.232990
230.112640
-5.227089
217.679001
-5.225480
-15.892627
-5.302191
-147.621826
-7.436157
4.677237
-9.717108
231.859833
-9.834052
218.140335
-9.829225
-17.088892
-9.814740
-150.446198
-9.822250
0.710785
-9.821713
229.171188
-9.819032
217.582977
-9.806157
-16.288521
-9.816886
-149.854492
-9.822787
0.576675
-9.828151
229.390060
-9.824933
219.647736
-9.825469
-13.847174
-9.807767
-148.069214
-9.824396
1.979470
-9.307266
231.122223
-6.293000
221.732346
-5.222261
-11.663319
-5.216361
-147.214127
-5.229772
1.607180
-5.235136
231.196793
-5.228699
222.426498
-5.219043
-10.634423
-5.207241
-146.280182
-5.215824
1.589477
-5.228699
230.224762
-6.506504
221.221649
-9.402753
-12.464764
-9.796501
-149.292847
-9.816350
-1.234353
-9.820642
229.311203
-9.818496
222.833130
-9.808839
-9.740174
-9.816350
-147.559067
-9.815276
-1.055181
-9.812594
228.923355
-9.816350
222.094986
-9.820105
-10.496558
-9.808303
-148.439896
-9.814740
-1.661897
-9.813667
229.129883
-8.796574
223.089554
-5.767286
-9.291709
-5.213678
-148.344406
-5.224407
-2.100170
-5.232990
229.248978
-5.233527
224.247726
-5.224407
-8.321286
-5.217433
-149.087387
-6.075204
-5.457223
-9.143115
225.771225
-9.827615
222.044556
-9.821713
-10.949315
-9.823859
-152.556015
-9.826005
-8.436085
-9.821713
223.887772
-9.801330
222.825073
-9.792747
-6.891132
-9.786845
-148.471542
-9.796501
-7.572413
-9.812058
223.818573
-9.817422
222.484436
-8.639396
-8.293391
-5.666972
-150.839935
-5.214751
-9.068549
-5.220116
223.089554
-5.219579
222.982788
-5.212605
-7.190467
-5.207778
-150.235901
-5.303801
-9.017051
-7.430793
222.233383
-9.707988
222.407730
-9.812058
-7.305265
-9.799720
-150.800247
-9.803475
-10.641933
-9.799720
221.111145
-9.796501
222.754272
-9.802938
-5.962015
-9.798647
-149.598618
-9.815276
-10.353864
-9.831906
221.407806
-9.841562
224.000427
-9.827079
-4.587651
-9.828151
-149.296600
-9.826005
-10.866702
-9.487511
221.397079
-6.669045
225.241745
-5.241573
-2.447248
-5.226017
-148.061707
-5.230844
-11.049629
-5.242110
220.219589
-5.243183
224.416702
-5.228162
-2.621055
-5.220652
-148.666275
-6.006003
-12.391272
-9.083034
219.572098
-9.825469
224.891449
-9.812594
-1.367390
-9.829225
-147.515076
-9.839417
-12.501242
-9.859265
218.809280
-9.850145
224.576569
-9.837808
-1.696229
-9.831906
-148.631409
-9.835662
-14.250578
-9.836198
217.258957
-9.831370
224.455872
-9.639323
-0.593305
-7.063867
-147.875565
-5.257130
-14.688314
-5.226017
216.661362
-5.229235
224.918808
-5.216897
0.475287
-5.221725
-147.649719
-5.231381
-15.318634
-5.229772
215.925369
-5.221725
224.920959
-5.361736
1.586259
-7.755877
-146.575760
-9.760560
-15.555741
-9.828688
215.032730
-9.816886
224.763245
-9.801330
2.177954
-9.792210
-146.376740
-9.808839
-16.760590
-9.824396
213.182541
-9.816350
224.366272
-9.814740
3.899932
-9.814740
-145.142395
-9.837808
-18.099012
-9.838344
210.479950
-9.825469
222.766602
-9.814740
4.761994
-9.803475
-143.457428
-9.804011
-17.399492
-9.803475
209.929016
-8.515478
223.067551
-5.610645
6.750048
-5.214751
-141.299316
-5.217433
-18.103304
-5.226553
207.289185
-5.231381
221.995209
-5.226017
8.195759
-5.223334
-139.593979
-5.374611
-17.961683
-7.762850
206.612198
-9.768069
222.535400
-9.828688
9.931148
-9.824396
-138.319382
-9.835125
-17.767490
-9.839953
206.552124
-9.824396
223.106720
-9.824933
10.442377
-9.821177
-138.870850
-9.821713
-19.369307
-9.826005
205.285583
-9.834052
222.813278
-9.840489
10.041119
-9.838880
-140.042969
-9.844781
-19.951345
-9.611965
206.226501
-6.977499
224.403824
-5.264640
11.087180
-5.236209
-140.193176
-5.240500
-20.384790
-5.244256
206.247955
-5.237818
224.999283
-5.234600
11.683703
-5.227626
-140.286514
-5.303801
-20.505489
-7.442595
206.947479
-9.714425
226.412811
-9.823323
13.197006
-9.837271
-139.641724
-9.838344
-20.558062
-9.840489
207.296707
-9.828151
227.135925
-9.813667
13.265135
-9.810449
-140.247894
-9.817422
-21.297815
-9.823323
207.241440
-9.820642
228.151947
-9.799184
15.335264
-9.797038
-139.113861
-9.815276
-21.338583
-9.185494
207.180832
-6.140114
228.116547
-5.234063
14.218391
-5.220652
-141.011795
-5.228699
-23.571791
-5.230308
205.528595
-5.230844
227.996384
-5.228162
15.464546
-5.415917
-139.892242
-7.980646
-23.207548
-9.805084
205.465286
-9.828151
228.091873
-9.815813
15.534821
-9.817959
-141.353500
-9.835125
-26.704613
-9.838880
201.341660
-9.828688
224.848007
-9.819032
12.684168
-9.816350
-144.463791
-9.821713
-29.914145
-9.832979
198.580063
-9.412409
222.139511
-6.475390
10.056139
-5.224407
-147.740921
-5.227089
-34.106438
-5.227089
194.664566
-5.228699
220.095673
-5.222261
8.881331
-5.220652
-149.402817
-6.516160
-36.701206
-9.420455
192.338013
-9.819032
218.458450
-9.811522
6.986619
-9.805621
-151.752426
-9.813667
-39.309921
-9.823323
189.649902
-9.822787
216.267075
-9.815813
5.797863
-9.818496
-153.296844
-9.827079
-42.201344
-9.835125
186.754715
-9.366275
214.612152
-6.391169
4.374147
-5.226553
-155.687759
-5.236209
-45.320751
-5.242110
183.866516
-5.242110
212.561874
-5.246938
1.978934
-5.266250
-159.091492
-7.017733
-48.934765
-9.628594
180.641434
-9.847463
210.020218
-9.863020
0.177562
-9.853900
-161.200241
-9.857656
-51.820824
-9.852828
178.175400
-9.842099
208.595963
-9.826005
-0.938237
-9.823323
-162.987671
-9.827079
-54.265388
-9.834052
175.785553
-9.800256
207.118073
-8.029998
-1.770795
-5.422891
-164.387772
-5.227089
-56.370384
-5.237818
173.874756
-5.233527
205.802170
-5.227089
-2.748728
-5.279661
-165.806671
-7.241429
-58.508644
-9.688676
171.904404
-9.850682
205.356934
-9.859265
-2.397895
-9.837808
-165.822754
-9.843171
-59.454926
-9.855510
170.579926
-9.846927
204.368805
-9.846927
-1.839996
-9.838880
-164.422653
-9.847463
-59.587425
-9.857120
168.297897
-9.845854
203.013748
-9.428502
-1.072347
-6.489337
-164.653320
-5.252839
-61.624832
-5.246938
167.466949
-5.252839
204.004013
-5.250156
-1.111508
-5.249620
-166.910660
-5.252302
-62.751896
-5.250156
169.700165
-5.248011
207.406128
-5.665899
-1.653314
-8.606673
-171.022491
-9.856583
-64.646606
-9.858191
173.027710
-9.847463
210.824875
-9.850145
-3.088832
-9.848536
-175.396103
-9.856583
-66.603012
-9.874286
175.035614
-9.876967
213.217407
-9.867311
-3.595233
-9.871603
-178.142685
-9.888769
-68.130264
-9.887160
176.234024
-9.871603
215.396973
-9.859265
-3.910125
-9.883405
-180.584564
-9.883405
-69.615135
-9.888232
176.870239
-8.784772
216.464493
-5.763531
-2.882838
-5.244256
-179.660812
-5.247474
-68.570145
-5.249620
178.958603
-5.256594
219.066238
-5.251766
-0.945211
-5.382658
-178.913010
-7.821322
-68.550835
-9.823323
179.379715
-9.887160
220.617630
-9.874286
0.845432
-9.851218
-178.261230
-9.860874
-68.850700
-9.861947
178.827713
-9.850145
220.773193
-9.861411
1.444638
-9.859265
-178.504776
-9.874286
-69.904808
-9.871603
178.326141
-9.447814
221.264038
-6.507040
2.043307
-5.254984
-178.847565
-5.267859
-70.744881
-5.260349
178.168961
-5.266250
222.099274
-5.263567
2.953649
-5.243183
-178.895844
-5.290926
-71.157402
-7.145942
178.458115
-9.679557
223.362595
-9.863020
4.113436
-9.873212
-178.894241
-9.872676
-71.768410
-9.865166
178.593826
-9.871603
223.660324
-9.867311
3.729880
-9.859801
-180.388229
-9.882869
-73.872871
-9.890378
177.206055
-9.877503
224.172623
-9.078206
5.384803
-5.990983
-179.283691
-5.240500
-73.854630
-5.246938
177.119156
-5.243719
224.466599
-5.234063
5.571485
-5.237818
-179.700516
-5.270541
-74.601357
-6.945313
176.992554
-9.635032
225.325974
-9.864629
6.614328
-9.845317
-179.537430
-9.854437
-75.248848
-9.865166
176.762955
-9.869457
226.074844
-9.879113
7.568122
-9.857656
-179.258484
-9.866239
-75.858246
-9.886623
176.289276
-9.868920
226.747009
-9.844245
8.734883
-9.843708
-178.867416
-9.861411
-76.145241
-9.863557
176.369202
-8.837880
228.181458
-5.808056
11.256160
-5.247474
-176.618118
-5.255521
-75.311607
-5.256057
176.663177
-5.247474
229.167969
-5.239428
12.734057
-5.233527
-176.009796
-5.329013
-76.334068
-7.473172
174.844101
-9.743930
227.884796
-9.863557
12.000742
-9.867848
-177.401321
-9.868384
-78.323730
-9.864629
173.399994
-9.853900
228.028030
-9.832442
12.928249
-9.848536
-177.189957
-9.859801
-79.019493
-9.847463
173.074387
-9.818496
228.836441
-8.249940
13.581099
-5.505503
-177.545090
-5.249620
-79.756569
-5.244256
173.020203
-5.241037
229.798294
-5.240500
15.047194
-5.240500
-177.110031
-6.612719
-80.127785
-9.501458
173.472427
-9.851218
231.246674
-9.828151
15.752079
-9.826542
-177.595505
-9.836198
-80.804771
-9.843171
174.013153
-9.865703
233.163925
-9.850145
16.994478
-9.839953
-178.150726
-9.852291
-81.784317
-9.864629
174.487900
-9.757877
234.617142
-7.528425
17.862440
-5.325258
-178.635666
-5.244256
-82.057365
-5.254448
175.745865
-5.249084
236.444260
-5.237282
17.855467
-5.234600
-180.805038
-6.344498
-83.751450
-9.349645
176.836441
-9.836734
238.912430
-9.830297
18.670322
-9.836734
-182.314590
-9.843171
-85.292107
-9.838880
176.783875
-9.845854
239.731049
-9.839953
18.485786
-9.828688
-184.331604
-9.827079
-87.627777
-9.835662
175.924500
-8.988084
240.008926
-5.918026
18.208982
-5.237282
-186.005844
-5.246401
-89.274651
-5.253911
176.034470
-5.254448
241.457321
-5.238891
19.176188
-5.316139
-186.302505
-7.457615
-90.315887
-9.735883
175.194931
-9.850682
241.439606
-9.854974
19.416513
-9.846927
-186.957489
-9.850682
-91.426323
-9.868384
174.768997
-9.878040
242.028091
-9.864629
20.141245
-9.859265
-187.074982
-9.865166
-92.365631
-9.856046
173.977753
-9.839417
241.588211
-9.132386
19.748034
-6.060184
-188.362976
-5.248547
-94.473312
-5.236745
172.252548
-5.232990
241.484680
-5.232990
20.585957
-5.231917
-188.281967
-5.240500
-95.349319
-5.239428
171.659241
-5.237818
241.859650
-5.257130
21.075727
-7.010759
-188.812515
-9.617866
-96.668976
-9.827079
170.600845
-9.831370
241.963181
-9.837808
21.897556
-9.828151
-188.935349
-9.837808
-97.756340
-9.850682
170.037582
-9.845317
242.584381
-9.838880
22.764446
-9.823323
-189.030838
-9.830833
-98.547058
-9.845317
169.836411
-9.843171
243.614349
-9.852828
24.042789
-9.846927
-188.463821
-9.844245
-98.828156
-9.846927
169.893814
-8.471490
244.722641
-5.591870
25.628511
-5.213678
-187.941864
-5.228162
-99.176842
-5.240500
169.896500
-5.233527
245.742950
-5.231917
26.863400
-5.255521
-187.449417
-7.023097
-99.621010
-9.648980
169.393311
-9.854974
245.900665
-9.840489
27.568285
-9.833516
-187.280975
-9.850145
-100.382759
-9.847463
168.852051
-9.860337
246.580872
-9.858191
28.761332
-9.847463
-187.055130
-9.849072
-101.411118
-9.853364
168.153595
-9.666682
247.122681
-7.100345
29.428665
-5.279124
-187.329254
-5.254448
-102.448059
-5.260885
167.735718
-5.268395
247.775528
-5.254984
30.154470
-5.251229
-187.675797
-6.533326
-103.711922
-9.454251
166.561447
-9.852291
247.509445
-9.844245
30.595425
-9.851218
-187.691879
-9.858728
-104.574516
-9.852828
165.867279
-9.864629
247.774460
-9.865703
31.368975
-9.859265
-187.187622
-9.877503
-104.706482
-9.880723
165.516983
-9.821713
248.109192
-7.857264
32.041138
-5.394996
-186.976273
-5.253911
-105.253113
-5.252839
164.701599
-5.246401
248.411209
-5.240500
33.764187
-5.319894
-185.510712
-7.472099
-105.285301
-9.773971
163.911957
-9.878040
248.183762
-9.871066
34.361248
-9.851218
-185.235519
-9.851218
-106.166138
-9.863020
162.123993
-9.867311
247.408600
-9.865703
34.922367
-9.868920
-184.621292
-9.865703
-107.329147
-9.871066
159.838211
-9.761632
246.093781
-7.426501
35.825195
-5.315602
-183.226547
-5.243719
-107.414978
-5.253911
158.535202
-5.249620
245.708084
-5.235672
37.208679
-5.230844
-181.454666
-5.468488
-107.303932
-8.114757
156.711838
-9.846391
244.263443
-9.874822
38.066986
-9.860337
-179.803513
-9.866239
-107.293205
-9.864629
155.161514
-9.864629
243.666916
-9.858191
39.515915
-9.848536
-177.922745
-9.858728
-107.261551
-9.862483
153.604218
-9.858191
242.937897
-9.139359
40.808205
-6.060184
-176.434113
-5.241573
-107.202545
-5.249620
152.703003
-5.252302
242.831146
-5.253911
41.902008
-5.254984
-175.472275
-5.300045
-107.984138
-7.053674
150.913971
-9.650052
242.049545
-9.863020
42.599918
-9.852828
-174.791000
-9.849608
-108.276505
-9.834588
150.428482
-9.848536
242.444366
-9.850682
44.232311
-9.835662
-173.514267
-9.847463
-108.643967
-9.849608
149.528336
-9.855510
242.781784
-9.064795
45.225266
-5.980790
-172.947250
-5.238891
-108.808655
-5.244792
149.086853
-5.241573
242.986176
-5.241573
46.226803
-5.231917
-172.496094
-5.259812
-109.389618
-6.920100
148.843842
-9.600163
243.999512
-9.846927
47.669830
-9.846927
-171.719330
-9.855510
-109.525337
-9.853900
148.276825
-9.856046
243.844482
-9.871603
48.068413
-9.864093
-171.653885
-9.856046
-110.264015
-9.863557
147.711411
-9.439767
244.628754
-6.489337
49.732452
-5.248547
-170.688293
-5.260349
-110.632553
-5.251229
147.258652
-5.248547
245.055237
-5.244256
50.379402
-5.261958
-170.800400
-6.914199
-111.486031
-9.591580
146.258728
-9.843171
244.544540
-9.841562
50.460941
-9.854437
-170.931290
-9.846927
-112.561066
-9.839417
145.052811
-9.836198
244.791840
-9.836734
51.566547
-9.847463
-170.661469
-9.844781
-113.271309
-9.842099
144.731476
-9.849072
245.594360
-9.335161
52.402325
-6.309093
-170.550415
-5.232454
-113.857643
-5.231381
144.444473
-5.238891
246.564240
-5.229772
54.744965
-5.230844
-168.782852
-5.337596
-113.598007
-7.560612
143.917694
-9.773971
246.339478
-9.860874
55.126915
-9.853364
-168.377838
-9.857656
-113.665062
-9.873749
143.676834
-9.882332
247.140915
-9.873749
56.490013
-9.855510
-167.741074
-9.860337
-114.315224
-9.872676
142.981598
-9.853900
247.487457
-8.566440
57.514614
-5.644978
-167.423508
-5.241573
-114.774956
-5.246401
142.356110
-5.240500
247.706329
-5.235136
58.487720
-5.242646
-166.537842
-6.534935
-114.682693
-9.460153
142.181763
-9.860337
248.359711
-9.854974
60.029991
-9.857656
-165.354446
-9.860874
-114.599007
-9.863020
142.013870
-9.872676
249.012558
-9.869994
61.572800
-9.860874
-164.359879
-9.861411
-114.361900
-9.873212
142.420486
-9.828151
250.334351
-7.867993
63.329643
-5.403042
-163.310608
-5.251766
-114.776566
-5.250693
141.416260
-5.247474
250.129425
-5.250156
63.525982
-5.246938
-163.653397
-5.729199
-115.756645
-8.721472
140.694214
-9.881795
250.825729
-9.867848
65.806931
-9.872676
-161.158936
-9.882332
-114.193451
-9.883405
141.987045
-9.866239
252.810562
-9.852828
67.911934
-9.855510
-160.201385
-9.863557
-114.405884
-9.858728
141.359406
-9.789527
252.645874
-7.732273
68.099686
-5.355299
-160.863892
-5.235672
-116.502838
-5.235136
139.101517
-5.246938
251.776306
-5.252302
68.660805
-5.251229
-159.710541
-6.544591
-115.180511
-9.473027
140.358932
-9.860874
252.587402
-9.853900
69.814156
-9.842635
-158.649460
-9.838880
-115.603760
-9.847463
139.801041
-9.848536
253.945679
-9.837271
72.451836
-9.827615
-157.383453
-9.827615
-115.523293
-9.838344
139.980743
-9.364129
255.443420
-6.385268
74.621208
-5.231381
-155.670059
-5.235672
-114.942863
-5.238891
140.246826
-5.237282
-255.689209
-5.224407
75.918327
-5.224944
-154.718948
-6.093443
-114.958420
-9.156526
139.927109
-9.836734
-255.349640
-9.828151
76.620529
-9.820105
-154.836975
-9.832442
-116.392868
-9.830297
138.715286
-9.834588
-254.749893
-9.828688
78.486809
-9.837808
-153.154144
-9.856046
-115.322662
-9.861947
139.466293
-9.834588
-253.704910
-8.170547
79.647133
-5.489946
-152.299591
-5.256594
-115.572113
-5.255521
138.650375
-5.256594
-253.960800
-5.246401
79.869759
-5.234063
-152.775421
-5.886913
-117.176071
-8.955897
136.891922
-9.874822
-254.469879
-9.864629
80.762398
-9.852291
-151.794800
-9.853900
-117.001724
-9.857120
137.097366
-9.848000
-253.169540
-9.845854
82.551964
-9.861947
-150.665054
-9.874286
-117.324669
-9.873749
135.978897
-9.149552
-252.982864
-6.070376
84.118370
-5.239428
-149.402283
-5.244256
-116.672356
-5.248547
136.746536
-5.244256
-251.605820
-5.231381
85.922424
-5.266250
-148.356750
-7.022561
-116.945404
-9.635569
136.292709
-9.857656
-250.925613
-9.859265
87.642258
-9.858728
-147.034958
-9.852828
-116.553802
-9.846927
136.698792
-9.849072
-249.698227
-9.856046
89.341171
-9.841562
-146.561279
-9.855510
-117.595566
-9.844245
136.094757
-9.677947
-247.739136
-7.197441
93.090363
-5.283416
-142.137238
-5.251766
-113.059418
-5.250156
140.285980
-5.254984
-243.703491
-5.243183
97.873825
-5.291999
-137.508286
-7.255376
-109.171288
-9.717108
143.877457
-9.880723
-239.494034
-9.875358
102.026421
-9.843171
-134.371719
-9.827615
-107.536209
-9.831906
144.724503
-9.831906
-237.876663
-9.842099
104.759590
-9.849072
-131.963089
-9.867311
-105.854469
-9.858191
146.501205
-9.852828
-234.953583
-8.989156
108.347847
-5.911053
-129.049667
-5.238891
-104.178619
-5.248547
147.949585
-5.245328
-233.099640
-5.236745
111.236588
-5.226017
-125.796692
-5.226553
-101.600487
-6.257058
150.608200
-9.306729
-229.003906
-9.858191
116.156296
-9.855510
-121.537346
-9.849608
-98.684387
-9.844245
152.816727
-9.856046
-225.731079
-9.847463
120.591599
-9.849072
-117.387428
-9.868384
-95.395454
-9.857656
155.873367
-9.852828
-222.224899
-9.515943
124.219551
-6.686212
-114.624756
-5.250156
-93.976028
-5.243183
157.056763
-5.249620
-220.573730
-5.238891
126.700592
-5.233527
-112.333076
-5.575777
-92.541046
-8.419456
158.578644
-9.852291
-217.990219
-9.855510
129.799088
-9.839417
-109.882607
-9.826005
-91.525566
-9.833516
159.038376
-9.837808
-216.472626
-9.820642
132.081650
-9.819032
-108.170288
-9.825469
-90.817459
-9.837808
159.518494
-9.759486
-215.169083
-7.622839
134.356689
-5.335987
-105.862511
-5.244792
-89.372818
-5.238891
160.885345
-5.242110
-212.822678
-5.232990
136.869919
-5.239964
-104.175407
-6.827296
-88.773613
-9.581388
161.198624
-9.850145
-211.567947
-9.841562
139.009796
-9.839953
-102.383148
-9.848000
-88.057465
-9.845317
161.485626
-9.837808
-210.568024
-9.835125
140.752151
-9.838880
-101.106956
-9.842635
-87.974854
-9.857120
161.113876
-9.858728
-210.121704
-8.749367
142.131882
-5.735100
-100.262596
-5.242646
-88.347679
-5.241573
160.386459
-5.239964
-210.016022
-5.237818
143.188675
-5.239428
-99.552345
-5.238891
-88.597664
-6.169618
159.923508
-9.230556
-209.245682
-9.863020
144.624191
-9.856583
-98.674728
-9.861411
-88.824577
-9.862483
159.355957
-9.868920
-209.028961
-9.859265
145.812408
-9.852291
-97.598091
-9.859265
-88.718361
-9.855510
158.865112
-9.848000
-208.755920
-9.852291
147.037109
-9.846927
-96.880867
-9.834588
-89.232811
-9.791673
158.338318
-7.847072
-208.309067
-5.379439
148.260193
-5.223334
-96.260208
-5.221725
-89.538048
-5.225480
157.662399
-5.234063
-208.300476
-5.225480
149.093292
-5.219043
-95.495766
-5.257667
-89.997238
-7.011832
156.849701
-9.621085
-208.103073
-9.824396
150.014893
-9.824933
-95.108994
-9.842099
-90.624336
-9.853900
155.981735
-9.859265
-208.005966
-9.855510
151.060425
-9.856583
-94.047913
-9.863557
-90.719826
-9.861947
155.513962
-9.865703
-207.655670
-9.788991
152.087173
-7.738710
-93.718002
-5.373002
-91.424713
-5.241573
154.521011
-5.244792
-207.775299
-5.242646
152.887009
-5.248547
-93.120407
-5.247474
-92.034111
-5.893350
153.712051
-8.956969
-207.375656
-9.855510
154.119751
-9.841025
-92.303940
-9.853364
-92.210602
-9.865703
152.981415
-9.867311
-207.495285
-9.851218
154.923340
-9.835125
-91.705269
-9.841562
-92.550705
-9.848536
152.159592
-9.852291
-207.419647
-9.848000
155.973694
-9.838880
-91.219788
-9.834052
-93.060326
-8.462907
151.443436
-5.595625
-207.327377
-5.236745
156.731674
-5.238891
-90.754158
-5.232454
-93.676155
-5.244256
150.466034
-5.250156
-207.331131
-5.244792
157.789001
-5.239428
-90.110428
-6.626130
-94.090828
-9.506286
149.747742
-9.868920
-207.273727
-9.850145
158.673065
-9.829761
-89.713463
-9.836734
-94.799469
-9.849608
148.809509
-9.863020
-207.311279
-9.867848
159.411209
-9.859265
-89.086899
-9.852828
-95.148155
-9.867311
147.968369
-9.869457
-207.201843
-9.730519
160.518417
-7.324577
-88.481255
-5.310238
-95.716782
-5.245865
147.145462
-5.249620
-207.090271
-5.242110
161.501190
-5.235672
-87.693222
-5.241037
-95.965157
-5.234063
146.501205
-5.237818
-207.074707
-5.247474
162.193726
-6.714643
-87.302696
-9.537400
-96.743004
-9.847463
145.539352
-9.855510
-207.135864
-9.856046
162.790253
-9.836734
-86.833305
-9.838880
-97.215073
-9.843171
144.576981
-9.855510
-207.286072
-9.860337
163.679672
-9.851754
-86.257164
-9.861411
-97.806229
-9.858728
143.676834
-9.856583
-207.263000
-9.852291
164.553543
-9.853900
-85.332344
-9.852828
-97.824471
-9.843171
142.963898
-9.381831
-207.155716
-6.401897
165.464417
-5.239428
-84.880661
-5.242110
-98.404366
-5.241573
141.929108
-5.243719
-207.473816
-5.242646
166.128525
-5.242110
-84.305054
-5.542517
-98.841026
-8.322359
141.234955
-9.857656
-207.118164
-9.859265
167.188538
-9.848536
-83.653816
-9.863557
-99.190247
-9.858191
140.432968
-9.871603
-207.078995
-9.873749
168.329559
-9.873749
-82.965561
-9.874822
-99.802330
-9.866239
139.468445
-9.724082
-207.194870
-7.313312
168.868683
-5.293072
-82.802483
-5.239428
-100.341988
-5.251229
138.572586
-5.250693
-207.159470
-5.238891
169.868073
-5.234600
-82.069168
-5.659461
-100.684242
-8.584143
137.932083
-9.816350
-207.016769
-9.838344
170.802017
-9.832979
-81.688828
-9.839417
-101.339775
-9.844245
136.901031
-9.843171
-207.234024
-9.837808
171.754196
-9.829761
-80.744690
-9.830297
-101.715279
-9.846391
135.925781
-9.758414
-207.394958
-7.532180
172.666687
-5.335451
-80.096130
-5.240500
-101.932541
-5.242646
135.357697
-5.242110
-207.248520
-5.239428
173.575958
-5.247474
-79.795723
-5.496920
-102.887947
-8.207025
133.898575
-9.831370
-207.840744
-9.846927
174.236847
-9.831370
-78.918640
-9.844781
-102.920670
-9.853900
133.380371
-9.854974
-207.627243
-9.851754
175.561859
-9.848000
-77.832886
-9.849608
-103.274185
-9.866775
132.540833
-9.865703
-207.489914
-9.734274
176.594513
-7.414700
-77.026077
-5.304873
-103.436188
-5.241573
132.028534
-5.251229
-207.347214
-5.249620
177.464615
-5.237282
-76.393074
-5.243183
-104.077232
-6.422282
130.837097
-9.381831
-207.510834
-9.837271
178.265533
-9.834588
-75.581436
-9.846391
-104.268211
-9.850145
130.115585
-9.857120
-207.569305
-9.844781
179.137253
-9.842099
-74.953804
-9.844245
-104.727936
-9.859265
129.294830
-9.872676
-207.399796
-9.851754
180.103912
-9.863557
-74.158798
-9.869994
-104.929108
-9.871066
128.452621
-9.086789
-207.732925
-6.004394
180.818985
-5.239428
-73.705505
-5.246938
-105.647400
-5.244256
127.314285
-5.249620
-207.946426
-5.244792
181.566788
-5.235136
-72.985596
-5.244792
-105.912941
-5.888522
126.342255
-8.947314
-208.073029
-9.851218
182.513077
-9.844781
-72.276421
-9.841025
-106.410759
-9.841562
125.475365
-9.848536
-208.066055
-9.847463
183.568253
-9.841562
-71.318336
-9.842099
-106.240707
-9.855510
124.717369
-9.856583
-208.429764
-8.474172
184.243103
-5.591870
-70.460030
-5.235136
-106.579735
-5.239428
123.765724
-5.241573
-208.619125
-5.245328
185.065460
-5.234600
-70.104370
-5.711496
-107.343094
-8.692504
122.854843
-9.861947
-208.504318
-9.869457
186.197891
-9.876431
-68.995544
-9.882869
-107.219711
-9.871603
122.283531
-9.866239
-208.391144
-9.852291
187.127014
-9.857656
-68.389366
-9.874822
-107.728798
-9.886623
121.522324
-9.880723
-208.507538
-9.792747
187.976196
-7.644833
-67.635124
-5.355299
-108.171356
-5.244256
120.414032
-5.244256
-208.713531
-5.248011
188.886536
-5.241573
-67.019829
-5.242110
-108.790413
-5.412162
119.351341
-7.916273
-209.049347
-9.834052
189.461075
-9.874286
-66.497337
-9.871603
-109.346703
-9.870530
118.324593
-9.863557
-209.217789
-9.854437
190.150925
-9.865166
-65.844482
-9.856583
-109.701828
-9.858191
117.327881
-9.852291
-209.523026
-9.850145
190.926620
-9.842099
-65.043579
-9.834052
-109.920692
-9.828688
116.540924
-9.312095
-209.454895
-6.302656
191.894897
-5.232454
-64.174004
-5.241573
-109.962006
-5.241037
115.762009
-5.246938
-209.694687
-5.241573
192.635208
-5.229235
-63.586063
-5.345643
-110.668495
-7.562757
114.681618
-9.749294
-209.799301
-9.837271
193.580963
-9.827079
-62.796959
-9.832442
-110.920624
-9.833516
113.806679
-9.848536
-209.883514
-9.844781
194.337341
-9.854974
-62.023407
-9.860874
-110.924911
-9.860337
113.102867
-9.770752
-209.910339
-7.635714
195.381790
-5.360127
-61.324425
-5.247474
-111.414688
-5.246938
112.187698
-5.249084
-209.963989
-5.241573
196.259949
-5.236745
-60.688744
-5.614400
-111.871735
-8.498849
111.212982
-9.845317
-210.126526
-9.854974
197.183701
-9.849608
-59.871742
-9.848000
-112.107773
-9.845854
110.453384
-9.853364
-210.321793
-9.854974
198.005524
-9.840489
-59.096046
-9.836734
-112.441437
-9.829761
109.496368
-9.831906
-210.403336
-9.175302
198.892273
-6.127776
-58.566040
-5.234063
-113.022400
-5.236209
108.513069
-5.242110
-210.821747
-5.240500
199.574615
-5.228699
-57.764599
-5.231917
-113.094818
-5.644441
107.691246
-8.575560
-210.944595
-9.824396
200.649643
-9.827079
-56.823677
-9.824933
-113.614098
-9.837808
106.578125
-9.813667
-210.980545
-9.802402
201.602371
-9.820642
-56.050667
-9.837271
-113.843155
-9.832979
105.921524
-9.823323
-210.973572
-9.814740
202.611420
-9.828688
-55.155346
-9.830833
-114.190773
-9.819032
104.973633
-9.410263
-211.221939
-6.476999
203.417694
-5.237282
-54.437584
-5.236745
-114.669281
-5.228162
103.850319
-5.227089
-211.531998
-5.221725
204.072678
-5.220116
-53.822823
-5.216361
-115.107018
-5.217970
102.918518
-5.223871
-211.687042
-5.219579
204.926163
-6.143332
-52.843281
-9.196759
-115.220207
-9.807230
101.993156
-9.805084
-211.984756
-9.809913
205.569901
-9.827079
-52.217255
-9.834052
-115.628433
-9.837271
101.029709
-9.846927
-212.173050
-9.835125
206.492035
-9.828151
-51.269897
-9.830297
-115.875198
-9.835662
100.157455
-9.843171
-212.165009
-9.834588
207.627686
-9.836734
-50.415344
-9.839417
-116.131622
-9.850145
99.366737
-9.650589
-212.361877
-7.089616
208.339539
-5.265713
-49.736748
-5.224407
-116.657333
-5.233527
98.283127
-5.237818
-212.469696
-5.235136
209.351273
-5.233527
-48.948711
-5.566121
-116.869766
-8.392097
97.372787
-9.827615
-212.693405
-9.832442
210.158615
-9.835125
-48.050171
-9.832979
-117.124573
-9.842099
96.282196
-9.848536
-213.157425
-9.849608
210.837219
-9.849608
-47.337772
-9.836198
-117.521004
-9.841025
95.370239
-9.853900
-213.307632
-8.550347
211.740585
-5.634785
-46.514336
-5.229235
-117.869690
-5.224944
94.171295
-5.233527
-213.618225
-5.222261
212.742661
-5.222798
-45.615795
-5.325258
-118.082123
-7.543982
93.491623
-9.745540
-213.609650
-9.823323
213.698059
-9.799184
-44.687752
-9.802938
-118.239838
-9.822787
92.401573
-9.834052
-213.982468
-9.819032
214.546707
-9.814740
-43.848221
-9.800793
-118.700104
-9.810985
91.377502
-9.820642
-213.993729
-9.827079
215.783203
-9.296000
-42.621380
-6.290318
-118.780029
-5.226017
90.561043
-5.232990
-214.350998
-5.238891
216.477905
-5.229772
-41.840855
-5.232454
-119.072929
-5.758167
89.429688
-8.765996
-214.623520
-9.841562
217.218185
-9.839417
-41.112366
-9.838344
-119.468826
-9.824933
88.401863
-9.827079
-214.821457
-9.829761
218.266937
-9.815276
-40.217583
-9.824396
-119.733292
-9.839417
87.293571
-9.851754
-215.287628
-9.476782
218.887604
-6.588579
-39.383415
-5.238891
-119.999901
-5.222261
86.346756
-5.228162
-215.611099
-5.232454
219.736786
-5.226017
-38.505795
-5.214215
-120.152786
-5.925537
85.340385
-8.992911
-216.024704
-9.817959
220.607437
-9.832442
-37.674847
-9.834052
-120.498795
-9.834052
84.555573
-9.836198
-216.055817
-9.828688
221.664215
-9.820642
-36.677067
-9.831370
-120.802956
-9.837808
83.386665
-9.842099
-216.490875
-9.822787
222.272003
-9.820105
-35.970036
-9.815813
-121.240692
-9.829225
82.193619
-8.722009
-217.015518
-5.735100
223.074524
-5.230844
-35.135334
-5.235136
-121.621025
-5.237818
81.143806
-5.241573
-217.356155
-5.239428
224.026169
-5.233527
-34.185295
-5.563975
-121.952011
-8.414627
80.194839
-9.854974
-217.563217
-9.865166
224.872681
-9.856583
-33.357029
-9.847463
-122.276558
-9.845854
79.081718
-9.860874
-217.833588
-9.864629
225.763702
-9.849608
-32.423084
-9.851218
-122.634369
-9.838344
77.861855
-9.842635
-218.484283
-8.988084
226.328049
-5.919636
-31.505768
-5.228162
-122.832314
-5.246401
76.962776
-5.252302
-218.744461
-5.236745
227.179382
-5.231917
-30.371193
-5.262495
-122.813538
-7.015050
75.981621
-9.631277
-218.977814
-9.836734
228.164291
-9.832442
-29.462460
-9.842099
-123.198166
-9.835125
74.734932
-9.841562
-219.327576
-9.834052
228.908875
-9.834052
-28.537636
-9.829225
-123.221771
-9.843171
74.328850
-9.841562
-218.875351
-9.838880
230.270889
-9.463907
-28.013531
-6.577314
-124.593452
-5.241573
71.532379
-5.244792
-221.657349
-5.237818
228.304840
-5.236745
-29.698494
-5.306483
-127.276199
-7.259668
67.698425
-9.715499
-224.968262
-9.867311
226.333405
-9.868920
-31.446222
-9.873212
-130.087158
-9.860337
64.012535
-9.874286
-228.160095
-9.879649
224.145798
-9.869457
-33.523327
-9.868384
-133.522522
-9.861947
59.671646
-9.742857
-231.777847
-7.414700
221.797791
-5.315066
-35.707180
-5.243183
-136.518555
-5.245328
56.014187
-5.242110
-234.826996
-5.244256
219.851578
-5.237818
-37.571850
-5.317748
-139.555893
-7.464052
52.334198
-9.766997
-237.742020
-9.864093
218.092590
-9.855510
-39.488022
-9.868384
-142.661346
-9.881795
48.469135
-9.890915
-240.899506
-9.867311
216.244019
-9.859801
-41.041557
-9.853900
-145.147217
-9.852828
45.394245
-9.868920
-243.243759
-9.785235
215.195801
-7.639469
-42.073669
-5.352617
-147.568176
-5.250693
42.131069
-5.253911
-245.644333
-5.256594
214.112732
-5.255521
-42.911594
-5.421281
-149.360977
-7.927001
39.430622
-9.842099
-247.862518
-9.890378
213.216339
-9.871603
-43.562298
-9.868920
-151.126938
-9.875358
36.946896
-9.871603
-249.616150
-9.879649
212.315643
-9.864629
-44.248943
-9.862483
-152.865005
-9.869994
34.334423
-9.874822
-251.689499
-8.935512
211.644562
-5.865455
-44.645908
-5.231917
-154.389038
-5.246938
31.997149
-5.251229
-253.265564
-5.240500
211.443390
-5.238355
-44.479610
-5.241573
-155.156143
-5.781234
30.455414
-8.795501
-254.409790
-9.857120
211.261002
-9.836198
-44.310635
-9.833516
-155.923264
-9.846927
28.760258
-9.854974
-255.591034
-9.853900
211.490067
-9.861411
-43.762390
-9.855510
-156.585770
-9.863557
27.233009
-9.871603
255.553391
-9.724082
211.824265
-7.309021
-43.327873
-5.311847
-157.268127
-5.243719
25.661770
-5.243183
254.519135
-5.239428
212.108047
-5.249620
-42.630497
-5.397678
-157.691910
-7.810594
24.339441
-9.817422
253.945679
-9.883941
212.925583
-9.884478
-41.840321
-9.865166
-158.335098
-9.872140
22.910894
-9.873212
253.252060
-9.866239
213.141769
-9.860874
-41.419750
-9.870530
-158.773911
-9.886623
21.587492
-9.880723
252.629257
-9.618402
214.147064
-6.890596
-40.375298
-5.267859
-159.143524
-5.244256
20.335438
-5.249620
252.091736
-5.243183
214.720520
-5.239428
-39.363567
-5.241037
-159.041061
-6.025315
19.435825
-9.121657
251.763428
-9.854974
215.839005
-9.856583
-38.006371
-9.869994
-159.048035
-9.868920
18.485786
-9.876431
251.264008
-9.871066
216.571243
-9.865703
-37.025219
-9.864629
-159.108124
-9.869994
17.545940
-9.861947
250.761368
-9.845854
217.116272
-8.469880
-36.260250
-5.594552
-159.552826
-5.244256
16.172649
-5.256057
250.156784
-5.244792
217.832413
-5.237818
-35.248524
-5.243719
-159.303375
-5.477608
15.529992
-8.122266
249.902512
-9.836734
218.838242
-9.861947
-34.054401
-9.867311
-159.390823
-9.867311
14.472129
-9.869457
249.483551
-9.860874
219.660614
-9.851754
-32.925194
-9.846927
-159.457870
-9.859265
13.262989
-9.863557
248.530838
-9.852291
220.018951
-8.567513
-32.141453
-5.643905
-159.456802
-5.248547
12.485148
-5.256594
248.330200
-5.248011
221.012985
-5.242110
-30.576115
-5.241037
-158.917145
-5.885840
11.746467
-8.951069
247.662338
-9.845317
221.785995
-9.846391
-29.169563
-9.844781
-158.619949
-9.845854
10.851682
-9.853900
246.912384
-9.858191
222.460297
-9.852828
-27.756577
-9.855510
-158.261612
-9.874286
9.408117
-9.874822
245.313263
-9.009005
222.406662
-5.936802
-26.841406
-5.241037
-158.206360
-5.248547
8.181811
-5.252302
243.752213
-5.241037
222.378220
-5.242646
-25.243345
-5.535543
-157.373795
-8.318068
7.041873
-9.864629
242.312408
-9.876431
222.637863
-9.874286
-23.410858
-9.846391
-156.156616
-9.853900
6.166399
-9.872676
240.904785
-9.865703
223.022491
-9.864629
-21.341803
-9.863020
-154.899734
-9.846927
5.426646
-9.843708
239.260056
-9.317458
222.646439
-6.295682
-20.271601
-5.231381
-154.545685
-5.240500
3.999174
-5.234063
237.759079
-5.230844
222.633575
-5.232990
-19.270063
-5.333305
-154.483994
-7.576169
2.810955
-9.773971
236.978027
-9.868384
223.314316
-9.854974
-18.069508
-9.856583
-154.521545
-9.859801
1.890421
-9.856046
236.981781
-9.844781
224.436020
-9.836734
-17.690243
-9.846927
-155.753754
-9.853900
0.939310
-9.848536
238.091675
-9.684384
226.345749
-7.201196
-17.269136
-5.284489
-156.986496
-5.246938
0.364244
-5.247474
239.689209
-5.239964
228.383698
-5.250156
-17.056170
-5.245865
-158.383377
-5.952895
-0.443637
-9.022952
240.971832
-9.859801
230.350281
-9.868920
-16.399565
-9.871603
-159.281921
-9.863557
-1.053035
-9.854437
241.819412
-9.832979
231.789566
-9.843171
-15.588465
-9.852291
-159.361862
-9.855510
-1.746655
-9.864629
241.429962
-9.736420
232.446167
-7.428111
-14.649155
-5.317212
-159.161758
-5.246938
-2.790570
-5.253375
240.117279
-5.251229
232.292740
-5.240500
-13.461473
-5.246938
-158.511063
-5.472243
-3.926218
-8.116902
238.289627
-9.837808
232.107132
-9.860874
-11.758805
-9.861411
-157.283676
-9.856046
-5.123556
-9.839417
236.085922
-9.841025
231.680664
-9.830833
-10.095300
-9.815813
-156.119064
-9.813667
-6.260813
-9.829761
233.921387
-9.826005
231.362015
-8.716643
-8.432330
-5.738318
-155.134689
-5.239428
-7.553102
-5.238891
231.997162
-5.237818
231.248825
-5.230844
-6.834806
-5.420208
-154.276382
-7.991911
-8.561076
-9.796501
230.454361
-9.827079
231.066437
-9.812594
-5.807519
-9.816886
-153.916977
-9.820105
-9.594799
-9.828151
229.560104
-9.835125
231.586792
-9.825469
-4.613936
-9.812594
-153.809677
-9.826542
-10.417165
-9.573341
229.028488
-6.864847
232.188141
-5.247474
-3.838778
-5.220116
-154.120285
-5.225480
-11.636497
-5.238891
228.383698
-5.235672
232.682739
-5.229772
-3.351689
-5.563438
-154.670670
-8.398534
-12.580099
-9.836198
228.144440
-9.838880
233.440186
-9.843171
-2.362490
-9.840489
-154.752213
-9.835662
-13.291420
-9.826542
228.319321
-9.816350
234.726578
-9.829225
-1.454294
-9.826005
-155.246277
-9.831370
-14.560105
-9.844781
227.869781
-9.589971
235.270538
-6.883086
-0.770867
-5.251229
-155.591202
-5.228699
-15.512289
-5.233527
227.434189
-5.237818
236.139572
-5.236745
0.563800
-5.425573
-155.244659
-8.001031
-16.139927
-9.830297
227.326904
-9.869994
237.147003
-9.853900
1.565337
-9.844245
-155.362137
-9.848000
-17.133417
-9.841562
227.052780
-9.839953
237.919479
-9.829761
2.512694
-9.828688
-155.392181
-9.850145
-18.202009
-9.866239
226.344147
-9.001494
238.415695
-5.936802
3.252984
-5.243183
-155.894836
-5.238355
-19.592466
-5.252839
225.557175
-5.249620
238.946762
-5.237818
4.265786
-5.311847
-155.738724
-7.454396
-20.416441
-9.733737
225.018585
-9.831906
239.563675
-9.826005
5.302191
-9.834052
-155.789688
-9.846927
-21.649721
-9.859801
224.165115
-9.848000
239.908066
-9.854437
6.259740
-9.841025
-155.622849
-9.861947
-22.466721
-9.865703
223.510651
-9.596408
240.694489
-6.880404
7.708133
-5.248011
-155.166336
-5.231381
-23.010674
-5.235672
223.227417
-5.235136
241.515244
-5.232454
8.838952
-5.370856
-155.010239
-7.782162
-24.258976
-9.793818
222.163116
-9.860874
241.597855
-9.867311
9.568513
-9.851218
-155.070862
-9.853364
-25.303427
-9.856046
221.313919
-9.852291
242.077438
-9.860874
10.602773
-9.860337
-154.884705
-9.864629
-26.031380
-9.852291
220.894958
-9.728909
242.782318
-7.414163
11.900426
-5.317748
-154.290863
-5.245865
-26.549582
-5.252302
220.510330
-5.245865
243.480240
-5.246938
12.845100
-5.255521
-154.552658
-6.447495
-27.694347
-9.428502
219.735168
-9.864629
243.927094
-9.866239
13.769926
-9.848536
-154.619171
-9.856583
-28.789227
-9.874286
219.069992
-9.876431
244.636261
-9.854437
14.910938
-9.852828
-154.450729
-9.863557
-29.668991
-9.866239
218.638153
-9.002030
245.278931
-5.928755
15.987577
-5.239964
-154.220596
-5.247474
-30.454342
-5.253911
218.066849
-5.249620
246.086807
-5.234063
17.271818
-5.242110
-154.066635
-6.627739
-31.232719
-9.485902
217.537369
-9.838880
246.704788
-9.851754
18.516901
-9.829761
-153.518936
-9.838880
-31.823877
-9.852828
216.940308
-9.849608
247.268051
-9.851218
19.674541
-9.848536
-153.305420
-9.841562
-32.802883
-9.843171
216.006912
-9.390414
247.597427
-6.405653
20.580055
-5.242110
-153.318832
-5.239428
-33.923512
-5.250156
215.223694
-5.252839
248.097397
-5.250156
21.889509
-5.270005
-152.922943
-7.028998
-34.492676
-9.653272
214.743591
-9.872676
248.834457
-9.860337
23.020864
-9.846927
-152.759323
-9.856046
-35.714153
-9.874286
213.786041
-9.857656
249.080688
-9.851754
23.865761
-9.847463
-152.868225
-9.849072
-36.871258
-9.844245
212.852097
-9.303512
249.371445
-6.293536
24.825459
-5.225480
-152.908997
-5.233527
-37.956478
-5.242110
211.964813
-5.238355
249.712616
-5.241573
25.744383
-5.275906
-152.784546
-7.145942
-38.943531
-9.681167
211.498108
-9.856046
250.691620
-9.842635
27.272169
-9.828688
-152.349487
-9.831906
-39.823833
-9.836198
210.755676
-9.841562
251.032806
-9.828688
28.208796
-9.829761
-152.167099
-9.852291
-40.845219
-9.854437
209.882355
-9.731055
251.596603
-7.415772
29.445293
-5.315602
-151.794266
-5.243719
-41.480366
-5.248011
209.330887
-5.253911
252.052032
-5.241573
30.602936
-5.302191
-151.294846
-7.260204
-42.282345
-9.717645
208.634583
-9.879649
252.636230
-9.862483
31.596962
-9.858191
-151.323807
-9.875358
-43.409412
-9.872676
207.820801
-9.852291
253.142090
-9.840489
32.699886
-9.863020
-150.942398
-9.878040
-44.259670
-9.803475
206.983414
-7.749439
253.762222
-5.376220
34.002903
-5.235672
-150.793274
-5.240500
-45.145874
-5.248547
206.279068
-5.249620
254.264862
-5.237818
35.094563
-5.328477
-150.577087
-7.571341
-46.105030
-9.764315
205.650894
-9.847463
254.963303
-9.840489
36.261326
-9.829761
-150.351776
-9.822787
-47.032001
-9.833516
204.846237
-9.840489
255.367249
-9.836734
37.182930
-9.837808
-150.495544
-9.869994
-48.278160
-9.856583
203.761017
-9.865703
255.766357
-9.803475
38.359882
-7.837952
-150.225708
-5.404115
-49.065659
-5.257130
202.950455
-5.257667
-255.911835
-5.248011
39.530937
-5.239964
-150.003632
-5.239428
-50.038227
-5.827904
202.105011
-8.878650
-255.634491
-9.868920
40.494385
-9.855510
-149.912964
-9.852828
-51.086433
-9.865703
201.217743
-9.879649
-255.162430
-9.866239
41.595165
-9.863557
-149.706970
-9.879649
-52.105675
-9.876431
200.347626
-9.868384
-254.899033
-9.859265
42.548958
-9.866239
-149.689804
-9.875895
-53.267071
-9.880723
199.408325
-9.101273
-254.356155
-6.010295
43.822472
-5.244256
-149.170532
-5.244792
-54.034180
-5.241573
198.802673
-5.242110
-253.668976
-5.246938
45.288029
-5.242646
-148.694168
-5.257130
-54.843674
-5.784989
198.195969
-8.795501
-253.059036
-9.865703
46.349648
-9.868920
-148.642670
-9.867848
-55.825359
-9.874822
197.484100
-9.869457
-252.560150
-9.863557
47.685925
-9.856583
-148.053665
-9.858191
-56.638069
-9.875895
196.548553
-9.868920
-252.196976
-9.873749
48.672981
-9.872140
-147.903992
-9.879113
-57.800003
-9.754123
195.630157
-7.430793
-251.826294
-5.323649
49.861198
-5.241573
-147.370773
-5.240500
-58.435150
-5.256594
194.902206
-5.250156
-251.279129
-5.238891
51.086433
-5.246938
-147.002243
-5.620301
-59.348175
-8.502067
194.047119
-9.830297
-250.920242
-9.829761
52.176483
-9.845854
-146.804825
-9.855510
-60.300358
-9.845854
193.205444
-9.854974
-250.399887
-9.837808
53.368458
-9.844245
-146.635849
-9.858191
-61.590500
-9.855510
192.058533
-9.431184
-250.113434
-6.494165
54.469772
-5.236209
-146.236191
-5.239428
-62.488503
-5.245865
191.053223
-5.239428
-249.883835
-5.242646
55.589863
-5.311311
-145.981384
-7.359446
-63.730366
-9.720326
189.888611
-9.858191
-248.961700
-9.839417
57.771572
-9.856583
-144.255112
-9.872140
-62.483139
-9.881795
191.671204
-9.873212
-246.075104
-9.873749
61.352856
-9.864093
-141.242462
-9.865703
-60.444660
-9.864093
193.670547
-9.830833
-242.787781
-8.072377
65.575729
-5.454004
-137.715347
-5.245328
-58.136353
-5.244792
195.881226
-5.246938
-239.276230
-5.248011
69.699356
-5.250693
-134.411407
-6.105245
-56.072124
-9.175302
197.913803
-9.866239
-235.904694
-9.858191
73.967285
-9.844245
-131.102097
-9.843171
-54.126450
-9.855510
200.034348
-9.841025
-232.603439
-9.836198
77.839859
-9.855510
-128.202103
-9.850145
-52.751549
-9.843171
201.288010
-9.477855
-229.846664
-6.586970
81.322441
-5.234600
-125.801521
-5.236745
-51.512905
-5.234063
202.593719
-5.241037
-227.420868
-5.230844
84.620483
-5.353153
-123.215866
-7.682384
-50.247974
-9.784699
203.707367
-9.872676
-225.027267
-9.871603
87.834846
-9.846927
-120.901657
-9.861411
-49.487301
-9.879113
204.459991
-9.873212
-222.944809
-9.861947
90.793320
-9.865703
-118.682404
-9.867311
-48.308739
-9.864629
205.459930
-9.629668
-220.709991
-6.985010
93.764671
-5.264104
-116.609589
-5.253911
-47.636574
-5.263567
206.073608
-5.260349
-219.005707
-5.252839
96.299904
-5.252302
-114.869370
-6.442131
-47.416630
-9.410263
206.030167
-9.865166
-217.766525
-9.861947
98.351257
-9.848536
-113.512177
-9.858191
-47.169868
-9.875895
206.199677
-9.861947
-216.516617
-9.843171
100.375252
-9.850145
-112.586273
-9.854437
-47.545914
-9.856583
205.921265
-9.857656
-215.605209
-9.201587
102.076309
-6.146551
-111.339584
-5.257130
-47.692898
-5.243183
205.428802
-5.246401
-214.970596
-5.249084
103.811157
-5.247474
-110.357361
-5.256057
-48.155315
-5.891741
204.936356
-8.960189
-214.008224
-9.857656
105.482712
-9.850145
-109.715240
-9.866239
-48.936913
-9.866239
203.786224
-9.856583
-214.270538
-9.861947
106.440262
-9.845854
-109.134270
-9.864093
-49.633213
-9.878577
203.171463
-9.872676
-213.446564
-9.860337
107.705727
-9.854974
-108.598366
-9.874822
-50.243683
-9.887696
202.492325
-9.169400
-212.899933
-6.089152
109.073654
-5.254984
-107.995941
-5.254984
-51.083214
-5.259276
201.588425
-5.263567
-212.572159
-5.255521
110.315514
-5.238355
-107.540504
-6.264032
-52.090652
-9.302975
200.404495
-9.851218
-212.371002
-9.835125
111.477989
-9.845854
-106.916084
-9.852828
-52.527317
-9.849608
199.806366
-9.852828
-211.935944
-9.849072
112.743454
-9.842099
-106.438118
-9.858728
-53.617901
-9.861411
198.686279
-9.557784
-211.406479
-6.793500
114.147324
-5.259812
-105.816917
-5.246938
-54.211742
-5.243719
197.942230
-5.251229
-211.031509
-5.251229
115.228249
-5.243183
-105.414581
-6.111146
-55.116184
-9.190322
196.811951
-9.872676
-210.992340
-9.858191
116.369263
-9.852291
-105.063217
-9.876431
-55.986294
-9.865703
195.587784
-9.875358
-210.959076
-9.871603
117.382599
-9.866239
-104.701118
-9.894134
-56.989975
-9.896815
194.468765
-9.886086
-210.860916
-9.454787
118.390579
-6.512941
-104.202225
-5.259276
-57.705589
-5.258203
193.496201
-5.261422
-210.644730
-5.243719
119.561089
-5.236745
-103.792923
-5.248547
-58.642216
-5.919099
192.515579
-8.984864
-210.315353
-9.881795
120.825485
-9.874286
-103.355721
-9.883405
-59.548801
-9.876431
191.380997
-9.875358
-210.100235
-9.878040
121.885490
-9.886086
-102.957680
-9.900571
-60.465584
-9.887696
190.349945
-9.889842
-209.887802
-9.885550
123.222305
-9.879649
-102.294640
-9.883405
-61.069614
-9.868384
189.659546
-9.170474
-209.455978
-6.083251
124.612762
-5.251229
-101.400391
-5.252839
-61.662384
-5.258203
188.627441
-5.253375
-209.324539
-5.251229
125.523102
-5.241573
-101.121979
-5.253911
-62.645145
-5.245865
187.514862
-5.254984
-209.260712
-5.277515
126.393753
-7.024170
-100.812988
-9.656489
-63.380608
-9.876967
186.787445
-9.884478
-208.897003
-9.885015
127.657608
-9.881259
-100.174622
-9.883405
-64.198143
-9.886086
185.622284
-9.878040
-208.857834
-9.867311
128.627487
-9.868384
-99.745468
-9.869994
-65.103119
-9.878040
184.502731
-9.879649
-208.737137
-9.869457
129.823227
-9.867311
-99.069550
-9.891452
-65.659409
-9.866775
183.554840
-8.091153
-208.615906
-5.453468
130.952972
-5.236745
-98.727303
-5.253375
-66.679184
-5.260349
182.435287
-5.253911
-208.347687
-5.252839
131.974884
-5.264640
-98.159210
-6.829978
-67.490822
-9.585679
181.190750
-9.860337
-208.279556
-9.843171
133.183487
-9.854974
-97.556786
-9.873212
-68.146355
-9.876967
180.430069
-9.872140
-207.838058
-9.854974
134.391022
-9.864093
-97.231705
-9.869994
-69.244453
-9.864629
179.098083
-9.861947
-207.872940
-8.675338
135.545990
-5.692721
-96.670044
-5.239428
-70.118317
-5.251229
178.025742
-5.253911
-207.729172
-5.235136
136.676270
-5.231917
-95.962471
-5.619765
-70.322166
-8.511724
177.341232
-9.859265
-207.598816
-9.858191
137.854294
-9.852828
-95.224327
-9.848536
-71.034561
-9.852828
176.311813
-9.860874
-207.384766
-9.868384
139.003891
-9.871066
-94.572548
-9.858191
-71.552757
-9.857656
175.346207
-9.823859
-207.411057
-7.862628
140.004883
-5.402506
-94.193825
-5.236745
-72.493141
-5.242646
174.353256
-5.255521
-207.048965
-5.248547
141.381927
-5.256594
-93.535606
-5.841852
-73.262939
-8.903325
173.229950
-9.895206
-206.958298
-9.883405
142.526703
-9.872676
-92.736313
-9.868920
-73.900230
-9.864629
172.146332
-9.866239
-206.882126
-9.868384
143.623718
-9.867311
-92.298576
-9.872676
-74.808426
-9.874822
170.952759
-9.866239
-206.863342
-9.330870
144.573227
-6.318749
-91.744431
-5.255521
-75.596992
-5.251229
169.780624
-5.265177
-206.803802
-5.252839
145.699219
-5.242646
-91.041153
-5.268932
-76.250916
-6.930829
168.747971
-9.606065
-206.745865
-9.854437
146.876709
-9.856583
-90.492378
-9.861411
-76.953117
-9.870530
167.732498
-9.880723
-206.672379
-9.857120
147.944763
-9.849608
-89.755844
-9.845854
-77.707359
-9.856583
166.528183
-9.858191
-206.770538
-9.857656
148.937180
-9.867848
-89.263390
-9.879649
-78.486275
-9.801330
165.591019
-7.659853
-206.406296
-5.367637
150.315842
-5.250156
-88.595520
-5.257667
-79.332779
-5.268395
164.246689
-5.265713
-206.462631
-5.251766
151.427338
-5.252839
-87.975388
-5.727590
-79.901939
-8.718253
163.303085
-9.871066
-206.307053
-9.861947
152.552261
-9.852828
-87.409981
-9.854974
-80.672806
-9.844781
162.296722
-9.850145
-206.074249
-9.852291
153.991531
-9.852828
-86.545235
-9.852291
-81.340675
-9.857656
161.213120
-9.877503
-206.149353
-9.576024
154.901337
-6.791354
-86.164360
-5.253911
-82.158218
-5.243183
160.047958
-5.250693
-206.138077
-5.251229
156.040207
-5.250693
-85.445534
-5.253911
-83.116837
-5.249620
158.729919
-5.261422
-206.097305
-6.835879
157.212875
-9.590508
-84.646233
-9.874286
-83.479469
-9.872676
157.938141
-9.878040
-205.885956
-9.883405
158.646774
-9.874286
-83.689758
-9.858728
-84.295937
-9.853364
156.558945
-9.870530
-205.932617
-9.873749
159.771164
-9.864629
-82.934982
-9.846927
-84.932159
-9.845317
155.545074
-9.860337
-205.842499
-9.654344
160.876770
-7.081033
-82.240288
-5.287707
-85.531364
-5.248547
154.608444
-5.251766
-205.703033
-5.240500
162.041916
-5.233527
-81.549355
-5.234063
-86.310272
-5.374611
153.181503
-7.786990
-205.801727
-9.791137
163.224777
-9.853364
-80.771515
-9.851754
-86.990486
-9.836198
151.914429
-9.832442
-205.912781
-9.825469
164.231140
-9.827615
-80.090767
-9.840489
-87.691612
-9.850145
150.716019
-9.848536
-205.861816
-9.828688
165.424713
-9.835125
-79.360672
-9.859265
-88.173340
-9.856583
149.683914
-9.285272
-206.062973
-6.223799
166.447708
-5.229772
-78.685829
-5.234600
-89.049347
-5.232454
148.363724
-5.237818
-205.939590
-5.238355
167.617157
-5.245865
-77.917107
-6.620229
-89.410370
-9.491265
147.490936
-9.850145
-205.790466
-9.857656
168.968460
-9.843171
-77.045921
-9.840489
-90.107750
-9.854437
146.140167
-9.860337
-206.043671
-9.850145
169.969452
-9.843708
-76.548645
-9.841562
-91.049736
-9.854437
144.910645
-9.676338
-206.131638
-7.098735
171.084183
-5.266250
-75.609337
-5.236209
-91.395744
-5.236209
143.824890
-5.240500
-206.156326
-5.236209
172.336777
-5.234063
-74.870117
-5.292535
-92.067902
-7.150234
142.891479
-9.694577
-205.926727
-9.874286
173.683243
-9.880723
-74.002693
-9.873749
-92.796928
-9.874822
141.503174
-9.885015
-206.060303
-9.882332
174.836594
-9.860874
-73.294052
-9.855510
-93.593544
-9.857656
140.471588
-9.859265
-205.928329
-9.866239
176.111176
-9.870530
-72.295197
-9.871603
-94.202942
-9.865703
139.078461
-9.456397
-206.219620
-6.511868
177.099304
-5.257130
-71.486244
-5.261958
-94.798393
-5.252839
137.943878
-5.244792
-206.057083
-5.252839
178.378723
-5.255521
-70.662270
-5.252839
-95.485573
-5.251229
136.585068
-5.252302
-206.313492
-5.394459
179.507385
-7.795573
-69.875305
-9.812058
-96.061188
-9.858728
135.323898
-9.868920
-206.520020
-9.853364
180.618896
-9.849072
-69.003052
-9.865703
-96.671654
-9.855510
134.038589
-9.851218
-206.733536
-9.851754
181.619354
-9.843708
-68.265984
-9.847463
-97.444672
-9.849608
132.701233
-9.861947
-206.840286
-9.869994
182.880005
-9.864629
-67.297707
-9.854437
-97.843781
-9.857656
131.685745
-8.931220
-206.826874
-5.876184
184.034958
-5.246938
-66.592285
-5.252839
-98.714966
-5.248547
130.277054
-5.253375
-206.979752
-5.257667
185.274139
-5.245328
-65.667992
-5.244792
-99.101738
-6.186248
129.221878
-9.260059
-206.978149
-9.859265
186.706970
-9.849072
-64.556488
-9.854974
-99.545372
-9.846927
128.085693
-9.850145
-207.084366
-9.852828
187.875885
-9.850682
-63.611813
-9.844781
-100.085571
-9.850145
127.110435
-9.856583
-206.552216
-9.595872
189.369873
-6.890596
-63.331253
-5.274296
-101.432579
-5.253911
125.888962
-5.251229
-206.241608
-5.252302
190.461533
-5.249620
-63.479313
-5.666435
-103.141144
-8.600236
125.006516
-9.845854
-205.197159
-9.851754
191.987701
-9.843171
-63.723392
-9.850682
-104.756905
-9.854974
124.390678
-9.862483
-203.597488
-9.849608
193.684494
-9.861947
-64.414864
-9.863020
-106.988503
-9.846927
123.891785
-9.835125
-201.812744
-8.370103
195.302933
-5.554855
-64.807541
-5.248547
-108.885902
-5.254984
122.312500
-5.252302
-201.720490
-5.245865
195.343170
-5.237818
-67.220993
-5.657852
-113.014359
-8.607746
119.167343
-9.853900
-203.206970
-9.844781
194.208054
-9.855510
-69.235329
-9.860874
-116.202431
-9.863557
115.572647
-9.867848
-205.684250
-9.854974
192.535431
-9.844245
-71.778603
-9.832442
-120.501472
-9.843171
111.069214
-9.855510
-208.752701
-8.912445
190.771591
-5.856336
-73.591240
-5.249084
-123.344612
-5.250156
107.116180
-5.248547
-212.043762
-5.241037
189.132767
-5.234600
-74.901230
-5.295754
-126.282707
-7.336379
103.138458
-9.698333
-214.560211
-9.834052
187.841553
-9.832442
-76.291153
-9.846927
-129.028748
-9.864629
100.376862
-9.871066
-215.909363
-9.858191
187.745529
-9.852291
-77.340431
-9.852828
-131.668045
-9.854974
97.725227
-9.861947
-216.942017
-9.828688
187.602829
-8.168937
-78.575859
-5.487264
-134.306808
-5.248011
95.393311
-5.244256
-217.625977
-5.242110
188.011063
-5.246401
-78.740547
-5.247474
-135.873749
-5.577386
93.419205
-8.424819
-218.243958
-9.847463
188.770126
-9.856583
-78.621452
-9.872140
-137.146194
-9.882332
91.832947
-9.886086
-218.675262
-9.882332
189.464828
-9.869994
-78.449791
-9.869457
-138.433121
-9.864093
90.119545
-9.861947
-218.734268
-9.591580
190.949692
-6.886304
-77.791046
-5.268395
-139.531754
-5.241573
88.707634
-5.246938
-219.044876
-5.255521
191.896515
-5.244256
-76.566879
-5.431474
-139.701263
-7.991374
87.304840
-9.820642
-219.947159
-9.867848
192.582108
-9.868920
-75.305710
-9.868384
-139.872925
-9.863020
85.970711
-9.856583
-220.514191
-9.855510
193.673218
-9.863557
-73.859459
-9.871066
-139.886337
-9.868920
84.161293
-9.864093
-222.243134
-9.835125
194.277802
-9.190322
-71.519501
-6.145478
-138.877289
-5.244256
82.462914
-5.247474
-224.256943
-5.244256
194.614136
-5.238355
-69.147896
-5.234063
-137.990555
-5.310238
80.405121
-7.350327
-226.846878
-9.720862
194.780975
-9.844245
-66.559563
-9.841562
-136.648376
-9.848536
78.440674
-9.860874
-229.191666
-9.868384
195.391449
-9.858191
-63.503452
-9.857120
-135.143646
-9.864093
76.849586
-9.870530
-231.144852
-9.862483
195.822754
-8.656026
-61.502525
-5.689502
-134.828766
-5.247474
74.906593
-5.250156
-232.558380
-5.239428
196.567871
-5.232990
-59.904999
-5.236209
-134.642075
-5.245865
73.398659
-5.337060
-233.402191
-7.461906
197.775391
-9.742857
-58.121868
-9.844781
-134.336304
-9.843171
72.635300
-9.847463
-233.631790
-9.843708
198.873489
-9.850682
-56.902000
-9.851754
-134.565903
-9.850145
71.365540
-9.845317
-233.827591
-9.835662
200.076187
-9.841025
-56.253441
-9.835125
-135.659180
-9.835662
69.916611
-9.853364
-233.643600
-9.378077
201.454315
-6.388486
-55.877930
-5.239428
-136.905869
-5.237818
68.857140
-5.240500
-232.874878
-5.236209
202.693497
-5.227626
-56.253441
-5.242646
-138.816666
-6.625057
67.739731
-9.497703
-231.793411
-9.852291
204.715881
-9.854974
-55.841454
-9.855510
-140.249512
-9.850145
66.920586
-9.857656
-230.499512
-9.868384
206.529053
-9.844245
-55.846283
-9.834052
-141.865265
-9.831370
65.725395
-9.822250
-230.098785
-9.831906
207.680252
-9.844781
-55.575916
-9.830297
-143.068512
-9.841562
64.266808
-9.072305
-230.213593
-5.994201
208.703781
-5.246938
-54.896778
-5.246401
-143.805038
-5.242646
62.963791
-5.243183
-230.333755
-5.231381
209.946716
-5.222798
-53.784737
-5.228162
-144.228302
-5.876184
61.669895
-8.949996
-230.829956
-9.846927
210.991180
-9.836734
-52.238174
-9.835662
-143.953094
-9.839417
60.328789
-9.836198
-231.861542
-9.829225
211.493286
-9.825469
-50.883659
-9.828151
-143.977234
-9.834052
58.439442
-9.843708
-233.566345
-9.322824
212.056015
-6.303729
-49.136467
-5.235672
-143.207977
-5.232990
57.233521
-5.233527
-234.889755
-5.235672
212.923981
-5.235136
-46.602314
-5.489946
-142.107208
-8.207561
55.842525
-9.836734
-236.565063
-9.849072
213.376190
-9.845317
-44.510727
-9.860874
-141.313812
-9.857656
54.305622
-9.862483
-237.928696
-9.854974
214.212509
-9.853364
-42.742077
-9.842635
-140.829941
-9.851218
53.175873
-9.866775
-238.961349
-9.857656
214.967819
-8.376003
-41.233604
-5.568803
-140.893234
-5.263031
51.534363
-5.250156
-239.873291
-5.234600
215.729568
-5.231917
-39.930584
-5.238891
-140.851395
-5.245865
50.537655
-6.725908
-240.403305
-9.547055
216.841080
-9.848536
-38.642590
-9.840489
-141.136246
-9.849072
49.030251
-9.854974
-241.191330
-9.863020
217.238037
-9.835125
-38.450008
-9.839417
-142.283691
-9.850145
47.083500
-9.854974
-242.162827
-9.844245
218.130142
-9.850145
-36.993568
-9.845854
-142.402252
-9.850682
46.015446
-9.447814
-242.360779
-6.500066
219.087692
-5.236745
