211.515274
148.950241
209.002045
151.889404
214.766113
160.235367
220.626740
161.858109
218.528183
154.428925
211.354889
148.481934
208.941437
151.628693
215.659821
159.443588
223.190933
161.614563
220.440598
154.373672
212.560272
147.759338
209.664551
150.821884
215.136261
158.744064
221.114899
160.836716
218.981476
153.564713
211.660110
146.454712
208.986496
149.619186
214.674927
158.323486
220.495316
160.869980
218.374222
153.690247
211.185364
146.621017
208.547684
149.607925
214.105225
157.901306
220.098343
160.182800
218.146240
152.874313
210.950409
145.786316
208.013382
148.609070
213.595596
157.084854
219.876801
159.886154
218.092590
152.577667
210.805023
145.103424
207.826172
147.840347
213.812866
156.804291
220.561829
159.590561
218.638687
152.117401
211.146210
144.671051
207.936142
147.153702
213.472214
156.338120
220.210999
159.808899
218.848969
151.950027
211.401550
143.730133
208.254242
146.187576
214.043533
155.960464
220.883163
159.956955
219.207855
152.109894
210.906418
142.886841
207.076752
145.139893
212.991028
155.026520
220.627274
158.574005
219.144012
150.303146
210.645706
140.359131
206.259766
142.113831
212.713684
152.340027
223.571274
156.201324
223.019272
146.986328
212.926117
135.759140
207.442612
136.677536
213.867569
147.198227
222.906082
151.633530
221.577316
141.280197
211.519577
129.347595
206.259216
130.738052
213.148743
143.097122
222.779480
148.795746
221.728058
139.037872
213.122452
127.429276
210.490143
129.806778
218.073822
143.319748
227.090866
149.936768
224.834061
140.335526
212.749100
127.860039
205.575790
130.096466
212.574219
144.641006
223.414093
152.251511
222.504822
142.416916
210.972397
129.689835
204.416550
132.289978
212.024368
147.398315
223.273544
155.216965
222.750519
144.804626
210.952545
130.877518
203.977737
133.007202
211.751312
148.601028
223.782623
156.921768
223.450043
146.589371
210.767471
131.768021
203.036285
133.410065
210.977234
149.717361
223.638870
158.609421
223.430725
147.634354
210.690231
132.486313
202.771820
134.082230
211.062515
151.082062
224.186035
160.485886
223.947311
148.827942
210.662338
132.763107
202.150620
134.008728
210.293793
150.907715
223.674271
160.846909
223.632965
149.394424
210.118378
132.845718
201.573944
133.737823
210.043289
151.282150
223.726837
161.129089
223.660858
149.096161
210.035767
131.999756
201.322891
133.018463
209.905960
150.642181
223.795502
160.569580
223.738098
148.516800
209.915604
131.405380
201.021408
132.623108
209.435486
150.336411
223.577179
160.591034
223.729523
148.529144
209.699966
131.025574
200.302567
131.259460
208.487595
148.929855
222.857803
159.767593
223.590042
148.256088
209.867859
130.511124
200.483353
130.881271
208.473648
148.694366
222.770370
159.612564
223.384583
148.059753
209.249878
129.989716
199.758087
130.297089
208.082047
148.389664
222.596024
159.137817
223.261215
147.579636
209.226288
129.695206
199.427094
129.753677
207.504837
147.868774
222.181351
159.447876
223.146942
147.830688
209.168350
129.330429
199.161026
129.254242
207.008087
147.857513
221.783844
159.573410
222.863708
147.501846
208.352951
128.589066
197.793091
128.180832
205.766235
147.013153
220.785522
158.994049
222.190475
147.300690
208.401764
128.772522
198.119247
128.181900
205.978668
146.860809
221.254913
159.459671
223.093307
148.391815
209.053009
129.371185
198.511398
128.264511
206.011917
147.069473
220.810745
159.342194
222.348190
148.149872
208.318619
128.773056
197.691711
127.799416
205.295242
146.674118
220.573639
159.667816
222.504822
148.468521
208.508514
129.117996
197.523270
127.873444
204.885925
146.838806
220.212616
159.756332
222.295609
148.503387
208.239227
128.931839
197.281860
127.474869
204.679932
146.569519
219.919174
159.949982
222.052612
149.008713
208.074005
128.974228
196.858612
126.799492
204.064636
145.769150
219.396149
159.003159
221.790817
148.401459
207.902878
128.590134
196.632767
126.176147
203.645676
144.965012
219.003464
158.518753
221.557999
147.736816
207.522003
127.585381
196.256729
125.030304
203.484207
143.949005
219.001328
157.804749
221.641159
147.143509
207.592819
126.584381
196.087219
123.601227
203.016434
142.574097
218.264252
156.292526
221.119736
145.272934
207.576187
124.868301
196.014786
121.892120
202.826538
140.271683
218.397827
154.092041
221.209320
143.357300
207.245743
122.490250
195.329224
119.079018
201.991287
137.851257
217.672562
151.891556
220.777481
141.017883
207.099289
119.670181
194.905426
115.748787
201.719849
134.322556
217.977249
148.390732
221.522598
137.418900
207.918976
116.311516
195.903214
111.970627
202.146317
129.817505
217.883911
144.631882
221.728058
134.120316
208.314331
112.634743
195.854401
108.223587
201.912430
126.451340
217.905914
141.315613
221.677094
131.412888
208.606689
110.738426
196.789948
107.078278
203.075439
125.764160
219.061935
140.773804
222.966705
130.796524
209.448364
110.012619
197.028671
106.179207
203.081879
125.147789
218.858627
140.591949
223.004791
131.001968
209.796524
110.409050
197.077484
106.379295
202.541687
125.823700
218.496002
142.040878
222.699554
133.095169
209.053543
112.319321
196.203079
108.581924
201.525665
128.286514
217.092667
144.712357
221.261353
136.044525
208.028412
115.569618
195.122147
111.157921
200.241959
130.026184
215.696838
146.630142
220.039337
138.126999
206.781723
117.694466
193.641571
113.069801
198.523193
132.475586
213.935699
150.178696
218.176270
142.423355
204.845154
121.704369
191.525299
116.681664
196.262634
135.741974
211.729858
152.750397
216.263321
144.691437
202.974045
123.444580
189.663849
118.116104
194.298172
136.771408
209.746628
153.361938
214.435135
145.187103
201.437149
123.829750
188.190781
118.243782
192.919525
138.014343
208.730072
155.923447
213.897614
147.632751
201.200577
125.977661
188.040573
120.710342
192.730164
140.648804
208.566452
159.910828
213.854706
152.892563
201.366333
130.632904
188.180038
124.618317
192.767181
145.458008
208.420547
165.322983
213.714691
157.191071
201.320206
132.576431
188.040573
125.665985
192.413116
147.860733
208.099747
168.833466
213.489914
159.866837
201.124939
133.704575
187.662384
125.495934
191.807465
148.261993
207.551514
170.702423
213.148743
161.767990
200.861542
133.621414
187.377533
124.110847
191.483994
147.445526
207.119141
170.822586
212.886429
161.695572
200.668427
132.554443
187.096436
121.854568
191.081116
145.219833
206.816055
169.926727
212.872482
161.462753
200.959717
131.957382
187.308334
121.597610
191.033920
146.170410
206.567139
172.099319
212.751770
164.386902
200.918411
134.175034
188.269089
122.791199
193.532669
147.659561
209.086807
174.556763
214.715149
166.619568
202.452637
135.413132
188.524979
122.915649
191.753281
147.107574
207.134689
173.734924
213.491531
165.816513
201.713409
133.785034
188.097427
120.918480
191.192703
145.018127
206.619171
171.614380
213.219025
163.587601
201.606125
131.156464
187.815796
117.248680
190.774277
140.418137
206.493103
167.363617
213.561264
160.383423
202.080872
128.795059
188.056122
115.320709
190.850449
139.057190
206.209869
166.371201
213.141235
159.848068
202.025620
129.281601
188.223495
116.815239
190.979736
140.046387
206.400299
166.287506
213.411606
159.205933
202.068542
128.005951
188.005707
114.540184
190.639633
137.153351
206.238297
162.862869
213.578430
156.448090
202.558853
126.852600
188.511566
113.986038
190.974899
135.810104
206.185196
160.917725
213.567169
154.968048
202.836182
127.025871
188.548050
115.135101
190.819336
136.067596
206.256546
159.824463
213.607407
153.694000
202.688126
125.981956
188.390869
113.881439
190.556488
133.588699
205.912140
156.602051
213.638519
153.050812
202.959030
130.072327
188.649963
120.952812
191.187332
140.052292
206.796204
161.630661
214.314438
158.693634
203.573257
138.770187
188.982559
131.463318
190.625687
150.892166
206.042496
173.230667
213.801056
171.495819
203.115677
151.515503
188.550186
143.904480
190.289337
162.656326
205.804855
184.051773
213.842361
180.253235
203.522827
157.204483
188.973434
147.527069
190.561844
166.355103
205.677719
188.814850
213.662125
184.374710
203.563065
159.783157
188.848450
147.547455
190.264664
166.969864
205.420227
190.556671
213.757065
186.487762
203.764236
159.473618
189.096283
146.729370
190.107483
166.376022
205.491043
191.971268
213.736145
188.838455
203.508881
160.436005
188.602219
145.967636
189.389725
166.898514
204.662766
193.737244
213.241013
191.076477
203.437531
162.035141
188.741165
146.477249
189.530273
166.560013
204.447662
193.981339
213.150894
191.500275
203.134445
161.489029
188.336151
144.494553
189.142426
165.230713
204.281357
195.368027
212.754990
193.117126
202.716553
161.876877
188.456848
143.601379
189.105408
165.415787
204.078049
197.881805
213.156784
197.250412
203.133911
164.751144
188.125320
146.400543
188.647827
170.021149
203.678940
203.402863
212.845123
202.513977
203.585052
167.447296
188.593109
146.515869
188.930527
170.244843
203.651581
207.093582
212.751236
207.944916
203.448273
172.800980
188.395157
150.131485
188.697708
174.520279
203.483673
214.022797
212.576355
215.039886
203.096359
175.069061
187.785217
148.447067
187.783615
173.806274
202.849060
216.570892
212.290970
218.341156
203.246567
176.138184
188.113525
147.777054
187.860855
173.864746
202.399521
218.216705
212.039917
221.571609
203.235840
177.928299
188.394623
147.646698
188.314697
173.534836
202.809906
220.668243
212.085510
224.846054
203.283585
179.237213
188.418228
145.441376
188.267487
171.571457
202.551880
221.140839
212.125748
226.908127
203.590424
179.961411
188.550720
144.433411
188.196671
170.610153
202.508957
222.854233
211.789398
230.780167
203.884933
182.073380
190.326889
143.751587
190.315613
168.983658
205.612274
222.879456
216.077713
233.511185
208.056839
182.678482
193.773544
140.618774
194.082535
165.771988
209.041214
221.872543
219.415451
232.814346
211.372589
182.306732
197.768417
139.946075
197.532928
164.231857
211.898834
222.519501
222.592804
236.282455
215.502655
184.506683
200.981705
138.328705
200.686661
161.726151
215.560043
222.171341
226.085037
237.720108
218.384415
184.469666
204.177292
134.415894
203.670349
156.854172
217.794861
221.222382
227.820435
239.770935
220.764603
184.512589
206.304825
130.403839
205.317230
150.619659
219.555466
215.749069
230.142685
237.988876
223.003174
183.338318
208.654434
124.938034
207.771454
143.169556
222.052063
212.427414
232.712769
238.160538
225.550201
181.694122
210.536804
119.343483
209.353958
135.913101
223.729523
207.281326
234.472839
236.258316
226.592514
179.158890
211.537811
113.269890
209.574966
127.409958
223.862564
200.501785
234.253433
232.813278
226.571594
176.274445
211.655289
107.501534
209.777740
119.359581
223.738098
195.129318
234.361267
231.647049
226.877365
174.907059
211.843582
101.302948
209.944046
109.722939
223.595413
187.540253
234.417587
228.864532
227.217468
173.980087
211.892929
95.459480
209.633972
98.868042
223.311630
182.030472
234.665421
238.069336
227.329041
188.761200
211.744339
102.996498
209.676895
102.008904
223.636719
190.571686
234.850494
255.378708
227.284515
211.154449
211.807098
122.816948
210.554504
115.159775
224.805084
206.088821
235.232986
-229.149094
227.717972
241.256332
213.132645
135.010269
210.882813
105.101494
224.909698
191.700363
236.524200
-233.918610
229.520416
242.643570
213.659973
132.356491
210.855453
95.143517
224.524536
178.616547
235.707733
-243.664139
228.612747
235.380157
213.105835
125.517395
211.222916
88.663300
225.140366
174.130829
236.145996
-247.565689
228.830551
233.350800
213.611694
123.154907
210.724030
83.788651
223.869537
169.753464
235.582733
-246.815201
228.561249
236.862885
212.547394
126.434174
210.183289
86.694023
224.203735
172.890030
236.209305
-242.731262
229.435654
241.280472
212.943817
130.900055
210.854919
91.417389
225.492264
176.786209
236.524200
-238.043304
228.830551
248.658157
212.984589
138.663437
210.167740
98.393288
223.503143
184.712143
235.348846
-228.176529
228.982361
-252.446228
213.495285
149.265671
210.235870
105.256523
223.730057
188.265533
235.392838
-224.315765
229.912552
-254.423019
217.966522
134.872940
212.877838
89.217445
222.289169
177.783997
232.643036
-237.871643
225.239609
240.748322
211.856995
116.713310
210.436493
54.867466
226.490051
126.803246
238.365799
230.646057
227.186356
206.900452
209.989639
78.695137
209.270813
26.873245
225.731522
108.498245
241.054443
208.101547
236.033890
182.724625
219.390244
62.779446
215.800919
1.542460
228.014084
66.377899
241.433167
178.680923
236.731262
169.987350
220.093521
48.423191
217.988525
-15.205256
236.067688
66.134354
251.312820
176.237427
241.076981
155.787201
225.461685
40.725780
227.167572
-7.359256
246.261688
71.716026
-251.046310
179.581604
-253.253235
169.385452
251.265610
59.853691
255.716476
4.806709
-240.117371
81.169746
-227.029800
190.107666
-229.587021
184.911697
-236.823624
75.363297
-234.111374
17.031145
-221.832214
91.925941
-215.525269
202.088043
-221.843491
195.894287
-228.806503
86.476761
-224.994553
27.186527
-215.313385
99.273590
-210.168365
206.917633
-216.595474
199.884872
-225.363083
92.479012
-225.242386
31.875565
-216.092834
103.537766
-211.940231
210.428635
-219.554489
203.187210
-229.065063
93.963341
-228.203003
33.588963
-218.264877
104.240501
-213.316742
211.185013
-221.588684
204.838913
-233.127533
95.545845
-233.880173
32.756405
-223.279007
104.071526
-217.209167
213.552338
-225.355576
208.037720
-238.391113
96.776985
-239.138367
32.420055
-227.865051
102.385490
-220.972839
211.249390
-228.914322
206.030350
-241.927872
94.642479
-243.204605
28.275505
-232.070221
97.680893
-223.605164
207.015259
-231.438828
203.532135
-245.777908
92.363136
-247.785812
25.580421
-235.845688
95.060364
-226.570618
206.793701
-234.209549
204.508469
-248.719757
93.200523
-251.169693
25.052025
-238.785385
92.918892
-229.118179
204.153870
-236.500687
203.315414
-251.779083
92.050926
-254.860413
22.075846
-241.985260
88.875191
-231.276810
199.529755
-238.356232
197.779343
-254.549805
84.868507
252.870117
12.618912
-246.135178
78.433891
-234.661758
189.648483
-241.345825
187.971558
254.582428
74.211555
250.412674
-0.096906
-248.418808
64.196724
-235.985168
176.082932
-242.523849
175.464417
252.344406
62.007507
247.250885
-12.988141
-251.170761
50.883850
-238.438309
163.016815
-244.236710
164.236160
251.046204
51.064095
245.467758
-24.835461
-253.360519
38.465752
-239.818039
151.012863
-245.971573
151.752625
248.033554
37.006630
241.821564
-44.661278
255.388702
12.053503
-242.170883
120.176582
-247.642044
116.028809
246.624329
-10.707726
240.329178
-105.740555
253.666733
-61.834393
-243.487839
36.325352
-248.812561
30.466333
244.828308
-93.613205
238.433395
-185.883347
251.761826
-134.844131
-245.112717
-33.966774
-250.315674
-47.939472
243.068253
-175.148071
235.834869
249.289642
249.498581
-208.521744
-247.187149
-105.340904
-251.963089
-107.851448
241.549576
-221.717682
234.126831
208.098969
247.787323
-246.782913
-247.977325
-134.860764
-252.380432
-128.990479
240.497086
-243.131363
232.596375
185.442337
246.337326
243.527191
-249.197723
-152.348221
-253.208160
-145.149170
239.698853
255.018845
231.424240
173.796722
245.154465
233.870697
-250.280273
-158.727585
-254.558395
-141.614029
238.159805
-248.097198
229.963516
184.003586
243.865936
242.040176
-251.383194
-152.981232
-255.606064
-137.478058
237.349243
-239.384857
228.692139
196.257553
242.381073
-255.721115
-252.316071
-140.593704
-255.998734
-127.159065
236.478058
-229.662918
226.849472
205.326630
240.493332
-246.223953
-253.806305
-128.421844
254.948822
-114.545174
235.132660
-220.151260
225.286270
209.699173
238.697861
-251.228409
-255.582458
-141.115128
253.374374
-131.919983
233.703583
-240.539276
223.740784
189.569183
237.291306
243.245560
255.316284
-156.249222
252.612091
-142.854279
232.331909
-247.308624
221.788132
183.585175
235.186310
237.285690
253.686584
-162.027786
251.128830
-147.549210
230.688248
-250.459152
219.604828
181.462997
232.749252
235.958527
251.702286
-162.302979
249.452972
-145.493576
228.775833
-246.973358
217.091583
184.114639
230.342239
238.628937
249.500183
-158.148773
247.159149
-140.777176
225.793747
-241.465164
213.703430
188.629333
226.792068
237.770096
246.073929
-166.636887
244.278992
-154.153351
223.232773
255.825119
210.857071
174.056351
224.024033
223.786667
243.927628
-177.933273
242.533417
-161.296066
221.441055
251.614044
208.758499
171.309235
221.623444
223.091446
241.787231
-174.452316
240.908539
-154.903290
219.773804
254.352585
206.675507
167.095490
219.500748
213.747162
240.194000
-187.398788
239.758942
-169.083603
218.422501
242.219879
204.987320
156.529724
217.389847
204.270386
238.131912
-195.896591
238.102402
-175.682907
217.067993
236.379105
203.082413
150.435211
215.511765
197.094391
236.697464
-201.470215
237.239807
-179.127396
216.188217
234.741882
201.983246
149.954025
214.447464
198.676895
236.104691
-196.623459
236.719467
-170.000381
215.560593
246.760864
201.185013
163.143524
213.345078
211.984406
235.170746
-181.786545
236.032272
-152.519348
214.873947
-246.392395
200.226395
181.401855
212.337646
227.761169
234.101089
-170.220856
235.397125
-144.842331
214.562805
-240.931946
199.692642
184.558807
211.501862
228.444595
233.552307
-170.753006
235.157883
-145.126114
214.169586
-241.137405
198.994720
183.264908
210.754608
225.932434
232.875320
-173.451309
234.766815
-147.015991
213.804276
-242.892105
198.431458
180.220062
209.857666
221.470856
231.962830
-178.236374
234.157410
-151.684113
213.168594
-247.944855
197.317276
173.222717
208.729538
212.490280
231.141006
-188.086517
233.513687
-159.748444
212.455658
-252.316315
196.344711
171.622513
207.378235
212.849152
229.744110
-184.272949
232.438110
-152.080002
211.564087
-245.617767
195.430069
175.289093
206.183578
214.754059
228.470596
-183.040741
231.566406
-150.570450
211.975540
-244.525040
198.082779
173.317139
210.433273
210.566605
232.945053
-186.844116
235.231369
-152.918991
213.571991
-244.698837
196.159088
175.752045
206.131012
214.241226
228.612747
-182.214081
231.983215
-145.752670
211.232574
-235.563232
194.101837
185.313049
204.179977
222.936951
227.002884
-173.180939
230.828262
-136.153046
210.292191
-225.326859
193.074020
195.337555
203.090454
232.583771
226.127411
-163.572739
230.740280
-125.714424
211.037842
-213.974136
193.958618
206.206940
203.700394
241.708115
226.671906
-154.598068
231.219330
-115.727486
210.843658
-204.203384
193.160385
213.601791
202.856567
246.515167
226.273331
-150.042068
231.094330
-108.247345
210.593140
-196.301056
192.741425
218.574066
202.110382
255.410980
226.428894
-128.532349
232.049728
-75.089867
211.458420
-159.260284
193.445236
-255.653519
203.539993
-216.520096
227.414337
-80.436050
233.367767
-15.581837
213.510300
-87.278900
194.791702
-170.400558
202.942398
-122.812813
225.692368
15.308095
231.014938
79.033096
210.624252
0.049542
192.105743
-96.794846
200.891586
-58.734833
224.018661
73.737343
229.705490
132.784576
209.809937
51.357525
191.172318
-51.017578
199.984467
-21.738043
223.099197
105.205559
228.770462
161.802322
209.502548
75.956604
191.377777
-28.793865
199.575150
-1.701404
222.689896
122.556770
228.718430
178.392853
209.709076
92.386742
190.861710
-13.482204
199.051056
11.542273
222.280594
134.987198
228.152481
191.272827
208.697891
106.313316
191.384750
-2.354254
200.539673
20.909620
223.720398
143.202805
229.797211
199.946030
210.271271
114.744034
191.046249
3.839504
199.550476
25.324001
223.085251
148.913773
229.778442
206.537827
210.634979
121.523048
192.143295
11.043918
199.956573
30.670181
223.323441
152.726257
230.277863
211.218277
211.671921
127.281754
192.393280
16.701771
199.924911
35.773888
222.973679
156.461502
229.996231
214.632736
212.389145
129.451126
193.916229
17.762854
201.230072
35.976662
224.366821
157.061249
231.562103
216.599335
213.273727
133.059235
194.569611
20.502996
201.136734
36.211624
224.513794
158.131454
232.018082
219.101822
213.887955
136.477432
195.103378
24.145439
201.963394
37.540390
224.458542
157.400818
232.375351
218.796051
214.222168
136.943604
195.093719
24.044052
202.074982
37.782864
224.786316
157.745209
231.998779
218.332565
214.137939
138.556686
196.009430
26.279404
202.412933
38.583771
225.519623
158.270920
233.193970
221.058228
215.725281
140.567276
196.316803
26.574448
202.416153
38.675503
224.846390
157.127762
232.247681
220.737976
214.323547
142.364883
195.229980
27.194038
201.535309
36.326962
223.824478
153.991196
232.065826
219.706940
215.309525
141.622986
196.097946
26.070192
201.825531
34.631268
224.070694
153.269669
232.180634
218.568069
214.733398
141.060791
195.829727
27.359798
201.863617
34.537926
224.359299
151.993484
233.129593
218.966644
215.704895
142.636856
196.208984
27.810410
201.808365
35.012142
223.948395
152.211807
232.376968
220.971329
214.827805
145.434937
195.065826
29.796854
200.373383
35.427345
222.810593
152.833008
231.936539
222.251816
213.979156
147.895065
193.895844
31.688347
199.842834
35.886539
221.782242
152.594299
229.913086
223.185760
213.425018
150.077850
194.290665
34.891441
199.309082
38.062347
221.549957
154.600052
230.571304
225.866898
213.237259
153.190277
192.553665
36.844627
197.249680
38.929775
220.022705
155.934723
229.187286
228.677307
212.480881
155.837082
192.689926
36.544220
196.605408
36.195530
218.998642
150.999451
228.673904
224.348770
212.231964
154.762054
191.446976
37.857964
195.534683
37.583305
218.415527
153.434357
228.346680
227.415070
211.587692
157.523651
190.550049
40.158226
194.499344
39.137379
216.659225
154.439651
226.170868
229.924545
209.739120
162.226105
189.000793
44.714226
192.617508
42.250351
215.189911
157.527420
225.712204
233.052002
209.337326
165.467285
188.237976
47.230675
192.190506
44.377880
214.713013
159.055206
224.702621
235.215469
208.412506
167.638275
187.256821
48.241337
190.684692
42.864574
213.658905
156.386398
224.816895
234.433334
208.289124
168.453125
187.898956
47.711864
192.496811
40.539101
215.241409
154.079697
226.155304
232.034363
210.457413
167.153320
188.378525
45.731319
190.353714
25.553598
212.207291
128.022583
223.225800
204.000458
207.964569
136.965591
186.971985
16.322506
189.076431
7.372510
210.732605
119.611168
222.216217
199.582855
206.978592
135.422791
186.691422
14.591409
189.154221
4.331421
211.119919
115.945663
222.613190
196.963943
207.294022
134.045212
186.026230
13.881160
187.896271
3.872227
209.172638
116.169357
220.467422
198.922501
205.161667
137.908661
183.753860
18.671049
185.363724
8.549464
207.178146
121.137344
218.887054
204.598053
203.571106
144.140503
181.983063
24.750010
183.320419
13.274981
205.098358
125.505592
217.231064
210.037567
202.247711
151.090118
180.449387
31.704977
181.671936
19.450499
203.663376
131.346909
216.205933
217.987640
201.245636
160.423126
179.081985
41.139915
179.951569
28.108671
202.359283
140.071594
215.627640
226.507401
200.933960
167.969788
178.596512
47.266617
179.323929
28.563574
202.039566
134.559662
216.306244
217.018829
201.932281
150.786484
179.267593
11.336279
179.643646
-23.366680
202.129150
74.330650
216.093811
151.283234
201.820709
77.548225
179.333054
-63.317116
179.814774
-101.477448
202.592102
-10.272672
216.979477
60.786564
202.967621
-16.269018
180.060455
-163.401611
180.112503
-205.524643
202.974045
-119.165009
217.689728
-50.508495
203.690201
-118.683823
180.719742
-249.456543
180.529846
234.209198
203.351700
-175.024155
217.919327
-91.796272
203.922485
-151.720047
180.540039
230.317841
180.010040
203.976410
202.535248
-204.049423
217.313141
-116.914635
203.601685
-172.863907
180.471909
214.826477
180.022369
190.759537
203.534637
-216.288345
219.009369
-126.652122
205.270020
-180.003403
181.703583
208.535095
180.641434
184.261093
203.280899
-221.983749
218.680527
-130.936691
205.186874
-183.092773
181.705185
205.106689
180.596909
179.380539
203.132309
-228.181259
218.718613
-136.440048
205.392334
-187.753387
181.664429
199.997620
180.181702
173.286026
202.564209
-234.533813
218.388702
-142.257217
205.309189
-192.135056
181.568939
196.778976
179.784729
169.455292
202.197815
-238.690689
218.198273
-145.502686
205.511963
-193.769592
181.961075
195.072006
179.865738
166.902908
202.109848
-241.437805
218.358124
-146.828232
205.769989
-193.852203
181.799072
195.270493
179.421555
166.552612
201.690353
-241.881989
218.364563
-145.405594
205.923950
-190.790710
181.882751
198.786865
179.276718
168.554611
201.204865
-240.908875
217.805588
-144.089172
205.677719
-188.415894
181.682663
201.162231
178.841125
170.177338
201.003708
-239.515198
218.197205
-141.742767
206.308578
-184.308884
182.056564
205.711792
178.992401
174.107849
200.974197
-235.695206
218.126923
-137.236664
206.301605
-179.697098
181.999695
209.833282
178.674835
176.719788
200.674332
-233.798874
217.993347
-134.765274
206.392258
-176.391541
182.147217
212.881882
178.450607
178.017975
200.285400
-234.000046
217.933807
-134.563568
206.541397
-175.442047
182.091965
213.274551
178.283234
176.932220
200.086929
-235.833069
217.729950
-135.468552
206.510269
-175.020401
182.088745
213.529907
177.974243
175.936584
199.611099
-237.500336
217.571167
-136.199173
207.287048
-173.999557
184.559067
214.803955
181.753479
177.131775
204.532410
-236.215012
223.763855
-134.061462
214.010803
-170.688629
190.476547
218.501114
186.416229
180.311798
206.459320
-232.582764
223.236526
-128.687927
211.764725
-163.586685
186.549805
226.210846
181.313049
186.707260
202.338364
-227.645355
220.495316
-124.060577
209.920441
-158.875107
184.957108
230.337692
179.661346
189.296661
200.776779
-226.341263
219.174057
-122.996811
208.962891
-156.901001
184.363266
232.523697
178.909256
189.999405
199.954422
-226.881470
218.760468
-123.442055
208.808395
-156.825363
184.101471
231.808624
178.646942
187.360107
200.828827
-230.836121
220.681992
-127.151016
210.976685
-159.527420
185.615311
229.852219
179.337875
184.748718
199.917938
-234.435104
218.831268
-130.344986
209.170486
-162.336777
184.354675
226.113220
178.222610
178.608597
199.692642
-242.391602
220.661606
-139.521362
212.837601
-172.511459
188.932129
214.582397
182.259872
165.878830
201.728973
-255.067184
220.410019
-150.376801
210.886566
-181.275314
185.688812
207.250320
178.792313
158.641693
199.115967
248.887848
218.771194
-157.826370
210.780350
-188.379410
186.938721
198.059464
179.757904
146.235413
199.469482
232.891159
218.798553
-176.565887
209.900055
-209.319427
184.884140
173.402435
177.686707
114.331604
197.899307
193.994843
217.805588
-220.173264
209.417786
-255.559647
184.626648
129.859985
177.716751
80.565804
198.356354
168.391525
218.950897
-237.870468
211.467529
247.788681
186.592178
124.789001
178.669464
71.638344
198.399277
158.670670
218.627426
-247.059189
210.842041
236.904816
186.115280
109.086273
178.367447
50.769146
198.405182
134.558136
218.898331
241.119644
211.146210
216.633759
186.273529
93.807335
178.437195
39.462559
198.337585
126.802803
218.863464
237.881683
211.308212
218.292969
186.160339
99.276367
177.707626
47.102562
197.117722
136.987152
217.573853
251.805557
210.364609
236.444550
185.521439
120.379990
177.030640
69.718414
196.551773
160.929092
217.325485
-233.852524
210.183289
-246.413315
185.169540
151.157257
176.445374
100.710274
195.801285
192.295395
216.672089
-201.019073
209.866257
-212.118591
184.932419
185.280319
176.059143
133.142471
195.276108
224.753342
216.321793
-166.320389
209.728928
-174.492538
184.936188
225.293533
175.882111
175.031601
195.028275
-242.695770
216.232742
-115.953331
209.739655
-119.651558
184.799927
-231.637558
175.441162
226.908768
194.430145
-196.642242
215.775162
-77.102600
209.549759
-85.244179
184.611633
-199.994995
175.096771
255.216263
194.043900
-170.690247
215.427551
-51.812050
209.553513
-59.427914
184.766129
-174.120789
174.926178
-231.297989
193.544479
-145.777878
215.175964
-26.241474
209.606079
-30.728273
184.889511
-143.143417
174.694977
-214.962265
192.977463
-171.696075
215.022003
-86.496765
209.927414
-124.836273
185.334763
239.016785
175.233017
148.867722
193.565399
199.456894
215.278961
-243.463959
210.470291
218.725342
186.037491
82.547958
175.396637
8.866059
193.501556
70.022575
215.335281
163.539948
210.761047
151.681900
186.448410
61.622437
175.731918
27.470400
193.444168
117.279350
215.245697
225.527954
210.711151
202.790878
186.327713
88.400002
175.546844
18.255402
193.471527
94.889870
215.773010
209.848831
211.590912
202.369232
187.368942
83.287712
176.381012
14.303970
193.993484
89.395103
216.123306
204.635696
211.919220
195.878815
187.337830
74.715904
176.117081
3.090726
193.693069
76.023750
216.071274
191.845306
212.393433
186.986206
188.075974
68.347267
176.595581
-3.631427
193.971481
67.916504
216.395294
181.797745
212.817764
175.612030
188.306641
55.234486
176.503311
-18.570795
193.579346
52.434261
216.093811
168.229523
212.713150
164.697052
188.312546
45.104851
176.172333
-30.442791
193.157166
39.053253
216.013885
154.540604
212.930405
150.592926
188.813049
31.714727
176.676590
-43.413956
193.297180
25.842836
215.886200
142.031311
212.893936
139.917191
188.583984
21.896769
176.104736
-53.154133
192.557968
15.928316
215.128220
133.246536
211.688553
110.658585
186.416229
-90.031288
174.564072
-211.648026
191.711441
-152.340088
214.851944
-39.093452
212.552216
-41.387814
188.464355
-164.824692
175.574203
-252.343582
191.671204
-197.017654
214.529007
-93.422676
212.302780
-111.302284
188.337753
-249.463959
175.383759
167.250610
191.363297
221.617401
214.312820
-180.544052
212.348907
-181.608887
188.121033
212.786484
174.696045
134.409637
190.544678
202.241653
213.654602
-188.361084
211.979843
-179.650879
188.124786
221.943542
174.665466
148.367859
190.289871
219.847137
213.530151
-166.569199
212.075317
-152.600250
188.221893
254.116104
174.646149
183.913025
190.285583
-252.987305
213.702347
-123.735931
212.534515
-106.938866
188.846298
-211.057404
175.047943
230.341553
190.401443
-207.369370
213.905121
-76.345047
212.971710
-56.067009
189.239517
-158.445862
175.082825
-229.508865
190.248032
-156.870331
213.801056
-26.746708
212.958847
-8.211031
189.075897
-113.985565
174.677811
-188.734436
189.626297
-118.718590
213.170731
12.205410
212.606934
34.065952
188.857574
-67.010422
174.380081
-137.304153
189.171921
-68.426094
212.745346
57.850712
212.301163
74.968033
188.572189
-32.418507
173.798035
-112.184196
188.277145
-48.101387
211.970718
77.412064
211.859131
94.981071
188.226181
-12.803511
173.283585
-94.097519
187.630188
-31.217949
211.287292
93.512291
211.409607
111.626862
188.031448
4.003214
172.780411
-78.688225
186.914047
-17.300501
210.685410
107.323532
211.072708
126.171410
187.745529
18.581022
172.470352
-65.159164
186.380280
-4.941954
210.061523
118.852203
210.671448
137.964554
187.392014
30.395618
171.871140
-55.039726
185.577225
2.978073
209.458023
126.424614
210.369446
146.098618
187.214981
38.256100
171.535324
-48.898003
185.106232
7.555532
209.000443
130.606720
210.213333
151.244171
187.185486
43.867279
171.364197
-43.709534
184.771500
12.003172
208.744019
135.301651
210.182220
157.125717
187.383423
50.300831
172.300293
-39.027470
185.899094
15.378464
209.564774
139.731049
210.929489
163.173553
187.756256
57.195183
171.307877
-32.176037
184.622360
21.138777
210.411819
144.196396
213.725418
168.441422
191.281219
62.865906
174.618256
-26.904957
187.361969
25.782219
211.585556
149.771103
213.605789
175.153915
190.884247
69.861107
174.342529
-21.076515
186.998795
30.216982
211.260468
154.349625
213.580582
180.635269
190.822021
75.985130
174.006714
-15.674010
186.362045
34.962883
210.622635
159.108932
213.182541
186.804886
190.500687
82.564049
173.521240
-9.926036
185.690414
39.679279
209.956375
163.847870
212.685791
192.899963
190.110168
89.385445
172.879120
-3.695263
184.793488
45.239498
209.005798
169.492844
212.034012
199.887650
189.714264
97.164398
172.304581
2.939986
183.963074
50.694580
208.345978
175.137817
211.710541
206.192444
189.461075
103.690208
171.910294
8.472311
183.462570
55.049950
207.878738
179.679871
211.411743
212.211334
189.253464
110.654831
171.544983
14.571119
182.980850
60.096794
207.923798
184.619965
211.579117
218.348755
189.395081
117.709045
171.413559
21.185446
182.558670
65.927383
206.995224
190.991821
210.998154
226.145935
189.115067
126.475571
170.970993
29.227247
181.830185
73.000900
206.736115
198.418869
211.951935
234.291809
190.002335
135.449173
171.492950
37.863960
182.016327
79.693550
206.521545
203.597687
210.964890
238.947052
189.176758
137.672729
170.762314
33.820263
181.198257
71.705933
205.725998
198.190353
210.455811
232.861649
188.934814
136.030670
170.306870
36.064735
181.045364
60.806507
206.981812
173.667969
211.961594
206.462814
190.127869
96.277122
171.339523
-19.543901
181.776001
0.166045
206.269943
103.886543
211.196625
126.674591
189.588745
18.546152
170.578857
-90.827370
180.453140
-60.719570
204.921875
52.543159
210.314178
81.916565
189.375778
-21.973982
170.625519
-129.478546
180.198334
-95.980431
204.792587
26.189915
210.470291
65.266487
189.273315
-32.201248
170.000031
-135.306976
179.478958
-97.711533
204.215912
22.954632
210.423615
57.953175
189.333939
-48.159321
170.017197
-165.945862
179.310516
-140.531387
203.973984
-23.354248
210.100143
18.962969
189.220749
-76.277992
169.834274
-180.866989
178.914627
-148.262054
203.590958
-24.836437
209.920975
20.236481
189.294235
-74.470184
169.710358
-180.051590
178.381943
-148.913300
203.091003
-25.068180
209.839432
21.644640
189.397766
-72.355530
169.897568
-178.190674
178.438263
-147.816269
203.248703
-24.087566
210.196701
23.729254
189.668137
-69.167992
169.769363
-175.571762
178.249435
-145.814804
203.016968
-21.920340
210.024506
27.114202
189.654190
-64.739662
169.871292
-171.697586
179.217178
-143.628265
204.313004
-19.829288
211.295334
30.161192
190.875671
-61.292492
170.581528
-168.951004
178.512283
-141.358047
203.112457
-17.792419
210.630692
33.463528
191.000656
-57.044945
170.709747
-164.841324
178.151260
-137.920532
202.677933
-13.871029
210.356567
38.992096
190.495331
-49.674770
169.981262
-157.275879
177.760193
-131.132935
202.535782
-6.535187
210.339935
48.095520
190.401993
-39.390640
169.745758
-146.722458
176.990402
-120.683044
201.733261
5.049812
210.316330
61.879391
191.318222
-23.494795
170.586365
-129.231247
177.621262
-101.577667
202.390396
26.192059
210.766937
85.648056
191.073074
1.301156
170.189392
-106.292992
177.045120
-82.509300
202.003098
42.355053
210.763718
100.200653
191.372406
15.526522
170.411484
-92.962402
176.967331
-70.605118
201.711807
54.217930
210.762650
114.383102
191.402451
30.346264
170.372864
-79.825485
176.866486
-58.530350
201.483276
65.210159
210.546463
124.664009
191.529587
40.464630
171.249939
-71.012817
177.807938
-51.286777
202.565826
73.457954
211.752380
136.524200
192.696365
55.460327
171.416245
-53.984543
177.254868
-34.261723
201.668884
89.593582
211.094711
151.239334
192.576736
67.859642
172.000427
-45.865494
177.808472
-30.164379
202.354996
91.245827
211.868256
149.065140
192.985504
57.843739
171.386734
-61.810158
176.837524
-50.167225
201.675858
69.981804
212.090881
132.653244
193.849716
51.199905
172.222504
-62.620186
177.600876
-48.496742
202.379135
73.380699
212.508240
137.715103
193.894241
56.758518
171.831985
-57.430645
176.705017
-44.096844
201.354538
78.177567
212.936844
143.688919
195.395737
64.380821
173.460617
-49.550854
178.174332
-36.578613
202.641998
85.981186
213.145523
153.094360
195.021301
75.562408
172.827087
-37.801163
177.354645
-24.914759
201.874344
98.699158
212.712082
168.857697
194.714462
93.226906
172.368958
-20.856575
176.560181
-10.398641
200.953812
110.840981
211.963745
179.298996
194.255264
102.386658
172.025101
-14.036253
176.214706
-6.421998
200.768738
112.996399
212.108047
180.994156
194.652771
103.850067
172.320679
-13.159171
176.240997
-6.505682
200.509644
111.754539
211.842514
171.038330
194.421021
80.017021
171.900116
-50.380192
175.593506
-47.430832
199.949600
72.323380
211.564636
135.602600
194.333588
51.918201
171.626526
-75.713654
174.979279
-87.861916
199.248459
6.167757
211.202530
46.124626
194.268677
-53.879936
171.662994
-196.193680
174.944946
-205.727859
199.362183
-77.474258
211.429443
-4.933908
194.541183
-91.545128
171.769211
-224.579498
174.433731
252.363022
198.324707
-210.872330
210.751923
-223.065659
194.412445
137.283905
172.011154
-36.742668
174.796356
-81.787689
198.913727
-25.590580
211.377411
-23.788134
195.363556
-121.348137
172.884476
-218.688736
175.110184
-202.526810
198.581665
-101.218155
211.184296
-55.129753
195.236420
-122.800819
172.411880
-199.617157
174.146194
-166.010132
197.493225
-56.503044
210.416641
-6.460526
194.704269
-73.510391
171.755264
-153.006790
173.331329
-123.898376
196.714310
-17.347078
209.591064
31.352188
194.321243
-38.065533
171.819107
-119.937828
173.316849
-92.683899
196.709488
10.860108
210.244980
56.853561
195.119476
-13.067881
172.515945
-94.936951
173.959503
-68.335342
197.283478
33.593979
211.196091
78.061256
196.383331
7.773959
173.716507
-74.872421
174.828003
-49.976692
198.210449
49.366444
212.097855
89.344772
197.282410
16.872013
174.541016
-64.638718
175.883194
-36.174042
199.976410
69.508224
214.457657
120.196083
199.937256
60.854881
176.930862
-8.583763
177.618576
26.185181
200.687744
130.551559
214.937241
174.201828
200.570786
109.058479
177.325684
35.424854
177.597656
64.518242
200.346024
164.183243
214.333740
207.626984
199.817627
145.486633
176.512436
73.908653
176.380478
106.344078
199.113281
211.860596
213.558044
-246.376740
199.302643
214.691391
176.304825
150.464279
176.492050
181.685730
199.075729
-234.223648
213.628860
-193.632706
199.657227
-249.163559
176.023193
200.091599
175.101593
223.914444
197.678299
-206.986893
212.676132
-185.339294
199.629333
252.442413
176.757050
175.737656
176.309128
199.881302
198.924454
-222.372040
214.051575
-185.886475
200.393768
-246.292511
176.767242
199.068604
175.909470
227.281143
198.452377
-198.534180
213.668015
-167.084183
200.354614
-229.652634
176.845566
211.679276
175.366058
232.808640
197.729797
-197.399063
213.243164
-168.740723
200.266632
-235.587280
176.779587
205.113754
175.200836
228.138382
197.530243
-198.708511
213.300552
-166.716187
200.468872
-230.339813
176.739349
211.449677
175.159531
233.377274
197.455673
-195.212524
213.385849
-164.968994
200.494614
-229.940155
176.724869
212.782730
174.865555
235.350311
196.935333
-194.680908
212.900909
-165.259750
200.331543
-229.751328
176.438950
210.848862
174.183212
227.679718
196.122620
-204.987030
212.416504
-173.458191
200.284866
-236.780334
176.790314
205.206573
174.431580
226.207733
196.340408
-203.479095
212.695984
-171.798965
200.692566
-235.853363
177.008652
205.916809
174.452499
226.923340
196.314667
-202.568222
212.858536
-170.260452
200.844376
-234.476318
177.255402
204.501144
174.319992
222.873734
195.967056
-210.293518
212.531296
-183.146332
200.526810
-254.252243
176.664780
177.703186
173.773895
188.597778
195.559891
-247.184082
212.343002
-217.956589
200.635696
227.564392
176.674973
151.686829
173.629059
165.676147
195.659668
244.791687
212.496964
-233.553635
201.015503
215.875320
177.114319
140.938141
173.452042
153.698486
194.950485
232.002899
212.164368
-245.584412
200.950058
206.856125
176.934616
134.078659
173.220291
146.538055
194.738602
223.192917
212.130035
-255.069778
201.106705
194.289444
177.253265
120.192863
173.423599
135.080200
195.022919
219.588028
212.765182
-249.436066
201.802994
204.459839
177.648621
127.780830
173.320602
137.765091
194.639893
219.441055
212.439026
-251.441284
201.419983
200.775024
177.235565
121.851006
172.760025
130.764526
193.599197
210.183136
211.481476
248.820358
201.141037
186.295364
177.091263
105.604324
172.800797
116.922714
194.107742
200.320648
211.568924
244.107712
201.152298
184.370621
177.023666
101.527908
172.768600
108.623962
194.256866
191.480621
211.896149
237.800232
201.572327
180.550079
177.457108
96.004166
172.320145
101.031700
192.982285
186.337204
211.353271
234.482880
201.498840
178.968109
177.524170
96.990143
172.666687
101.733368
193.195786
184.365250
211.281921
230.776062
201.451630
174.849304
177.384689
94.206001
172.030472
101.884644
192.487152
185.953125
210.677353
231.006195
201.162491
173.817200
177.318176
92.734543
171.629745
99.147713
191.954453
183.555222
210.674667
232.825806
201.687668
179.653152
177.532745
99.637489
171.616333
103.568535
192.250580
186.110291
211.869873
234.504333
202.874268
179.526550
178.436111
98.705688
171.923706
103.272415
191.970001
185.502502
210.937531
233.657288
202.091599
179.443939
177.837448
98.472336
171.479538
102.664627
191.594498
186.396225
210.662872
236.620605
202.413467
183.389465
178.410370
102.996681
171.644226
106.903587
191.270493
189.796188
210.659653
240.668045
203.448807
190.363205
179.618973
111.243408
172.760025
117.711281
192.246292
208.978287
211.263687
-242.042816
202.853882
222.426346
178.414124
141.219772
171.193619
142.623642
191.405670
226.951767
211.134949
-229.672470
203.140884
232.374130
178.928040
147.727341
171.985947
143.992645
191.524216
224.445511
211.464310
-232.735016
203.934814
227.305283
179.964432
139.108871
172.882874
139.077759
192.406677
225.765167
212.241623
-235.410797
204.925095
221.233841
181.013184
142.423553
173.769073
149.004074
193.210815
236.371155
213.413208
-210.663116
206.352020
-241.096008
182.222855
209.411728
174.343063
222.415619
193.514435
-208.452988
213.872940
-154.215485
207.090164
-189.134628
182.861755
-245.922363
174.412262
-236.020721
193.457031
-167.797653
214.010803
-131.097519
207.468369
-178.575836
183.083313
-239.948013
174.289963
-224.494736
192.901291
-152.804642
213.198639
-118.070572
206.910461
-162.482590
183.172897
-216.351013
174.257233
-202.077377
192.486084
-133.660645
212.551682
-99.667938
206.212555
-145.748825
182.339264
-201.941116
173.708984
-186.537704
192.008102
-115.130333
212.436356
-83.052177
206.404602
-132.347977
182.483566
-189.208649
173.170410
-178.566193
191.143356
-115.058990
211.535660
-85.064911
205.721710
-129.504288
181.634384
-183.753586
171.886154
-172.177704
189.454086
-108.812119
209.751999
-79.016525
204.050156
-127.092453
179.849106
-186.113388
170.118042
-176.087296
187.555634
-113.511353
208.143204
-81.866646
202.939178
-124.581367
179.115784
-179.853653
169.106323
-174.358871
186.675323
-117.891403
207.798279
-90.104240
202.787369
-134.635361
179.026733
-191.082977
169.155670
-181.590652
186.254761
-120.317192
207.074615
-89.873573
202.358749
-136.518799
178.252655
-196.975281
167.793106
-189.058990
184.910431
-128.916351
205.875671
-98.818748
201.319122
-139.693466
177.479645
-194.387482
166.721832
-184.865616
183.684662
-124.177963
204.859650
-95.696648
200.776245
-137.444168
177.031708
-192.115112
166.032501
-183.229477
182.695465
-128.358459
204.053909
-100.760132
200.358902
-140.094193
176.909409
-191.622650
165.917709
-181.564896
182.569397
-119.477661
204.105942
-87.763748
200.282181
-128.540298
176.772079
-182.568573
165.625885
-175.828186
182.095718
-116.728394
203.701996
-85.778374
200.622284
-129.114838
177.168503
-184.436462
165.777695
-179.028061
182.030807
-120.345085
203.652115
-88.455223
200.289154
-131.968704
176.799973
-187.166962
165.234283
-179.769424
181.488464
-119.204071
202.776642
-89.527565
199.627731
-129.131470
176.335953
-181.720993
164.577682
-173.479645
180.599045
-112.033455
202.506271
-82.025429
199.832108
-125.098495
176.628311
-180.658844
164.465027
-175.127594
180.156479
-117.967041
202.028305
-86.265999
199.528488
-124.274521
176.527451
-178.196579
164.423721
-174.372284
179.990189
-117.474045
202.102341
-86.092194
199.777939
-124.953117
176.620804
-179.464722
164.334671
-176.072800
179.797073
-117.027725
201.888290
-84.059082
199.582672
-122.346016
176.363846
-177.773865
163.612625
-174.396957
178.985428
-115.447906
201.320206
-80.229958
199.542435
-118.117241
176.492584
-177.220261
163.688263
-178.054428
178.880295
-121.148140
201.183945
-85.253197
199.243637
-122.710793
176.264603
-180.251694
163.450073
-179.784439
178.443085
-122.009125
200.640533
-85.163078
199.074127
-124.569031
175.952393
-185.910614
162.599823
-185.449814
177.465149
-128.812820
199.835861
-95.284660
198.565567
-132.552353
175.878357
-186.109634
162.859985
-182.921021
177.306900
-127.392860
199.971588
-93.727371
199.478058
-127.994743
176.686249
-181.334763
163.150742
-179.290924
177.734451
-122.116417
200.346558
-83.699661
199.532776
-114.834755
176.767776
-169.549133
163.124451
-172.090256
177.675980
-118.344696
200.434006
-80.781418
199.833725
-111.454102
177.214096
-168.166733
163.423248
-173.896454
177.440475
-120.551613
200.031662
-85.598671
199.821381
-120.441109
177.297256
-177.018021
163.190445
-178.765213
177.124512
-122.696846
199.853577
-83.867569
199.807434
-116.461784
177.432968
-173.356262
163.213501
-174.659286
176.946411
-116.787399
199.685669
-77.829384
199.855179
-110.077591
177.516113
-166.075668
162.947968
-170.464844
176.485611
-116.802422
199.485565
-77.626068
199.943161
-109.787910
177.623413
-165.362747
162.804733
-167.450577
176.201294
-112.513573
199.112213
-75.359070
199.670105
-106.232910
177.394348
-163.098419
162.608398
-166.983337
175.944351
-113.150330
198.980774
-74.800629
199.692108
-106.990906
177.406143
-165.994141
162.433517
-170.294785
175.466370
-113.212021
198.388550
-75.298988
199.626648
-109.591576
177.652374
-168.988556
162.467316
-176.890884
175.119827
-125.248161
198.136414
-85.382484
199.570328
-114.760193
177.681335
-173.173874
162.430298
-182.089005
175.148804
-127.805916
198.285553
-86.027283
199.669571
-115.616348
177.577271
-172.647095
162.054260
-176.859772
174.411194
-118.843048
197.615540
-73.343658
199.598755
-97.098915
177.611069
-151.263977
161.846649
-159.197418
173.953079
-108.642609
197.593536
-73.535164
200.365341
-107.583672
178.952713
-167.501007
163.354050
-175.483795
175.861191
-121.652931
199.589111
-80.383385
202.101791
-110.797493
180.097473
-169.677887
163.698456
-177.612396
175.592438
-121.577827
199.098801
-75.168091
201.594330
-101.987511
180.164536
-161.051895
163.647491
-169.129639
175.193329
-112.534492
198.638000
-64.831932
201.329315
-89.255592
179.924744
-147.057739
163.555756
-153.579269
175.115540
-93.582535
198.487793
-41.525681
201.316452
-62.695286
179.771317
-119.366615
162.979614
-127.701309
174.459473
-68.491005
198.014114
-16.479746
201.032669
-38.401443
179.275116
-103.128525
162.711395
-121.666344
174.386520
-64.627548
198.075806
-10.613753
201.058960
-35.005764
179.178558
-105.231377
162.258636
-124.134506
174.163361
-47.201771
198.322021
41.272511
201.540680
34.961273
179.566391
-63.295029
162.331055
-124.639297
174.036758
-64.119003
198.477600
36.258389
201.886154
58.315269
179.837296
-4.192008
162.610550
-35.393612
174.003494
44.265320
197.897705
162.227814
201.335220
188.831573
179.360947
119.114517
161.884201
74.800125
173.141434
142.766235
197.403107
250.491272
201.363647
-242.267151
179.368988
193.934219
161.610611
143.834824
172.727844
206.110916
197.216415
-202.339249
201.322891
-187.073715
179.638824
245.747528
161.540878
192.476700
172.302444
251.033081
196.901535
-161.203812
201.498840
-147.412430
180.050262
-228.782608
161.640121
225.986618
172.084106
-230.101730
196.719681
-131.417343
201.230621
-118.263786
179.777222
-199.400620
161.470612
-255.709839
171.918350
-201.203064
196.520660
-104.880096
201.415695
-92.537102
180.359253
-173.496902
162.398117
-231.600006
172.266495
-180.252853
196.711624
-86.700615
201.880783
-75.440704
181.028732
-156.101715
162.467316
-213.989151
172.121658
-163.364594
196.700897
-70.321976
202.160812
-58.719810
181.425705
-139.931747
162.966202
-198.916748
172.608749
-149.506149
197.099472
-57.975765
202.603912
-47.391766
181.820526
-127.190178
163.071884
-185.492813
172.431717
-137.645966
196.973953
-49.580986
202.893051
-40.739349
181.949814
-120.908981
163.263397
-179.607513
172.530960
-133.488007
197.087677
-46.181553
203.285721
-36.688141
182.314590
-115.369148
162.864822
-173.882614
172.218750
-128.259308
196.738449
-40.553204
203.016434
-29.820078
182.484634
-108.512344
163.098709
-167.660416
171.862564
-122.929222
196.361328
-35.952145
202.818481
-25.097244
182.414902
-102.806213
163.073502
-161.563751
171.692505
-117.397964
196.133881
-31.512550
202.695099
-20.683399
182.566177
-97.723427
163.160934
-156.852722
171.778870
-113.578506
196.034103
-27.127140
202.868378
-15.068462
182.791489
-91.330109
163.272522
-151.516205
171.241898
-109.616341
195.676834
-24.039917
202.721924
-11.398127
182.834946
-87.423737
162.961380
-146.856140
170.755341
-104.709511
195.107132
-19.417933
202.357147
-6.237556
182.581207
-81.255730
162.927048
-140.895721
170.712433
-99.860077
194.823898
-14.873734
202.383972
-1.569976
182.959396
-76.809166
162.978546
-136.784439
170.356766
-96.482635
194.931717
-11.864295
202.779861
1.774740
183.142319
-72.372253
163.067062
-132.372208
170.225342
-92.597717
194.605560
-7.894625
202.791656
7.040453
183.496902
-66.871582
163.373367
-127.808159
170.329941
-88.961182
194.421555
-4.930784
202.592102
9.968352
183.444870
-63.912567
163.033798
-125.360909
169.694794
-86.975807
194.088959
-2.492119
202.375381
12.461199
183.236740
-61.312435
162.461945
-122.706062
169.315536
-85.283333
193.593826
-1.545836
202.145248
14.907909
183.266769
-58.230038
162.858383
-121.307556
169.062866
-84.810196
193.123901
-0.666071
201.940872
15.756560
183.250137
-57.146427
162.754318
-119.908516
168.749054
-84.707733
192.776291
-2.648760
202.030991
13.037336
183.617599
-58.523472
163.024139
-119.685356
168.928757
-84.831650
193.078308
-4.385222
202.222504
9.967279
183.847198
-61.359104
162.953873
-122.301582
168.373535
-88.519150
192.682419
-9.138634
202.476227
6.836069
184.221100
-62.595604
163.228531
-122.854118
168.639618
-89.946625
192.679199
-11.773099
202.448334
4.140985
184.546188
-63.757534
163.307922
-122.251694
168.345108
-89.509422
192.512894
-12.366405
202.432785
3.094387
184.774170
-63.953339
163.570770
-122.656174
168.318817
-91.760338
192.048874
-16.055515
202.139893
-0.341524
184.386322
-66.659683
163.093887
-124.737030
167.739471
-94.466148
191.409958
-18.696955
201.477386
-2.738346
184.263489
-68.176208
162.944748
-125.655952
167.167618
-95.211800
190.922867
-20.200064
201.671036
-3.335942
184.201797
-67.909058
162.541351
-125.449425
166.774948
-94.769234
190.617096
-18.880955
201.215591
-0.639785
183.990967
-64.887817
162.517746
-123.269859
166.369934
-93.444221
190.059204
-18.044106
201.089539
0.652503
183.966827
-62.411602
162.390610
-119.879013
166.250839
-90.181587
189.757721
-15.626898
200.720993
3.534269
184.066605
-58.629150
162.498428
-116.956474
166.068451
-87.869522
189.449799
-11.746814
200.558456
8.714688
184.224854
-52.919800
162.446930
-110.760040
165.548096
-81.818459
189.110764
-6.729474
200.554703
12.890352
183.922836
-48.340199
162.498428
-106.708290
165.787888
-79.654449
188.863464
-4.182984
200.614777
16.268862
184.383102
-46.296352
162.426010
-106.012527
165.214432
-79.335266
188.559845
-4.135777
200.469940
17.362131
184.245773
-44.146294
162.502182
-104.129082
165.159714
-78.610001
188.168243
-3.478636
200.223175
18.466127
184.599289
-42.769245
162.761292
-103.580833
164.872177
-78.158852
187.705826
-2.691675
200.056885
19.932760
184.541901
-41.493587
162.545639
-102.885605
164.549240
-78.794533
187.743912
-3.796746
200.385727
19.214464
184.712479
-41.799358
162.674911
-103.170456
164.549240
-79.536972
187.314758
-4.655053
200.061707
19.357157
184.631485
-41.127735
162.401337
-103.189774
163.941452
-80.144760
186.348633
-5.242456
199.330002
19.199444
184.517227
-41.040829
162.548859
-103.834572
163.812180
-81.842598
186.646362
-7.320632
200.067078
17.520918
185.480667
-42.654446
163.340103
-106.009842
164.549240
-85.116501
187.666138
-11.099328
201.030518
14.607502
186.477921
-44.866196
164.375977
-109.028404
165.257889
-88.754112
187.457993
-13.951591
200.675934
12.960626
186.300888
-46.305470
164.279419
-110.791153
165.120026
-90.807076
187.459061
-15.777102
201.147461
11.578214
187.129684
-47.540897
164.969818
-111.519104
165.407013
-91.962036
187.707443
-17.380526
201.364197
10.844898
187.295456
-47.946983
164.832489
-113.671310
165.171524
-95.374878
187.514328
-20.514420
201.505814
8.061838
187.645218
-50.682838
165.113052
-116.364784
165.222488
-99.194885
187.150070
-24.486237
201.001556
5.196166
187.227325
-52.432713
164.382416
-118.328156
163.908737
-102.480057
185.976349
-28.265469
199.982849
1.978051
186.108841
-55.431957
163.194733
-122.134216
162.516663
-105.987312
184.526337
-31.390244
198.940002
-0.122119
185.147003
-56.881424
161.925507
-123.553635
161.070419
-108.247345
182.848892
-34.020954
197.122543
-2.994765
183.526413
-59.120533
159.944962
-126.256767
158.824875
-111.730461
180.469223
-38.066799
194.912933
-6.137778
181.474518
-61.274345
158.505692
-128.405746
157.120071
-115.555824
178.454895
-42.816452
192.917374
-10.168065
179.864655
-64.859390
156.734360
-131.844345
155.279526
-118.290070
176.938904
-44.801823
191.685150
-11.657764
178.757446
-65.667267
155.741943
-132.334656
153.776962
-118.956871
175.074234
-46.034569
190.185257
-12.797705
177.790237
-66.023468
154.652435
-133.226761
152.796341
-120.628418
174.490585
-47.606342
189.998047
-13.646892
177.832626
-66.667732
154.728607
-133.593689
152.613953
-121.662682
174.195007
-49.150227
189.752350
-14.563134
177.560638
-66.275597
154.865936
-132.527771
152.910599
-120.859093
174.110779
-48.718925
189.920792
-14.186016
178.239777
-65.264938
155.231796
-131.932327
152.785614
-121.394463
174.058746
-50.032135
190.044724
-15.630653
178.461334
-65.990204
155.495178
-131.748856
153.005020
-121.446495
174.166580
-50.127087
190.317764
-14.096430
178.817520
-64.895332
155.592819
-131.565933
152.785080
-122.152985
173.809311
-50.988075
190.150925
-15.168777
178.940369
-65.038025
155.655579
-130.880890
152.764160
-121.607964
173.626373
-51.376457
189.941727
-15.683762
178.969879
-64.854561
155.755356
-131.054169
152.286728
-122.618080
173.156998
-53.202507
189.744843
-17.951838
178.915695
-66.120560
155.949005
-130.944733
152.534027
-123.099808
173.327576
-55.018364
190.111237
-19.027403
179.323929
-67.091522
155.854599
-132.460175
152.122040
-125.186569
172.974594
-56.189949
190.098358
-19.258074
179.561035
-66.383957
156.199524
-131.693069
152.008850
-125.224121
172.610901
-56.220528
189.661697
-18.437853
179.480026
-64.663582
156.256927
-130.434570
152.096817
-124.018196
172.585678
-54.141281
189.790985
-14.766982
179.550308
-60.543713
156.354568
-127.175690
152.013672
-121.423965
172.165649
-50.758476
189.416000
-10.685732
179.717133
-58.345375
156.524078
-128.316711
152.315155
-124.094910
172.618408
-52.420910
190.478699
-10.358502
181.014786
-57.759579
157.880203
-129.611679
152.960495
-126.524986
172.995529
-53.373631
190.685760
-9.890725
181.366699
-57.345448
157.938675
-129.873459
152.677795
-127.034073
172.733734
-52.750824
190.619781
-7.868340
181.688019
-55.882034
158.384995
-130.804184
152.932068
-129.725403
172.779343
-55.775818
190.631577
-9.279181
181.410690
-56.577797
158.199387
-132.156555
152.693878
-131.762268
172.544907
-56.105728
190.606369
-6.677439
181.742203
-53.891296
158.447754
-130.915771
152.745377
-131.476883
172.471954
-56.993542
190.876205
-8.244922
182.279724
-53.795811
158.732071
-130.917374
152.861786
-133.364624
172.468735
-59.012173
191.156754
-9.199788
182.937943
-55.666920
159.428375
-133.557739
153.158447
-135.794708
172.813675
-62.016247
191.556946
-12.067070
183.162170
-56.620712
159.683716
-134.180008
153.388046
-138.395370
172.555099
-64.488708
191.318222
-14.043859
183.502808
-58.866795
159.897217
-136.028595
153.229248
-140.049759
172.433334
-67.189156
191.382065
-16.974440
183.845596
-61.391289
160.302780
-138.280579
153.106949
-142.818329
172.092697
-70.154068
191.172318
-19.294550
183.854172
-61.785576
160.485703
-138.491394
153.278061
-143.474945
172.191391
-70.539772
191.399231
-18.678179
184.017792
-60.640808
160.540421
-137.243637
153.147720
-143.454559
172.019196
-70.693726
191.289261
-17.177752
184.187302
-58.344299
160.940598
-135.999084
153.378387
-142.735184
172.199982
-69.585442
191.625610
-16.147247
184.505417
-56.878742
161.049500
-134.913864
153.125183
-142.675644
171.640472
-69.728668
191.177689
-14.741233
184.554764
-54.495869
161.295197
-132.477341
153.380524
-141.641388
171.800873
-68.921860
191.420151
-12.761763
184.959778
-52.300213
161.586472
-130.730698
153.408417
-139.794952
171.574493
-67.134972
191.381531
-10.083308
185.174896
-48.784908
161.786041
-128.266281
153.335999
-139.431778
171.406052
-68.068916
191.088089
-12.236050
184.979095
-50.680695
161.635834
-129.993622
152.679932
-141.657471
170.552567
-70.347183
190.624069
-12.680759
184.900238
-50.047157
161.521576
-129.288742
152.695496
-141.954132
170.274155
-70.863777
190.480301
-12.390009
185.050446
-49.361584
161.699127
-129.169647
152.436386
-142.028152
169.952286
-71.012375
190.459915
-12.384644
185.242493
-49.128231
161.985596
-128.789307
152.638626
-142.104874
170.156143
-72.148560
190.572571
-13.983777
185.359970
-49.361046
162.154572
-128.445450
152.653656
-142.909531
169.888992
-73.888779
190.442749
-16.237370
185.562210
-51.849064
162.217865
-130.555817
152.323196
-145.027939
169.378296
-77.181992
190.069397
-19.844940
185.468872
-54.482456
162.280640
-132.169434
152.280289
-146.617950
169.238815
-79.109962
189.972290
-21.780422
185.494080
-55.936752
162.073029
-132.912399
151.872055
-147.316406
169.040344
-80.260094
189.822632
-21.719267
185.515533
-54.184731
162.388458
-131.890488
152.010452
-147.532043
168.715790
-80.676910
189.659546
-21.695127
185.646973
-53.395088
162.505936
-129.466293
151.948761
-144.748459
168.374619
-78.481255
189.576935
-20.010700
186.531021
-51.339443
163.931808
-127.490585
153.288254
-143.450806
170.211395
-76.185280
191.754349
-14.721384
188.604370
-44.319561
166.015335
-121.444885
155.350342
-138.412003
171.991837
-70.601463
193.438797
-8.941760
190.085480
-39.263062
167.297974
-117.855019
156.266586
-137.317657
172.240753
-71.243042
193.470978
-9.590318
190.566132
-39.544693
167.708359
-118.667191
156.246201
-139.122787
172.162430
-73.243439
193.554138
-11.688878
190.847763
-41.284374
167.930435
-119.803375
156.254776
-140.759476
172.062653
-76.410591
193.707016
-14.814189
190.883713
-43.282085
167.930435
-122.380974
156.157150
-145.210861
171.575562
-81.618904
193.291275
-20.338467
190.829529
-47.835403
168.048996
-125.279373
155.919510
-147.262222
171.337387
-84.680374
193.018768
-23.516884
190.908386
-50.938187
168.105316
-128.069412
155.726929
-150.213730
171.125488
-87.674797
193.020905
-27.050964
191.155685
-53.966400
168.401428
-129.875061
155.797729
-151.306992
170.722076
-89.217064
192.456039
-29.627495
190.879959
-56.278999
168.131607
-130.979065
155.529510
-152.016708
170.459763
-91.657341
192.259705
-33.102566
190.896591
-58.658119
168.429337
-132.552444
155.611588
-153.463486
170.405045
-93.106804
192.537033
-33.974819
191.170166
-59.668240
168.736176
-133.298645
155.915756
-154.993958
170.412018
-94.912468
192.265060
-34.901253
191.472183
-58.297630
169.702850
-130.677048
157.002045
-152.975861
171.616867
-94.167885
194.008499
-34.813278
193.436111
-58.166203
171.354004
-129.918518
158.249268
-151.787643
172.436554
-92.740952
194.564789
-32.865459
193.936615
-55.745239
171.724686
-127.701942
158.122681
-149.520096
172.303513
-91.355858
194.696762
-31.738394
194.355042
-53.760406
172.181198
-125.205345
158.282532
-148.264297
171.842178
-90.331787
194.176407
-30.261570
194.121155
-51.405964
172.006866
-123.088005
158.098541
-146.702179
171.643158
-89.095825
193.992950
-28.525106
194.024063
-49.633022
171.904404
-121.302193
157.979980
-145.041885
171.610962
-88.267563
193.845963
-27.306847
194.207520
-47.151440
172.411880
-118.714935
158.193481
-143.283966
171.287491
-85.733948
193.826111
-23.909023
194.500412
-43.342701
172.497162
-115.682961
158.089951
-142.527054
171.156601
-86.486572
193.682877
-24.785034
194.409760
-44.901604
172.556717
-118.415062
157.959595
-145.441544
170.716721
-89.487968
193.393204
-28.098637
194.518661
-47.740452
172.796509
-121.088150
157.917755
-148.983124
170.452789
-93.674896
192.989258
-33.195370
194.245605
-52.658020
172.627518
-125.995522
157.647919
-154.669403
170.112686
-99.928207
192.765564
-39.133244
194.394745
-57.924267
172.996063
-129.783340
157.793304
-158.430405
169.836960
-104.699852
192.709244
-44.008427
194.535278
-61.547932
172.903793
-133.027740
157.578720
-161.671051
169.814957
-108.245735
192.579956
-47.080627
194.384003
-63.803131
173.219757
-134.048050
157.719803
-162.727295
169.470032
-109.475800
192.466232
-48.346100
194.846954
-64.517136
173.635498
-134.207901
157.859283
-163.114609
169.447495
-110.816360
192.402390
-48.973198
194.985367
-63.403484
173.841492
-132.928497
157.923660
-162.650055
169.322510
-110.966034
192.220001
-49.085854
194.947266
-62.606331
173.990082
-131.862579
157.687088
-162.087326
168.891739
-110.850159
192.023132
-48.151371
194.841599
-61.523792
173.802338
-130.653976
157.674210
-160.751587
168.793045
-109.421082
191.915833
-47.323635
195.119476
-60.628471
174.339310
-129.164825
157.992325
-159.647583
168.812347
-108.837967
191.864334
-46.142929
195.410217
-58.402237
174.558182
-127.292099
157.894684
-158.841858
168.651947
-109.202209
191.733978
-46.975487
195.145218
-58.176933
174.451431
-126.496559
157.808319
-159.034439
168.360123
-109.960739
191.355774
-47.529629
195.198334
-58.579262
174.722870
-127.088257
157.922043
-158.982941
168.183105
-110.623245
191.334320
-48.511322
195.511612
-58.786865
175.052246
-126.889771
157.885574
-159.997345
167.923462
-111.666626
191.084885
-48.635242
195.395737
-58.808861
175.068863
-126.865631
157.902191
-160.441528
167.646667
-112.652603
190.674500
-49.865303
195.330826
-59.036846
175.249115
-126.613503
158.065811
-160.402359
167.671341
-113.187973
190.728683
-51.467117
195.630157
-60.407455
175.539337
-126.874748
157.828705
-160.693115
167.255600
-114.455048
190.443832
-51.792202
195.460114
-59.279854
175.791458
-124.953751
158.308289
-158.853119
167.361282
-113.028114
190.501770
-50.794418
195.712769
-57.654972
175.763031
-123.055817
157.765396
-157.534546
166.750809
-111.862961
190.101578
-49.235519
195.778763
-55.357929
176.080063
-120.648804
158.060440
-155.809341
166.791031
-110.800804
189.965317
-48.676010
195.560425
-55.023727
176.018372
-119.627960
157.882355
-154.396896
166.226166
-110.145279
189.609665
-47.589710
195.588852
-52.563606
175.961502
-117.455368
157.661865
-153.304169
166.050751
-109.617950
189.215378
-47.570400
195.477814
-52.334007
176.136383
-116.009659
157.800278
-151.404083
166.077026
-108.408813
189.529739
-46.127373
195.958466
-49.721001
176.722183
-113.724411
158.153244
-150.388596
165.976715
-107.595566
189.205719
-45.366695
195.790024
-49.034355
176.768860
-112.482552
158.234787
-149.188049
165.840469
-106.782860
188.943405
-43.845348
195.786270
-46.095184
176.942123
-108.863716
157.910248
-146.255325
165.407013
-104.241196
188.578629
-40.475422
195.649475
-42.313271
176.938904
-106.596710
157.975693
-145.291336
165.221405
-102.856644
188.500839
-38.023884
195.788422
-39.728695
177.326218
-104.781929
158.291122
-144.442688
165.262177
-102.649040
188.375839
-37.698261
195.825424
-38.869850
177.516113
-104.352242
158.308823
-145.387894
165.099640
-104.569496
188.157516
-38.704090
195.846344
-38.949245
177.597656
-104.888145
158.282532
-146.735428
164.896866
-105.964783
188.207397
-40.081135
196.262634
-40.000671
178.044510
-106.715805
158.528763
-149.813004
164.858780
-109.240295
187.993362
-43.247215
196.173050
-43.020836
177.692612
-109.805710
158.150040
-154.846970
164.299271
-115.826729
187.534164
-48.985538
195.790558
-47.546261
177.608917
-114.738823
157.800278
-160.129318
163.560577
-121.415382
186.277283
-53.685841
194.640427
-51.273998
176.614365
-117.267075
156.755814
-161.945175
162.267227
-123.076744
185.068680
-54.858501
193.408218
-51.427422
175.309189
-117.061623
154.974304
-162.091080
160.014175
-122.979645
182.628403
-54.534492
191.144424
-50.214527
172.973526
-114.923363
152.425125
-160.210846
157.386673
-121.889595
180.089432
-53.537781
188.845764
-48.441048
171.143188
-112.844116
150.424728
-159.137436
155.126114
-121.581139
177.740356
-52.703079
186.645279
-47.109058
169.290314
-111.073853
148.834717
-157.724442
153.309723
-121.266785
175.920746
-51.607128
185.287018
-45.145683
168.134293
-109.600250
147.474838
-156.934799
151.815186
-120.499138
174.520096
-51.580307
184.432999
-45.006207
167.370392
-108.874985
146.758698
-157.225021
151.129623
-122.243111
173.984726
-53.583916
184.091278
-46.165997
167.475540
-110.001511
146.918015
-158.646591
151.162872
-124.324509
174.031387
-55.934605
184.108444
-48.601444
167.338745
-112.078613
146.579514
-160.850296
150.677933
-127.397781
173.796432
-60.081299
183.945374
-52.320595
167.502899
-114.218475
146.623505
-162.598022
150.198898
-129.867020
172.850677
-62.006054
183.602585
-52.122650
167.433701
-114.943207
146.608490
-164.802795
150.031525
-131.919449
172.651657
-63.357349
183.507095
-52.795349
167.448715
-114.575745
146.334366
-164.860199
149.562668
-132.966049
172.414017
-64.459740
183.575226
-53.489502
167.469101
-114.856308
146.328461
-164.995911
149.455917
-133.131271
172.256836
-63.869114
183.603119
-51.788445
167.870361
-112.807098
146.657837
-163.456863
149.731644
-131.748322
172.674728
-62.413212
184.143860
-49.944160
168.388031
-111.560944
147.092361
-162.964951
149.886154
-131.955933
172.568512
-62.516209
184.264557
-49.532173
168.834885
-111.158615
147.485565
-163.572739
149.823380
-133.859756
172.323364
-64.736542
184.302109
-51.090534
169.107391
-111.703102
147.593399
-164.302292
149.714493
-135.756622
172.129700
-66.639297
184.160492
-52.021263
168.971680
-112.281921
147.428177
-165.635345
149.234375
-137.640594
171.778336
-68.639694
184.071442
-53.900417
169.071991
-113.833847
147.256516
-167.133636
148.668961
-139.280502
171.351868
-70.051071
184.846588
-54.022190
170.913589
-113.557579
149.867371
-166.655121
151.895126
-139.162491
174.990021
-70.323586
188.636017
-54.236767
174.699799
-113.463707
153.374084
-167.623398
155.219986
-141.284119
177.812241
-71.515556
190.971146
-54.589211
177.091797
-113.913239
155.523071
-168.695221
156.681793
-142.593567
179.246140
-73.240219
192.352509
-56.490894
177.920593
-116.081001
156.027863
-172.388077
156.391037
-147.955307
178.536423
-78.888412
191.789230
-61.347301
177.620728
-121.261421
155.366974
-177.913437
155.820801
-153.925903
177.938293
-85.203941
191.324127
-66.315292
177.368591
-124.889915
155.016144
-181.651901
155.435638
-157.545273
177.621262
-87.071831
191.427124
-65.812111
177.789169
-123.640007
155.293472
-180.480301
155.052078
-156.205780
177.075699
-84.693253
190.940567
-62.736149
176.970016
-120.684746
154.404602
-177.906464
154.332169
-153.702744
176.423920
-81.714386
190.404129
-58.591602
176.619720
-115.882523
153.862793
-174.528488
153.238907
-151.828415
175.109634
-79.376038
189.399384
-55.016216
176.016769
-112.307671
153.223358
-171.705734
152.418686
-149.384384
174.261520
-76.855835
188.758331
-52.047546
175.330124
-109.003189
152.291016
-168.726868
151.208481
-147.359314
172.962265
-75.114548
187.688660
-49.790737
174.518478
-106.739403
151.439682
-167.147049
150.197815
-145.851379
171.998276
-72.923714
186.815338
-47.565037
173.910690
-104.825378
151.079727
-165.467987
149.822311
-145.119675
171.763321
-72.665154
187.179581
-45.944447
174.546906
-102.491325
151.179504
-164.804398
149.549255
-146.193085
171.441986
-74.944496
186.775101
-49.924309
174.358627
-106.969002
151.399445
-168.716675
149.585205
-150.164902
171.349182
-78.884659
186.919403
-52.439686
174.722870
-108.826164
151.577545
-170.503555
149.544434
-152.517197
171.376007
-80.923676
187.253067
-53.095757
175.017380
-107.901337
151.851135
-169.400635
149.504196
-152.159927
171.089539
-80.871101
187.143646
-53.072151
175.120377
-107.737724
151.647827
-169.967117
149.098114
-153.525177
170.615326
-82.840919
186.814804
-53.787766
175.082825
-107.126717
151.677856
-167.942581
148.987610
-151.050568
170.452789
-80.232735
186.873810
-50.477383
175.447601
-103.343727
152.041031
-165.692215
148.800385
-150.413818
170.044556
-79.528923
186.650116
-49.409863
175.165970
-102.216667
151.460068
-164.676193
147.962997
-150.206741
168.906769
-79.405540
185.490326
-48.625584
174.405823
-101.536995
150.679550
-164.944946
147.150299
-151.167511
168.312927
-79.674301
185.382507
-48.016724
174.625229
-100.643280
151.278748
-164.483612
147.520432
-151.131577
168.390167
-80.513298
185.561676
-48.256512
174.939590
-99.908890
151.369415
-164.058212
147.237732
-151.689468
168.109070
-81.302399
185.438293
-48.387405
175.016296
-99.127296
151.314697
-163.415024
147.120789
-151.904053
167.925613
-81.357658
185.368011
-47.591858
175.229263
-98.923447
151.594711
-163.836121
147.092896
-152.561188
167.817780
-81.768570
185.423264
-47.351532
175.253403
-98.035637
151.467575
-164.004562
146.678757
-153.713470
167.378433
-82.720215
185.385178
-47.559135
175.584396
-97.737915
151.794266
-163.588821
146.617065
-154.016022
166.941238
-83.835480
184.246857
-51.342125
173.629059
-103.417755
150.602829
-167.314407
146.090820
-156.707886
166.788361
-84.880470
184.806366
-49.824532
174.768463
-100.976952
151.218674
-166.241531
146.111740
-157.544205
166.627960
-86.007530
184.651871
-50.594326
174.698196
-102.919937
150.374313
-171.880066
144.089890
-165.820419
164.912949
-92.893837
185.118042
-49.256977
177.271500
-95.000977
153.185257
-164.914917
146.673935
-160.025772
167.160645
-86.628197
187.267014
-43.326611
179.236481
-90.191780
154.549438
-160.865311
147.097717
-157.998566
167.078033
-86.479599
187.236984
-43.566936
179.075562
-90.492722
154.387436
-161.239212
147.061783
-157.599991
166.911194
-86.199043
186.771881
-43.976776
178.923737
-90.389725
154.290863
-160.974747
146.706650
-158.847748
166.478287
-88.258446
186.435532
-45.233662
178.628693
-91.800568
153.728149
-163.313095
145.799530
-162.212860
165.177963
-91.962036
185.325104
-47.977024
178.079376
-92.995758
153.609055
-163.499771
145.783981
-162.998734
165.148987
-93.162590
185.496231
-48.361656
178.601883
-92.494186
153.870834
-163.917664
145.494293
-164.471817
164.819077
-94.763336
185.577225
-49.106773
178.968796
-92.251175
154.544067
-163.400528
146.168610
-164.052841
165.318497
-94.825027
186.045013
-49.060638
179.640961
-91.235161
155.255936
-162.519165
146.389084
-164.466446
165.217651
-94.872231
186.085770
-48.163708
179.755768
-90.558167
155.225357
-162.253082
146.313980
-164.442841
165.172592
-95.181763
185.999939
-48.065540
179.810486
-88.870522
155.495178
-160.485504
146.347244
-163.655884
165.096954
-94.359932
186.549255
-46.126835
181.025528
-86.721001
156.483841
-158.772110
146.639603
-163.342606
164.841064
-95.163521
186.017654
-47.313980
180.508926
-87.393158
156.116913
-159.311234
146.170212
-164.712677
164.462875
-96.931107
186.040176
-47.776932
180.711700
-87.372780
156.128189
-159.362732
146.002304
-165.016296
163.915176
-97.492760
185.427567
-48.172291
180.445084
-87.189316
156.223129
-159.262421
145.763596
-165.271103
163.485489
-98.646111
185.298279
-50.083633
180.534683
-88.992828
156.049332
-161.325043
145.529160
-168.578278
163.227997
-102.455917
185.247849
-53.373631
180.933258
-91.400917
156.526230
-163.006790
145.596756
-170.923599
163.189896
-105.391327
185.212448
-55.794594
180.970261
-92.776352
156.813217
-164.365601
145.847275
-172.605347
163.175949
-107.354706
185.204407
-57.190952
181.205231
-92.931389
156.931244
-163.843643
145.600510
-172.945450
162.731247
-108.444756
184.855713
-58.215553
181.110809
-93.832611
156.949478
-164.629517
145.359650
-174.142242
162.133118
-110.006340
184.550476
-59.315262
181.028198
-93.641098
156.873306
-164.235779
145.155273
-174.202866
162.012955
-110.665085
184.556381
-60.062523
181.478271
-93.895370
157.287430
-164.155838
145.321030
-174.748428
162.206070
-111.578110
184.779541
-60.742195
181.895096
-93.610519
157.896835
-163.723480
145.789871
-175.203323
162.256500
-112.528687
185.045609
-61.032410
182.311371
-93.355713
158.359787
-163.155914
145.698151
-174.953888
161.861130
-113.201385
184.655624
-61.557053
182.290451
-93.128799
158.337784
-163.375854
145.522186
-176.091141
161.507080
-114.514595
184.308014
-62.389072
182.134338
-93.016144
158.319550
-163.115677
145.688492
-176.688202
161.702881
-114.934090
184.641678
-61.726566
182.628403
-92.101509
158.679504
-162.688675
145.540436
-177.110382
161.224380
-115.560654
184.299423
-61.546860
182.579590
-91.390724
158.713303
-162.793823
145.364471
-178.098511
160.927734
-116.360489
184.086456
-61.388607
182.661667
-90.366119
159.091492
-161.837341
145.653091
-177.316910
160.897156
-115.807953
183.802673
-60.310360
182.616074
-89.164490
159.079147
-161.248871
145.172440
-177.688126
160.211578
-115.778450
183.421265
-58.794914
182.603195
-86.055809
159.152649
-158.658920
145.031342
-176.351852
159.843582
-113.976540
183.246933
-56.518791
182.514679
-84.104774
159.052322
-156.659607
144.929962
-174.685120
159.757217
-112.738434
183.246384
-54.463146
182.855316
-80.808342
159.579651
-154.105072
145.216415
-173.770493
159.728241
-112.162834
183.208298
-53.520615
183.201859
-79.611534
160.018997
-153.249451
145.430466
-173.819305
159.624176
-113.423470
183.120331
-54.829536
183.145004
-80.552994
159.910629
-154.480576
145.087677
-175.666809
159.277100
-115.346619
182.986755
-56.235550
183.378891
-81.388229
160.426163
-155.083542
145.495911
-176.894196
159.193405
-117.301949
182.744812
-57.847557
183.204544
-82.151588
160.163300
-155.459579
145.196579
-177.217133
158.981522
-118.210678
182.553299
-59.161301
183.334366
-83.178871
160.362854
-156.055038
145.038315
-178.435928
158.552902
-120.244865
182.205688
-61.213730
183.133743
-84.333832
160.342468
-157.453537
144.940689
-181.335938
158.396790
-123.523598
182.105911
-63.985523
183.419128
-86.087997
160.744263
-158.391785
145.143997
-182.167419
158.391434
-125.454254
182.096252
-66.358742
183.506561
-87.636169
160.933090
-159.565506
145.122543
-184.407593
158.057770
-128.253937
181.881683
-69.545746
183.697540
-90.915977
161.240479
-162.418304
145.035645
-187.773239
157.532593
-132.835159
181.184845
-74.667686
183.164856
-95.769699
160.605331
-167.201767
144.194504
-193.047546
156.585770
-138.753174
180.332443
-80.699440
182.529160
-100.735016
160.364471
-170.554520
143.945053
-196.298920
156.075607
-142.678329
179.977310
-84.384796
182.682053
-103.400055
160.637512
-172.383789
144.089890
-197.204971
156.308960
-143.316696
180.643036
-85.512398
183.540359
-103.667206
161.482941
-171.939072
144.706268
-198.034302
156.263367
-145.964569
180.279861
-87.609344
183.479736
-104.664452
161.627243
-171.829102
144.831253
-197.265045
156.367432
-145.398621
180.510544
-87.013893
183.892807
-103.263260
162.050507
-170.267532
144.872025
-196.223282
156.123886
-144.770447
180.172577
-85.957108
183.762451
-101.886215
162.089127
-168.514969
144.639740
-195.246948
155.609451
-144.368652
179.661880
-85.185165
183.601517
-99.602585
162.122925
-166.287125
144.528702
-193.872055
155.148102
-142.767914
179.311584
-82.726654
183.500122
-96.273430
162.060699
-163.021271
144.347382
-191.376511
154.950699
-140.497696
179.175873
-79.295570
183.582733
-91.797882
162.214111
-158.691116
144.521194
-187.699738
155.018814
-137.151901
179.144226
-76.184212
183.850952
-88.430641
162.755386
-156.363495
144.734695
-186.896149
154.879883
-136.405167
178.996155
-73.937057
183.806976
-85.752724
162.738220
-154.588943
144.460571
-186.407455
154.350418
-135.860153
178.583099
-71.956512
183.690567
-82.688026
162.667404
-152.380417
144.237411
-185.658585
153.906784
-135.040466
178.229050
-70.104713
183.768341
-80.318031
163.063843
-150.443863
144.339874
-184.512207
153.871368
-134.574829
178.324539
-69.390175
184.059631
-79.110497
163.437210
-149.309814
144.639740
-185.050797
153.923401
-137.168533
178.338486
-72.534798
184.367554
-82.018013
163.970428
-152.407227
145.106979
-188.164291
154.196991
-139.796555
178.482788
-74.891388
184.532242
-83.264168
164.178024
-152.062836
145.040466
-187.625717
153.763016
-139.267090
178.001068
-73.578178
184.248993
-81.103378
163.990814
-149.771698
144.665497
-185.399475
153.068863
-137.418518
177.502701
-70.707672
184.217880
-76.963127
164.020309
-146.627609
144.626328
-183.667847
153.068314
-134.971802
177.503784
-67.646736
184.519363
-73.692436
164.621124
-143.599930
145.097336
-182.015610
153.237839
-135.098938
177.511826
-67.971283
184.744675
-73.366280
165.035263
-143.390182
145.373596
-182.907166
153.168091
-136.261414
177.528992
-68.182640
184.916336
-72.923714
165.226242
-143.099426
145.290451
-182.841721
152.779175
-136.558060
177.185669
-68.674026
184.884689
-72.847542
165.273438
-142.772736
145.291519
-183.286972
152.689590
-137.741989
176.940521
-69.744225
184.824600
-73.199448
165.458511
-142.501831
145.171890
-183.863647
152.268478
-139.263336
176.563400
-71.415779
184.760223
-74.000893
165.667725
-143.384277
145.388626
-185.784637
152.269562
-142.348953
176.670151
-74.727768
185.026306
-77.033936
165.944534
-145.749985
145.624115
-187.558121
152.222351
-144.849304
176.340775
-78.888412
184.938324
-80.591614
166.041626
-148.348511
145.534531
-190.668411
152.068924
-148.757278
176.319855
-82.396744
185.111603
-83.367165
166.454147
-150.841904
145.823135
-193.652649
152.109695
-152.372894
176.325760
-86.438293
185.295059
-87.095970
166.755630
-152.761292
145.945984
-194.276001
151.815186
-153.211365
175.869247
-88.295990
185.125549
-89.414474
166.762604
-153.959702
145.758759
-194.109695
151.377991
-154.200027
175.553818
-90.691742
185.208160
-91.065643
167.052826
-153.879761
145.911652
-193.401596
151.027695
-154.274048
175.028641
-91.260910
184.789200
-90.966934
166.682144
-153.532150
145.532379
-192.535248
150.760544
-153.061691
174.957825
-91.241592
185.143784
-91.853676
167.351624
-152.416351
145.919159
-190.199020
150.722992
-151.927124
174.750229
-90.595718
185.001633
-90.778107
167.372009
-150.862274
145.976563
-188.859528
150.577087
-150.776443
174.661713
-89.189705
184.989288
-87.815880
167.504501
-146.500473
146.010361
-183.902802
150.247177
-145.481766
174.299072
-83.398819
185.102478
-81.212814
167.784531
-139.091141
146.096725
-176.911362
150.346420
-139.523514
174.251877
-78.086967
185.148071
-75.786171
167.936340
-134.795853
146.074722
-173.880997
149.937637
-137.106308
173.935364
-75.344139
185.116959
-72.510658
167.870895
-131.666779
145.717453
-172.139709
149.339508
-136.420731
173.236389
-74.571129
184.741455
-71.842247
167.805450
-131.103516
145.741058
-171.599518
149.128693
-136.282333
173.079208
-74.187035
184.958710
-70.390640
168.152527
-130.047806
145.891266
-171.826431
149.124405
-137.194275
172.925781
-75.569984
184.937790
-71.190475
168.573639
-129.868637
146.285019
-171.565720
149.205399
-137.622894
172.902725
-75.504005
184.964081
-70.344505
168.825760
-128.739426
146.417511
-170.678436
148.771957
-137.030136
172.462830
-74.288963
184.837479
-68.341965
168.770508
-127.130096
146.211517
-170.120010
148.437759
-137.002777
171.932297
-74.347969
184.508102
-67.796944
168.686279
-126.093689
146.094040
-169.642578
148.052048
-137.183014
171.548203
-74.671982
184.391159
-67.901009
168.737244
-126.850609
146.078476
-171.306076
147.862152
-139.191986
171.312164
-76.162216
184.410461
-68.922394
168.944321
-127.725548
146.265167
-172.311905
147.810120
-140.763763
171.233307
-78.187820
184.548340
-70.738251
169.288712
-129.249039
146.622971
-174.798309
148.161484
-143.908920
171.347031
-81.101768
184.811722
-73.272408
169.770966
-131.313812
146.900314
-177.307251
147.916870
-147.222519
171.120117
-85.019943
184.913116
-76.501785
170.085861
-134.241699
146.940002
-180.663773
147.687271
-151.359558
170.812744
-88.787376
184.842300
-78.885193
170.285950
-135.718521
147.064468
-182.296692
147.509171
-153.622269
170.500000
-91.067787
184.654556
-80.637749
170.307419
-136.767273
147.286011
-183.209717
147.419586
-155.079254
170.295609
-92.961426
184.722137
-82.632774
170.518768
-138.526260
147.335907
-185.307205
147.353607
-158.105316
170.329407
-96.239098
184.841232
-85.108994
170.669510
-140.474091
147.362717
-187.268982
147.115967
-160.801468
169.933517
-98.776466
184.797775
-86.255905
171.003174
-141.051300
147.749496
-187.354813
147.141174
-160.504288
169.865921
-98.501266
184.939941
-85.441048
171.338455
-139.527802
147.929749
-185.798050
147.021545
-159.569275
169.610580
-98.084457
184.854645
-84.863304
171.541229
-138.030594
148.070297
-184.577652
146.745285
-158.824142
169.214142
-97.587708
184.663666
-84.336517
171.499924
-137.246323
147.879852
-183.940353
146.538742
-158.940552
168.949677
-97.573761
184.611633
-83.258270
171.840027
-135.729263
148.311157
-182.385742
146.552155
-157.775940
168.923386
-96.518044
184.803680
-81.521805
172.084641
-133.455811
148.415222
-180.749603
146.538208
-156.796402
168.801620
-95.340012
184.785446
-78.857834
172.378082
-129.702866
148.623367
-177.160797
146.544113
-152.934021
169.339142
-90.392410
186.234375
-73.520241
174.429428
-124.595406
151.270172
-172.282944
149.610947
-149.142441
172.343216
-86.789131
189.403671
-69.022179
177.856216
-119.812492
154.553192
-169.294418
152.344666
-146.762253
174.738419
-84.056496
191.940506
-65.723595
180.632843
-117.017632
157.284210
-166.521011
154.884171
-144.454483
177.118073
-81.572227
194.327682
-62.497433
182.987289
-113.919144
159.141373
-164.836594
156.157150
-143.437393
178.151260
-79.935013
195.465469
-60.159084
184.255966
-111.772842
160.324234
-163.795898
156.958603
-143.087097
178.632996
-79.211891
195.906433
-58.457489
184.756470
-109.451653
160.787186
-162.060501
157.015991
-142.817795
178.431824
-79.115326
195.876389
-57.806786
185.001633
-108.868004
160.866577
-161.585220
156.853455
-142.686371
178.260162
-79.344925
195.851181
-57.419476
185.165771
-107.705536
161.006592
-160.758026
156.837891
-142.554413
178.119080
-79.205986
195.835083
-56.885178
185.366409
-107.317688
161.187897
-160.925400
156.763870
-143.006088
177.851929
-79.466698
195.722961
-56.590137
185.417374
-106.921799
161.155182
-161.031067
156.334183
-143.975449
177.217850
-80.488617
195.215500
-56.571362
185.362656
-105.836578
161.291443
-160.481750
156.194168
-144.373474
176.972168
-81.467628
195.158096
-57.156620
185.300964
-106.321518
161.185226
-160.645370
156.156616
-144.567139
177.020981
-81.722969
195.293274
-57.195244
185.718857
-105.774345
161.560730
-160.439377
156.031631
-145.245193
176.472198
-81.981537
194.848038
-56.497868
185.499451
-104.962173
161.246918
-160.153458
155.483383
-145.792374
175.973846
-82.859688
194.763275
-56.575653
185.727966
-104.085091
161.548935
-159.560684
155.658798
-145.946869
175.957214
-82.983612
194.802429
-56.355713
185.980637
-104.042709
161.788712
-159.704987
155.427048
-145.999435
175.615509
-83.153664
194.688171
-56.166348
186.179123
-103.279358
162.133652
-159.260818
155.563309
-146.997757
175.604233
-83.697075
194.915619
-55.858967
186.676392
-102.832504
162.417435
-158.966309
155.596573
-147.125961
175.296326
-84.499062
194.653839
-55.909393
186.617920
-102.216125
162.495209
-158.621368
155.383606
-147.384521
175.062973
-84.847748
194.628098
-55.448589
186.776718
-101.093895
162.915237
-157.625198
156.059525
-146.723099
175.643402
-84.698074
195.181702
-55.013535
187.553482
-99.838081
163.550934
-156.470245
156.108871
-146.544464
175.379471
-84.472237
195.110352
-54.279144
187.944016
-98.679367
163.995102
-155.709030
156.173248
-146.567520
175.443848
-84.672867
195.524490
-53.725002
188.447189
-97.861298
164.335739
-155.372681
156.299850
-146.971466
175.239456
-85.531174
195.344772
-54.098366
188.494934
-97.523872
164.418350
-155.050278
156.160370
-147.158691
174.941727
-85.682983
195.319565
-53.672428
188.837723
-96.713844
164.733780
-154.608261
156.299850
-147.225204
174.899887
-85.770958
195.286835
-53.392944
189.043716
-96.137169
164.953186
-154.138336
156.376022
-147.475723
174.905792
-86.851891
195.296494
-54.185806
189.238449
-96.001450
165.131821
-153.876541
156.057907
-147.979980
174.403152
-87.028915
195.046509
-53.874668
189.319443
-95.261688
165.182785
-153.035950
155.876053
-147.538483
173.865097
-87.873810
194.547623
-54.611202
189.070541
-95.124359
165.279343
-153.145920
155.842789
-148.518570
173.575958
-88.526123
194.392593
-54.450806
189.195526
-94.246742
165.328156
-152.040848
155.683472
-148.358704
173.424133
-89.070076
194.363617
-54.571507
189.411713
-93.995148
165.683823
-151.933014
155.672211
-148.889252
173.160217
-89.859718
194.222000
-55.085419
189.539932
-93.555267
166.051285
-151.303238
155.907166
-149.023361
173.128021
-90.291023
194.106674
-54.739410
189.676178
-92.968941
166.129074
-151.339172
155.768768
-149.416031
172.801865
-90.912216
193.925354
-55.295704
189.767914
-92.666924
166.450394
-150.527008
155.842255
-149.581787
172.539551
-91.641243
193.807877
-55.102585
189.964249
-91.756042
166.495987
-149.991638
155.625000
-149.189117
172.214996
-91.442223
193.523026
-54.903027
189.827454
-91.352104
166.547485
-149.387070
155.541321
-149.098465
172.038513
-91.960960
193.365311
-55.292484
189.910065
-90.667603
166.765823
-148.461166
155.516647
-149.504013
171.553574
-92.794594
193.143219
-55.326817
190.136978
-90.215385
167.043701
-148.434875
155.632507
-149.897751
171.615265
-93.262367
193.056854
-55.696960
190.214767
-90.158516
167.167618
-148.258392
155.429199
-150.359100
171.130844
-93.824562
192.772537
-55.341835
190.270554
-89.150009
167.234680
-147.515961
155.278992
-150.038849
170.938812
-93.762871
192.694748
-55.173931
190.301666
-88.720856
167.450867
-147.122742
155.311188
-150.730316
170.626602
-95.076080
192.477493
-55.662628
190.565063
-88.115746
167.864990
-146.597031
155.584763
-150.404694
170.648056
-95.178001
192.444778
-55.540321
190.759262
-87.293922
168.128387
-146.108871
155.592285
-151.172882
170.425430
-96.102303
192.368591
-55.709297
190.750137
-86.793953
168.053284
-145.360001
155.175995
-150.900909
169.750046
-95.501480
191.624008
-54.794666
190.600464
-86.414154
168.566666
-145.479630
155.868011
-151.505478
170.610504
-96.781433
192.962982
-55.660484
192.228592
-86.125549
170.110001
-144.506516
157.086273
-151.100464
171.235458
-96.755150
193.433975
-55.514572
192.733383
-85.711418
170.401291
-144.251709
157.020828
-151.412140
171.120117
-97.617210
193.305222
-55.840729
192.750549
-85.137421
170.577240
-144.016754
156.924271
-151.746872
170.690964
-98.301178
193.123901
-55.900272
192.966187
-84.376213
170.845993
-143.412720
156.837357
-152.329453
170.298294
-98.699753
192.730698
-56.042965
192.929718
-84.188995
170.867996
-143.227112
156.877594
-152.310669
170.358368
-98.871414
192.752151
-55.998978
193.057922
-83.510933
171.035370
-141.973434
156.778885
-151.829483
170.024704
-99.458817
192.540253
-56.086418
193.175949
-83.011505
171.183426
-141.793198
156.738113
-152.042450
169.727524
-99.612244
192.290283
-55.858429
193.165207
-82.283554
171.370636
-141.215988
156.591125
-151.940536
169.403503
-99.500664
192.125595
-55.292484
193.304688
-81.379646
171.661926
-140.299744
156.850769
-151.732925
169.257065
-100.093430
191.882034
-55.253323
193.361008
-80.583572
171.764923
-139.991287
156.621704
-152.276871
168.867065
-100.407249
191.672821
-55.442688
193.338486
-80.407616
171.859344
-139.689270
156.632980
-152.586411
168.592407
-100.989822
191.422836
-55.464146
193.325073
-79.880829
171.820175
-139.014969
156.408203
-152.502182
168.276443
-101.431854
191.117599
-55.328960
193.343842
-78.935081
172.173157
-138.328323
156.471512
-152.784882
168.165939
-101.728500
191.075760
-55.282291
193.607239
-78.549919
172.460159
-138.452774
156.612595
-152.837463
168.195984
-102.170532
191.202896
-55.527981
193.880295
-77.904579
172.772369
-137.327850
156.717728
-152.608398
167.971207
-102.328781
191.143356
-55.279072
194.196793
-77.487762
173.087250
-137.018860
156.911926
-152.674911
168.011978
-103.162949
191.006027
-55.697498
194.189819
-76.784485
173.301300
-136.287155
156.929092
-152.889496
167.755554
-103.444580
190.770523
-55.502232
194.208054
-75.980362
173.450958
-135.368225
156.869003
-152.877686
167.419205
-103.923622
190.502838
-55.804787
194.214493
-75.549599
173.643539
-134.897232
156.785858
-152.925980
167.162262
-104.305573
190.325806
-55.857895
194.331970
-75.184822
173.824326
-134.634918
156.927475
-153.013947
167.039948
-104.605980
190.170776
-55.926022
194.380798
-75.030327
174.031921
-134.465408
156.862579
-153.699524
166.656387
-105.827988
189.821014
-56.390579
194.427460
-74.534111
174.350571
-133.819519
157.116302
-153.490311
166.690720
-105.884315
189.804398
-56.410427
194.621658
-73.849075
174.549591
-133.218170
156.890472
-153.184540
166.188080
-105.659012
189.364502
-55.625076
194.425308
-71.884094
174.332336
-130.579422
156.456482
-151.398727
165.457977
-104.392471
188.573257
-54.189560
193.811630
-70.161041
174.033005
-129.103134
156.255325
-150.500183
165.234283
-103.851204
188.401596
-53.453560
193.975235
-69.078499
174.238464
-128.387512
156.167877
-150.475510
164.826050
-104.425735
188.008926
-53.610741
193.859909
-68.565666
174.330734
-127.620407
156.085800
-150.406311
164.514908
-104.756180
187.835648
-53.881104
193.927490
-68.319969
174.482544
-127.233093
156.143738
-150.812393
164.361496
-105.797951
187.586197
-54.486748
193.860977
-67.945534
174.670288
-126.622086
156.412491
-150.615524
164.514908
-106.081192
187.709045
-54.371414
194.229507
-67.307167
175.103745
-126.352791
156.428055
-150.839752
164.120087
-106.580620
187.379135
-54.828461
