18.979408
22.927620
29.037693
26.912848
23.318686
19.345797
22.991457
29.116014
26.683250
23.351946
19.084551
23.233927
29.460409
27.116159
23.754812
19.689657
23.520388
29.540876
26.984194
23.416855
19.382277
23.540773
29.935162
27.301767
23.713507
19.494392
23.437777
30.018309
27.226130
23.402906
19.555010
23.622313
30.000071
27.587692
23.721554
19.472935
23.637331
30.061224
27.406910
23.394861
19.534624
23.574568
29.699663
27.423540
23.804701
19.405878
23.205496
29.162148
26.480476
23.016668
18.974581
22.897043
29.096703
26.765862
23.138441
18.915035
23.023106
29.260853
26.699345
22.772589
18.689192
22.289253
28.177776
25.733212
21.977045
17.973043
21.827913
28.280773
26.151100
22.803165
18.279888
22.084333
28.551140
26.272873
22.427118
18.507875
22.088087
28.700808
26.239613
22.722698
18.647886
22.920109
29.300014
26.602247
22.608437
18.951513
22.806383
28.895536
26.673058
23.053682
18.742300
22.730209
29.112795
26.739576
22.846081
18.655933
22.774733
29.085974
26.844183
23.011305
19.010521
22.575178
28.939526
26.965420
23.151852
19.320585
23.909845
30.003288
27.119915
23.128248
19.427336
23.542917
29.909412
27.151028
23.344435
19.329168
22.799410
29.099920
26.908556
23.129322
18.543280
22.591806
29.175022
26.772837
22.883631
18.948294
22.672810
29.150883
26.909092
23.107864
19.449867
23.354628
29.957155
26.722410
22.652426
18.966534
22.935667
29.442707
26.685396
22.983410
19.122101
22.780098
28.974394
26.438633
22.865929
18.861391
22.466816
28.393963
26.142517
23.210861
19.616701
23.936131
31.061152
29.709854
26.302376
22.605755
27.117767
33.844749
31.926434
28.559723
24.726847
29.239395
35.963158
34.034649
30.586937
26.541094
30.235031
36.264637
33.540051
29.313961
24.937668
28.256634
34.175732
31.302013
26.886024
22.334852
25.872686
31.532148
28.876760
24.929623
20.396151
23.523607
29.476503
26.916603
23.233927
19.209541
22.882559
29.189507
27.026573
23.334242
19.166090
22.880413
29.384235
27.276018
23.777880
19.508339
23.425438
29.891172
27.478256
23.945786
19.379057
23.022034
29.617588
27.764181
24.070778
19.664980
23.480154
29.693762
27.442316
23.559547
19.129612
22.533871
29.180923
26.823799
22.981800
18.786289
22.495247
29.057005
26.527683
22.659399
18.608727
22.099354
28.177240
25.770226
22.276915
18.189766
21.720089
28.221230
25.868931
22.187866
17.682829
21.230318
27.735748
25.323370
21.521605
17.627039
21.281816
27.880589
25.929012
22.089697
17.823912
21.535553
28.334419
26.138226
22.347727
18.043854
21.455088
27.863422
25.920429
22.144415
17.806746
21.358526
27.849476
25.691906
22.249022
18.960632
23.078896
30.277411
28.707783
25.836746
22.246874
26.224592
33.334057
31.807343
28.325836
24.900654
28.626244
35.493233
32.708027
28.676668
24.473110
28.060297
34.645119
32.055714
28.120378
23.479082
26.625315
32.315891
29.555359
25.725166
21.021105
24.111549
30.360023
27.616659
23.512877
18.855490
22.603609
29.121378
26.947180
23.110010
18.733181
22.338070
29.354195
26.956299
23.710825
19.490101
22.802092
29.113331
26.970247
23.150780
19.315220
22.842861
29.398720
27.139225
23.425974
19.057192
22.565521
29.261927
26.974539
22.869684
18.994965
22.584297
28.771082
26.457409
22.795654
18.435991
22.089697
28.544167
26.144127
22.836962
18.617846
22.019960
28.724949
26.344219
22.765614
18.557228
22.473789
29.584328
28.149345
25.197308
21.616018
25.265434
32.440880
30.995171
27.987877
24.231174
28.150419
35.008289
33.118942
30.126671
26.489595
30.123451
37.162640
35.647194
32.531540
28.920750
32.577137
39.588432
38.117508
34.511547
30.620733
34.508327
41.317383
39.463440
36.258202
32.250980
35.920242
42.753437
41.109241
37.687817
33.744434
37.463585
44.171253
42.361835
38.589039
34.891346
38.501064
44.990398
42.658489
38.663067
34.289459
37.760773
44.069328
41.884937
38.511791
34.462730
37.495235
43.889622
41.774433
37.802616
33.503571
36.862232
43.553810
41.672508
37.432472
33.266464
36.662678
43.064037
40.658096
36.927143
32.642582
35.731415
42.373100
40.632347
37.016727
32.957474
36.958794
43.591358
41.257839
37.821926
33.738533
37.377754
44.230797
42.464832
38.668434
34.299114
37.755947
44.047871
41.906933
38.286488
33.965446
37.303188
44.253864
42.368271
38.506428
34.602203
38.010220
44.673901
42.581242
38.732807
34.869350
38.222649
44.526379
42.856434
39.005318
34.476139
38.042942
44.685699
42.754509
38.836338
34.686962
37.931900
44.413723
42.631664
39.117435
34.907978
38.226940
44.894375
42.501308
38.637856
34.465412
37.680843
44.249039
42.080204
38.286488
34.146767
37.713566
44.598797
42.570511
39.017120
34.953575
38.353542
45.049408
42.804935
39.133530
34.901539
38.390556
45.091251
43.317238
39.782623
35.441200
38.589577
45.329967
43.167572
39.380291
35.134892
38.474239
44.868626
42.640785
39.045551
34.681061
37.929752
44.513504
42.313557
38.882473
34.669796
37.653484
44.408360
42.454639
38.626053
34.530323
38.200657
44.798355
42.849461
39.114754
34.766354
38.055279
44.457714
42.483608
38.681843
34.502964
37.779011
44.529060
42.337696
38.497845
34.384411
37.522594
44.023731
42.253475
38.597088
34.531395
37.971058
44.742027
42.789917
39.327183
35.051743
37.917416
44.585384
42.302826
38.716713
34.638145
37.770966
44.503311
42.298534
38.696865
34.566261
37.632565
44.474342
42.686382
38.795570
34.756165
38.162567
44.679264
42.421917
38.915733
35.246471
38.331547
45.115391
43.022194
39.121727
35.101093
38.583675
45.330505
43.176689
39.583065
35.153667
38.332085
45.055309
43.253937
39.450565
35.384872
38.580456
45.528450
43.607990
39.638321
35.433151
38.345493
45.096081
43.191711
39.566975
35.462658
38.494625
45.131485
42.994301
39.203266
35.223942
38.277367
44.787090
42.893986
39.061646
34.889202
38.128773
44.988789
42.714813
38.830441
34.601131
37.449100
44.098297
42.066792
38.181881
33.964912
36.835411
43.526985
41.726151
38.017731
33.820072
36.724903
43.371418
41.608669
38.355686
34.059860
37.008682
43.621399
41.864552
38.420059
34.109753
37.157276
43.829002
42.061428
38.733879
34.633320
37.407257
44.076839
41.998665
38.632492
34.645119
37.695866
44.482925
42.495945
38.825073
34.888664
38.060646
44.878819
42.922417
39.097050
34.888664
37.821926
44.410507
42.665462
39.151768
34.784595
38.081566
44.811764
42.844631
38.957039
34.809807
37.821926
44.813911
42.983570
39.382973
35.389164
38.274147
45.075157
43.077450
39.458611
35.058178
37.813881
44.586994
42.676727
39.130848
34.867744
38.079418
45.090179
43.250721
39.417843
34.949284
37.878254
44.786552
42.940121
39.467731
35.382729
38.100880
44.690529
42.867165
39.455929
34.963230
37.736633
44.652443
42.754509
39.079350
34.886517
37.731270
44.663170
42.524376
38.772503
34.738998
37.474316
44.158379
42.278687
38.522522
34.321644
37.283340
44.435184
42.769531
38.884621
34.598450
37.426033
44.256546
42.409042
38.650730
34.699299
37.472706
44.230263
42.282440
38.879253
34.911732
37.478603
44.188957
42.341450
38.589577
34.659069
37.615398
44.541397
42.644005
39.009609
34.597912
37.494698
44.899204
43.119289
39.358833
35.180489
37.995197
44.983425
43.130558
39.324501
35.199265
37.996807
44.751682
43.238918
39.820709
35.401501
38.109997
44.981281
43.359615
39.472023
35.096806
37.841240
44.864872
43.238380
39.490799
35.246471
38.253765
44.983963
43.423988
39.938728
35.718002
38.157742
44.702332
43.111244
39.530495
35.182636
38.023094
44.730762
42.822639
39.238670
34.794250
37.374535
44.326820
42.517941
38.768749
34.321644
37.072517
43.930927
42.177837
38.547733
34.145157
36.731876
43.831150
42.139210
38.494091
33.787884
36.498528
43.543617
41.738491
38.035431
33.965446
36.815563
44.039288
41.992764
38.045086
34.184853
36.909439
44.082741
42.314629
38.584747
34.191826
37.272076
44.446983
42.462151
38.888374
34.140865
37.127235
44.172863
42.528133
38.671650
34.544270
37.258663
44.280151
42.449810
38.693645
34.415524
37.340740
44.687847
42.691212
38.884621
34.529785
37.139038
44.513504
42.822639
39.077202
34.803371
37.421741
44.632595
42.892376
39.303043
35.101093
37.709274
44.253330
42.935291
39.388340
34.955719
37.393311
44.439472
42.675655
38.911442
34.792641
37.434616
44.637959
42.834976
39.168396
34.841995
37.439983
44.691067
43.286125
39.429646
35.270611
37.782768
44.985573
43.339767
39.684452
35.587646
38.037041
45.143284
43.450275
39.987545
35.818855
38.439373
45.286514
43.781796
40.126484
35.859623
38.446884
45.290272
43.702938
40.039043
35.661678
38.670044
45.817593
43.916443
39.922096
35.401501
38.092297
45.316555
43.780724
40.303509
35.771648
38.150768
45.515041
44.003883
40.127556
35.926144
38.384655
45.659344
44.298927
40.706375
36.372463
38.786449
46.128193
44.816593
41.011612
36.678234
39.080421
46.331505
44.846634
41.087788
36.819317
39.349712
46.630840
44.794064
41.156986
36.952892
39.316456
46.413044
45.210342
41.556637
37.006535
39.556782
46.956997
45.371273
41.444519
37.335911
39.827148
47.116318
45.578876
41.531960
37.250618
39.866306
46.891014
45.248966
41.423061
37.158348
39.573948
46.648006
44.978062
41.088860
36.799469
39.293388
46.476345
44.858971
41.211704
36.877254
39.077202
46.179691
44.560173
40.842094
36.250153
38.641613
45.763412
44.262985
40.663460
36.324184
38.950066
45.971554
44.529060
40.609818
36.360661
38.988689
45.964043
44.559635
40.978889
36.639610
39.133530
45.922737
44.302143
40.786304
36.348858
38.591187
45.606236
44.075768
40.555637
36.515694
38.983326
46.036461
44.483997
40.760555
36.309700
38.495701
45.546154
44.140141
40.451031
36.281269
38.505356
45.614819
44.360081
40.501453
36.026459
38.548805
45.711376
44.444839
40.606598
36.324184
38.784306
46.201149
44.876137
40.979961
36.586502
38.938263
46.149651
44.849316
40.877499
36.580067
38.675407
45.914154
44.503849
40.719250
36.544125
38.829365
45.910934
44.560173
40.921490
36.631027
38.729588
46.078304
44.398705
40.362514
36.102097
38.456001
45.847633
44.202904
40.187637
35.604279
38.013973
44.961967
43.749611
40.287415
35.665970
37.714642
45.183517
43.964722
40.153839
35.521664
37.867527
45.227509
43.502312
39.753654
35.414379
37.676552
45.151333
43.853680
40.013294
35.598377
37.566044
44.843952
43.596725
39.672653
35.294216
37.381508
44.673363
43.469585
39.757946
35.313526
37.271004
44.370274
43.286125
39.619545
35.218575
37.463047
44.929783
43.687920
39.976276
35.384335
37.651875
45.050480
43.629448
39.836266
35.374680
37.600914
45.010784
43.618717
39.858799
35.251835
37.224331
44.776897
43.465298
39.897957
35.602669
37.521519
45.016148
43.671825
39.850216
35.553314
37.701229
45.192638
43.712597
39.856651
35.273830
37.508110
45.128265
43.963116
40.477852
35.983006
37.634174
44.821957
43.559711
39.816418
35.402576
37.464123
44.562855
43.311337
39.664604
35.161713
37.133137
44.231335
42.834438
39.153912
34.539440
36.462048
43.769993
42.440693
38.755875
34.330227
36.353687
43.961506
42.818882
38.938801
34.698765
36.592403
44.068794
43.038826
39.348640
35.152592
37.041405
44.174473
42.620399
38.841705
34.584503
36.789276
44.132629
42.954601
39.085785
34.660675
36.714176
44.176083
42.586605
38.710278
34.155350
36.391239
43.845097
42.596260
38.812199
34.765820
36.934116
44.305901
42.945484
39.300362
34.777084
35.949745
42.569439
40.874283
36.721149
31.585255
32.834091
39.875965
38.138428
33.485870
28.336563
29.476503
36.445953
34.437515
30.046741
25.220909
26.646772
33.398430
31.776766
27.225594
22.435701
23.748911
30.452827
28.743187
24.286964
19.131220
19.931055
26.939133
25.358238
20.819403
15.838541
17.146923
24.212399
22.490955
17.959631
13.201929
14.752783
21.465815
19.598461
15.743591
11.305607
13.105906
20.407415
19.119419
15.022077
10.504163
12.270130
19.492783
18.022396
14.157332
9.652829
11.071181
18.241264
16.820766
12.911179
8.047259
9.563244
17.170527
15.848197
11.615670
7.051623
8.575118
15.750565
14.842369
10.820127
5.870378
7.739342
14.881529
13.602116
9.835756
5.132771
6.592966
13.996400
12.782433
9.173251
4.552341
5.736268
13.111271
12.086667
8.319772
3.728366
5.578017
12.571074
10.753608
6.472266
1.446879
3.310478
10.463929
9.139991
5.412793
0.844454
2.427494
9.433425
8.191562
4.368341
0.112748
1.862085
9.343839
8.198536
4.549122
0.340199
1.936650
9.646929
8.244134
4.234767
-0.312114
1.237666
8.926488
7.864869
4.233158
-0.101293
1.553631
9.235478
8.109487
4.366732
-0.254715
1.383042
8.856750
7.848776
4.170930
-0.292266
1.190996
8.952237
8.097148
4.076517
-0.476802
1.147008
8.458711
7.489896
3.751969
-0.695134
0.751650
8.310116
6.970621
3.201580
-1.217628
0.403499
8.250034
7.626689
3.809369
-0.599111
1.059031
8.709765
7.687843
3.661311
-0.587309
1.184559
8.843875
7.748461
3.747678
-0.566924
1.103019
8.454955
7.448590
3.648973
-0.873769
0.509715
8.215702
7.398165
3.696716
-0.710691
0.844991
8.412040
7.398165
3.611958
-0.989104
0.672257
8.161521
7.365978
3.574407
-0.630224
0.878250
8.334256
7.479167
3.505743
-1.047040
0.576233
8.457637
7.505990
3.564215
-0.462854
1.316523
8.895910
7.869697
3.989077
-0.343764
1.769817
9.885646
10.102904
7.658339
4.331863
6.370342
14.299490
13.368763
9.842194
6.021655
7.543540
15.287615
14.388002
10.746634
6.657875
8.589066
16.381956
15.609480
12.065209
7.545686
9.001590
16.677000
16.249456
12.379028
8.187270
9.789622
17.352381
16.440428
12.858070
8.693671
10.282613
18.076040
17.259039
13.326384
8.806325
10.458029
18.521286
17.540670
13.735689
9.290195
10.286367
18.084085
17.688728
14.017858
9.574510
10.778821
18.451014
17.961241
14.233507
9.975768
11.370517
19.022324
18.186546
14.525867
10.300315
11.793233
19.439674
18.689730
14.922834
10.512210
12.036777
19.517996
18.755713
15.069283
10.591066
12.035169
19.519068
18.832960
15.235580
11.029876
12.252428
19.878485
19.151070
15.265085
10.922587
12.103833
19.831278
19.162870
14.768339
9.891009
10.624326
17.955339
17.024614
13.055481
8.410967
9.698427
17.337896
16.558447
12.687482
8.357860
9.306825
16.914106
16.234434
12.248672
7.824636
9.184516
16.651787
16.076185
12.129582
7.632590
8.879817
16.304173
15.574612
11.768556
7.467366
8.616961
16.033270
15.260794
11.328673
6.870842
7.939971
15.415289
14.976479
11.287368
6.837583
8.236087
15.712477
15.165843
11.353887
6.888545
7.855750
15.285469
14.731325
11.142529
6.771601
7.926560
15.900768
15.435137
11.850632
7.439471
8.527375
15.895941
15.155114
11.780894
7.334865
8.554733
16.186155
15.509166
11.905885
7.581628
9.057916
16.613163
15.978552
12.225605
7.486141
8.516646
16.479589
15.701212
11.965966
7.385827
8.768773
16.590096
16.042925
12.151040
7.783330
8.992470
16.647495
16.018785
12.141920
7.544613
8.555270
16.321875
15.930809
12.214876
7.827318
8.982278
16.712942
16.366936
12.425698
7.914222
9.232796
16.682901
15.997328
12.378491
7.815516
9.025729
16.816475
16.371227
12.397803
7.930315
9.126044
16.894258
16.417362
12.598433
8.124507
9.142673
16.688801
16.408779
12.769021
8.262372
9.290731
16.883530
16.393759
12.834467
8.658267
9.568608
17.161406
16.823448
12.983598
8.403993
9.316481
17.126001
16.663052
12.571610
7.914222
9.149111
16.681828
16.011812
12.262620
7.781184
9.085275
16.856171
16.211905
12.490608
8.232331
9.087420
16.775705
16.244091
12.724497
8.333719
9.335793
16.798235
16.274668
12.212194
7.671214
8.685088
16.216732
15.951194
12.241162
7.695890
8.324599
15.913643
15.647032
11.987961
7.404066
8.390046
16.270914
16.092278
12.229897
7.690526
8.781648
16.488708
15.995182
12.428917
8.094466
8.890546
16.685583
16.677536
12.653687
7.907248
8.744634
16.249992
15.881456
12.271203
8.048869
8.768773
16.475834
16.152359
12.545324
8.162595
8.822417
16.446329
16.180254
12.433208
8.019900
9.055234
16.834177
16.543962
12.958921
8.578337
9.436107
17.305710
17.085768
13.265766
8.952773
9.546078
17.249920
16.999937
13.143457
8.555270
9.405530
16.969360
16.661444
12.891330
8.578337
9.367442
16.913570
16.659834
12.808182
8.471585
9.210265
17.064848
16.789652
12.611843
8.284367
8.890546
16.587414
16.296663
12.554444
8.016146
8.912004
16.757465
16.590096
12.613453
8.221066
8.799888
16.438820
16.549864
12.507237
8.076764
8.769847
16.520359
16.424335
12.448765
8.020437
8.766091
16.490318
16.380884
12.405313
7.935143
8.827246
16.455450
16.339041
12.581266
8.053161
9.017682
16.568638
16.199030
12.439110
8.061744
9.014464
16.796089
16.467251
12.667633
8.237697
8.882499
16.759075
16.588488
12.804962
8.511281
9.157694
16.940393
16.575075
12.634911
8.264518
8.833146
16.591169
16.368010
12.467005
8.169568
9.014464
16.801991
16.479052
12.864508
8.535421
9.072936
16.568638
16.320803
12.679436
8.423305
8.942044
16.641058
16.484953
12.998618
8.723176
9.499944
17.249920
17.144239
13.266839
8.983887
9.330428
17.310537
17.353989
13.435818
9.351886
9.889400
17.414070
17.226852
13.177254
8.827246
9.205438
16.731716
16.634085
12.990572
8.516109
9.210801
16.860462
16.764441
12.839294
8.409894
8.977449
16.743519
16.852415
13.021685
8.779502
9.371198
16.841150
16.709187
12.523867
8.095002
8.693135
16.546644
16.494610
12.386002
7.888473
8.200145
16.372301
16.506411
12.700356
8.509672
9.208119
16.813791
16.938246
13.252892
8.796132
9.216702
17.050900
17.284252
13.291515
8.981204
9.348130
16.876556
17.029442
13.065137
8.539176
8.804715
16.677000
16.924835
13.216949
8.476413
8.834220
16.779997
16.682364
12.928345
8.576728
8.819736
16.577221
16.489782
12.567319
8.066035
8.251107
16.078867
16.126074
12.655295
8.549905
8.803642
16.501047
16.631939
13.134874
8.828855
9.138382
17.023005
17.032660
13.340332
9.019292
9.257472
17.076113
17.289616
13.439037
8.792913
9.118533
17.025686
17.215588
13.168134
8.484460
8.834756
16.753710
17.010130
13.277568
8.771993
9.012319
16.940929
17.104544
13.425626
8.789695
8.842803
16.670027
16.804672
13.186373
8.592820
8.344985
16.155579
16.401268
12.813009
8.129871
8.266664
15.986063
15.990355
12.087740
7.805861
8.041358
15.921690
16.378202
12.218096
7.878280
8.475877
16.355135
16.960241
13.395048
9.089029
9.230650
17.137266
17.474688
13.785578
9.401774
9.631908
17.332531
17.414606
13.723351
9.318626
9.359933
17.233826
17.570175
13.762511
9.444690
9.479559
17.164089
17.643131
13.690628
9.401774
9.619571
17.331459
17.659224
13.876237
9.554124
9.953773
17.666735
18.193521
14.690556
10.570682
10.580338
18.284716
18.489100
14.743664
10.466612
10.312654
17.741837
17.956413
14.204002
9.927487
10.079301
17.723061
17.587341
13.292051
8.680261
8.531130
16.290762
16.520359
12.598969
8.120751
8.142746
15.502728
15.722134
11.852241
7.297850
7.298923
15.188910
15.836395
12.024977
7.620788
7.579482
15.305318
15.629329
11.862433
7.670677
7.872379
15.688337
16.179718
12.650467
8.299924
8.544541
16.166307
16.617990
13.353207
9.066499
9.187198
17.153360
17.819084
13.952948
9.308970
8.887864
16.764977
17.705894
14.073111
9.393728
9.082592
17.154432
17.724670
13.704576
10.321773
11.303998
19.809820
21.308638
18.091597
14.018394
14.336504
23.142197
24.630825
21.025396
17.146923
17.887213
26.420395
27.409592
24.107794
20.242727
20.630575
28.764109
29.728630
26.576498
22.915817
23.321905
31.472603
32.668331
29.611687
25.541702
25.680641
33.801296
35.077492
31.848648
28.037766
28.583328
36.925533
38.238209
35.216969
31.343857
31.721512
40.208019
41.146793
37.961403
34.207382
34.473995
42.526524
43.319920
39.836803
35.803833
36.001244
44.132092
45.246281
41.745998
37.731270
37.516155
45.527916
46.252647
42.668144
38.994591
39.146938
47.636669
48.226757
44.784943
40.948849
41.396240
50.034031
51.424488
48.855469
45.665245
46.568611
55.342121
57.021183
54.350239
50.699219
50.504490
58.065102
58.790367
55.305641
51.256580
51.337582
59.724850
61.210793
57.685299
53.655548
53.332611
61.034306
61.610981
57.839794
53.725285
53.655548
61.497253
62.232716
58.429344
54.049831
54.096504
61.584160
62.015995
58.280212
54.086845
53.548798
61.137302
62.014385
58.464211
53.819164
52.947983
60.277386
60.958668
57.017429
52.733940
52.575691
60.756428
61.695202
57.949226
53.599758
53.486031
60.937744
61.505836
57.961567
53.380352
53.229614
61.114773
62.217697
58.692200
54.511711
54.332001
61.982735
62.493427
58.960957
55.573864
56.106552
64.012627
64.419792
60.843868
56.710049
56.132301
63.987419
64.743797
61.476868
57.482525
57.045860
64.919754
66.039307
62.622173
58.579010
57.870907
64.520103
64.851624
61.248882
57.274921
57.148857
64.913315
65.240547
61.010166
56.392475
55.893585
63.718658
64.870934
60.811146
56.252464
55.768593
63.241226
63.972397
60.196384
55.748745
55.106625
62.868935
64.039986
60.971004
56.528732
55.967613
63.557190
64.426765
60.869080
56.539997
56.133373
64.114555
65.051720
60.969933
56.275528
55.726212
63.233181
64.219162
60.967251
56.951984
56.916042
65.617126
66.878838
63.095314
58.990997
58.462067
66.208824
66.853088
63.087269
58.741554
58.086555
65.596741
66.425545
62.367363
58.230324
57.736259
65.875153
67.208214
63.262684
58.882637
58.374626
66.179855
66.857384
62.805099
58.171852
57.686371
65.884811
67.401871
64.058228
60.180824
60.069244
68.002686
69.027290
64.898834
60.312256
59.326813
67.260246
68.525177
65.071030
60.863182
59.864861
67.426544
68.039162
64.254028
60.017212
60.053688
68.133575
68.795547
64.314110
59.583229
59.128326
67.088051
68.702744
65.611229
61.728462
61.464531
69.428009
70.230530
66.387459
62.137230
61.411961
69.048210
70.040627
66.352051
62.461239
62.095924
70.107147
71.161789
66.992561
63.229961
63.460094
71.774940
73.012512
69.077713
64.653679
64.112411
71.671944
73.006615
69.093803
64.510445
63.415569
71.146233
72.640221
69.034798
64.799057
63.743336
71.609718
72.997490
69.454834
65.307060
64.402626
71.514229
71.875793
68.149666
64.152641
63.802345
71.616158
72.657928
69.107216
65.016846
64.132256
71.519058
72.096809
67.924362
63.732609
63.015385
70.650024
72.225555
69.087372
65.572067
64.960526
72.131142
72.996956
68.637833
64.375801
63.480480
70.901077
72.186928
68.474754
64.322693
63.441319
71.507797
73.087616
68.806274
63.977760
63.258392
71.107071
72.630569
68.985443
64.396187
63.536804
71.681068
73.232994
69.258492
64.506157
63.530907
71.873116
73.346718
69.620590
65.841896
65.402016
73.014122
74.114899
69.852333
65.049568
63.943966
72.010445
74.001717
70.749268
66.436813
64.833923
71.854340
72.694939
68.929657
64.815681
63.394112
70.797012
72.001320
68.000000
63.866180
62.968716
70.764824
72.200340
68.462952
63.885494
62.905952
70.586189
72.176201
68.369614
64.365608
63.568993
71.225090
72.696548
69.039093
63.998146
62.382919
69.349693
70.930580
67.315498
62.774521
61.525150
68.772476
69.793861
65.955620
61.682861
60.666843
68.202240
69.649025
66.041992
61.817509
60.980659
68.383560
69.524033
65.553291
61.249420
60.274166
68.048820
69.408699
65.508232
61.107262
59.875591
67.251663
69.232208
65.891251
61.732754
60.446365
68.053108
69.369003
65.044205
60.700638
59.907776
67.675453
69.070206
65.345154
61.255318
60.134155
67.520958
68.978470
65.356415
61.190411
60.023113
67.292969
68.581505
64.954620
60.775204
59.536022
66.974861
68.440422
64.607010
60.818119
59.680325
66.803200
68.279488
64.304451
60.321911
59.427124
67.309067
68.690941
64.749702
60.320301
58.676105
66.397118
67.945282
64.083977
59.733433
58.413788
65.670235
66.845581
62.919361
58.386963
57.478767
65.193878
66.734001
63.014313
58.727604
57.602688
65.354271
66.945892
63.093704
58.660015
57.092529
64.341469
66.121918
62.220379
57.715878
56.541069
63.956303
65.548996
61.858280
57.362896
55.905384
63.546997
65.059761
61.132473
57.092529
55.990143
63.686474
65.169731
61.683399
57.597858
56.044323
63.422543
65.290970
61.609371
57.339294
55.780930
63.214405
64.905807
61.133545
57.508274
56.167168
63.671989
65.663795
61.716660
57.306034
55.748207
63.012165
64.794228
61.138912
56.889755
55.711731
63.294334
65.059227
61.209721
57.009384
55.871590
63.474579
65.290970
61.632973
57.288330
55.864079
63.103363
64.538345
60.773056
56.644066
55.380745
62.829239
64.816223
61.161442
56.735798
55.521828
63.251419
65.143990
61.472580
57.683151
56.293770
63.812538
65.639656
61.928017
57.782932
56.243881
63.784107
65.587624
62.123283
57.929916
56.348488
63.764259
65.553825
61.597569
57.146713
55.596394
63.396793
65.416496
61.870617
57.578011
56.031986
63.251957
64.907417
61.214550
56.877419
55.805607
63.654285
65.589233
61.790688
58.059734
56.796951
64.060913
65.725487
61.805172
57.290478
55.996044
63.549683
65.369293
61.548218
57.140812
55.549187
62.990707
64.933167
60.994072
56.794807
55.442970
62.761112
64.572136
60.534340
56.297523
55.102867
62.711758
64.818367
61.416786
57.188019
55.897873
63.250881
65.256638
61.299309
56.801243
55.365189
62.613590
64.766335
60.715660
56.607052
55.096966
62.033695
63.521786
59.499546
55.339973
53.872269
61.164661
62.843185
59.193771
55.344269
53.673252
61.162514
63.265366
59.552116
55.583519
54.031593
61.526222
63.405376
59.426590
55.304569
53.739769
61.290726
63.217087
59.375626
55.175289
53.556305
60.998901
63.052937
59.289261
55.111988
53.526802
60.800953
62.892002
59.101505
54.900631
53.457600
61.280533
63.352806
59.571964
55.387718
53.842232
61.234398
63.292725
59.500080
55.210693
53.670570
60.964031
63.189194
59.679253
55.513783
53.884071
61.637802
63.684864
59.794052
55.747135
54.404957
61.775131
64.005119
60.434563
56.231541
54.578766
62.036915
64.123672
60.197456
55.819553
54.182335
61.709686
63.900513
59.848232
55.632874
53.922161
61.267658
63.551826
59.824093
55.689198
54.050907
61.176998
63.233181
59.337540
54.947300
53.296131
60.730141
62.526150
59.079510
55.153831
53.512856
60.957058
63.319012
59.730217
55.684906
53.970440
61.594349
63.936455
60.174389
56.308788
54.838402
62.386139
64.486305
60.709759
56.609734
54.703220
61.919971
64.267975
60.562237
56.302887
54.556232
62.622173
65.357491
61.301453
56.895657
54.961246
62.419399
64.699272
61.061127
56.774422
54.779392
62.211796
64.637047
60.810074
56.457382
54.646893
61.934990
64.381165
60.687763
56.456310
54.676933
62.136692
64.502937
60.586376
56.479916
54.835720
62.327129
64.725021
61.281067
56.955738
54.520294
61.929626
64.478264
60.819191
56.283577
54.539066
62.124355
64.594673
60.947937
56.739014
54.870052
62.118454
64.450363
60.838505
56.846840
54.984314
62.483772
64.952477
61.117455
57.215912
55.435997
63.027187
65.465317
61.819656
57.598396
55.464432
62.631294
65.231422
61.462921
57.388645
55.471939
62.677963
64.954620
61.302525
57.080730
55.138275
62.444073
64.909561
61.104042
56.914433
55.011673
62.237007
64.685867
61.046642
57.123108
55.177971
62.426373
65.074783
61.386749
57.170315
55.080875
62.235935
64.808174
61.081512
56.862396
54.945690
62.290115
64.825340
61.072929
56.730431
54.672642
61.531586
64.066811
60.355171
56.166634
54.350239
61.738655
64.031944
60.228569
56.144100
54.191990
61.693592
64.123138
60.464603
56.472404
54.191990
61.416252
64.028191
60.175461
55.978878
54.046078
61.240299
63.843651
60.339077
56.183262
54.106697
61.076149
63.860817
60.346050
56.137665
54.323956
61.479553
64.035698
60.607296
56.432709
54.537460
61.605614
64.140305
60.417397
56.063637
54.242950
61.822876
64.398865
60.009701
55.153294
52.720531
59.719486
61.910851
57.296379
52.348778
49.611851
56.305035
58.320984
53.826672
49.161240
46.584705
53.307396
55.247169
50.851566
46.090107
43.136993
49.792629
52.141174
47.741272
42.893986
40.169933
46.841125
48.938080
44.500629
39.597015
36.905148
43.422382
45.653442
41.438618
36.550026
33.677914
40.374317
42.344131
38.122334
33.415596
30.853550
37.617008
39.907078
35.778622
31.390528
28.539875
35.400967
37.785988
33.682205
28.937378
26.262144
33.247688
35.800617
31.716148
27.529219
25.823334
33.026138
35.188534
30.683496
25.991241
23.255384
30.188898
32.598057
28.398792
24.068096
21.674492
28.636971
31.223694
27.111332
22.595562
19.955194
26.906946
29.649237
25.934378
21.872974
19.476152
26.464382
29.276409
25.517025
21.235146
18.802919
25.870541
28.886417
24.963417
20.785070
18.428482
25.419394
28.296331
24.730066
20.569958
18.046535
25.550285
28.471748
24.325588
20.277597
17.818010
25.043348
27.646700
24.006405
19.739010
17.266012
24.285355
27.226665
23.481764
19.359209
17.098106
24.342754
27.322153
23.770369
19.690729
17.505266
24.575035
27.747551
24.078825
20.182646
17.904379
24.841110
28.007725
24.220446
20.073750
17.785826
24.915674
27.767937
23.788609
19.516386
17.274059
24.242439
27.337709
23.543455
19.499756
17.001547
24.119595
27.233103
23.613192
19.482590
16.946293
23.881413
26.970247
23.796656
19.815184
17.488636
24.395327
27.335564
23.743011
19.575396
17.117954
24.196306
27.386526
23.680246
19.597389
17.431772
24.411419
27.667084
24.207035
20.244875
17.422653
24.594883
27.781347
24.002651
19.745983
17.326094
24.227421
27.563015
24.279991
20.312466
17.800844
24.763325
27.907410
24.164120
20.168699
17.517603
24.837355
28.271118
24.536411
20.410635
17.903841
24.643162
27.981440
24.515490
20.481445
18.136122
25.399546
28.506617
24.892071
20.752884
18.180647
25.299231
28.443316
24.828772
20.815649
18.417753
25.413492
28.644482
25.431732
21.219589
18.593706
25.685469
29.283920
25.794903
21.746912
19.184866
25.608221
28.382162
24.392107
20.287252
17.813183
24.814823
27.708391
23.849764
19.664980
17.116346
24.023035
26.999752
23.477472
19.409634
17.267622
24.794439
27.840893
23.834206
19.590414
16.874411
23.593344
26.729921
23.106255
19.176283
16.510702
23.382523
26.779810
23.147560
18.883921
16.463495
23.304739
26.828091
23.280598
19.401587
16.552546
23.425438
26.720802
23.149170
18.978334
16.357817
23.173845
26.562551
23.071922
19.131220
16.373373
23.355164
26.528755
23.120739
19.165016
16.471542
23.401297
26.876369
23.210861
19.141951
16.671635
23.581005
27.011553
23.314394
19.136585
16.742445
23.435093
27.098457
23.641623
19.447186
16.707577
23.311712
26.425758
22.734501
18.889822
16.391613
23.190475
26.535728
22.799410
18.825985
16.360498
22.971071
26.528755
22.850372
18.920935
16.487635
23.589052
26.988485
23.355700
19.314684
16.730108
23.762859
27.030865
23.327805
19.038954
16.313292
22.930838
26.496033
23.057438
18.724598
15.864290
22.769369
26.481548
22.936203
18.797554
16.085304
22.814966
26.293257
22.793509
18.672564
16.140558
22.960878
26.405910
22.829987
18.912889
16.297199
23.186720
26.802341
23.296156
19.291080
16.645350
23.512877
27.154783
23.284889
19.301809
16.667343
23.390032
26.642481
23.110010
18.923618
16.276814
23.132004
26.837210
23.105719
19.052900
16.294516
23.484983
27.559259
23.960270
19.585587
16.651787
23.215689
26.638725
23.280598
19.491173
16.657152
23.424364
27.057686
23.225882
19.278206
16.565420
23.040808
26.609222
23.059584
19.031979
16.583122
23.270943
26.885489
23.259676
19.101717
16.412535
23.126102
26.710072
23.268259
19.337751
16.335287
22.895969
26.447216
22.807457
18.711723
15.813865
22.126175
25.623241
22.232927
18.273987
15.460886
22.173918
25.668839
22.113300
18.261112
15.402414
22.109009
25.901119
22.141733
18.303492
15.501120
22.268869
25.843719
22.290327
18.195129
15.140094
21.783388
25.734821
22.243656
18.370546
15.637375
22.028006
25.811533
22.313395
18.422045
15.807964
22.554256
26.226738
22.799410
18.685974
15.925982
22.556938
26.463310
23.051001
18.966534
16.189911
22.849298
26.768545
23.447432
19.306101
16.337431
22.895433
26.787319
23.525751
19.468643
16.391077
23.126638
26.961664
23.398615
19.521214
16.433992
23.047783
26.777664
23.127712
18.945076
16.151287
22.393860
26.271263
22.884705
19.022324
16.225315
22.863783
26.641407
22.975899
19.160725
16.435600
22.815504
26.579718
23.044563
19.031979
16.128220
22.647596
26.815216
23.879805
19.801237
16.658224
23.054220
26.780884
23.220516
19.013741
15.706039
21.903551
25.639872
21.942175
17.961241
15.111662
21.695414
25.420467
21.919109
18.029905
15.101470
21.436848
25.466064
21.982409
17.801918
14.906742
21.281279
25.093773
21.605827
17.779387
14.953412
21.391787
25.208572
21.611191
17.610945
14.876164
21.332777
25.291183
21.638550
17.939247
15.152431
21.734037
25.808313
22.289789
18.328703
15.466250
22.037663
25.988558
22.560156
18.531479
15.266694
21.716871
25.591055
22.129930
18.240191
15.475370
22.164799
26.259460
22.605755
18.782534
15.878775
22.321440
26.425222
22.944250
19.016958
16.025223
22.507050
26.570061
22.914209
18.928982
16.039707
22.387959
26.527683
23.040808
19.291080
16.289152
22.698023
26.859739
23.648062
19.619383
16.322948
22.791363
26.950935
23.442604
19.270159
16.147532
22.466280
26.410202
22.965170
19.217051
16.328312
22.550501
26.567379
23.098207
19.211687
16.111589
22.445894
26.379087
22.908308
19.049681
15.906133
22.302664
26.301840
22.752203
19.042707
16.528406
22.731817
26.543776
23.096598
19.137659
15.833177
22.142269
26.032547
22.611654
18.683292
15.971043
22.525288
26.638189
23.209251
19.464888
16.380346
22.447504
26.649454
23.184038
19.442358
16.285397
22.519924
26.670376
23.174919
19.258358
16.104616
22.422291
26.456871
23.104645
19.191839
16.202250
22.549965
26.643555
23.114302
19.147314
16.414143
23.232319
27.501862
24.024109
19.931593
16.714014
22.907770
27.109184
23.895897
19.830204
16.651787
23.069777
27.306595
23.638941
19.720234
16.555763
22.795654
26.967028
23.744083
19.977726
17.044462
23.359455
27.502398
24.208645
20.230927
16.936102
22.988237
27.242222
24.036446
20.084478
16.984917
23.307421
27.569452
24.089018
19.948221
16.596533
22.914745
27.507225
24.005869
19.659616
16.523577
22.626139
27.013699
23.853518
19.993282
16.613699
22.648670
27.064125
23.661472
20.050682
16.415216
22.399761
26.815216
23.407736
19.278742
15.935101
22.148706
26.378016
23.177601
19.753492
16.451159
22.522070
26.921431
23.542917
19.579149
16.377129
22.578932
26.949326
23.637869
19.658007
16.452766
22.490955
27.050177
23.970999
20.153143
16.876556
23.035444
27.558723
24.152317
20.263649
17.194130
23.243048
27.911701
24.668375
20.657398
17.554083
23.724236
28.279165
24.912457
20.879484
17.343798
23.737646
28.204599
24.438242
20.331778
17.119564
23.206570
27.817825
24.379768
20.507730
16.970434
23.136295
27.688541
24.217764
20.194448
17.014421
23.095526
27.599493
24.112621
20.332850
17.034269
23.062265
27.276018
23.671127
20.371473
17.802454
24.503687
29.511372
26.736895
23.405052
20.534016
27.187506
32.215038
29.521027
26.446144
23.733892
30.621269
35.756626
33.099094
29.738823
27.002434
33.548096
39.079884
36.416988
33.011120
30.297794
37.066082
42.347351
39.821781
36.535004
33.847431
40.515404
45.859436
43.287197
39.879719
36.810734
43.437401
48.707409
45.633057
42.036213
39.282658
45.775215
50.759300
47.998764
44.718426
42.119362
48.724575
53.639992
50.616604
46.947338
44.073086
50.218029
55.188698
52.287086
48.581882
45.405071
51.474911
56.374771
53.534847
49.835545
46.403923
52.470013
57.211620
54.108307
50.540966
47.365227
53.871197
58.992073
56.049152
52.423878
49.173576
55.252537
60.236080
57.125790
53.315979
49.981995
56.476696
61.555191
58.320446
54.635090
51.351532
57.361824
62.272949
59.501156
55.758938
52.288696
58.223885
63.089951
59.714657
56.112450
52.797241
58.822556
63.878521
60.965641
57.442291
54.046078
60.023113
64.968033
61.476868
57.761475
54.429096
60.012383
64.989494
61.759037
57.686371
54.220421
60.019894
64.944969
61.958595
58.123573
54.709122
60.625538
65.464775
62.171562
58.314011
54.963394
60.977978
65.873543
62.385601
58.434708
54.768665
60.573502
65.630005
62.533123
58.460457
54.764908
60.518784
65.317795
61.992390
58.192772
54.716095
60.533268
65.344078
62.088413
58.141273
54.683372
60.197456
65.017921
61.659798
57.701393
54.175896
60.008091
64.968033
61.846478
57.960495
54.197353
59.939426
64.935844
61.408203
57.143494
53.646965
59.517784
64.571602
61.196312
57.364506
54.341656
60.380920
65.026505
61.612053
57.620388
54.242416
60.134693
64.978760
61.834675
57.856960
54.191452
59.819263
64.720734
61.615273
57.667061
54.081482
59.672279
64.541023
61.473652
57.583374
54.269238
59.966785
64.932091
61.691444
57.578548
53.941471
59.623463
64.526543
61.242443
57.294231
53.843304
59.574646
64.403160
61.232788
57.330173
53.800388
59.552116
64.662796
61.505836
57.580692
54.342731
60.229107
65.307060
62.257393
58.319374
54.510635
59.833214
64.803345
61.544998
57.440144
53.719921
59.460922
64.469681
61.267120
57.366116
53.774639
59.353634
64.587692
61.461849
57.291550
53.722603
59.404060
64.493820
61.307892
57.498619
53.506416
59.111160
64.263687
61.156078
57.241127
53.762836
59.246880
64.291046
61.046642
57.152611
53.595467
58.960423
64.184830
61.068638
57.009384
53.098721
58.633728
63.987419
61.133545
57.339828
53.706509
59.248489
64.115623
60.862106
57.232006
53.917870
59.698029
64.550682
61.233326
57.213768
53.688808
59.054836
64.254562
61.259609
57.580692
53.907677
59.368652
64.485771
61.092777
57.148319
53.833649
59.614880
64.591454
61.371189
57.147785
53.248924
58.803780
63.842041
60.614807
56.884926
53.550407
58.995289
64.327522
61.263367
57.619316
53.868515
59.435173
64.647240
61.343834
57.667061
54.066998
59.383137
64.701958
61.633511
57.748062
53.972050
59.466286
64.439636
61.217770
57.322128
53.541286
58.963638
64.008339
61.016068
57.214840
53.425415
58.912140
64.044281
60.880882
56.911751
53.211910
58.765156
64.056618
60.979050
56.820557
52.971046
58.173462
63.255711
60.235008
56.350094
52.555843
57.920795
63.450439
60.381992
56.292160
52.481812
58.109623
63.402695
60.207649
56.391403
52.784367
57.992142
63.315792
60.524147
56.851131
52.870735
58.213696
63.739044
60.852451
56.965393
53.174896
58.546288
63.914997
60.938820
57.245415
53.591713
58.991535
64.488991
61.501011
57.752354
53.734940
59.177681
64.459488
61.053616
57.250782
53.590103
58.827919
64.272804
61.517101
57.732506
54.012283
59.308037
64.849480
61.715588
57.709438
53.811653
58.870834
64.295334
61.456486
57.684227
53.856178
58.940575
64.301773
60.918968
56.827530
53.111061
58.271095
63.594204
60.517712
56.461140
52.797241
58.214767
63.451511
60.185120
56.529266
52.685661
57.721241
63.190800
60.172779
56.551796
52.667423
58.001801
63.410744
60.428127
56.594177
52.756470
57.962639
63.346371
60.182434
56.265339
52.536530
57.855350
63.242836
59.961422
55.764301
51.924988
57.254536
62.665627
59.621319
55.717094
52.001698
56.918186
62.195164
59.363289
55.908066
52.098793
57.237370
62.823338
59.905094
55.956882
52.088600
57.060345
62.745018
59.916897
56.144638
52.537605
57.648819
63.104435
60.129326
56.124252
52.150829
57.281895
62.939747
60.025795
55.955273
52.012962
57.388645
63.291653
60.431881
56.666061
52.891655
58.252319
64.184288
61.121208
57.083412
52.795631
57.542606
63.061520
59.985561
56.164486
52.487179
57.589813
63.241764
60.169025
56.089386
51.979706
56.766373
62.373802
59.252781
55.293304
51.319344
56.234760
61.825020
59.069321
55.041714
51.042004
56.084019
61.481697
58.650356
55.067463
51.318810
56.271774
62.122746
59.145493
55.057808
51.057560
56.140347
61.885639
59.194847
55.466038
51.571472
56.775494
62.841042
59.738262
55.908066
52.244171
57.384892
63.130184
60.142738
56.264801
52.116497
56.767448
62.431736
59.435173
55.534168
51.525337
56.882782
62.808319
60.361607
56.659084
52.854103
57.930454
63.689693
60.522003
56.745453
53.222103
58.048470
63.950939
61.087948
57.394012
53.356750
58.309181
63.954693
61.091705
57.116135
52.954956
57.668671
63.649460
60.686153
56.787296
52.909359
57.740551
63.539490
60.714584
57.160660
53.419514
58.395012
64.598427
62.268120
58.742088
54.703754
59.272629
64.883278
62.079292
58.273239
54.297668
59.239372
65.011482
61.994537
58.356926
54.160339
58.753353
64.755600
61.564308
57.634338
53.475842
57.968540
64.026039
61.292336
57.172462
53.343876
58.079048
64.220772
61.452194
57.776493
53.847057
58.449192
64.469681
61.570747
57.764156
53.862080
58.590275
64.309280
61.538559
57.967468
54.078800
58.888538
64.951942
62.140450
58.589203
54.675861
59.491497
65.509300
62.957985
59.309647
54.915649
59.642239
65.922363
63.092094
59.180363
55.211227
59.928699
66.086517
63.228352
59.663158
55.942936
60.469433
66.558586
63.658043
59.560162
55.230003
59.753281
66.038773
63.573822
59.829994
55.672569
60.045643
66.100998
63.516422
59.610054
55.367332
59.828918
65.989952
63.233715
59.514030
55.778786
60.403984
66.202385
63.658577
59.890610
55.841011
60.255928
66.174492
63.614052
59.580009
55.199963
59.580009
65.611229
62.903267
58.915359
54.299816
58.594566
64.618271
61.865791
58.147713
54.078262
58.587059
64.697670
61.811073
57.838722
53.438290
57.594105
63.798054
61.390503
57.688519
53.899628
58.786613
65.350517
63.614590
60.218914
56.533020
61.169487
67.360023
64.439102
60.695274
56.862934
61.174854
67.346077
64.886497
61.352951
57.538849
62.036915
68.698982
66.630463
63.577038
60.376629
65.677208
72.894493
71.151596
68.104073
64.869331
69.940315
76.665146
74.103104
70.421501
66.501183
70.482117
76.945168
75.512337
72.612862
68.335815
72.314606
79.212173
77.598015
73.984009
69.289604
73.436836
79.650978
77.018661
73.566658
69.638832
74.586967
80.808083
77.901108
73.518379
68.775162
72.692795
78.481003
76.035896
72.343033
68.525177
73.656784
81.264061
80.304367
77.620552
74.355766
79.935295
87.186913
84.971413
80.964729
76.569122
80.603699
87.107521
84.724648
80.336555
75.845467
79.735207
86.046974
83.917305
80.977600
77.450500
82.444237
89.283333
86.732552
82.745178
78.395172
82.144363
88.776390
86.465935
82.589607
78.325432
82.531136
89.317665
87.174576
83.526772
79.456787
83.814308
90.260193
87.641815
83.778900
79.419777
83.031639
88.848816
86.160164
82.113251
77.486977
80.626770
86.088821
82.560104
77.694580
72.902008
76.404976
82.493050
79.375252
75.076744
70.451004
73.863312
80.130562
77.383446
72.994278
68.145912
71.294830
76.986473
73.944313
69.453224
64.769547
68.489777
75.079422
72.971207
69.355591
64.880592
68.339035
74.520988
71.529793
67.312820
62.805637
66.919075
73.610107
71.268539
67.227524
62.580868
66.369217
72.895035
70.317429
65.651459
60.532730
64.012627
70.354446
67.446396
63.318474
58.759254
61.722023
67.701744
65.147202
60.770374
56.172531
59.429810
65.186363
62.042816
57.669205
52.579983
55.521828
61.515495
58.637482
54.602367
49.874168
53.175434
58.949692
55.688126
51.204010
46.120682
49.016399
54.938717
51.952881
47.640957
42.650440
45.770386
52.032810
49.633308
45.765560
41.313629
44.420700
50.455135
47.770779
43.531277
38.835804
41.735806
47.871094
45.595505
42.050697
37.785450
41.609207
48.153263
45.881966
41.976131
37.599304
40.960114
47.655441
46.594898
45.100906
42.410114
47.052483
54.752571
53.252682
49.358650
45.364300
49.647793
56.990070
54.386719
49.216492
42.591431
44.372955
51.392300
49.101692
44.476490
38.701157
41.395168
47.704796
44.363834
39.861481
35.236279
38.055817
43.946484
41.180054
37.108997
32.142082
35.106995
41.529278
39.171078
34.982006
30.277411
33.592083
40.636101
39.425354
37.050526
33.313671
37.320892
44.342915
41.977207
37.956039
33.415058
37.594479
45.081596
43.420773
39.866306
35.354298
38.527885
44.794064
42.328575
38.483898
34.491161
38.874428
46.189346
44.456104
40.831902
36.372463
39.557316
46.244602
44.201832
40.399532
36.231915
39.801399
46.921589
45.018833
41.867237
37.687817
40.476242
46.779434
44.109562
39.859871
35.141327
38.188854
45.086960
42.963722
38.842239
33.804516
36.403038
42.564610
39.999882
36.009827
31.738142
35.312988
42.653122
40.661850
35.820999
30.273119
32.740749
39.009609
36.388554
32.158710
27.471821
30.098240
37.039261
34.850578
30.926506
26.350121
29.213646
35.969059
33.639828
29.391209
24.912457
28.105894
34.880081
32.850723
28.684715
24.208107
27.566771
34.573238
32.455902
28.361240
23.987093
27.170340
34.087219
31.960766
28.413811
24.048784
27.403156
34.390308
32.116871
28.255024
23.931303
26.798586
33.879082
32.046059
28.289356
23.787535
26.758352
33.788422
31.995098
28.231422
23.908772
27.191797
34.302334
32.263855
28.530756
24.293402
27.368286
34.155350
32.171585
28.292040
23.929155
27.132252
33.967594
31.616905
27.896683
23.429193
26.352266
33.391457
31.471531
27.696589
23.247339
26.222984
33.415058
31.718292
28.000216
23.804701
26.717583
33.662357
31.398575
27.337709
22.969999
26.000360
33.051888
30.832628
27.013699
22.729136
25.842110
32.956936
31.196873
27.348974
22.806921
25.511662
32.561043
30.682961
26.787319
22.343971
25.228956
32.552998
30.991951
27.142981
23.077288
26.288429
33.616222
32.002605
28.130569
23.516632
26.240686
33.279877
31.312744
27.480940
23.126102
26.384989
33.849041
32.379726
28.690079
24.311642
27.345219
34.498672
32.693546
29.062370
24.701097
27.579645
35.078030
33.394672
29.490450
24.769226
27.461628
34.565727
32.799759
28.925577
24.433414
27.154783
34.485798
32.316963
28.389135
23.630896
26.216009
33.361416
31.551460
27.581791
23.169554
25.895754
33.464947
31.932333
27.972857
23.642696
26.207962
33.477287
31.762281
28.040447
23.576178
26.277164
33.817390
31.922678
27.884344
23.441530
25.793293
33.079247
31.220474
27.223448
22.823013
25.243977
32.778301
30.873398
26.850084
22.164799
24.702171
31.815390
30.324081
26.878515
22.553720
25.352339
32.532612
30.715683
26.772837
22.311247
24.981121
32.440880
30.990341
27.247587
22.667444
25.139908
32.888809
31.267145
27.253489
22.799946
25.419930
32.674232
31.105141
27.175167
22.489347
24.833063
32.007973
30.383625
26.336708
21.739401
24.151245
31.615295
30.171196
26.242832
21.842398
24.451653
31.693617
30.080000
26.195087
21.540380
23.849226
30.980148
29.497961
25.756279
21.143414
23.484983
30.853012
29.521564
25.933842
21.562912
23.890532
31.470457
30.128281
26.465454
21.940567
24.327734
31.623878
30.030647
26.183823
21.228172
23.292936
30.526320
28.853695
24.863104
20.234682
22.325731
30.149738
29.155710
25.912384
21.569885
24.035910
31.641582
30.102531
26.094238
21.716333
23.643770
30.692080
29.504398
25.654354
21.272160
23.310638
30.791859
29.578964
25.902191
21.522678
23.829378
31.369070
29.819290
26.160219
22.068777
23.976362
31.383553
30.488770
26.749769
22.315538
24.095991
31.309525
29.902437
25.881805
21.498003
23.561157
31.076710
29.961447
26.264290
21.812357
23.828842
31.034866
29.277483
25.257389
20.620920
22.415854
29.723267
28.398254
24.522463
19.919790
21.982946
29.597202
28.544704
24.906019
20.462669
22.368111
29.889027
28.885344
24.952690
20.325876
22.391714
30.203381
28.700272
24.845402
20.330706
22.202351
29.565016
28.191725
24.275700
19.995966
21.765686
29.311279
28.379478
24.501005
20.132221
22.049463
29.597202
28.403620
24.690369
20.299055
22.122957
29.798368
28.446535
24.590591
20.352163
21.847225
29.316107
28.480867
24.730602
20.281351
22.038736
29.713610
28.569916
24.762789
20.256140
22.047319
29.756525
28.851547
25.245586
20.763613
22.483982
29.995779
29.004435
25.124352
20.433702
22.336460
30.303160
29.724876
26.068489
21.666445
23.679710
31.276264
30.460873
26.793758
22.430874
24.127106
31.645336
30.730167
26.769081
22.464670
24.364212
31.997242
31.170586
27.539948
22.819258
24.323978
32.145302
31.257490
27.333954
22.882021
24.601320
31.799831
30.112186
26.400009
21.739937
23.024715
30.565479
29.446463
25.425295
20.875731
22.380449
29.615440
28.680960
24.805168
20.407415
22.131002
29.709854
28.881052
25.116840
20.355917
21.501757
29.302158
28.478722
24.359921
19.862391
21.323658
29.061832
28.450827
24.543921
19.997574
21.414854
29.041449
28.083363
24.343828
19.954659
21.629431
29.031792
28.002897
24.083652
19.661226
21.018423
29.026428
28.249125
24.448971
20.307100
21.582224
29.128889
28.467993
24.756887
20.334459
21.412172
29.313961
28.666475
24.885633
20.518995
21.972754
29.898682
29.329517
25.643627
21.592417
23.071386
30.748405
30.155638
26.587765
22.328413
23.839033
31.422176
30.631462
26.845793
22.151924
23.208178
30.908802
30.216255
25.970856
21.097281
22.329487
29.893854
29.357948
25.692978
21.203495
22.774733
31.060080
30.505398
26.583473
21.977045
23.261286
31.000534
30.033329
26.279310
21.583834
22.677101
30.585865
29.692152
25.711754
21.356382
22.422827
30.120234
29.479185
25.709072
21.141268
22.408880
29.872932
29.271582
25.154392
20.499683
21.200277
28.957228
28.478722
24.815897
20.177818
21.395542
29.302158
28.744797
24.747768
20.295300
21.414854
29.214184
28.673986
24.602928
20.070530
21.064020
28.796831
28.128962
24.509052
20.333387
21.954514
30.022600
29.724876
25.778273
21.286644
22.184111
29.900829
29.375652
25.506834
21.222271
22.451796
30.128281
29.540876
25.704781
21.193840
21.757103
29.662111
29.288748
25.364140
20.974972
22.060194
29.775837
29.360096
25.707462
20.910599
21.541990
29.529074
29.070415
25.019207
20.352699
21.211006
28.961519
28.630535
25.154928
20.934738
21.771051
29.600422
29.359558
25.543312
20.733572
21.750130
29.353657
28.921286
25.022427
20.468035
21.124640
28.396645
27.388672
23.068167
18.342651
18.770731
26.148418
25.372723
21.279671
16.575613
17.087378
24.712900
24.211327
20.201422
15.490927
15.908815
23.287573
22.882021
19.249775
14.968432
15.430845
23.385740
22.954441
18.828131
14.344014
14.943756
22.503294
22.055902
18.093206
13.547935
14.229752
22.190548
22.026398
18.114664
13.601579
14.169134
21.957197
21.688438
17.992355
13.468004
13.989426
21.788754
21.545210
17.589487
13.433672
14.102079
21.897652
21.892286
17.992355
13.520040
14.416970
22.616484
22.608973
18.586733
13.940610
14.463104
22.407270
22.576250
18.721380
14.411606
15.256502
23.379303
23.782171
20.083405
15.809036
16.288080
24.310568
24.252096
20.461596
15.946365
16.572393
24.585762
24.721483
20.715870
16.345478
16.983845
24.982731
25.004189
21.056511
16.758539
16.950584
24.851301
24.901192
21.044172
16.557909
17.039099
24.648527
24.781029
20.985163
16.436674
16.860462
24.403374
24.354019
20.560839
16.033270
16.360498
23.855127
23.649670
19.505121
14.685728
14.899231
22.711969
22.790291
18.870510
14.214731
14.877773
23.193159
23.136831
19.264257
14.740981
15.080549
23.013987
23.151852
19.600071
15.220560
15.486099
23.766615
24.224737
20.414389
16.140558
16.481735
24.417856
24.824480
21.117664
16.737617
17.140486
25.060514
25.293865
21.242655
16.766584
16.995110
24.785856
25.026718
21.212078
16.749418
16.885139
24.909775
25.087336
21.280743
16.950584
17.038561
24.911383
25.103966
21.290400
17.047682
17.518141
25.859812
26.516417
22.803165
18.484808
18.975653
27.089874
27.546385
23.761786
19.491709
19.740082
27.470211
27.701954
23.929693
20.674028
21.853662
30.412058
32.001534
29.169659
25.427977
26.367287
35.032429
35.893955
32.747726
28.838673
29.672304
38.361053
39.661922
36.843994
33.419350
34.028210
42.387047
43.256084
39.966087
36.119263
36.546806
45.122364
46.124973
42.858582
39.027851
39.476315
47.671535
48.462791
45.287590
41.605453
41.866699
50.219101
51.082237
48.078697
44.189491
44.474880
52.715702
53.900703
50.447624
46.410896
46.772461
54.878098
55.802387
52.526875
48.602264
49.220245
57.439610
58.382675
55.202644
51.266773
51.340801
59.267265
60.126644
56.664986
52.567108
52.508636
60.423298
61.323448
58.194382
53.960247
54.121716
62.427444
63.435955
59.766693
55.629116
55.532021
63.807175
64.961060
61.645847
57.771130
57.762009
65.932022
67.186218
63.672527
59.667450
59.412643
67.333206
68.314896
64.727707
59.955521
59.269413
66.934631
67.358421
63.188656
58.736187
58.291477
66.050034
66.847191
62.736435
57.977661
57.943329
65.877838
66.466850
62.548679
58.134300
57.856960
65.872475
66.620811
62.829777
58.477089
57.989460
65.734070
66.579506
62.579796
58.099968
57.722313
65.353195
66.307526
62.657043
58.209404
57.462139
65.015778
65.809174
62.014385
57.657940
57.431561
65.364464
66.235107
62.329277
57.179436
55.779858
63.177391
63.607616
59.812828
55.659157
55.318520
63.529297
64.819977
61.556801
57.627365
57.138130
64.685326
64.676208
60.169559
55.208012
54.328781
61.660332
61.859352
57.666523
53.450092
53.046150
60.848698
61.735435
58.021111
53.419514
52.596611
60.215694
61.495644
57.909531
53.310081
52.493614
60.397549
61.392113
57.687981
53.400200
52.753254
60.626610
61.384064
57.434780
52.964611
52.282257
60.024723
61.275169
57.226105
53.165775
52.864834
61.046108
62.254173
58.255001
53.770882
52.787586
60.563847
62.005802
58.721703
54.416222
53.275211
60.769840
61.482235
57.607513
53.099792
52.109524
59.408886
60.281677
56.713802
52.614853
51.575226
59.280140
60.456558
56.734188
52.162632
51.163239
58.762474
60.109478
56.525513
52.007061
50.818844
58.325275
59.128864
55.142563
50.377354
49.256725
57.177288
58.260902
54.316444
49.664959
48.688095
56.383892
57.525440
53.660378
49.426777
48.643574
56.286259
57.300133
53.266628
48.591000
47.665634
55.267021
56.352776
52.538677
48.031494
47.212341
54.970367
56.529804
52.867516
48.549694
47.347527
54.886147
56.263191
52.247925
47.473053
46.195786
53.834183
55.121643
51.088139
46.734371
45.747318
53.196354
53.835255
49.199863
44.319309
43.006100
50.317272
51.685196
47.617355
42.876820
41.759949
49.359722
50.717995
46.768169
42.359154
41.373173
48.932716
50.280258
46.437183
41.916588
40.778797
48.151657
49.606483
45.915760
41.596333
40.460148
48.025593
49.608093
45.670609
41.164497
39.873817
47.506313
48.967049
44.948559
40.700474
39.726833
47.363083
49.075409
45.183517
40.732662
39.465050
47.503628
49.281937
45.421162
40.974598
39.707520
47.451595
49.131199
45.447987
41.103344
39.813198
47.397949
48.842590
45.130947
40.864090
39.862015
47.665634
49.237949
45.334797
41.096905
39.784233
47.366837
48.869415
45.270958
40.937580
39.731663
47.499874
49.256725
45.343380
41.114609
39.782623
47.452667
49.006744
45.347134
40.977280
39.766529
47.347527
48.736912
44.775822
40.593185
39.123337
46.668388
48.558277
44.552128
40.032070
38.783768
46.439865
48.023983
44.338623
40.066402
38.503208
45.936684
47.647934
43.708839
39.269249
37.610035
45.549374
47.314266
43.389122
39.125481
37.816563
45.510750
47.150116
43.285587
39.026775
37.619690
45.154015
46.813229
43.055454
38.849213
37.272610
45.029560
46.805183
43.096760
38.816490
37.428715
44.955532
46.799282
43.016830
38.768211
37.286022
44.875603
46.799282
43.046333
38.901787
37.590183
45.099297
47.047653
43.324749
38.880329
37.501671
45.103054
46.989182
43.223896
39.176445
37.865379
45.435646
47.333576
43.750145
39.450565
37.942627
45.469978
47.403851
43.449738
39.105633
37.605206
45.089642
47.012249
43.401997
39.183952
37.642757
45.223751
47.120075
43.245354
39.156059
37.608959
45.270424
47.215561
43.486752
39.181808
37.716248
45.155087
47.430138
43.524841
39.050381
37.474850
44.996300
47.070187
43.325821
39.056282
37.384190
44.736126
47.025661
43.309193
38.977959
37.191608
44.656197
46.834686
43.157913
38.862625
37.034969
44.377247
46.516575
42.661171
38.472633
36.546806
44.163208
46.600800
42.896667
38.509109
36.394993
43.792526
46.153942
42.328575
38.175980
36.515156
43.861191
46.094398
42.416553
38.237671
36.369781
43.627300
46.150723
42.393486
38.189926
36.464195
44.001202
46.225288
42.241135
37.943165
36.081173
43.717960
46.193638
42.685310
38.601913
36.578991
43.883183
46.295025
42.464832
38.094440
36.526421
44.139065
46.429672
42.641857
38.303116
36.615471
44.062893
46.181301
42.473415
38.363197
36.670723
43.938972
46.370663
42.457321
38.047234
36.364414
43.550053
45.846024
42.200901
38.047771
35.972813
43.274860
45.811691
42.092007
37.903469
35.969593
43.370884
45.905571
42.105415
37.607887
35.706738
43.297924
45.549908
41.734200
37.576237
35.640221
42.983036
45.430283
41.642467
37.250618
35.355904
42.915443
45.535961
41.585068
37.537079
35.535614
42.918663
45.228043
41.608669
37.316601
35.362881
42.596798
45.435646
41.396240
36.883156
35.245934
42.755585
45.307438
41.557709
37.467876
35.323181
42.392414
44.954994
41.368343
37.443199
35.450855
42.697109
45.471050
41.969158
37.745754
35.593548
42.922417
45.738201
41.883327
37.552635
35.653629
42.983570
45.385220
41.524448
37.558537
35.552780
42.898277
45.626083
41.705231
37.582676
35.492161
42.990543
45.689384
41.960041
37.880402
35.817245
43.042042
45.784870
42.302826
38.120728
35.817245
43.008247
45.807938
41.889229
37.779011
35.586575
42.866089
45.663635
42.044262
37.825146
35.416523
42.726616
45.472126
41.741707
37.657242
35.476067
42.419235
45.339088
41.442909
37.087540
34.693401
42.086639
44.979671
41.118362
37.186779
34.834484
42.096832
44.783871
41.187027
37.158348
34.745434
42.021732
44.880428
41.210094
37.089149
34.979858
42.169788
45.019367
41.238525
37.089684
34.601669
41.811981
44.649761
41.360298
37.126163
34.566261
41.951458
44.776897
41.219749
37.431400
34.976643
42.015831
44.837513
41.271248
37.171761
34.788887
42.103271
45.213024
41.640320
37.620762
35.213211
42.269566
45.262913
41.470806
37.455002
35.432079
42.564610
45.609989
41.897278
37.578384
35.080173
42.295853
45.195320
41.464367
37.607349
35.357513
42.471268
45.314411
41.476707
37.517765
35.266319
42.113461
45.201221
41.600086
37.318745
34.959476
41.951458
44.845562
41.184883
37.145473
34.754017
41.764240
44.841805
41.126408
36.801617
34.241714
41.460613
44.489899
40.626446
36.223869
33.762135
40.944557
44.015148
40.193539
36.111752
33.858158
40.934898
44.065037
40.409187
36.384266
33.630173
40.707985
44.046261
40.312626
36.184708
33.828117
40.750362
43.730297
40.101269
36.118191
33.878010
40.935436
44.206123
40.474632
36.439518
33.710636
40.673653
44.084885
40.756264
36.566654
33.960083
40.972988
44.254940
40.512722
36.508717
34.140865
41.377464
44.770996
40.990688
36.666969
34.163395
41.225651
44.683018
41.166107
37.085392
34.542122
41.450420
44.744709
40.893059
36.763527
34.254055
41.346886
44.604698
41.106026
37.007610
34.435371
41.567902
45.037071
41.310947
37.076275
34.513157
41.390877
44.613819
41.187565
37.183025
34.543732
41.412334
44.535496
41.032532
36.854187
34.000317
40.901104
44.081131
40.499310
36.513546
33.606033
40.426353
43.934681
40.260056
36.241570
33.705273
40.459076
43.816666
40.011147
35.791496
33.119480
39.938728
43.482998
39.858261
35.690109
32.916706
39.839485
43.407898
39.822857
35.744823
33.126987
40.040653
43.477634
39.958576
35.818855
33.257881
40.206413
43.728153
40.005783
35.893421
33.248226
40.245037
43.786087
40.096977
36.070446
33.235886
40.021877
43.803253
40.363052
36.203484
33.373753
40.188709
43.866554
40.246109
36.184708
33.543804
40.362514
43.940582
40.497700
36.436836
33.589401
40.426353
44.117611
40.555099
36.467949
33.646801
40.544907
44.296780
40.541687
36.226013
33.808270
40.729443
44.254940
40.617325
36.545197
33.526104
40.211777
43.948093
40.423672
36.414841
33.618908
40.201584
43.825249
40.121117
36.066692
33.160248
40.061035
43.905178
40.343204
36.149837
33.352295
39.932827
43.379467
39.792278
35.881618
33.194046
39.985397
43.639641
39.615253
35.508793
32.605030
39.147476
42.718571
39.039116
34.958401
32.016018
38.752655
42.354862
38.800396
34.775475
31.959156
38.725834
42.459469
38.885693
34.614544
31.887810
38.793961
42.534569
38.989223
34.868816
31.935017
38.725834
42.633274
39.143719
34.910660
31.743505
38.561146
42.404751
39.029457
35.129528
32.143692
38.844387
42.718033
39.112072
35.047989
32.115795
38.730659
42.607525
39.010685
35.025993
32.114723
38.699547
42.670288
39.160351
35.228767
32.355049
39.051991
42.890232
39.488117
35.559753
32.445709
39.152302
43.003956
39.587894
35.506107
32.659214
39.067009
42.926170
39.336304
35.332836
32.325008
38.992981
43.040432
39.477386
35.463192
32.570164
39.080421
42.995373
39.437153
35.273830
32.118481
38.792889
43.036144
39.374390
35.417595
32.428005
39.089539
42.866627
39.141575
35.150448
32.152275
38.663605
42.699257
39.041798
34.766354
31.764963
38.334229
42.499165
38.878719
34.800686
31.703810
38.271465
42.502384
39.062717
35.164394
32.058399
38.530567
42.530277
38.792351
34.930508
32.000462
38.342812
42.226650
38.822929
34.872036
31.709709
38.207630
42.324284
38.774647
34.815708
31.874397
38.422741
42.479851
38.717251
34.865063
31.988123
38.306335
42.226650
38.897495
35.052814
32.101315
38.586357
42.590897
39.274612
35.456757
32.327690
38.640537
42.875210
39.612572
35.491089
32.172123
38.656094
42.814590
39.286949
35.236816
32.216110
38.786449
43.025951
39.490261
35.382729
31.978468
38.329403
42.723934
39.059498
34.999172
31.916241
38.309017
42.443913
39.141575
35.249153
32.091656
38.391628
42.490582
38.943092
34.780838
31.516054
37.724297
41.911224
38.539150
34.629025
31.470457
37.688354
42.015831
38.591721
34.694473
31.442562
37.615932
41.811447
38.386265
34.437515
31.280556
37.567120
41.712742
38.318672
34.414986
31.208138
37.532787
41.821102
38.436691
34.681061
31.321327
37.579994
41.866699
38.355686
34.498672
31.325619
37.663677
41.918736
38.353542
34.403183
31.146446
37.308552
41.601162
38.084785
33.884983
30.565479
37.042477
41.381218
38.046162
34.217037
30.982296
36.596157
40.357689
36.496380
31.962910
28.230885
33.718147
37.587502
33.631783
28.985659
24.973610
30.600349
34.509937
30.674377
26.095310
22.347727
27.866104
31.656603
27.743795
23.388960
19.298590
24.878124
28.678814
24.931232
20.492174
16.402342
21.887995
25.606075
21.531797
16.987062
13.186909
18.623211
22.650278
18.777170
14.213659
10.309434
15.929736
19.934811
16.011812
11.374271
7.572508
13.150431
17.382421
13.662733
9.310043
5.498087
10.978913
15.108980
11.353887
7.061816
3.366268
9.162522
13.405777
9.624398
5.487895
2.002632
7.771528
11.996007
8.203900
3.940797
0.194823
5.984640
10.285830
6.535566
2.550876
-1.117850
4.756725
9.177543
5.482531
1.374995
-2.164448
3.570652
7.986641
4.451489
0.298357
-3.265227
2.687669
7.558561
4.164493
-0.091100
-3.567244
2.553558
7.131017
3.758407
-0.528837
-3.974939
1.997268
6.370879
3.118432
-0.797594
-4.457201
1.362657
5.952990
2.495086
-1.531983
-4.968430
0.842309
5.551195
2.393698
-1.839364
-5.445863
0.303721
4.916048
1.642143
-2.401555
-5.969430
-0.102902
4.549658
1.299893
-2.509380
-6.063844
-0.230039
4.537857
1.355683
-2.545322
-6.224777
-0.511671
4.369950
1.030600
-3.095711
-6.615306
-0.811005
4.251933
0.703907
-3.243233
-6.744052
-0.777746
4.060960
0.598228
-3.403092
-6.880309
-0.898445
3.852284
0.665819
-3.211583
-6.591166
-0.399018
4.587746
0.907755
-3.148283
-6.681289
-0.678504
4.139280
0.818169
-3.112341
-6.762291
-0.661874
4.226720
0.842845
-3.014172
-6.809498
-1.068497
4.040575
0.764525
-3.320480
-6.843294
-1.183296
3.567970
0.592327
-3.227139
-6.803061
-0.934387
4.111385
1.097655
-2.778674
-6.368007
-0.413502
4.774964
1.612103
-2.173568
-5.616451
0.083243
4.779255
1.525736
-2.279247
-6.073500
-0.362540
4.507816
1.180267
-2.686942
-6.320263
-0.625933
4.265344
0.593400
-3.331746
-6.862070
-1.085663
3.970301
0.796711
-3.204609
-6.815399
-1.106048
3.978348
0.720000
-3.103221
-6.634082
-0.861431
4.232621
0.942623
-2.989496
-6.486024
-0.605548
4.423058
1.236057
-2.959455
-6.506945
-0.723565
4.477239
1.150763
-2.762044
-6.524111
-0.828171
4.225647
0.806903
-3.121997
-6.690408
-1.077080
4.166102
1.052594
-2.809251
-6.354059
-0.633979
4.428959
1.247859
-2.476121
-6.124999
-0.511671
4.577553
1.341200
-2.510453
-6.005908
-0.318552
4.720247
1.493013
-2.424086
-6.059553
-0.359321
4.605985
1.415228
-2.512599
-6.346549
-0.733758
4.359221
1.314914
-2.476121
-6.175424
-0.704253
4.609740
1.545584
-2.409602
-6.011273
-0.276173
4.967546
1.714027
-2.199853
-5.859996
-0.218773
5.057132
1.997268
-1.745487
-5.660439
-0.266517
4.656947
1.474237
-2.223457
-6.033803
-0.641490
4.626906
1.483893
-2.351130
-6.103004
-0.719274
4.682159
1.734411
-2.370442
-6.415750
-0.715519
4.691815
1.445269
-2.707864
-6.475832
-0.969256
4.474020
1.429176
-2.530838
-6.289150
-0.743950
4.502451
1.358902
-2.583409
-6.475832
-1.032019
4.213846
1.234448
-2.619351
-6.364252
-0.812615
4.493332
1.497841
-2.507771
-6.376590
-0.790084
4.595792
1.502132
-2.513672
-6.173815
-0.765944
4.671967
1.376605
-2.625788
-6.575073
-1.166666
4.373705
1.365876
-2.453590
-6.358887
-0.773454
4.436469
1.306867
-2.564634
-6.302024
-0.729466
4.715955
1.556313
-2.299631
-6.307389
-1.180614
4.420376
1.441514
-2.506161
-6.483342
-1.137162
4.415011
1.209235
-2.815688
-6.519820
-1.177395
4.211164
0.997877
-2.848948
-6.947900
-1.681114
3.831899
0.855720
-3.019000
-6.776775
-1.556659
3.858185
0.610566
-3.224457
-7.083084
-1.645172
3.826535
0.743067
-3.118778
-6.854023
-1.551295
4.062033
1.071906
-3.039385
-6.871726
-1.685942
4.046476
1.157736
-2.730931
-6.758536
-1.506234
4.226720
1.175975
-2.781356
-6.538595
-1.291121
4.255688
1.125550
-2.809251
-6.732251
-1.544858
4.283047
1.231765
-2.906883
-6.745662
-1.428986
4.197752
1.035428
-2.944434
-6.626035
-1.732612
3.909683
1.032745
-2.850021
-6.736006
-1.725639
3.816342
0.845527
-3.099466
-7.038023
-1.803423
4.078662
1.030063
-2.985204
-6.954338
-1.770700
3.718174
0.740385
-3.251816
-7.399584
-2.352739
3.586209
0.634706
-3.395046
-7.508482
-2.257252
3.503060
0.429248
-3.698135
-7.512774
-2.542639
3.157592
0.185704
-3.665949
-7.614697
-2.693380
3.137207
0.241494
-3.695453
-7.544424
-2.565706
3.084636
0.000095
-3.848876
-7.765438
-2.709473
3.255761
0.318205
-3.474439
-7.457520
-2.508844
3.170466
0.252223
-3.386999
-7.387783
-2.325381
3.526127
0.651872
-3.192807
-7.159258
-2.021218
3.622687
0.693714
-3.276492
-7.252063
-2.320553
3.527737
0.595545
-3.294731
-7.253672
-2.180541
3.635025
0.851965
-3.121460
-7.072355
-1.978839
3.869450
0.946915
-2.968574
-6.776239
-1.960600
3.663993
0.682985
-3.112877
-7.077183
-2.233649
3.742313
1.079952
-2.913857
-7.073428
-1.957381
3.705299
0.698542
-3.148819
-7.260109
-2.607013
3.282583
0.543510
-3.427769
-7.488634
-2.756143
3.197825
0.355756
-3.641273
-7.714476
-2.915467
2.918339
0.138497
-3.857459
-7.941927
-3.241623
2.367413
-0.418330
-4.070962
-8.459594
-3.726567
2.726829
-0.307823
-4.256035
-8.343722
-3.557051
2.272463
-0.498260
-4.411067
-8.474077
-3.663803
2.569115
-0.302458
-4.203464
-8.386101
-3.501261
2.627051
-0.397945
-4.336501
-8.157041
-3.288830
2.703762
-0.032092
-3.885890
-8.035268
-3.207828
2.851283
-0.015462
-3.657366
-7.657613
-3.075326
3.103411
0.415837
-3.422404
-7.464494
-2.848411
3.224647
0.617003
-3.261472
-7.466103
-2.932633
3.181195
0.466263
-3.374125
-7.647957
-2.942289
3.136134
0.222718
-3.793086
-7.947291
-3.290976
2.882933
0.225937
-3.652001
-7.870044
-3.543104
2.549803
-0.183368
-3.900374
-8.107688
-3.645028
2.662992
0.005996
-3.854776
-8.190836
-3.680969
2.379215
-0.300849
-3.875161
-8.091594
-3.821517
2.422666
-0.338936
-4.174496
-8.045997
-3.293122
2.925312
0.191605
-3.326918
-7.465567
-3.090883
2.996123
0.090217
-3.922368
-8.197273
-3.794158
2.463972
-0.266517
-4.121388
-8.204247
-3.960992
2.076661
-0.555122
-4.435206
-8.500899
-3.984059
2.214527
-0.456417
-4.440034
-8.497144
-4.079009
2.009606
-0.675285
-4.301632
-8.593167
-4.170204
2.334153
-0.266517
-4.044140
-8.424188
-4.110659
2.076125
-0.556195
-4.200245
-8.066381
-3.829027
2.212918
-0.351275
-4.212583
-8.304025
-3.964211
2.542829
-0.127578
-4.013563
-8.339967
-4.117633
2.340054
-0.346447
-4.016245
-8.329238
-4.119242
2.077734
-0.460709
-4.185225
-8.416142
-4.191125
2.062714
-0.506843
-4.223848
-8.229997
-4.153038
2.056813
-0.566924
-4.260863
-8.422042
-4.238869
2.018726
-0.436032
-4.519964
-8.879627
-4.681970
1.811659
-0.669921
-4.583264
-8.773412
-4.600967
1.913047
-0.602866
-4.462565
-8.609261
-4.278029
2.259052
-0.237012
-3.934170
-8.094813
-3.991033
2.418375
-0.210190
-4.010881
-8.039559
-3.997470
2.294993
-0.209654
-4.110659
-8.485879
-4.102076
2.371704
-0.207508
-4.044677
-8.162941
-4.147674
2.234912
-0.032092
-3.918077
-8.389855
-4.291440
2.237057
-0.293875
-3.996933
-8.154358
-4.116024
2.245104
-0.066424
-3.653074
-7.704283
-3.680969
2.752042
0.104701
-3.553833
-7.887746
-3.971721
2.224719
-0.461245
-4.416431
-8.577611
-4.595066
1.820779
-0.661874
-4.613842
-9.054507
-4.966820
1.681304
-0.454271
-4.176641
-8.508410
-4.496897
2.016043
-0.387216
-4.146601
-8.353377
-4.395510
2.146935
-0.165666
-4.099394
-8.661832
-4.559661
1.911437
-0.633979
-4.682506
-8.867826
-4.908348
1.525199
-0.946189
-4.615451
-9.228850
-5.385245
1.258587
-1.170421
-4.772628
-9.091521
-5.228604
1.311159
-1.101757
-4.966284
-9.210075
-5.494143
1.054740
-1.210654
-4.717375
-9.204711
-5.611087
1.145935
-1.170421
-4.899765
-9.191836
-5.486096
0.935113
-1.235867
-4.965747
-9.255136
-5.576755
1.204943
-1.055086
-4.811789
-9.167160
-5.442108
1.212453
-1.089955
-4.754926
-8.997644
-5.130971
1.336372
-0.804031
-4.451300
-8.620526
-4.871334
1.996732
-0.025118
-3.783430
-8.208002
-4.419650
2.213454
-0.260616
-4.056479
-8.200492
-4.578436
1.879787
-0.044430
-3.695453
-7.978941
-4.250670
2.688205
0.589644
-3.374125
-7.746126
-4.044677
2.686059
0.587499
-3.067816
-7.387246
-3.876770
2.885616
0.397598
-3.435815
-7.858778
-4.356349
2.158201
-0.171030
-4.021610
-8.551862
-4.743660
2.124405
-0.156010
-3.904665
-8.321191
-4.839147
1.834190
-0.504160
-4.290904
-8.574928
-5.018319
1.777327
-0.382388
-4.250670
-8.441354
-4.803205
2.017116
-0.329817
-4.301632
-8.459057
-4.880990
1.968837
-0.130797
-3.961528
-8.293833
-4.571463
2.371704
0.060713
-3.918613
-8.130754
-4.530693
2.320206
0.054276
-3.686334
-8.055653
-4.613842
2.219891
0.164783
-3.669168
-7.944609
-4.531229
2.225256
0.022625
-4.052187
-8.196200
-4.622425
1.920557
-0.043893
-3.953482
-8.297587
-4.860068
1.909828
-0.318552
-4.031802
-8.503581
-5.019392
1.761234
-0.357712
-4.107440
-8.322265
-4.878844
1.850819
-0.197852
-4.224921
-8.565272
-5.191589
1.499450
-0.326598
-4.007662
-8.338357
-5.253280
1.365339
-0.580872
-4.261936
-8.559371
-5.216802
1.730656
-0.494505
-4.178787
-8.393611
-5.044604
1.743531
-0.253106
-3.807570
-8.060481
-4.869724
2.075052
0.022089
-3.781284
-8.196200
-4.723812
2.415693
0.400281
-3.425623
-7.749344
-4.546786
2.478456
0.384724
-3.427769
-7.913496
-4.544104
2.334153
0.179803
-3.616596
-8.158649
-4.932488
2.143180
0.210917
-3.728176
-8.281495
-4.917468
2.064860
0.205016
-3.577972
-8.051898
-4.919613
2.111530
0.168001
-3.611768
-7.894184
-4.668022
2.386725
0.503277
-3.381635
-7.976259
-4.606331
2.628124
0.693178
-3.291512
-7.872726
-4.744197
2.176976
0.237202
-3.617133
-8.111443
-5.143846
1.883006
-0.124360
-3.945435
-8.413996
-5.351449
1.838481
-0.109339
-4.054869
-8.654322
-5.668486
1.407182
-0.526691
-4.376198
-8.770730
-5.689944
1.415228
-0.597501
-4.407311
-8.835103
-5.647028
1.541292
-0.360930
-4.041995
-8.565272
-5.524183
1.462972
-0.253106
-3.997470
-8.401121
-5.389536
1.517153
-0.380779
-4.068280
-8.524503
-5.473758
1.624441
-0.284756
-4.472757
-8.888210
-5.013491
2.911901
1.725292
-1.531447
-5.274201
-1.560951
6.477094
5.574262
2.660846
-0.952089
2.698934
10.498261
9.306825
6.238378
2.475774
6.079591
14.053799
12.936928
9.803033
6.012536
9.462930
17.246164
16.076185
12.785114
8.972085
12.574293
20.449259
19.203640
15.834249
11.914468
15.315510
23.077824
21.677710
18.216587
14.215805
17.619528
25.357166
24.064878
20.667053
16.836859
20.174063
27.693907
26.213327
22.723234
18.681683
22.034445
29.392281
27.880589
24.396399
20.101107
23.131468
30.552069
29.246906
25.773445
21.573641
24.635117
32.279411
30.746798
27.078608
23.108400
25.982121
33.278267
32.047668
28.431515
24.156073
27.218082
34.668724
33.109287
29.414276
25.234322
28.411667
35.922924
34.279266
30.596594
26.281992
29.137472
36.458294
34.619907
30.913094
26.639799
29.371361
36.603130
34.970203
31.141083
26.947716
29.820362
37.211994
35.602669
31.849722
27.472357
30.220011
37.368099
35.785595
31.974712
27.606466
30.332127
37.580528
35.994270
32.204845
27.681032
30.372898
37.716248
36.058643
32.331448
27.877907
30.290285
37.252762
35.605350
32.122768
27.706781
30.317108
37.413158
35.922386
32.255810
27.920284
30.414204
37.566044
35.863914
31.916777
27.380089
29.966274
37.379902
35.700836
31.734922
27.166584
29.930870
37.323036
35.618763
31.764963
27.144590
29.606321
36.897640
35.414379
31.721512
27.223984
29.571989
36.805370
35.237888
31.499424
27.000824
29.391209
36.691109
35.095196
31.341711
27.128498
29.552677
36.861698
35.352150
31.384626
26.720802
29.032330
36.459366
35.018482
31.088511
26.617268
29.011944
36.456146
34.923534
31.242470
26.838282
29.295723
36.697010
35.196045
31.352976
26.855984
29.209892
36.658386
35.072128
31.397501
27.140835
29.451826
37.010292
35.571556
31.607786
27.107040
29.453436
36.987762
35.873569
31.980076
27.337709
29.751698
37.105778
35.786133
31.951645
27.530828
30.016701
37.437298
35.882690
31.925896
27.578035
29.780666
36.966305
35.578529
31.945208
27.391354
29.585400
37.070911
35.768967
31.975248
27.419785
29.651382
37.383118
36.040943
32.303013
27.523319
29.483477
36.815025
35.532932
31.673769
27.035692
29.244225
36.787670
35.566189
31.394283
26.602783
28.934696
36.531784
35.170834
31.367996
26.811996
28.807024
36.095123
34.839848
31.011799
26.593128
28.765717
36.170223
34.874180
31.063297
26.590446
28.771618
36.339203
34.965912
30.891636
26.487986
28.691153
36.267857
35.148838
31.327763
26.786247
28.802732
36.117653
34.798542
30.894318
26.178459
28.272728
35.723370
34.528175
31.031647
26.467602
28.568306
36.270538
35.063545
31.380335
26.874224
29.030720
36.555927
35.589794
32.087902
27.360241
29.452362
37.270466
35.863914
32.052498
27.433733
29.368679
36.663750
35.389164
31.489233
26.890854
28.933624
36.437370
35.312988
31.532684
26.955227
28.852085
36.260883
34.902077
31.276264
26.677887
28.692760
36.232986
35.096806
31.277874
26.568451
28.398254
36.086002
35.030285
31.202772
26.591518
28.340855
36.097267
34.686424
30.940453
26.442389
28.192799
35.845139
34.882763
30.945280
26.583473
28.474966
36.047916
35.123627
31.252125
26.691298
28.713682
36.681988
35.744823
31.832020
27.172485
29.067198
36.666431
35.378971
31.447926
26.964346
28.747478
36.397137
35.370926
31.413593
26.978294
28.913239
36.478680
35.442272
31.664112
27.182678
28.891781
36.609032
35.517376
31.500498
27.153709
28.815607
36.485115
35.512009
31.784275
27.256706
28.948109
36.537685
35.588184
31.724194
27.327517
28.967419
36.446491
35.213211
31.645336
27.223448
29.099920
36.759773
35.774868
31.808952
27.249197
29.252808
37.095585
36.116581
32.210747
27.587154
29.089729
36.756020
35.833340
32.058399
27.454655
28.991024
36.610107
35.518448
31.652311
27.208427
28.945425
36.609032
35.777550
31.765499
27.215401
28.843502
36.768894
35.941162
32.072880
27.525463
29.068808
36.890667
36.022167
32.068588
27.488449
28.745869
36.543587
35.824757
31.864742
27.342001
28.661648
36.330620
35.625198
31.892101
27.505615
28.998533
36.464195
35.649338
31.788567
27.229885
28.640726
36.479752
35.521130
31.621197
27.185896
28.818289
36.507111
35.750191
31.721512
26.995996
28.503397
36.179878
35.333374
31.535366
27.049103
28.576889
36.217968
35.250225
31.428616
27.146736
28.641262
36.442200
35.524349
31.384090
26.983658
28.503397
36.327938
35.703518
31.673233
26.986877
28.426685
36.286633
35.488407
31.760672
27.270655
28.652529
36.524277
35.711029
31.922142
27.459482
28.631607
36.410549
35.566727
31.774082
27.330200
28.574745
36.551098
35.969593
32.051422
27.556042
28.511444
36.226551
35.642902
31.789640
27.383842
28.668085
36.518909
35.834949
32.052498
27.516880
28.583328
36.185780
35.596767
31.949499
27.502398
29.011408
36.781231
36.086540
32.183926
27.792076
29.049496
36.686279
35.944920
32.059471
27.535656
28.426149
36.172371
35.734097
31.841675
27.260998
28.533974
36.396603
35.846748
31.832556
27.380625
28.772156
36.436836
35.785595
31.973640
27.442852
28.718510
36.594013
35.919170
31.896929
27.487377
28.690079
36.454536
35.989979
32.152275
27.644018
28.666475
36.462048
35.821537
32.122234
27.575890
28.797905
36.653023
36.237278
32.228451
27.678350
28.899292
36.481361
35.876255
32.014946
27.922432
29.163757
36.977032
36.407330
32.403328
27.742723
28.941669
36.822002
36.205627
32.255810
27.759354
28.816679
36.665897
36.170223
32.299259
27.772228
28.862814
36.699692
36.293068
32.452682
27.757206
28.663794
36.550026
36.139111
32.311596
27.853230
28.810780
36.554852
36.022701
32.119553
27.556042
28.146128
35.895565
