120.725174
-186.578232
120.032089
-186.091675
119.282677
-185.155579
119.416786
-185.037033
120.225204
-185.845993
120.580330
-186.521362
120.062126
-186.192520
119.324524
-185.233902
119.400162
-185.149689
120.256317
-186.162491
120.606079
-186.850739
119.973076
-186.359360
119.201675
-185.388397
119.371727
-185.367477
120.174782
-186.337906
120.529366
-186.957489
120.029938
-186.577164
119.341148
-185.612640
119.470436
-185.504272
120.287971
-186.493469
120.612518
-187.259506
119.987564
-186.690353
119.223129
-185.598145
119.318619
-185.481735
120.178535
-186.319122
120.478943
-186.902237
119.864716
-186.385651
119.228500
-185.405029
119.410889
-185.288086
120.227890
-186.101868
120.643631
-186.829819
120.072319
-186.234375
119.400162
-185.199036
119.595421
-185.007523
120.401161
-185.917328
120.766479
-186.689270
120.265442
-186.023010
119.458633
-185.008072
119.533195
-184.912582
120.406525
-185.753189
120.748238
-186.407639
120.104507
-185.893188
119.359390
-184.919556
119.456482
-184.872879
120.223061
-185.754791
120.524544
-186.380280
120.031013
-185.935577
119.298233
-184.979630
119.407135
-184.903458
120.318008
-185.806824
120.719803
-186.393158
119.948936
-185.947906
119.133011
-184.991440
119.246201
-184.950668
120.095924
-185.958099
120.495033
-186.696777
119.881882
-186.261734
119.001579
-185.248932
119.047180
-185.086914
119.950546
-186.052521
120.374336
-186.749893
119.780495
-186.231155
118.988174
-185.162018
119.062202
-185.081558
119.896904
-186.009064
120.273483
-186.585205
119.746162
-186.059494
119.023041
-185.100327
119.215622
-185.105698
120.120064
-185.979553
120.485382
-186.559448
119.959129
-186.077728
119.242981
-184.990356
119.359390
-184.941544
120.183365
-185.907135
120.467682
-186.533707
119.860428
-185.960785
119.139984
-184.934570
119.358315
-184.951202
120.228958
-185.940399
120.537949
-186.578766
119.971466
-186.199509
119.215622
-185.298813
119.350273
-185.229614
120.214478
-186.251007
120.574432
-186.989151
120.014381
-186.411392
119.318619
-185.415222
119.474724
-185.325104
120.245590
-186.202179
120.541710
-186.933350
119.967178
-186.496155
119.186653
-185.560593
119.279999
-185.535919
120.124893
-186.373306
120.471970
-187.089462
119.918365
-186.583588
119.195236
-185.577225
119.318619
-185.545578
120.099678
-186.443039
120.381310
-187.044403
119.878662
-186.447342
119.197922
-185.462433
119.349731
-185.405563
120.142059
-186.339508
120.513275
-187.013824
120.054619
-186.453232
119.349731
-185.392151
119.526756
-185.276825
120.356636
-186.070755
120.744484
-186.698395
120.117920
-186.147461
119.326668
-185.214066
119.580406
-185.064392
120.431740
-185.917862
120.763260
-186.656555
120.201065
-186.053589
119.507446
-184.985001
119.696274
-184.936722
120.548683
-185.859390
120.897369
-186.508499
120.315331
-186.065933
119.623856
-185.172745
119.742409
-185.105698
120.573891
-186.043930
120.870010
-186.675323
120.223595
-186.233292
119.410889
-185.335831
119.557335
-185.196350
120.298698
-186.235977
120.578186
-186.947296
119.964493
-186.375992
119.167877
-185.457596
119.314865
-185.420059
120.114166
-186.231155
120.388283
-186.972519
119.907631
-186.570724
119.195236
-185.558990
119.251564
-185.543427
120.069099
-186.532639
120.400620
-187.162415
119.838432
-186.601837
119.121208
-185.590103
119.324524
-185.535919
120.182289
-186.421051
120.489670
-187.114136
119.962349
-186.604507
119.248886
-185.596542
119.376022
-185.408249
120.357704
-186.323425
120.724098
-186.985931
120.112556
-186.424805
119.485451
-185.406097
119.596497
-185.306320
120.421547
-186.261734
120.801880
-186.930679
120.231644
-186.457535
119.545532
-185.585281
119.623856
-185.596542
120.431198
-186.477921
120.961739
-187.203186
120.481087
-186.816940
119.748306
-185.811661
119.805710
-185.759079
120.535271
-186.711807
120.921509
-187.319595
120.313187
-186.779938
119.488670
-185.783752
119.558945
-185.600296
120.390968
-186.391541
120.819580
-187.040649
120.202141
-186.483810
119.382996
-185.455460
119.476334
-185.448486
120.279922
-186.410324
120.733749
-187.141495
120.221451
-186.622223
119.459167
-185.540756
119.581474
-185.450089
120.377556
-186.411926
120.699959
-187.051910
120.116310
-186.475769
119.255318
-185.479599
119.380844
-185.350845
120.335175
-186.114212
120.821732
-186.778854
120.186584
-186.232224
119.408745
-185.284332
119.609909
-185.228546
120.547073
-186.125473
120.929016
-186.723068
120.312645
-186.226852
119.548218
-185.328323
119.621712
-185.276825
120.451584
-186.155518
120.927948
-186.965546
120.454269
-186.522980
119.704857
-185.466187
119.762260
-185.363190
120.569069
-186.286407
120.886101
-186.958572
120.256859
-186.461823
119.610977
-185.525192
119.766014
-185.410934
120.467140
-186.298737
120.808853
-187.012741
120.336784
-186.408707
119.532661
-185.435608
119.674820
-185.336365
120.490746
-186.249390
120.786858
-186.938721
120.210190
-186.460754
119.520325
-185.532166
119.733826
-185.466187
120.547607
-186.283722
120.799736
-186.906525
120.150101
-186.358292
119.420006
-185.345490
119.598106
-185.312759
120.367897
-186.189316
120.690842
-186.821777
120.072861
-186.341125
119.313255
-185.384644
119.469894
-185.266098
120.288506
-186.230072
120.644707
-186.839478
120.123283
-186.211838
119.393723
-185.217270
119.591667
-185.136276
120.562088
-186.041245
120.948334
-186.778320
120.277245
-186.282654
119.551437
-185.255905
119.723633
-185.240341
120.638268
-186.193604
121.080833
-186.843765
120.474655
-186.358292
119.749382
-185.422729
119.871155
-185.431320
120.604469
-186.482208
120.961205
-187.227325
120.374336
-186.760086
119.704323
-185.779999
119.789612
-185.668961
120.576042
-186.673172
120.930092
-187.276672
120.208038
-186.716095
119.371727
-185.732803
119.524078
-185.646973
120.275635
-186.407639
120.699959
-187.168854
120.208038
-186.655472
119.486526
-185.663589
119.594887
-185.517685
120.421005
-186.276215
120.837822
-186.989151
120.235397
-186.507950
119.414642
-185.481735
119.534271
-185.340652
120.370049
-186.201645
120.771301
-186.854492
120.209114
-186.410324
119.430733
-185.408783
119.614738
-185.401810
120.504692
-186.340042
120.889320
-186.937653
120.334106
-186.365265
119.669449
-185.327789
119.848091
-185.331543
120.669380
-186.284256
121.060982
-186.816940
120.484306
-186.304642
119.777275
-185.356216
119.896370
-185.288086
120.684937
-186.137817
120.908096
-186.871658
120.238083
-186.429092
119.500473
-185.504807
119.649071
-185.364258
120.409744
-186.319122
120.812607
-186.970901
120.325523
-186.452164
119.556801
-185.529480
119.687157
-185.379288
120.519714
-186.325562
120.883423
-187.057266
120.311035
-186.590027
119.548218
-185.568115
119.702713
-185.413071
120.527222
-186.443039
120.983200
-187.175827
120.409203
-186.629196
119.496719
-185.549332
119.593811
-185.497299
120.514885
-186.343811
120.931168
-186.943008
120.299774
-186.425873
119.525146
-185.462433
119.619026
-185.332077
120.504158
-186.277283
120.945114
-186.942474
120.298698
-186.369019
119.444145
-185.439362
119.501007
-185.432922
120.412964
-186.305710
120.826561
-186.982712
120.220917
-186.623825
119.561630
-185.698471
119.738113
-185.474228
120.536346
-186.465042
120.947258
-187.181183
120.381310
-186.687134
119.620636
-185.691498
119.653893
-185.615860
120.395256
-186.406036
120.777740
-187.099121
120.150642
-186.675858
119.332565
-185.738159
119.435028
-185.584732
120.318008
-186.460205
120.696205
-187.214447
120.163513
-186.792801
119.419472
-185.799850
119.509056
-185.751572
120.186043
-186.597534
120.509521
-187.331390
119.994003
-186.779938
119.257462
-185.631409
119.370651
-185.564362
120.254707
-186.555161
120.631828
-187.245560
120.066956
-186.641525
119.254784
-185.713486
119.378700
-185.703293
120.229500
-186.495087
120.693520
-187.059952
120.145279
-186.517609
119.343834
-185.892120
119.430199
-186.082016
120.243446
-186.999344
120.620026
-187.691345
120.150101
-187.099655
119.468826
-185.929672
119.547142
-185.828278
120.359856
-186.735947
120.760040
-187.411331
120.192482
-186.960709
119.514420
-185.912506
119.602936
-185.686661
120.336250
-186.659225
120.803490
-187.373779
120.352882
-186.885605
119.547684
-185.917862
119.671059
-185.842773
120.494499
-186.761688
120.770233
-187.520752
120.128113
-187.139877
119.387817
-186.160873
119.417862
-186.094894
120.264900
-187.079269
120.583015
-187.731049
119.975227
-187.254150
119.223129
-186.393158
119.338470
-186.281570
120.108795
-187.177979
120.445145
-187.917725
119.851303
-187.400055
119.094391
-186.388870
119.264442
-186.331467
120.113625
-187.206406
120.488060
-187.831894
119.935532
-187.372162
119.204895
-186.479523
119.242447
-186.315369
120.049789
-187.171005
120.434952
-187.851212
119.866325
-187.284180
119.161446
-186.233292
119.267120
-186.182343
120.104507
-187.069077
120.503082
-187.679550
119.856674
-187.252533
119.096535
-186.269775
119.305206
-186.069153
120.194092
-186.981094
120.646851
-187.676331
120.111481
-187.149002
119.416786
-186.197357
119.548752
-186.191452
120.308357
-187.086243
120.615738
-187.668274
120.076073
-187.164566
119.415176
-186.186096
119.563774
-186.079346
120.424225
-186.998260
120.822266
-187.731049
120.179611
-187.272385
119.347588
-186.321808
119.390503
-186.219345
120.124359
-187.066391
120.534737
-187.770203
120.105583
-187.331924
119.357780
-186.266556
119.358856
-186.145325
120.090027
-187.137741
120.525612
-187.884460
119.950546
-187.333008
119.102966
-186.369553
119.200600
-186.205399
120.077682
-187.024017
120.463387
-187.726212
119.947327
-187.165100
119.226891
-186.140488
119.340614
-186.130295
120.124359
-187.039032
120.482697
-187.779327
119.895828
-187.267014
119.218842
-186.276215
119.356705
-186.128693
120.132401
-187.089462
120.464462
-187.735336
119.936600
-187.192459
119.233322
-186.264404
119.414108
-186.183411
120.208038
-186.918335
120.664551
-187.675797
120.023506
-187.221954
119.309502
-186.209152
119.494034
-186.111526
120.371117
-187.053513
120.744484
-187.809357
120.259003
-187.394699
119.517639
-186.389938
119.540710
-186.236511
120.348587
-187.138809
120.782036
-187.731049
120.224136
-187.182800
119.409813
-186.309479
119.522469
-186.255295
120.269730
-187.081955
120.524002
-187.750351
119.933380
-187.223038
119.129791
-186.158188
119.286430
-186.069687
120.164055
-186.978409
120.519180
-187.717636
120.016533
-187.246643
119.337395
-186.268173
119.347054
-186.136734
120.201065
-186.976273
120.776672
-187.679001
120.120598
-187.182266
119.205963
-186.246704
119.264442
-186.180725
120.127037
-186.962860
120.581940
-187.670959
120.014923
-187.209625
119.251564
-186.219879
119.286430
-186.093826
120.077682
-187.025085
120.577652
-187.752502
120.102898
-187.320663
119.285362
-186.344879
119.448975
-186.236511
120.253098
-187.151688
120.572281
-187.891434
120.054619
-187.406494
119.397476
-186.417297
119.384064
-186.342728
120.054085
-187.197281
120.459633
-187.846375
119.958061
-187.332474
119.148567
-186.355606
119.263367
-186.198959
120.175858
-187.032059
120.590523
-187.696167
120.046570
-187.228394
119.266586
-186.310013
119.320229
-186.166245
120.104507
-187.145248
120.549217
-187.932739
119.987564
-187.402206
119.153397
-186.406570
119.284821
-186.247787
120.136154
-187.187622
120.542778
-187.776108
120.027260
-187.315308
119.275169
-186.389938
119.456482
-186.256897
120.274025
-187.044403
120.719803
-187.744995
120.322838
-187.260040
119.590599
-186.257431
119.611519
-186.123856
120.411888
-186.959641
120.777740
-187.638779
120.203751
-187.205872
119.479019
-186.276215
119.645851
-186.111526
120.436028
-186.944077
120.860893
-187.664520
120.493423
-187.171005
119.871155
-186.181259
119.797127
-186.142105
120.320160
-186.909210
120.690842
-187.400055
120.261688
-186.842697
119.361534
-186.038574
119.284821
-186.021408
120.156006
-186.907074
120.556725
-187.581909
119.974152
-187.079269
119.266586
-186.106155
119.363144
-186.065933
120.178001
-187.018112
120.618416
-187.697784
120.108795
-187.243423
119.340080
-186.288010
119.404449
-186.088455
120.165665
-186.964462
120.577110
-187.642532
120.092705
-187.085709
119.393723
-186.155518
119.477943
-186.007996
120.350731
-186.779938
120.814217
-187.525589
120.323914
-187.094284
119.568062
-186.063782
119.566452
-185.950058
120.282066
-186.824997
120.641487
-187.541138
120.191414
-187.134521
119.437714
-186.110992
119.473114
-186.010681
120.344833
-186.933350
120.764328
-187.629120
120.081978
-187.102341
119.356171
-186.065933
119.535881
-185.974731
120.438171
-186.947830
120.861961
-187.572800
120.334641
-187.054596
119.661407
-186.183945
119.733292
-186.077194
120.467682
-187.004700
120.865715
-187.712265
120.302994
-187.208542
119.585770
-186.142105
119.720947
-186.017105
120.493423
-186.881317
120.883957
-187.586197
120.333031
-187.092682
119.629753
-186.092209
119.717194
-186.051437
120.525612
-186.879715
121.007874
-187.681686
120.505226
-187.315308
119.803024
-186.293915
119.933922
-186.119568
120.734291
-187.036880
121.056694
-187.699387
120.484306
-187.108765
119.748306
-186.093826
119.751526
-186.035889
120.585693
-186.882385
121.047035
-187.601761
120.514885
-187.186554
119.777275
-186.145859
119.826630
-185.955963
120.625389
-186.912964
121.079758
-187.700470
120.537949
-187.246094
119.764404
-186.297668
119.866325
-186.108307
120.676888
-186.966614
121.136086
-187.701538
120.541710
-187.199966
119.777275
-186.222565
119.926407
-186.102402
120.682793
-186.953201
121.206894
-187.744995
120.749313
-187.289017
119.944649
-186.187698
120.053543
-186.073441
120.995537
-186.966080
121.416107
-187.667740
120.845337
-187.208008
120.100754
-186.307327
120.108261
-186.127075
120.881271
-187.001480
121.317940
-187.830292
120.788467
-187.285797
119.967712
-186.260117
120.012238
-186.258514
120.760574
-187.096970
121.200455
-187.744995
120.674744
-187.383972
119.863106
-186.430710
119.893684
-186.321274
120.596420
-187.236450
121.005730
-187.946152
120.576042
-187.408112
119.797661
-186.364731
119.845406
-186.259048
120.628609
-187.209091
121.014313
-187.972443
120.512199
-187.470871
119.799271
-186.513855
119.937134
-186.320206
120.795441
-187.139343
121.166664
-187.766449
120.632904
-187.305115
119.884033
-186.344345
119.933922
-186.149078
120.668846
-187.084091
121.078148
-187.876953
120.498795
-187.410782
119.671059
-186.444122
119.764938
-186.344345
120.580330
-187.192459
120.950478
-187.882858
120.359314
-187.523438
119.639412
-186.503128
119.671600
-186.344345
120.525078
-187.212845
120.946724
-187.887680
120.351273
-187.440826
119.576111
-186.327713
119.705391
-186.101868
120.578720
-187.073364
120.997681
-187.835648
120.478943
-187.352844
119.693054
-186.333069
119.834137
-186.202179
120.603401
-187.155441
121.005730
-187.759476
120.492355
-187.334076
119.708611
-186.369019
119.766548
-186.210236
120.501472
-187.126480
120.882347
-187.830292
120.371117
-187.303497
119.580940
-186.357758
119.672668
-186.356674
120.530441
-187.157043
120.998756
-187.888763
120.439247
-187.471405
119.629753
-186.512787
119.734360
-186.303040
120.632362
-187.196213
121.080833
-187.986389
120.589447
-187.488571
119.797661
-186.612564
119.833069
-186.465042
120.539024
-187.339447
120.896835
-187.983170
120.319084
-187.493942
119.494576
-186.591110
119.617416
-186.441437
120.370049
-187.305649
120.732147
-188.020721
120.194092
-187.585129
119.389969
-186.603439
119.485992
-186.526733
120.309425
-187.339447
120.747162
-188.095825
120.190338
-187.705292
119.385674
-186.739700
119.457558
-186.465042
120.383453
-187.262726
120.851768
-188.005157
120.370049
-187.519150
119.642097
-186.562668
119.637268
-186.350784
120.417786
-187.119492
120.819580
-187.831360
120.266510
-187.290085
119.413567
-186.205399
119.476868
-186.060028
120.352882
-187.003098
120.887711
-187.814728
120.359856
-187.261658
119.517639
-186.288010
119.510666
-186.248322
120.285828
-187.182266
120.711220
-187.952591
120.139915
-187.469803
119.289650
-186.474167
119.436104
-186.269241
120.403305
-187.032593
120.911316
-187.738022
120.372192
-187.297592
119.650681
-186.400665
119.705933
-186.283722
120.510056
-187.148468
120.914001
-187.870514
120.304596
-187.396301
119.480621
-186.454315
119.517105
-186.402283
120.309425
-187.180649
120.709076
-187.956345
120.143669
-187.460678
119.225815
-186.377594
119.259613
-186.249390
120.131866
-187.110382
120.629150
-187.834045
120.054619
-187.346954
119.299843
-186.360977
119.352417
-186.237595
120.129723
-187.027771
120.529366
-187.752502
119.988098
-187.310471
119.257462
-186.325562
119.372803
-186.247787
120.229500
-187.106628
120.708542
-187.831894
120.123817
-187.406494
119.290192
-186.310547
119.317009
-186.165176
120.045502
-187.086243
120.505226
-187.812576
119.990242
-187.346420
119.244057
-186.407639
119.282677
-186.235443
120.084656
-187.117355
120.562630
-187.895187
119.994003
-187.430634
119.220451
-186.401199
119.327202
-186.305710
120.135086
-187.202652
120.564774
-187.891983
119.967712
-187.366257
119.164658
-186.406570
119.217766
-186.186096
120.046036
-187.020798
120.611443
-187.829742
120.051933
-187.388260
119.180756
-186.423203
119.215622
-186.250458
119.967712
-186.980560
120.417252
-187.669357
119.925339
-187.190842
119.078293
-186.218277
119.238152
-186.056274
120.064812
-186.822311
120.551903
-187.594788
120.025650
-187.297058
119.241905
-186.316452
119.378166
-186.033203
120.153862
-186.937103
120.544388
-187.699936
120.145813
-187.223572
119.378166
-186.269775
119.445221
-186.112061
120.324982
-186.898483
120.799736
-187.673645
120.263290
-187.225708
119.456482
-186.200577
119.484917
-186.049301
120.326057
-186.918335
120.828705
-187.714417
120.300308
-187.264877
119.604546
-186.228470
119.562164
-186.071823
120.221985
-187.058350
120.718735
-187.877487
120.202675
-187.398987
119.341690
-186.379211
119.416252
-186.206482
120.312111
-187.029907
120.797592
-187.846909
120.344299
-187.468185
119.586838
-186.394760
119.642097
-186.212372
120.499329
-187.063171
120.963890
-187.734268
120.471970
-187.214981
119.669991
-186.244034
119.672668
-186.058960
120.383453
-187.005234
120.797050
-187.810440
120.336784
-187.362503
119.553581
-186.441971
119.637268
-186.268173
120.452118
-187.081955
120.861961
-187.824921
120.368973
-187.378601
119.612587
-186.477371
119.662476
-186.291763
120.454269
-187.076584
120.986420
-187.805069
120.422081
-187.390945
119.578796
-186.379211
119.674278
-186.237595
120.471970
-187.171005
120.919899
-187.888214
120.368439
-187.354996
119.556267
-186.274063
119.622780
-186.132980
120.390427
-186.923691
120.844261
-187.598541
120.323914
-187.170456
119.637802
-186.259048
119.812149
-185.989746
120.559944
-187.218735
120.901657
-188.400528
120.370583
-187.897339
119.547684
-186.827133
119.563774
-186.553024
120.438171
-187.495544
120.977837
-188.321671
120.437103
-187.812042
119.712906
-186.830353
119.802490
-186.757935
120.495033
-187.653793
120.897369
-188.423050
120.344299
-188.045395
119.624390
-187.047623
119.816437
-186.803528
120.749847
-187.550262
121.257858
-188.288406
120.716049
-187.849594
119.939285
-186.887756
119.938210
-186.691956
120.682793
-187.617325
121.197777
-188.468643
120.639343
-188.060959
119.764938
-187.087845
119.761185
-186.842697
120.602325
-187.624298
121.106041
-188.243347
120.619492
-187.745529
119.799805
-186.731110
119.900124
-186.589493
120.721954
-187.488571
121.165054
-188.212234
120.682251
-187.644135
119.892609
-186.678009
119.936600
-186.570175
120.768623
-187.388260
121.157539
-188.101181
120.608223
-187.721390
119.847549
-186.777786
119.893684
-186.557846
120.780426
-187.370560
121.265366
-188.082947
120.701569
-187.665604
119.855064
-186.665131
119.837357
-186.414078
120.653824
-187.249847
121.063667
-187.947235
120.599640
-187.459610
119.872231
-186.528336
119.858276
-186.328781
120.661331
-187.051376
121.253029
-187.828674
120.729462
-187.374313
119.914070
-186.310547
120.043350
-186.116348
120.876984
-187.027771
121.341003
-187.918793
120.680107
-187.432251
119.742409
-186.431778
119.796051
-186.255829
120.619492
-187.135590
121.079758
-187.969223
120.613586
-187.565811
119.912994
-186.592712
119.983269
-186.381897
120.713905
-187.258972
121.213333
-188.092606
120.714439
-187.732651
119.866867
-186.739700
119.804100
-186.505814
120.683861
-187.330856
121.237473
-188.073288
120.717125
-187.624298
119.952698
-186.612564
120.014381
-186.454849
120.803490
-187.359818
121.310966
-188.115128
120.686546
-187.589966
119.779961
-186.622223
119.860428
-186.438751
120.696739
-187.288483
121.140915
-188.008926
120.600716
-187.527725
119.789078
-186.555161
119.925873
-186.371170
120.690300
-187.289017
121.067955
-188.064713
120.535271
-187.519684
119.718803
-186.480591
119.782639
-186.242950
120.549217
-187.157593
121.016457
-188.005157
120.454269
-187.637161
119.685013
-186.818024
119.720947
-186.536392
120.508987
-187.246094
120.977295
-187.978348
120.572281
-187.589417
119.862572
-186.579834
119.829315
-186.312149
120.557800
-187.149536
121.107651
-187.928452
120.612518
-187.445663
119.826630
-186.437683
119.845406
-186.229538
120.624855
-187.154373
121.160759
-187.953659
120.698349
-187.522369
119.812149
-186.540680
119.754745
-186.381897
120.556725
-187.169922
121.081367
-187.940262
120.569603
-187.606049
119.775665
-186.645828
119.800880
-186.516541
120.529907
-187.259506
120.992317
-187.953125
120.537415
-187.563675
119.708611
-186.640991
119.666237
-186.374374
120.443001
-187.199966
121.033623
-188.062561
120.538490
-187.639313
119.690910
-186.587891
119.642097
-186.357208
120.453194
-187.204254
121.023972
-188.022324
120.545998
-187.655945
119.735970
-186.691956
119.717735
-186.429092
120.533661
-187.251465
121.016457
-188.071686
120.480553
-187.635025
119.642632
-186.595398
119.630295
-186.338440
120.484306
-187.099655
120.929016
-187.873199
120.360924
-187.470871
119.516029
-186.627579
119.536949
-186.507950
120.381851
-187.309937
120.914536
-188.061493
120.232719
-187.599609
119.335785
-186.662445
119.442001
-186.469864
120.327133
-187.327637
120.817436
-188.166092
120.326057
-187.701538
119.523003
-186.639923
119.555725
-186.391541
120.333031
-187.229477
120.870544
-188.018036
120.470360
-187.498230
119.668381
-186.416763
119.647461
-186.209702
120.481087
-186.943008
120.953697
-187.743378
120.431740
-187.354996
119.674820
-186.344345
119.698959
-186.210236
120.483772
-187.064240
120.941353
-187.783615
120.341614
-187.438141
119.560020
-186.459671
119.566994
-186.234909
120.276703
-186.973053
120.746094
-187.781464
120.313187
-187.397369
119.560020
-186.427490
119.525146
-186.195740
120.288506
-187.044403
120.806709
-187.911285
120.373802
-187.550262
119.635117
-186.570175
119.613129
-186.277817
120.293335
-187.056732
120.746094
-187.940262
120.227890
-187.532562
119.386749
-186.467178
119.435562
-186.274597
120.309967
-187.129150
120.796516
-187.910217
120.215553
-187.501984
119.430199
-186.505814
119.433952
-186.268707
120.108261
-187.087311
120.658653
-187.853882
120.175316
-187.548660
119.396942
-186.720917
119.460777
-186.399597
120.211792
-187.160263
120.672066
-188.013748
120.197845
-187.645752
119.348122
-186.598618
119.376022
-186.447342
120.174782
-187.377533
120.511131
-188.147858
119.945183
-187.727295
119.152321
-186.730576
119.155006
-186.466644
119.988098
-187.331924
120.599106
-188.239594
120.129723
-187.788986
119.281067
-186.765991
119.273026
-186.523514
120.046570
-187.345337
120.542778
-188.121033
120.079292
-187.760544
119.341690
-186.808899
119.347054
-186.518692
120.068031
-187.335678
120.585159
-188.148926
120.202141
-187.719238
119.427521
-186.701080
119.365288
-186.445724
120.065880
-187.334076
120.557800
-188.225113
120.050865
-187.814728
119.295555
-186.808365
119.338470
-186.531021
120.116844
-187.296524
120.691910
-188.061493
120.232719
-187.669357
119.403381
-186.754715
119.292870
-186.556229
120.049255
-187.346954
120.540634
-188.230469
119.945183
-187.809357
119.074005
-186.724686
119.022507
-186.465576
119.849701
-187.259506
120.458557
-188.026627
119.961273
-187.702606
119.130867
-186.757401
119.111015
-186.490250
119.813217
-187.239120
120.365219
-188.097977
119.882957
-187.768600
119.123894
-186.743988
119.192017
-186.549805
119.964493
-187.309937
120.482162
-187.999268
119.955910
-187.667206
119.126572
-186.725220
119.168419
-186.479523
119.987030
-187.298141
120.537949
-188.102264
120.006340
-187.667206
119.177536
-186.647430
119.196846
-186.484894
120.085732
-187.364120
120.500404
-188.128540
119.868469
-187.824921
119.021965
-186.966080
118.979591
-186.764908
119.797127
-187.588348
120.333565
-188.409637
119.836288
-188.019653
119.010162
-187.008453
119.002121
-186.666199
119.805176
-187.462814
120.346977
-188.266418
119.915680
-187.931137
119.195236
-186.956421
119.130325
-186.739166
119.848625
-187.474625
120.398476
-188.288940
119.989708
-187.919327
119.218842
-186.875412
119.238152
-186.616852
120.131332
-187.484818
120.608223
-188.259445
120.058372
-187.800781
119.251564
-186.779938
119.201141
-186.445190
119.984344
-187.246643
120.530975
-188.057739
120.066956
-187.666672
119.190948
-186.647430
119.110481
-186.421051
119.860962
-187.240738
120.383995
-188.165024
119.901733
-187.887146
119.000511
-186.947830
119.000511
-186.747208
119.837898
-187.544891
120.374336
-188.242279
119.833603
-187.817413
119.123894
-186.832504
119.164124
-186.578232
119.906021
-187.339447
120.424759
-188.348480
119.873840
-187.981018
119.006409
-186.959106
118.942039
-186.680695
119.695206
-187.539001
120.282608
-188.283585
119.794983
-187.786301
119.006950
-186.910828
118.987633
-186.627579
119.800346
-187.314758
120.406525
-188.179504
119.888321
-187.844238
119.034302
-186.768661
118.913071
-186.463974
119.664627
-187.347488
120.194092
-188.156982
119.672668
-187.756256
118.897514
-186.798172
118.888397
-186.598618
119.707001
-187.479446
120.292259
-188.272842
119.860962
-187.912903
119.062202
-186.960709
118.995682
-186.698395
119.676964
-187.513245
120.206970
-188.351166
119.836823
-188.048080
118.951691
-187.039566
118.844406
-186.856644
119.536949
-187.599609
120.057297
-188.435928
119.576645
-188.049149
118.741943
-187.073364
118.802567
-186.765991
119.899590
-187.726212
120.701569
-188.405884
119.939285
-187.307251
119.112091
-185.822922
119.127113
-185.136276
119.989174
-185.304718
120.820656
-185.576157
120.536346
-184.627731
119.856674
-182.959930
119.908707
-182.117172
120.921509
-182.496979
121.381775
-182.832260
120.758965
-182.079636
120.050323
-180.746033
119.962349
-180.368378
120.502014
-181.036789
120.944038
-181.865585
120.261688
-181.594681
119.210258
-180.734772
118.936134
-180.502487
119.446831
-181.294281
119.730606
-182.088211
118.967247
-181.693924
117.933525
-180.552383
117.746841
-180.317947
118.379311
-181.144073
118.822945
-181.944977
118.322983
-181.596298
117.415863
-180.644653
117.327881
-180.471909
117.967857
-181.257263
118.364288
-182.072113
117.827850
-181.676224
116.979195
-180.781433
116.859032
-180.585098
117.555336
-181.374741
118.163658
-182.272751
117.736115
-181.844666
116.848305
-180.879074
116.687912
-180.662354
117.397621
-181.478821
117.956055
-182.343552
117.504913
-182.010422
116.750671
-181.175186
116.685760
-181.035172
117.361679
-181.817307
117.845016
-182.727646
117.348267
-182.410080
116.406815
-181.435364
116.260368
-181.120468
116.959351
-181.913330
117.590202
-182.572617
117.285507
-182.339798
116.513031
-181.906891
116.517860
-181.686951
117.394402
-182.396667
118.077293
-183.188995
117.549973
-182.695465
116.684692
-181.720215
116.649818
-181.492767
117.471115
-182.247528
118.107330
-183.084381
117.633659
-182.660599
116.819336
-181.666565
116.651428
-181.368851
117.380455
-182.059784
118.053688
-182.931503
117.666382
-182.570480
116.809143
-181.505630
116.734039
-181.189667
117.583229
-182.029205
118.099823
-182.842453
117.592346
-182.446014
116.780174
-181.531387
116.860107
-181.243317
117.816582
-182.068359
118.518784
-183.031281
118.076759
-182.597290
117.229179
-181.665497
117.249023
-181.449310
118.056374
-182.309219
118.598175
-183.203476
118.069786
-182.930420
117.294090
-181.938004
117.243660
-181.589859
118.073540
-182.374664
118.656113
-183.119797
118.107330
-182.724960
117.396545
-181.711090
117.338615
-181.182159
118.052620
-181.870422
118.733902
-182.713699
118.343369
-182.263626
117.498474
-181.292130
117.451805
-181.022842
118.219452
-181.793701
118.815437
-182.573151
118.342293
-182.194962
117.540314
-181.327530
117.514565
-181.126907
118.239296
-181.896164
118.789154
-182.785583
118.366974
-182.459427
117.541924
-181.531387
117.442680
-181.350067
118.231255
-182.197647
118.872299
-183.097260
118.458702
-182.676682
117.736115
-181.708954
117.687836
-181.465408
118.394867
-182.116638
118.966179
-182.934174
118.388969
-182.618759
117.540314
-181.601120
117.509735
-181.217560
118.317619
-182.027588
119.014458
-182.856400
118.619637
-182.455139
117.860573
-181.408005
117.841797
-181.071655
118.646461
-181.874710
119.327736
-182.706726
118.960274
-182.266846
118.107872
-181.213272
118.093925
-180.925201
118.831528
-181.673538
119.392113
-182.557602
118.951157
-182.146683
118.134155
-181.119400
118.013992
-180.844742
118.820801
-181.642426
119.478477
-182.598907
119.004799
-182.337662
118.244659
-181.473450
118.227493
-181.256195
118.933990
-182.052811
119.442001
-182.937943
118.976372
-182.601044
118.193703
-181.523331
118.158295
-181.185913
118.953300
-181.927811
119.495110
-182.771103
119.027870
-182.410080
118.315475
-181.526016
118.273628
-181.230972
119.054688
-182.001846
119.683403
-182.896622
119.217766
-182.589783
118.400230
-181.561966
118.363754
-181.378494
119.123894
-182.152054
119.810539
-182.996414
119.342758
-182.708344
118.487137
-181.716995
118.407204
-181.351669
119.194168
-182.138641
119.817513
-182.882141
119.356171
-182.397202
118.483383
-181.403717
118.393257
-181.119934
119.145348
-181.879532
119.781036
-182.742676
119.176460
-182.403107
118.299377
-181.380112
118.272018
-181.080780
119.013924
-181.929428
119.533195
-182.866058
119.039673
-182.606949
118.207115
-181.696609
118.215157
-181.497589
118.929703
-182.353210
119.468826
-183.281265
119.039673
-183.023773
118.182434
-182.044220
118.075684
-181.760986
118.793976
-182.461044
119.372261
-183.257126
118.931847
-182.951889
118.159904
-181.945511
118.201752
-181.587173
119.016602
-182.404709
119.623322
-183.272141
119.197388
-182.867661
118.408279
-181.848953
118.381989
-181.412827
119.143204
-182.092499
119.781570
-182.811874
119.448975
-182.476593
118.622314
-181.527100
118.593353
-181.188065
119.345444
-181.971268
119.867401
-182.809189
119.263367
-182.440125
118.523613
-181.544266
118.566528
-181.286224
119.361000
-181.997009
120.053009
-182.887512
119.632973
-182.510925
118.861038
-181.592545
118.855667
-181.320557
119.612587
-182.055496
120.069641
-182.967972
119.622780
-182.678299
118.787544
-181.661743
118.685616
-181.406387
119.492966
-182.156342
120.183365
-182.950272
119.719879
-182.616608
118.878738
-181.606491
118.847084
-181.319489
119.596497
-182.034027
120.160835
-182.821533
119.678040
-182.474991
118.913071
-181.533524
118.874443
-181.393524
119.514420
-182.061920
119.906021
-182.545258
119.549286
-181.946060
118.879807
-180.918762
118.909851
-180.738525
119.653358
-181.705734
120.269730
-182.731949
119.794441
-182.387543
118.951157
-181.321106
118.895905
-180.996017
119.631905
-181.683197
120.243980
-182.503418
119.847015
-182.108063
119.181824
-181.146759
119.131401
-180.819534
119.841110
-181.620972
120.395256
-182.608017
120.058907
-182.289383
119.377090
-181.241699
119.299843
-180.975632
120.015991
-181.817307
120.592133
-182.750717
120.100754
-182.447632
119.247810
-181.523880
119.082047
-181.241165
119.817513
-182.003983
120.534195
-182.943298
120.021362
-182.665421
119.175392
-181.718063
119.072929
-181.343628
119.775665
-182.139175
120.372726
-183.028061
119.907097
-182.569397
119.116920
-181.414978
119.158760
-180.899460
119.981125
-181.692322
120.510590
-182.805435
120.014923
-182.377884
119.270340
-181.243851
119.135155
-180.928955
119.800346
-181.481491
120.423157
-182.355896
120.018143
-182.111816
119.166809
-181.118332
118.990318
-180.743881
119.736511
-181.575912
120.338928
-182.582275
119.849701
-182.237335
119.108871
-181.304474
119.052010
-181.071121
119.711830
-181.771713
120.330353
-182.536148
119.895294
-182.227692
119.077225
-181.205231
118.996758
-180.875320
119.800346
-181.640289
120.530975
-182.536682
120.116310
-182.274353
119.260147
-181.309296
119.176460
-181.040543
119.904953
-181.836624
120.533661
-182.687424
120.085732
-182.326385
119.252640
-181.301254
119.260681
-180.916092
120.014381
-181.706268
120.515961
-182.650940
119.935532
-182.366623
119.125504
-181.494904
119.023575
-181.231522
119.716660
-181.867737
120.266510
-182.817230
119.731140
-182.477127
118.914139
-181.452530
118.784859
-181.164459
119.460243
-181.922989
120.097000
-182.918091
119.658188
-182.658981
118.856209
-181.617752
118.807388
-181.194504
119.545532
-181.896164
120.206970
-182.870880
119.851845
-182.684738
119.043427
-181.713776
118.907166
-181.370453
119.726852
-182.115570
120.342148
-183.066681
119.821266
-182.702972
119.119064
-181.630630
119.212944
-181.292664
120.062668
-182.049057
120.635048
-182.883224
120.216621
-182.467484
119.374947
-181.392990
119.195778
-180.932175
119.848625
-181.637604
120.346977
-182.471237
119.897980
-182.056030
119.120132
-181.030884
119.040741
-180.702042
119.768692
-181.460037
120.403839
-182.361801
120.015991
-182.080170
119.215622
-181.042145
119.167877
-180.661270
119.966644
-181.372604
120.630219
-182.262558
120.145813
-181.891876
119.320229
-180.884430
119.166809
-180.610855
119.898514
-181.429993
120.578186
-182.427246
120.140984
-182.225006
119.319695
-181.293198
119.256927
-181.009430
120.054619
-181.869873
120.532051
-182.715317
119.943573
-181.945511
119.268730
-180.775009
119.305206
-180.512146
120.006340
-181.475601
120.571213
-182.454071
120.031013
-182.195496
119.203285
-181.342560
119.091705
-181.027664
119.748848
-181.780838
120.469826
-182.700821
120.052475
-182.398270
119.190407
-181.375824
119.066490
-180.978317
119.799805
-181.648331
120.433350
-182.562958
120.068565
-182.299576
119.354561
-181.311981
119.306816
-180.911255
120.074463
-181.532455
120.749313
-182.400421
120.345909
-182.048508
119.451660
-181.085068
119.337395
-180.747101
120.051399
-181.425171
120.708008
-182.360184
120.312111
-182.052277
119.454338
-181.152115
119.389969
-180.798065
120.181221
-181.506180
120.793839
-182.483566
120.312111
-182.169754
119.379234
-181.147827
119.196846
-180.802902
119.955910
-181.597366
120.593208
-182.549545
120.052475
-182.259338
119.184509
-181.286774
119.036987
-180.942368
119.659264
-181.688019
120.270805
-182.576370
119.931770
-182.352676
119.188797
-181.403183
119.020897
-181.012650
119.798737
-181.728256
120.543320
-182.538818
120.130791
-182.198181
119.176460
-181.156418
118.987099
-180.768021
119.737045
-181.438583
120.517570
-182.381638
120.149567
-182.058167
119.353485
-181.053955
119.189873
-180.715454
119.906021
-181.414444
120.618416
-182.284012
120.234329
-182.004532
119.364754
-181.141922
119.279999
-180.770172
119.985420
-181.562500
120.568527
-182.431534
120.154396
-182.102692
119.428589
-181.203079
119.333107
-180.807190
120.032623
-181.493835
120.621635
-182.485184
120.129181
-182.239487
119.273026
-181.316269
119.141060
-180.983673
119.862572
-181.653152
120.449440
-182.599442
120.018143
-182.313522
119.198456
-181.301254
119.116379
-180.855469
119.868469
-181.533524
120.545464
-182.544189
120.009560
-182.222321
119.071320
-181.181091
118.899124
-180.915543
119.621170
-181.614532
120.269196
-182.524872
119.818047
-182.204086
119.042351
-181.182159
118.872833
-180.850098
119.645851
-181.597900
120.274025
-182.442261
119.930161
-182.140244
119.212402
-181.164993
119.084732
-180.804504
119.892075
-181.428391
120.570137
-182.195496
120.182289
-181.937469
119.461853
-181.027130
119.335785
-180.587250
120.043892
-181.365082
120.712296
-182.353745
120.179611
-182.073196
119.254250
-181.121002
119.178070
-180.670929
119.961273
-181.337189
120.691910
-182.177795
120.233788
-181.846817
119.296089
-180.834015
119.210258
-180.502487
120.000977
-181.261017
120.654358
-182.286163
120.207504
-182.181549
119.332031
-181.216492
119.176460
-180.875320
119.854523
-181.560883
120.446754
-182.518433
119.959129
-182.314590
119.104042
-181.248672
118.992996
-180.834015
119.615273
-181.558212
120.117920
-182.513077
119.685013
-182.319962
118.842262
-181.359192
118.775742
-180.839371
119.501007
-181.590393
120.218765
-182.582809
119.800346
-182.287766
118.971008
-181.355972
118.771446
-181.012650
119.418938
-181.694992
120.055153
-182.602127
119.581474
-182.238419
118.914680
-181.299103
118.931847
-180.902145
119.678040
-181.586639
120.393112
-182.516296
120.025116
-182.234131
119.214554
-181.261017
119.072929
-180.890335
119.826096
-181.560883
120.477867
-182.540436
120.011703
-182.341415
119.232788
-181.393524
119.147491
-181.156418
119.866867
-181.804428
120.601791
-182.689560
120.154396
-182.459427
119.294479
-181.402634
119.129791
-181.054489
119.790688
-181.836090
120.465530
-182.668106
120.089485
-182.356430
119.192017
-181.390305
119.077759
-180.964371
119.794983
-181.659058
120.485382
-182.542038
120.116844
-182.182083
119.321304
-181.240631
119.124428
-180.826508
119.825020
-181.535141
120.512199
-182.597290
120.047104
-182.397736
119.097603
-181.556061
118.922729
-181.205231
119.563774
-181.839844
120.204819
-182.749115
119.988098
-182.451385
119.281609
-181.412292
119.087952
-180.983673
119.809464
-181.715927
120.573357
-182.688492
120.157616
-182.406860
119.378700
-181.394592
119.229034
-181.048050
119.941963
-181.819992
120.555656
-182.748032
120.068565
-182.493225
119.264442
-181.561966
119.196312
-181.205231
119.855598
-181.874710
120.588379
-182.881073
120.199997
-182.643433
119.344368
-181.583954
119.181824
-181.142471
119.826630
-181.830719
120.573891
-182.735153
120.147423
-182.427246
119.297699
-181.469162
119.175392
-181.165527
119.832535
-181.857544
120.489670
-182.721207
120.087341
-182.393448
119.241371
-181.428925
119.031624
-181.072189
119.762260
-181.741669
120.451584
-182.748032
120.058907
-182.463715
119.248886
-181.552307
119.072929
-181.202545
119.771912
-181.898315
120.482162
-182.748032
120.040131
-182.425095
119.277847
-181.515823
119.143204
-181.127975
119.798737
-181.607559
120.528831
-182.541504
120.142059
-182.374664
119.306816
-181.354355
119.238152
-180.935394
119.982735
-181.586105
120.693520
-182.496979
120.285828
-182.294739
119.384064
-181.367767
119.338470
-181.021759
120.143127
-181.784042
120.832993
-182.768417
120.320160
-182.385941
119.553047
-181.387619
119.457024
-181.026062
119.978981
-181.676758
120.530975
-182.702438
120.187653
-182.412766
119.451660
-181.461655
119.339005
-181.169281
119.984879
-181.934784
120.585693
-182.883224
120.168343
-182.584961
119.304672
-181.664429
119.206505
-181.386551
119.906021
-181.981995
120.480019
-182.641281
120.039063
-182.330688
119.224205
-181.631699
119.188263
-181.322174
119.837357
-181.955170
120.402229
-182.878922
119.941963
-182.632706
119.239227
-181.611847
119.184509
-181.051270
119.916756
-181.656372
120.698883
-182.642349
120.275093
-182.351074
119.341148
-181.337723
119.142128
-180.908035
119.870079
-181.577515
120.522934
-182.581207
120.065346
-182.441727
119.149643
-181.508850
119.057373
-181.127441
119.806778
-181.912262
120.399551
-182.878922
119.932846
-182.643433
119.189873
-181.747040
119.180756
-181.376358
119.894218
-181.997009
120.563164
-182.962082
120.365753
-182.655762
119.596497
-181.748642
119.270340
-181.317886
120.006874
-181.929428
120.812607
-182.979782
120.343758
-182.817780
119.525688
-181.885437
119.396942
-181.436432
120.070709
-182.190140
120.718193
-183.155197
120.282066
-182.838699
119.476334
-181.852707
119.394257
-181.457886
120.131866
-182.161697
120.777740
-183.136948
120.364685
-182.874100
119.543388
-181.848953
119.328278
-181.358658
119.904953
-181.990036
120.441925
-182.830643
119.964493
-182.486252
119.163589
-181.526550
119.032700
-180.999771
119.682861
-181.603271
120.277245
-182.576370
119.835213
-182.380569
118.976372
-181.614532
118.756966
-181.296417
119.455948
-182.106979
120.063736
-183.152512
119.622780
-182.913254
118.851913
-181.966446
118.644310
-181.604874
119.248886
-182.346771
119.976295
-183.303253
119.679108
-182.992111
118.881958
-182.066223
118.787003
-181.710556
119.532661
-182.300644
120.234863
-183.176117
119.846481
-182.925598
119.116379
-181.895630
119.040741
-181.455215
119.820732
-182.027054
120.564240
-182.971725
120.188194
-182.801147
119.286430
-181.804977
119.160370
-181.393524
119.847015
-182.076416
120.612518
-183.136414
120.264366
-182.942230
119.428055
-181.994339
119.172707
-181.554459
119.844330
-182.235199
120.589989
-183.258728
120.324448
-182.994797
119.473114
-182.069977
119.212402
-181.609177
119.798737
-182.074265
120.410278
-183.013580
119.966103
-182.702438
119.128723
-181.666565
118.939354
-181.208450
119.556267
-181.700897
120.247734
-182.562958
119.855064
-182.342484
119.060059
-181.321106
119.002121
-180.863510
119.721489
-181.502411
120.278854
-182.469086
119.872231
-182.212662
119.069176
-181.206833
118.872833
-180.934326
119.526756
-181.707336
120.279388
-182.713165
119.864716
-182.533463
118.952766
-181.522263
118.781639
-181.190201
119.409813
-181.964828
120.100212
-182.971725
119.746704
-182.759842
118.952232
-181.884903
118.813293
-181.495438
119.487602
-182.157410
120.238083
-183.193817
119.859352
-183.003922
119.027328
-181.997559
118.905563
-181.417664
119.688766
-181.962677
120.348587
-182.952423
119.990242
-182.655228
119.230110
-181.704651
119.019287
-181.267456
119.721489
-181.918701
120.427444
-182.873566
120.051933
-182.613388
119.209724
-181.596832
119.082588
-181.138168
119.812149
-181.884369
120.485916
-182.858002
120.182289
-182.584427
119.492424
-181.662811
119.330421
-181.252441
119.939285
-181.912262
120.643631
-182.913254
120.260078
-182.625732
119.452728
-181.615601
119.220985
-181.145142
119.898514
-181.762589
120.675278
-182.772171
120.279922
-182.682053
119.388359
-181.750259
119.123894
-181.324326
119.731682
-182.059250
120.411354
-183.058105
120.064270
-182.875168
119.317009
-181.957855
119.190948
-181.506180
119.958595
-182.060852
120.757355
-183.095642
120.346977
-182.945450
119.526756
-182.007202
119.384064
-181.566254
120.078758
-182.081772
120.867325
-182.974945
120.573891
-182.778610
119.750458
-181.823746
119.435562
-181.132813
120.063202
-181.365082
120.856598
-182.152054
120.507912
-182.022232
119.643707
-181.130661
119.422691
-180.792709
120.070709
-181.497589
120.784180
-182.511993
120.320694
-182.233582
119.452194
-181.292130
119.292870
-180.880142
119.953232
-181.506714
120.644165
-182.462646
120.204285
-182.282410
119.321304
-181.413361
119.112091
-180.988510
119.923729
-181.624725
120.710152
-182.592468
120.288506
-182.361801
119.408203
-181.441269
119.244591
-180.952560
119.923187
-181.605408
120.506302
-182.691711
120.109871
-182.404175
119.377625
-181.429459
119.154465
-180.973480
119.799805
-181.582352
120.521324
-182.572617
120.129181
-182.411148
119.272484
-181.320557
119.053619
-180.903748
119.702179
-181.500809
120.559410
-182.404175
120.326057
-182.394516
119.382996
-181.806046
119.105652
-181.394058
119.788010
-181.926208
120.467140
-182.845139
120.124359
-182.575836
119.480621
-181.730942
119.320229
-181.359726
120.060516
-181.909576
120.734825
-182.963150
120.222527
-182.852646
119.254784
-181.935318
119.010162
-181.512604
119.683937
-182.135956
120.352882
-183.088669
120.036919
-182.863373
119.206505
-181.975555
118.889465
-181.529770
119.491890
-182.205154
120.184433
-183.237274
119.816971
-182.929886
118.956520
-182.005066
118.714050
-181.546402
119.355637
-182.049057
120.047104
-183.129974
119.667305
-183.029663
118.824020
-182.104843
118.686157
-181.625259
119.432884
-182.206223
120.245590
-183.158417
119.855064
-183.050583
119.095459
-182.158493
118.911995
-181.703049
119.538559
-182.306549
120.328201
-183.217422
120.024040
-182.984604
119.164658
-181.897781
119.057373
-181.448242
119.737045
-182.133270
120.476257
-183.096725
120.129723
-182.855316
119.352951
-181.898849
119.104042
-181.416580
119.648529
-182.038315
120.385605
-183.084381
120.032089
-182.936859
119.048256
-181.940689
118.816513
-181.434296
119.571281
-182.016861
120.313187
-182.981384
119.989174
-182.773788
119.103508
-181.873642
118.806320
-181.375275
119.461853
-181.867737
120.181755
-182.813477
119.794983
-182.598907
119.015533
-181.750259
118.845474
-181.395660
119.461853
-182.088211
120.267052
-183.140717
119.903343
-182.920776
118.959206
-181.969650
118.752670
-181.606491
119.400696
-182.251297
120.039063
-183.228149
119.653893
-183.052200
118.883568
-182.119858
118.684006
-181.675690
119.425369
-182.260941
120.252563
-183.148224
119.877594
-183.035034
118.967247
-182.016861
118.770912
-181.429459
119.542313
-182.012573
120.278854
-182.918091
119.978439
-182.757690
119.160370
-181.794235
119.003731
-181.315201
119.679642
-181.988968
120.333565
-183.067215
119.968254
-182.869812
119.199532
-181.890259
119.011238
-181.503494
119.607224
-182.294205
120.264366
-183.370850
119.964493
-183.265167
119.120674
-182.427246
118.949547
-181.999695
119.583084
-182.615540
120.300308
-183.642288
119.882423
-183.396591
118.987099
-182.498047
118.805244
-181.950348
119.463997
-182.399353
120.172638
-183.413223
119.846481
-183.126221
119.156075
-182.094116
118.941498
-181.567856
119.580406
-182.104309
120.262756
-183.113892
119.808388
-182.799530
118.971008
-181.828033
118.804710
-181.451996
119.425911
-182.049057
120.183365
-183.009811
119.888855
-182.919159
119.111015
-182.061920
118.883026
-181.527100
119.499939
-182.157410
120.289040
-183.212051
120.002586
-183.066681
119.166809
-182.170288
118.877129
-181.655838
119.553047
-182.199249
120.371658
-183.232971
119.960739
-183.046829
119.123894
-182.077484
118.883568
-181.598434
119.599716
-182.226074
120.372726
-183.283936
120.018677
-183.127304
119.107796
-182.192276
118.865860
-181.778152
119.521393
-182.387009
120.281532
-183.456680
119.915146
-183.291458
119.017136
-182.256653
118.791298
-181.731476
119.458092
-182.337128
120.152786
-183.364410
119.830383
-183.231903
119.028938
-182.369843
118.822945
-181.857544
119.427521
-182.373596
120.127571
-183.376205
119.849701
-183.238876
119.055229
-182.309219
118.753746
-181.804428
119.440926
-182.411682
120.293335
-183.413757
119.975227
-183.179337
119.191483
-182.254501
118.916824
-181.745422
119.553047
-182.442261
120.256317
-183.469009
119.915680
-183.249069
119.145889
-182.339798
118.975296
-181.802292
119.639412
-182.423492
120.363075
-183.420197
119.895828
-183.204544
119.053619
-182.275436
118.865326
-181.797989
119.600250
-182.412766
120.371117
-183.427170
120.091095
-183.231369
119.243515
-182.237885
118.914680
-181.841980
119.420006
-182.459961
120.182289
-183.514603
119.877594
-183.411072
119.050400
-182.543121
118.893219
-182.144531
119.624390
-182.811874
120.417252
-183.803223
119.993462
-183.597763
119.125504
-182.616074
118.940964
-182.154724
119.473114
-182.803818
120.022964
-183.765121
119.597572
-183.595078
118.814362
-182.705124
118.563843
-182.091431
119.286430
-182.693848
120.167267
-183.816620
119.861496
-183.598297
118.984413
-182.695999
118.719414
-182.181015
119.329346
-182.683655
120.075005
-183.599365
119.702179
-183.429321
118.766083
-182.387543
118.592278
-181.876312
119.290726
-182.539352
120.038528
-183.402496
119.788010
-183.220108
118.983345
-182.302795
118.679718
-181.719147
119.176460
-182.095184
119.806778
-183.348312
119.454338
-184.065536
118.363754
-183.688416
117.946938
-183.651932
118.320839
-184.842300
118.855667
-186.535309
118.361069
-187.010071
117.318764
-186.782608
116.897659
-186.915649
117.412109
-187.999802
118.048325
-189.628967
117.597717
-189.947083
116.692734
-189.573715
116.428810
-189.627899
117.044106
-190.522156
117.672813
-191.872910
117.180901
-191.864334
116.200287
-190.836502
115.856964
-190.312393
116.449730
-190.918045
117.162659
-191.893829
116.782326
-191.696960
115.944397
-190.815048
115.794731
-190.330643
116.388573
-190.917511
117.129936
-191.987701
116.714195
-191.855209
115.907387
-190.942184
115.677788
-190.491043
116.384819
-191.077362
117.141739
-192.075165
116.791443
-191.960892
115.993752
-190.989929
115.731430
-190.498016
116.361214
-191.125107
117.178215
-192.160461
117.007629
-192.017227
116.342438
-191.091309
116.160049
-190.491043
116.732437
-191.061279
117.450195
-192.115402
117.186264
-191.943726
116.444366
-190.979202
116.141815
-190.531265
116.695419
-191.124573
117.409424
-192.171188
117.129402
-192.053177
116.341370
-191.063416
116.138054
-190.496399
116.911072
-191.093460
117.682472
-192.118073
117.300522
-191.922806
116.501228
-190.947006
116.249100
-190.475479
116.763008
-191.032837
117.643311
-191.944794
117.403519
-191.796204
116.621391
-190.879959
116.422905
-190.350494
117.106873
-190.911606
117.846085
-191.841797
117.552650
-191.662094
116.763550
-190.640167
116.505516
-190.104263
117.051079
-190.804321
117.831604
-191.810150
117.588058
-191.580551
116.928772
-190.682007
116.834358
-190.307571
117.417473
-190.763550
118.166344
-191.537628
117.852524
-191.427658
116.982414
-190.538239
116.697029
-190.041504
117.343445
-190.685760
118.222672
-191.749527
117.970001
-191.598785
117.138519
-190.640701
116.903023
-190.154694
117.548363
-190.664307
118.256462
-191.639023
117.995216
-191.504913
117.236153
-190.636414
116.966324
-190.149857
117.553192
-190.596176
118.235008
-191.626678
117.862183
-191.494186
117.109550
-190.561844
116.830605
-190.093536
117.375092
-190.684158
118.117523
-191.710373
117.876663
-191.545685
117.002266
-190.688446
116.639091
-190.120895
117.270485
-190.693817
118.083733
-191.731293
117.799416
-191.626144
117.005486
-190.731369
116.786613
-190.245346
117.288185
-190.899261
117.980736
-191.819260
117.652969
-191.671204
116.757111
-190.831146
116.537170
-190.292557
117.187874
-190.832214
117.969467
-191.954453
117.676575
-191.806931
116.875664
-190.721176
116.656799
-190.141815
117.247955
-190.840790
117.974831
-191.816589
117.658333
-191.586990
116.892296
-190.613342
116.681473
-190.098892
117.179291
-190.677719
117.947472
-191.795670
117.624535
-191.655655
116.768913
-190.646606
116.549507
-190.190094
117.210403
-190.657333
117.914215
-191.578934
117.607910
-191.531204
116.786613
-190.574722
116.510345
-189.990540
117.069855
-190.611206
117.788155
-191.671738
117.427124
-191.504379
116.519470
-190.461533
116.266266
-189.955673
117.043571
-190.617096
117.833214
-191.677109
117.623466
-191.486679
116.783394
-190.532349
116.483528
-190.054916
117.170708
-190.641769
118.048325
-191.606842
117.858963
-191.418549
116.974365
-190.262512
116.558090
-189.661163
117.123497
-190.347809
118.052078
-191.405670
117.859497
-191.196457
117.031769
-190.250168
116.802170
-189.676178
117.398155
-190.283966
118.110550
-191.318771
117.792976
-191.159973
116.989929
-190.260361
116.690056
-189.626297
117.352562
-190.108017
118.175461
-191.217911
117.780640
-191.179825
116.980804
-190.390182
116.693810
-189.946548
117.273170
-190.531265
118.132011
-191.558548
117.861107
-191.379913
116.993141
-190.388046
116.705612
-189.930984
117.328957
-190.496399
118.101967
-191.523148
117.822487
-191.334854
116.994751
-190.424515
116.735649
-189.884857
117.326279
-190.393936
118.047256
-191.369720
117.700172
-191.172852
116.846695
-190.253922
116.559700
-189.770599
117.232933
-190.326889
118.112701
-191.442688
117.762405
-191.632584
116.800026
-190.825241
116.530731
-190.229782
117.215767
-190.714203
118.064957
-191.674423
117.737724
-191.537628
116.878349
-190.624069
116.651428
-190.151474
117.269409
-190.729752
117.941040
-191.780106
117.584839
-191.627213
116.730286
-190.648209
116.433098
-190.095673
117.128326
-190.647675
117.920113
-191.695343
117.610054
-191.414246
116.843475
-190.482986
116.572037
-190.016815
117.199135
-190.574722
