136.045410
237.311691
135.910767
237.410934
135.861404
237.278427
135.938126
237.115356
136.019119
236.988220
135.940262
237.019867
135.922562
237.130371
135.966019
237.173294
136.016983
237.434540
136.196152
237.647507
136.164505
237.412537
136.022888
237.012360
135.992310
236.961929
136.097443
237.177582
136.094757
237.074051
136.088867
237.332077
135.946167
237.319733
135.944031
237.174896
136.073837
237.188309
136.030930
237.085846
135.977814
237.034348
135.998199
237.071899
135.933289
237.028458
135.935974
237.030594
135.995529
237.184021
136.029861
237.193680
135.992844
237.114288
135.962265
236.995728
135.968170
236.803680
135.975677
236.763443
136.037903
236.996796
136.012146
237.020401
136.111389
237.008606
136.206879
236.990906
136.193466
236.900772
136.224579
236.836411
136.141434
237.076736
136.096909
237.229614
136.071701
237.096039
136.048630
236.844986
136.229950
236.838547
136.177383
236.899704
136.102814
236.947449
136.145721
237.037033
136.166107
236.803146
136.154846
236.663132
136.110855
236.840164
135.991226
236.914185
136.062576
236.810120
136.086182
236.618607
136.033066
236.635239
136.067398
236.697464
135.996597
236.583740
135.903259
236.842834
135.922028
236.644897
135.979431
236.687805
135.917206
236.751648
135.839417
236.430313
135.955292
236.445343
136.010544
236.523651
136.018585
236.737701
135.992844
236.664200
135.952606
236.706055
135.963867
236.626648
135.997131
236.598221
136.041122
236.438904
135.977814
236.448563
135.893600
236.648117
135.861404
236.714630
135.942413
236.636841
135.889313
236.817627
135.813126
236.625580
135.836731
236.237732
135.981583
236.209305
135.978363
236.326782
135.960648
236.542435
135.945633
236.677078
135.909149
236.806900
135.891449
236.726974
135.882874
236.728043
135.891983
236.724289
135.860870
236.580521
135.795959
236.568726
135.842636
236.574615
135.838348
236.599838
135.948318
236.877716
136.003036
236.772568
135.985336
236.469482
136.160217
236.339661
136.220291
236.434616
136.241211
236.657776
136.065262
236.613251
135.990158
236.581055
136.043808
236.403503
135.967621
236.447479
135.931152
236.318741
135.947784
236.404572
135.975143
236.729645
136.041122
236.680832
136.005722
236.357895
135.957977
236.311768
135.970306
236.468399
135.936508
236.417984
136.044876
236.486115
135.984787
236.635239
136.003036
236.547256
135.909698
236.479141
135.820648
236.556915
135.794357
236.527420
135.874283
236.438904
135.856049
236.469482
135.707993
236.721603
135.717102
236.397064
135.790604
236.269928
135.783630
236.379349
135.780411
236.506500
135.694046
236.657227
135.740173
236.523117
135.901642
236.664749
135.990158
236.673325
135.985870
236.394913
135.877502
236.267242
135.775589
236.355759
135.837814
236.372375
135.850677
236.210907
135.860870
236.510788
135.828156
236.649185
135.728912
236.458755
135.753586
236.313904
135.826004
236.273682
135.731064
236.510788
135.558319
236.510788
135.544907
236.515610
135.521851
236.552628
135.422607
236.848206
135.425278
236.586960
135.279373
236.449097
135.270248
236.654556
135.371643
236.844986
135.472488
236.640060
135.508438
236.500595
135.489655
236.577301
135.517548
236.726974
135.710678
236.923843
135.680634
236.733948
135.687607
236.822464
135.727844
236.715164
135.714432
236.731262
135.858200
236.803146
135.845322
236.800995
135.720871
236.761841
135.684387
236.791336
135.766998
236.528488
135.751984
236.572479
135.818497
236.658310
135.812057
236.674942
135.723007
236.812805
135.640930
236.826218
135.552963
236.651871
135.571732
236.441040
135.534180
236.430313
135.473572
236.520447
135.412949
236.570328
135.523987
236.353073
135.645233
236.306396
135.741791
236.476990
135.782013
236.699615
135.831909
236.710342
135.785767
236.440506
135.787918
236.446945
135.805084
236.568176
135.630737
236.681366
135.491806
236.508102
135.556717
236.559601
135.585144
236.645966
135.487518
236.766129
135.410263
236.906677
135.366806
236.783829
135.407043
236.725357
135.407578
237.010208
135.324432
236.897552
135.115753
236.840698
135.040115
236.918488
135.140427
236.836411
135.189255
236.728577
135.146866
236.729645
135.104492
236.701752
135.076599
236.581055
135.011154
236.620758
134.911911
236.586426
134.826080
236.585892
134.763855
236.832642
134.768143
237.083160
134.819107
236.778473
134.907623
236.607346
134.965561
236.816559
135.015976
236.873962
135.117905
236.669037
135.188171
236.391693
135.245575
236.697998
135.333023
236.740387
135.391495
236.653473
135.309952
236.900238
135.381302
236.557983
135.506821
236.450699
135.508438
236.543503
135.637177
236.725357
135.708527
236.663132
135.601776
236.649185
135.672592
236.676010
135.736420
236.323563
135.627518
236.361649
135.601242
236.606277
135.631821
236.603592
135.555099
236.595001
135.519165
236.831573
135.542770
236.825134
135.522919
236.401352
135.521301
236.198578
135.460159
236.111664
135.486969
236.204483
135.512726
236.437286
135.489120
236.443726
135.493408
236.521515
135.491272
236.487183
135.521301
236.479141
135.434937
236.520981
135.371643
236.655624
135.480545
236.410477
135.638794
236.349319
135.630203
236.365952
135.411880
236.458755
135.364670
236.741455
135.440842
236.839081
135.477859
236.880386
135.514877
236.718918
135.409195
236.570862
135.344818
236.733948
135.453186
236.578369
135.393097
236.526871
135.411880
236.643829
135.396851
236.677078
135.317993
236.594467
135.319611
236.703903
135.378082
236.673325
135.348572
236.436218
135.310486
236.277435
135.263275
236.308548
135.258453
236.310150
135.393097
236.561752
135.412949
236.544037
135.412415
236.438904
135.430649
236.443726
135.416702
236.283325
135.371643
236.300507
135.343750
236.317657
135.334625
236.435684
135.230026
236.411545
135.189789
236.536530
135.225723
236.445343
135.279373
236.311234
135.225189
236.452316
135.121124
236.349854
135.329803
236.201797
135.442444
236.151901
135.500381
236.125076
135.431717
236.281723
135.364136
236.300507
135.452103
236.450165
135.536865
236.185165
135.506821
236.320877
135.356079
236.338043
135.350723
236.281189
135.360916
236.380966
135.419922
236.378281
135.501465
236.607880
135.392563
236.744675
135.327118
236.750031
135.323364
236.629868
135.339447
236.603592
135.348572
236.457672
135.348572
236.252762
135.309418
236.477524
135.353943
236.316589
135.394714
236.400284
135.338379
236.500595
135.263275
236.490936
135.273468
236.647034
135.319077
236.546188
135.308884
236.270462
135.406509
236.395447
135.396317
236.471085
135.363602
236.630417
135.478928
236.680298
135.505219
236.500061
135.557785
236.489868
135.495560
236.748962
135.483215
236.927063
135.570663
236.513474
135.585678
236.345016
135.585678
236.430313
135.471954
236.511322
135.488586
236.733948
135.545990
236.641144
135.558853
236.545120
135.587296
236.476456
135.397385
236.496307
135.206955
236.530090
135.324966
236.572479
135.378616
236.487183
135.330338
236.524200
135.354477
236.551559
135.396851
236.733948
135.424210
236.647583
135.419388
236.722672
135.375931
236.588562
135.375397
236.441040
135.335159
236.576767
135.363602
236.633087
135.350189
236.635773
135.438690
236.680298
135.434937
236.719467
135.486969
236.908295
135.485367
236.801529
135.451035
236.474838
135.481613
236.664749
135.410263
236.838013
135.316925
236.908829
135.371643
236.743607
135.421524
236.662598
135.489120
236.478592
135.482681
236.664749
135.331406
236.607346
135.245575
236.637924
135.290100
236.743057
135.344818
236.874496
135.284195
237.210846
135.294937
237.085846
135.357162
236.730194
134.623306
236.553162
133.908234
236.634705
133.345505
236.879852
132.678162
236.925461
131.980255
237.084244
131.315063
237.105698
130.589798
237.038101
129.738998
237.000549
129.012131
237.202789
128.318497
237.049911
127.735931
236.541901
127.299263
236.488785
126.771942
236.503815
126.306313
236.508636
126.064377
236.516678
125.974792
236.550476
126.062767
236.688889
126.266617
236.695862
126.414673
236.377213
126.404480
235.644974
126.270370
235.597763
126.185074
235.646042
126.062767
235.767273
126.049889
235.950195
126.013412
235.806976
126.152351
235.360123
126.199562
235.423950
126.203316
235.519440
126.154495
235.631561
126.176491
235.870270
126.175957
236.064468
126.196877
235.676620
126.127136
235.643890
126.042915
235.841843
126.179176
235.628342
126.282707
235.475983
126.300949
235.472229
126.350296
235.622971
126.344933
235.496902
126.374977
235.537674
126.419502
235.519974
126.441498
235.418045
126.444176
235.313980
126.396431
235.462036
126.223160
235.396057
126.254814
235.336517
126.334206
235.337585
126.288605
235.800003
126.237106
235.673935
126.105148
235.501205
126.235504
235.321487
126.261787
235.184158
126.260178
235.342407
126.370682
235.475983
126.375511
235.610641
126.429695
235.600983
126.561661
235.639603
126.514984
235.344559
126.475830
235.299500
126.432373
235.355820
126.378731
235.407318
126.441498
235.386398
126.318115
235.478134
126.089584
235.515686
126.219406
235.553772
126.170593
235.323639
126.218872
235.196503
126.190979
235.475983
126.024139
235.650864
125.799911
235.250687
125.757530
234.907898
125.813858
235.082245
125.855164
235.532318
126.077789
235.531784
126.296120
235.060776
126.268227
234.913803
126.300407
235.216888
126.120705
235.136414
126.041306
235.214737
126.046677
235.459351
126.012344
235.285553
126.057938
234.966370
126.054184
235.185242
126.158249
235.121933
126.190437
235.102631
126.376587
235.323105
126.379265
235.374069
126.287003
235.480820
126.398041
235.588104
126.380875
235.394989
126.558975
235.023224
126.613159
235.100479
126.479042
235.067749
126.421112
235.258194
126.387848
235.213669
126.365852
235.412155
126.366394
235.462570
126.198486
235.495834
126.050430
235.388550
126.014488
235.218491
126.026825
235.261414
126.006439
235.354752
125.965134
235.321487
126.021461
235.133743
126.030045
235.300034
126.019852
235.150909
126.049355
235.100479
126.099777
235.296280
126.156647
235.427170
126.269836
235.160019
126.287003
235.213669
126.306847
235.253906
126.292900
235.191681
126.187759
235.165924
126.064377
235.060776
126.030579
234.959396
126.089050
234.983536
126.086906
235.287689
126.129288
235.340805
126.192047
235.374069
126.198486
235.235657
126.132507
235.244247
125.921684
235.380508
125.841751
235.169678
125.878769
235.069901
126.312744
235.199722
126.967209
235.465256
127.173737
235.275894
127.305168
235.258728
127.459122
235.390152
127.620056
235.620834
127.674240
235.423416
127.634537
235.201874
127.642586
235.103165
127.697304
235.383179
127.787430
235.606339
127.886131
235.396591
127.969818
235.364410
128.023468
235.312912
128.025070
235.500671
128.054031
235.441650
128.015411
235.035034
128.035797
235.335983
128.014343
235.471161
127.975716
235.403030
127.992348
235.273743
128.059937
235.358505
127.998245
235.478668
127.877548
235.281265
127.903831
235.017868
127.881844
235.187378
127.796013
235.486176
127.730026
235.654083
127.726273
235.529633
127.820152
235.378357
127.903297
235.556458
127.912415
235.301102
127.951042
235.427170
127.868965
235.749573
127.956406
235.769958
128.050827
235.551086
127.878624
235.289841
127.738075
235.497452
127.664047
235.522659
127.718765
235.245316
127.677460
235.297882
127.628105
235.405716
127.503113
235.432541
127.407089
235.356903
127.415672
235.420731
127.354515
235.334900
127.373291
235.508179
127.321259
235.671783
127.372223
235.422348
127.468781
235.285553
127.559975
235.342407
127.674240
235.408936
127.655464
235.529099
127.778847
235.700760
127.839996
235.694855
127.841606
235.717392
127.799767
235.808044
127.743439
235.571472
127.795471
235.489395
127.898468
235.520508
127.974648
235.512466
128.051895
235.570938
128.020782
235.432541
127.994492
235.456146
127.979469
235.558060
127.948898
235.795700
127.845360
235.721146
127.721443
235.522125
127.638832
235.695923
127.530472
235.698074
127.490234
235.765137
127.388313
235.817169
127.369537
235.575760
127.420502
235.811798
127.456444
235.889053
127.398506
235.629944
127.422646
235.663208
127.393143
235.773178
127.363098
235.788193
127.476830
235.690033
127.535301
235.634232
127.595917
235.601517
127.517593
235.946442
127.437134
236.037643
127.564270
235.651947
127.676384
235.472763
127.620590
235.718460
127.627029
236.002243
127.520279
235.954498
127.495605
236.091827
127.539589
235.757080
127.603966
235.757614
127.448929
236.022079
127.417282
236.326248
127.428543
236.065536
127.487556
235.683594
127.444107
235.715240
127.439278
235.963608
127.405479
235.859009
127.453224
235.877777
127.496140
236.097717
127.529938
236.195892
127.358810
235.990433
127.255280
235.746353
127.272446
236.001160
127.255280
236.108994
127.372223
235.732407
127.296585
235.753860
127.240791
235.943771
127.194122
235.935715
127.313210
236.134201
127.227921
235.888519
127.257423
236.005997
127.261711
236.008133
127.312675
235.907822
127.331451
235.728119
127.481117
235.919083
127.519203
236.249542
127.393677
236.330536
127.365250
236.243103
127.536369
235.923920
127.484871
235.986679
127.431763
235.922302
127.277267
235.977020
127.397430
236.148148
127.441422
236.191071
127.477364
236.181412
127.499359
236.149765
127.429085
235.916946
127.413528
235.889587
127.424789
235.909973
127.361488
236.065536
127.423180
236.251144
127.432838
236.108994
127.425865
236.047836
127.458054
235.989365
127.413528
235.711487
127.304626
235.922302
127.302483
236.177124
127.351837
236.068756
127.276199
235.900848
127.307312
235.764053
127.282097
236.040329
127.256348
236.295135
127.323402
235.966827
127.269760
235.802139
127.312675
235.979706
127.337349
236.046768
127.292824
236.027451
127.293900
236.080017
127.314285
236.145996
127.329308
236.143326
127.239182
236.213058
127.070740
236.069824
127.149063
236.242569
127.304092
236.080551
127.460732
235.976486
127.414597
236.281723
127.453758
236.396515
127.439278
236.104691
127.506332
236.148682
127.585724
236.093964
127.485947
236.004913
127.473610
236.178726
127.574463
236.172821
127.567482
236.104691
127.394211
236.023163
127.323402
236.231842
127.292290
236.302643
127.297119
236.161560
127.264397
236.186768
127.375443
236.099335
127.371681
236.018860
127.467171
236.108994
127.474144
236.190521
127.446785
236.196960
127.385635
236.409393
127.414597
236.358429
127.344864
236.419052
127.361488
236.280121
127.379196
236.266174
127.350227
236.079483
127.291214
236.274216
127.263863
236.417450
127.289612
236.615921
127.275658
236.597153
127.335739
236.353073
127.394753
236.228073
127.366859
236.391693
127.249908
236.434067
127.051430
236.321426
127.269760
236.349319
127.496674
236.816559
127.509010
236.814941
127.487022
236.667969
127.404945
236.212524
127.391533
236.338043
127.410309
236.520447
127.306778
236.588562
127.380264
236.597687
127.393143
236.688339
127.390999
236.605194
127.468246
236.507568
127.398506
236.483963
127.443565
236.379349
127.437668
236.454453
127.399582
236.473770
127.275124
236.637390
127.228455
236.617538
127.248840
236.523117
127.464485
236.499512
127.482193
236.681366
127.366318
236.736633
127.348083
236.615387
127.336815
236.420654
127.251518
236.481277
127.312141
236.720001
127.281563
236.605194
127.189293
236.571396
127.233818
236.591248
127.240257
236.559601
127.325012
236.443726
127.245621
236.526337
127.088440
236.902924
127.156036
236.757553
127.296585
236.473236
127.254738
236.516678
127.232208
236.701752
127.264397
236.791336
127.341110
236.630417
127.437668
236.501129
127.487556
236.583206
127.356125
236.343414
127.369003
236.197510
127.451080
236.483963
127.520813
236.596085
127.503113
236.566040
127.481651
236.714096
127.534225
236.623444
127.487556
236.246857
127.471466
236.312836
127.502037
236.224319
127.495605
236.291916
127.543343
236.722672
127.696770
236.525803
127.733780
236.247925
127.669411
236.313904
127.659218
236.410477
127.537979
236.349854
127.577141
236.377213
127.667267
236.605194
127.548706
236.290314
127.398506
236.163177
127.379196
236.334839
127.522423
236.260269
127.613617
236.483963
127.574463
236.256516
127.569092
236.305862
127.536911
236.122406
127.527252
236.092361
127.571243
236.254898
127.616837
236.494156
127.583038
236.754333
127.421570
236.671722
127.434448
236.486649
127.491844
236.355209
127.382416
236.423340
127.333061
236.366486
127.339500
236.582138
127.347542
236.582138
127.430695
236.603592
127.402802
236.608948
127.320724
236.692108
127.219337
236.728043
127.193588
236.661530
127.274590
236.823532
127.269226
236.432465
127.275124
236.577301
127.299805
236.506500
127.303558
236.060715
127.342178
236.264023
127.385094
236.399734
127.257957
236.256516
127.176422
236.265091
127.293365
236.512924
127.366859
236.215744
127.386169
236.105774
127.339500
236.308548
127.387779
236.406174
127.441422
236.229691
127.490234
236.323563
127.514915
236.238815
127.354515
236.176575
127.425865
236.155655
127.409775
236.003845
127.358810
236.021545
127.434448
236.232910
127.483261
236.188919
127.485413
236.092361
127.441422
236.212524
127.420502
235.888519
127.430695
235.875641
127.498283
235.965225
127.546562
236.069824
127.600746
235.821991
127.643661
235.823059
127.625420
235.905136
127.572853
235.834869
127.407623
236.084320
127.446251
236.114883
127.479507
235.730804
127.450539
235.831116
127.321259
235.832184
127.364174
235.902466
127.438736
236.017258
127.586258
236.074127
127.571777
236.031738
127.572311
235.900314
127.580360
235.862762
127.597527
235.748505
127.559441
235.584351
127.509010
235.632629
127.546028
235.816635
127.465027
235.996338
127.500969
236.210907
127.604500
235.977554
127.531006
235.935181
127.480042
235.939468
127.505798
235.898163
127.448395
235.913193
127.407089
235.826279
127.349152
235.899246
127.351837
235.931427
127.229530
235.880463
127.270294
235.573624
127.324478
235.537140
127.333061
235.426636
127.336815
235.688416
127.290146
235.665894
127.309990
235.542511
127.300873
235.269989
127.350761
235.352600
127.347542
235.637451
127.280487
235.671249
127.329842
235.508179
127.359344
235.596680
127.318573
235.570938
127.204849
235.673401
127.168373
235.666428
127.209679
235.666428
127.137260
235.672867
127.130287
235.657303
127.049820
235.634232
127.066452
235.665894
127.106148
235.690567
127.231674
235.698608
127.149063
235.588638
127.069130
235.376740
127.130821
235.528564
127.227921
235.636917
127.336281
235.614929
127.233284
235.710953
127.260101
235.731339
127.170517
235.499588
127.344322
235.623505
127.576065
235.411621
127.433914
235.462036
127.366318
235.550552
127.369537
235.535004
127.408699
235.669647
127.472534
235.582199
127.416748
235.536072
127.272980
235.686279
127.261711
235.614929
127.372223
235.650330
127.348083
235.391235
127.336815
235.349930
127.330376
235.396591
127.290146
235.557526
127.372223
235.680908
127.341110
235.674469
127.316971
235.506561
127.269760
235.333832
127.292824
235.345627
127.286392
235.176117
127.363640
235.112274
127.358810
235.163239
127.334671
235.442200
127.213432
235.583282
127.203239
235.414291
127.286926
235.357971
127.441956
235.400879
127.466637
235.326859
127.527786
235.378891
127.477898
235.638000
127.392609
235.449173
127.331451
235.453461
127.325012
235.495300
127.352371
235.347244
127.396896
235.229218
127.364174
235.244247
127.433372
235.308075
127.393143
235.342407
127.372757
235.425018
127.460732
235.535538
127.596451
235.052200
127.637756
234.892334
127.491844
235.096725
127.414597
235.236206
127.537979
235.166458
127.558365
235.212051
127.526718
235.211517
127.421570
235.025909
127.337349
234.998550
127.299805
235.151978
127.350761
235.129440
127.450005
234.873566
127.374367
235.117645
127.244545
235.341873
127.276199
235.206696
127.335739
234.964752
127.345398
235.111740
127.298195
234.981918
127.242401
235.165390
127.377586
235.411072
127.328232
235.276962
127.369003
235.065613
127.401192
235.199722
127.270836
235.116028
127.336281
234.819382
127.357201
234.846741
127.357735
234.877853
127.386703
234.976028
127.315895
235.122467
127.393677
235.185242
127.509010
235.080093
127.465027
235.008743
127.444107
234.941696
127.504189
234.882690
127.542274
234.839767
127.487556
234.872498
127.386169
235.113358
127.400116
234.996414
127.472000
235.036102
127.444107
235.133743
127.434448
234.853180
127.445175
234.863907
127.433914
235.023224
127.290680
235.208847
127.312141
235.214737
127.447861
235.214203
127.355057
234.947586
127.257957
235.189529
127.219337
235.054352
127.298195
235.022156
127.429085
235.002853
127.359344
235.239410
127.064842
235.234589
126.844894
234.965836
126.960770
235.121933
127.239182
234.983536
127.343254
234.842453
127.312675
235.078491
127.302483
235.168610
127.323944
234.971725
127.223625
235.109055
127.220947
235.055954
127.231140
234.971725
127.255280
235.023224
127.240791
235.087067
127.195198
234.928818
127.228989
234.971725
127.126534
235.284485
127.132965
234.851563
127.244545
234.791489
127.202171
234.707260
127.227379
234.876785
127.196266
234.928818
127.100784
235.169144
127.125458
235.142853
127.229530
234.773254
127.241325
234.772705
127.218796
235.066681
127.043381
235.207230
127.002609
234.950806
127.121162
235.000702
127.143700
234.984070
127.138870
234.933640
127.036407
234.886444
127.068054
234.893417
127.083618
234.844055
126.969887
235.178268
126.903908
235.398209
126.838463
234.827972
126.847580
234.744812
126.976326
234.870880
126.867966
234.847809
126.812714
234.939011
126.869576
235.162170
126.819153
235.146072
126.882988
234.900391
126.886742
234.920227
126.885666
235.130524
126.979546
235.135880
127.086296
234.763596
127.137794
234.844589
127.065910
234.987823
126.987595
235.207764
127.082542
235.133743
127.094345
235.123550
127.010124
235.007675
126.999390
234.746429
127.032120
234.671326
127.007439
234.775925
127.053574
234.858551
127.018707
235.022156
127.009048
234.860153
126.979546
234.989441
127.029968
235.058105
127.052498
234.956177
127.050888
234.813477
127.040703
234.738922
126.929657
234.994797
126.919998
235.084381
126.958084
234.869812
126.945747
234.866592
127.017632
235.097794
126.939316
235.138031
126.913559
234.880539
126.999390
234.833328
127.034264
234.890732
127.012802
234.907364
126.925362
234.668106
126.952187
234.779694
126.970428
234.849426
126.960236
235.004990
126.908737
234.975494
126.587402
234.669708
126.413597
234.642899
126.554146
234.595688
126.769257
234.866592
126.774086
234.796860
126.685036
234.855865
126.708641
235.073120
126.715080
234.904678
126.802521
234.514145
126.774086
234.684204
126.619591
234.878922
126.606178
234.870346
126.567024
234.939011
126.628716
234.845139
126.742439
234.787201
126.564873
234.791489
126.527328
234.867126
126.634079
234.672394
126.592773
234.779694
126.574532
234.998550
126.505867
234.810257
126.431839
234.654694
126.571312
234.789886
126.696304
234.935257
126.698448
234.804367
126.623344
234.801682
126.637299
235.047913
126.769798
235.266235
126.842751
234.863373
126.802521
234.676147
126.637833
234.824219
126.686646
235.010361
126.774086
234.770569
126.890495
234.657379
126.985985
234.840302
126.872795
234.901459
126.741898
234.984604
126.733322
234.730865
126.821297
234.794708
127.027824
234.871414
126.996712
235.087067
126.928047
235.148224
126.895325
235.117645
126.847580
234.652008
126.848656
234.583893
126.762825
234.845139
126.705421
235.021622
126.803055
235.077408
126.904984
235.129990
126.940384
234.829575
126.811104
234.763062
126.783211
234.781296
126.909805
234.693863
126.751022
234.866592
126.761749
234.957779
126.719910
235.158417
126.618523
234.892334
126.718834
234.854248
126.726883
234.777008
126.852943
234.823669
126.781601
234.694931
126.711327
235.046295
126.674843
234.883224
126.710251
234.898773
126.656609
234.778076
126.702744
234.797394
126.656067
235.013580
126.821297
234.843521
126.834167
234.719070
126.788574
234.864975
126.742973
234.901459
126.710785
234.715317
126.777306
234.955643
126.785355
234.873566
126.805740
234.871414
126.709175
235.161102
126.709717
235.157883
126.648560
234.947586
126.811104
234.681519
126.805740
234.748032
126.631393
234.850494
126.711861
235.092438
126.680214
235.286087
126.678604
234.702972
126.710251
234.707809
126.652855
235.025375
126.683426
235.024841
126.810028
235.067215
126.753166
235.183624
126.742439
235.061325
126.609940
234.797394
126.721519
234.771637
126.701668
234.921844
126.733856
235.000168
126.781059
234.916473
126.688797
235.063995
126.674843
235.180939
126.739220
235.026443
126.752090
234.859085
126.703278
234.864441
126.667870
235.015182
126.701134
234.885361
126.870651
234.873566
126.869576
235.062393
126.828804
234.871414
126.726883
234.768417
126.738686
234.844055
126.833099
234.841370
126.880302
234.892334
126.956482
235.048447
126.913559
234.987823
126.844360
234.955109
126.951653
234.926132
126.976860
235.038788
127.005829
235.158951
126.918388
235.245850
126.909805
235.204010
126.942528
235.083847
127.024605
234.945450
126.983299
235.018402
126.915710
235.230301
126.946289
235.305939
127.043381
235.179337
126.922684
235.162704
126.919998
235.101547
126.836853
235.222244
126.710251
235.154129
126.751556
235.247467
126.666260
235.332764
126.662506
235.400879
126.616913
235.066681
126.641052
234.960464
126.660896
234.982468
126.725807
234.803833
126.534302
234.727646
126.010193
234.729263
125.919533
235.133743
126.147522
235.176117
126.194191
235.042542
126.281631
234.963150
126.264465
234.903610
126.310600
234.907364
126.352982
234.960999
126.342255
235.046829
126.352448
235.013031
126.217262
235.031281
126.195801
234.847809
126.333130
234.856400
126.449539
234.926132
126.523033
234.840302
126.486557
235.076340
126.482803
234.874634
126.489777
234.800064
126.533760
235.000168
126.615303
234.649872
126.457054
234.577454
126.403946
234.682587
126.385170
234.799530
126.343323
234.579056
126.277878
234.553314
126.356201
234.753937
126.390533
234.625732
126.430763
234.697617
126.493530
234.889664
126.529472
234.770569
126.438278
234.751251
126.435593
234.729263
126.484947
234.652557
126.602966
234.512543
126.577751
234.472839
126.530540
234.625732
126.553070
234.654694
126.596527
234.538284
126.609940
234.663284
126.477432
234.833328
126.457054
234.830643
126.454903
234.568863
126.592773
234.375748
126.659286
234.303864
126.649094
234.312439
126.599205
234.711563
126.446320
234.905212
126.371758
234.587097
126.448471
234.448166
126.358345
234.330688
126.232285
234.619827
126.387314
234.661667
126.529472
234.649338
126.551468
234.989441
126.606720
234.750183
126.597595
234.841370
126.659828
234.986221
126.812714
234.743210
126.835777
234.485718
126.786423
234.491074
126.723129
234.845673
126.714546
234.733017
126.709717
234.716919
126.676994
234.768417
126.701668
234.708878
126.634079
234.883224
126.587402
235.030212
126.702744
234.648254
126.739220
234.531845
126.813782
234.303864
126.606178
234.496445
126.510696
234.643967
126.535370
234.515228
126.574532
234.608566
126.655533
234.738922
126.638367
234.531311
126.663582
234.341949
126.784279
234.226074
126.788033
234.514145
126.689865
234.558670
126.580429
234.490540
126.528397
234.506104
126.543953
234.652008
126.579361
234.584961
126.653389
234.402039
126.510696
234.550095
126.436127
234.695999
126.517670
234.461044
126.421112
234.206772
126.461876
234.463715
126.481728
234.650406
126.416283
234.378433
126.414673
234.365555
126.474220
234.537750
126.508011
234.426712
126.399651
234.491074
126.413597
234.554382
126.296120
234.495911
126.358345
234.354828
126.419502
234.422958
126.343323
234.503952
126.245689
234.306015
126.342255
234.047440
126.454369
234.278107
126.589554
234.412766
126.642120
234.293137
126.505867
234.443344
126.538055
234.565109
126.572388
234.640747
126.594383
234.241638
126.729027
234.271133
126.630325
234.394516
126.770866
234.552765
126.831490
234.536682
126.681282
234.480896
126.520889
234.535599
126.616913
234.581207
126.692009
234.426712
126.670555
234.297424
126.728493
234.397202
126.636223
234.452454
126.624420
234.550095
126.588478
234.610168
126.626030
234.337128
126.618523
234.279190
126.484406
234.607483
126.497284
234.515762
126.527328
234.373062
126.471535
234.528625
126.552536
234.521652
126.591698
234.709412
126.427544
234.844055
126.483871
234.654694
126.630325
234.411682
126.637299
234.348389
126.608864
234.367706
126.509621
234.518982
126.656067
234.626266
126.719368
234.651474
126.459732
234.355896
126.465637
234.533997
126.451149
234.831192
126.510696
234.711563
126.487091
234.680984
126.471001
234.657913
126.542343
234.668640
126.492455
234.567261
126.409309
234.280258
126.418961
234.374130
126.309532
234.633774
126.317039
234.628403
126.449005
234.547943
126.525177
234.185303
126.499428
234.377350
126.393211
234.576370
126.229599
234.584961
126.121239
234.693863
126.178635
234.770035
126.249451
234.703506
126.127136
234.491074
126.155037
234.411148
126.260178
234.711563
126.209213
234.920227
126.278412
234.939011
126.331520
234.701370
126.261246
234.737839
126.290756
234.745361
126.315964
234.861221
126.247841
234.908966
126.238716
234.773788
126.158249
234.598373
126.086906
234.912720
126.118553
234.794174
126.221550
234.471237
126.193657
234.566711
126.091194
234.418655
126.020386
234.649338
126.121239
234.687958
126.087440
234.389694
126.126068
234.167068
126.175957
234.346771
126.158249
234.514679
126.264465
234.690643
126.198486
234.834946
126.373901
234.542038
126.357811
234.696533
126.350838
234.714233
126.394287
234.862839
126.469391
234.707260
126.331520
234.610168
126.443642
234.942230
126.492996
235.006607
126.477432
234.888580
126.665192
234.510925
126.668411
234.618225
126.680214
234.632172
126.627106
234.583344
126.670021
234.683670
126.590622
234.701904
126.582039
234.623047
126.325089
235.060776
126.707031
235.383713
127.756851
234.972275
128.264328
234.771103
128.829727
234.903061
129.507263
234.939011
130.212677
234.947586
131.098877
234.927216
131.966843
235.007675
132.575699
235.394455
133.138428
235.570938
133.866928
235.455597
134.592194
235.407867
134.772964
235.316132
134.929077
235.270538
135.033676
235.331146
134.803009
235.510864
134.933365
235.546799
135.226807
235.472763
135.085724
235.301102
134.916199
235.238876
135.056747
235.261414
135.106094
235.154663
134.989700
235.311844
135.011154
235.525345
135.052994
235.582733
135.120590
235.480286
135.187103
235.429321
135.192474
235.476532
135.257385
235.428787
135.256836
235.350998
135.073380
235.505493
135.124878
235.472229
135.190323
235.377289
135.118973
235.209381
135.070694
235.478134
134.988083
235.428238
135.096451
235.522125
135.080353
235.735092
135.024033
235.658371
134.965012
235.625656
135.052994
236.003311
135.090012
235.791946
135.084641
235.541428
135.068558
235.543045
134.887772
235.997940
135.009537
236.051056
135.171005
235.618149
135.173691
235.660522
135.180664
235.796249
135.025635
235.815018
134.784775
235.796249
134.911377
235.625656
135.057281
235.708267
135.040115
235.675003
134.863098
235.720062
134.828766
235.938400
134.923706
235.816086
134.963409
235.551086
134.847000
235.730804
134.818573
235.740997
134.784775
235.625122
134.827148
235.631561
134.874359
235.738312
134.832520
235.860077
134.656021
236.030670
134.686066
236.095047
134.741318
235.988831
134.778870
235.960938
134.778336
235.915329
134.745621
235.677155
134.760101
235.868668
134.696259
235.751724
134.688751
235.995270
134.732742
235.918015
134.694107
235.958252
134.814819
236.162094
134.770294
236.096649
134.761169
236.006531
134.835205
235.810730
134.696793
235.924988
134.581467
235.957184
134.627060
235.878326
134.602921
235.952347
134.600769
235.933029
134.597549
236.086456
134.634033
236.316589
134.657104
236.067154
134.615799
235.826828
134.592728
236.062317
134.652802
235.948059
134.730057
235.992050
134.873825
236.057495
134.845398
235.862228
134.812134
235.797318
134.775116
236.169067
134.786926
236.254898
134.850754
236.084320
134.743469
235.800537
134.746155
236.083237
134.946777
236.385254
135.169403
236.232910
135.119507
236.025299
135.071228
236.183548
134.946243
236.438904
134.822861
236.202332
134.789597
235.955032
134.843781
235.981857
134.857193
236.177124
134.761703
236.213058
134.821793
236.376144
134.779953
236.619141
134.726837
236.128845
134.733276
236.174438
134.775650
236.213593
134.620621
236.378281
134.608826
236.188385
134.532104
236.235596
134.499924
236.454453
134.622238
236.439438
134.588440
236.124542
134.489197
236.346100
134.641541
236.281723
134.738632
236.156189
134.701096
236.442657
134.617935
236.668503
134.571274
236.463043
134.733810
236.121857
134.737564
235.921234
134.750443
236.100403
134.698410
236.282257
134.582535
236.398666
134.627060
236.541901
134.659775
236.640060
134.614182
236.702301
134.598633
236.555313
134.583069
236.509705
134.687683
236.653473
134.670517
236.595535
134.577164
236.569794
134.505829
236.790268
134.532104
236.811722
134.533722
236.752716
134.587906
236.345566
134.606140
236.285477
134.594330
236.614853
134.558395
236.650803
134.509583
236.660446
134.591110
236.642746
134.522995
236.781693
134.352936
237.039719
134.323975
236.371841
134.471497
236.273682
134.562149
236.430313
134.618469
236.517761
134.495102
236.481812
134.600235
236.654556
134.820175
236.391159
134.823929
236.504349
134.794968
236.495758
134.643158
236.614319
134.550888
236.674393
134.620621
236.507034
134.706451
236.390625
134.656570
236.387405
134.551956
236.449631
134.415695
236.642212
134.424820
236.605194
134.458618
236.537064
134.468811
236.409393
134.437698
236.445343
134.391022
236.655624
134.482224
236.436218
134.582535
236.420120
134.424820
236.660446
134.384048
236.603058
134.440918
236.784363
134.436630
236.590714
134.503143
236.572479
134.426437
236.599304
134.531036
236.654556
134.568054
236.632019
134.678558
236.563354
134.702698
236.205017
134.683380
236.397064
134.680710
236.640060
134.653885
236.685135
134.553574
236.666351
134.640472
236.375595
134.622238
236.365952
134.495102
236.517227
134.439301
236.438370
134.489197
236.309616
134.577164
236.567642
134.510117
236.691025
134.466125
236.628799
134.344894
236.624512
134.345963
236.604660
134.514938
236.419586
134.470413
236.453384
134.529968
236.728577
134.497772
236.844986
134.471497
236.619675
134.567520
236.644897
134.562149
236.699081
134.456467
236.407791
134.466660
236.489868
134.552490
236.653473
134.553574
236.728043
134.482758
236.670105
134.417847
236.690491
134.394775
236.766663
134.444672
236.746826
134.436081
236.434616
134.392639
236.478058
134.397461
236.662064
134.380829
236.805832
134.499390
236.802612
134.608826
236.506500
134.584686
236.516144
134.509048
236.565506
134.387268
236.538681
134.454330
236.495224
134.535858
236.303177
134.469879
236.445877
134.324509
236.739838
134.227417
236.628265
134.307343
236.743607
134.239212
236.467865
134.321823
236.382034
134.395309
236.387939
134.391556
236.546188
134.348648
236.608414
134.365814
236.425491
134.355087
236.253830
134.279984
236.363266
134.313782
236.538147
134.317535
236.273682
134.372787
236.005997
134.413025
236.293518
134.383514
236.540833
134.393173
236.726440
134.394241
236.778473
134.288025
236.759689
134.285889
236.660446
134.264420
236.301575
134.256378
236.509705
134.352936
236.779007
134.314850
236.593933
134.225266
236.772568
134.218292
236.990356
134.262817
236.694244
134.200058
236.465179
134.130844
236.510788
134.141037
236.736084
133.982788
236.756470
134.025177
236.679764
134.085251
236.689957
134.068619
236.644897
134.094910
236.552628
133.967239
236.490402
133.987091
236.604660
134.005325
236.899704
134.145874
236.895416
134.153915
236.606277
134.186646
237.000549
134.230637
237.162567
134.351334
236.841766
134.316452
236.962997
134.315918
237.182953
134.255844
237.427032
134.229019
237.135742
134.383514
236.956024
134.374939
237.069214
134.240280
237.067612
134.188782
237.041855
134.179123
237.065460
134.132462
237.423279
134.341675
237.476379
134.735428
237.072968
134.621689
237.208160
134.481140
237.283264
134.400146
237.420593
134.402298
237.385178
134.529968
237.432388
134.539627
237.522507
134.431793
237.445801
134.355087
237.463501
134.396393
237.515533
134.428574
237.420059
134.395859
237.511780
134.367416
237.655014
134.499924
237.753189
134.422668
237.820770
134.452179
237.825073
134.523529
237.644821
134.504745
237.387863
134.495102
237.413620
134.559998
237.503738
134.681778
237.521439
134.602921
237.584198
134.496170
237.852432
134.541763
237.613708
134.620087
237.460815
134.614182
237.259125
134.573410
237.568649
134.635635
238.020874
134.606674
237.822388
134.446274
237.489792
134.399078
237.436676
134.329865
237.703293
134.379227
237.913574
134.502609
238.028915
134.595947
237.895874
134.588440
237.835266
134.308411
237.939331
134.094376
237.992432
134.266571
237.870667
134.415695
237.961319
134.356155
238.369553
134.354553
238.432861
134.465057
238.477386
134.470413
238.310013
134.492950
238.138885
134.584137
238.173752
134.443054
238.420517
134.374939
238.438751
134.406052
238.129227
134.404968
238.271927
134.415695
238.309479
134.351868
238.230087
134.381912
238.371704
134.599167
238.432861
134.622238
238.441971
134.527817
238.263336
134.494019
238.628113
134.360977
238.439835
134.376007
238.417831
134.404968
238.533173
134.304657
238.364731
134.225266
238.272461
134.294464
238.323959
134.371719
238.457001
134.450027
238.484894
134.447891
238.605057
134.329865
238.820160
134.363129
238.607742
134.447357
238.704300
134.443604
238.487579
134.561615
238.730576
134.574493
238.699997
134.470963
238.570724
134.632965
238.823380
134.669434
238.720917
134.517090
238.659241
134.411942
238.602905
134.480072
238.859329
134.547134
238.777252
134.468811
238.555161
134.381363
238.820709
134.268723
238.927460
134.354004
238.738632
134.455933
238.688736
134.386734
238.905457
134.443604
238.909760
134.455933
238.616318
134.394775
238.632416
134.491882
238.722534
134.382980
238.892578
134.307877
238.869522
134.419998
238.893661
134.469879
238.855042
134.467743
238.674789
134.536942
238.784225
134.492950
238.911896
134.533188
238.982712
134.530502
239.215530
134.562683
239.014893
134.635635
238.814804
134.603455
238.930679
134.509048
239.040649
134.503677
239.203720
134.467743
239.144714
134.480072
238.837875
134.517090
238.620605
134.469879
238.963928
134.332016
239.239120
134.397995
238.945160
134.506897
238.871658
134.595947
238.680161
134.517090
238.691422
134.507965
238.762772
134.548203
238.590027
134.599167
238.611496
134.698410
238.684448
134.758484
238.846451
134.614182
239.074432
134.608826
238.720917
134.813202
238.619003
134.836273
238.489182
134.731659
238.438217
134.621689
238.699997
134.617935
238.638306
134.673737
238.452698
134.548737
238.608810
134.440918
238.786911
134.524063
238.476837
134.666214
238.704300
134.657639
238.589493
134.723083
238.491333
134.759567
238.569641
134.646378
238.788513
134.753662
238.778320
134.783157
238.476837
134.710205
238.473618
134.593796
238.237061
134.507965
238.131378
134.669968
238.120117
134.789597
238.233292
134.730591
238.396378
134.646378
238.216125
134.605072
238.031601
134.611496
237.837402
134.656570
237.897491
134.620621
238.220963
134.563217
238.189850
134.691971
238.246704
134.749374
238.322342
134.735428
237.964539
134.700012
237.812195
134.629211
238.086853
134.565903
238.190918
134.612579
238.221497
134.675873
238.142105
134.544449
238.294983
134.341675
238.335754
134.450577
237.917877
0.000000
0.000000




