-0.568628
0.000000
-0.553072
0.000000
-0.582576
0.000000
-0.621736
0.000000
-0.590086
0.000000
-0.570774
0.000000
-0.555217
0.000000
-0.584185
0.000000
-0.631392
0.000000
-0.600278
0.000000
-0.578284
0.000000
-0.553608
0.000000
-0.570774
0.000000
-0.628173
0.000000
-0.605643
0.000000
-0.575066
0.000000
-0.551999
0.000000
-0.577748
0.000000
-0.636220
0.000000
-0.601888
0.000000
-0.575602
0.000000
-0.552535
0.000000
-0.573456
0.000000
-0.627101
0.000000
-0.594378
0.000000
-0.580430
0.000000
-0.558972
0.000000
-0.574529
0.000000
-0.631392
0.000000
-0.605106
0.000000
-0.586331
0.000000
-0.553608
0.000000
-0.576139
0.000000
-0.626564
0.000000
-0.595450
0.000000
-0.578284
0.000000
-0.553072
0.000000
-0.569701
0.000000
-0.627101
0.000000
-0.596523
0.000000
-0.577748
0.000000
-0.547707
0.000000
-0.575066
0.000000
-0.631392
0.000000
-0.599206
0.000000
-0.567019
0.000000
-0.550389
0.000000
-0.568628
0.000000
-0.628710
0.000000
-0.611544
0.000000
-0.576139
0.000000
-0.552535
0.000000
-0.581503
0.000000
-0.635684
0.000000
-0.600278
0.000000
-0.571311
0.000000
-0.556827
0.000000
-0.571847
0.000000
-0.627101
0.000000
-0.600815
0.000000
-0.581503
0.000000
-0.557363
0.000000
-0.573456
0.000000
-0.624955
0.000000
-0.602424
0.000000
-0.580430
0.000000
-0.556290
0.000000
-0.572383
0.000000
-0.627101
0.000000
-0.600815
0.000000
-0.571847
0.000000
-0.557363
0.000000
-0.571847
0.000000
-0.623345
0.000000
-0.597596
0.000000
-0.579894
0.000000
-0.560045
0.000000
-0.564873
0.000000
-0.622809
0.000000
-0.605643
0.000000
-0.585795
0.000000
-0.553072
0.000000
-0.567555
0.000000
-0.626028
0.000000
-0.596523
0.000000
-0.571847
0.000000
-0.545561
0.000000
-0.563264
0.000000
-0.633538
0.000000
-0.607252
0.000000
-0.572383
0.000000
-0.555754
0.000000
-0.571847
0.000000
-0.624418
0.000000
-0.608862
0.000000
-0.590086
0.000000
-0.558972
0.000000
-0.565410
0.000000
-0.626028
0.000000
-0.606716
0.000000
-0.579894
0.000000
-0.550926
0.000000
-0.561118
0.000000
-0.620663
0.000000
-0.605643
0.000000
-0.579357
0.000000
-0.561118
0.000000
-0.569165
0.000000
-0.628173
0.000000
-0.601888
0.000000
-0.575066
0.000000
-0.556290
0.000000
-0.561118
0.000000
-0.619590
0.000000
-0.602961
0.000000
-0.580430
0.000000
-0.562728
0.000000
-0.564873
0.000000
-0.620663
0.000000
-0.603497
0.000000
-0.579357
0.000000
-0.560582
0.000000
-0.561655
0.000000
-0.626564
0.000000
-0.604034
0.000000
-0.583112
0.000000
-0.563800
0.000000
-0.562191
0.000000
-0.621736
0.000000
-0.607252
0.000000
-0.586867
0.000000
-0.557363
0.000000
-0.560582
0.000000
-0.617981
0.000000
-0.604570
0.000000
-0.583112
0.000000
-0.565410
0.000000
-0.564873
0.000000
-0.628173
0.000000
-0.622809
0.000000
-0.593841
0.000000
-0.568092
0.000000
-0.562191
0.000000
-0.618517
0.000000
-0.606179
0.000000
-0.573993
0.000000
-0.568092
0.000000
-0.566483
0.000000
-0.622809
0.000000
-0.604034
0.000000
-0.576675
0.000000
-0.562728
0.000000
-0.562728
0.000000
-0.621736
0.000000
-0.608325
0.000000
-0.577211
0.000000
-0.564337
0.000000
-0.561655
0.000000
-0.616372
0.000000
-0.604570
0.000000
-0.575066
0.000000
-0.564873
0.000000
-0.562728
0.000000
-0.621736
0.000000
-0.605643
0.000000
-0.572920
0.000000
-0.557363
0.000000
-0.568092
0.000000
-0.626028
0.000000
-0.614762
0.000000
-0.589550
0.000000
-0.566483
0.000000
-0.569165
0.000000
-0.619054
0.000000
-0.608325
0.000000
-0.588477
0.000000
-0.567019
0.000000
-0.554681
0.000000
-0.619590
0.000000
-0.620127
0.000000
-0.578284
0.000000
-0.560582
0.000000
-0.558972
0.000000
-0.622809
0.000000
-0.617445
0.000000
-0.587940
0.000000
-0.563264
0.000000
-0.560045
0.000000
-0.619054
0.000000
-0.614762
0.000000
-0.585795
0.000000
-0.558972
0.000000
-0.553072
0.000000
-0.607252
0.000000
-0.614762
0.000000
-0.581503
0.000000
-0.562191
0.000000
-0.557900
0.000000
-0.617445
0.000000
-0.614226
0.000000
-0.591159
0.000000
-0.565410
0.000000
-0.553608
0.000000
-0.612080
0.000000
-0.609934
0.000000
-0.585258
0.000000
-0.566483
0.000000
-0.553608
0.000000
-0.610471
0.000000
-0.609398
0.000000
-0.579357
0.000000
-0.569701
0.000000
-0.565410
0.000000
-0.612617
0.000000
-0.615299
0.000000
-0.586867
0.000000
-0.564337
0.000000
-0.556290
0.000000
-0.609398
0.000000
-0.613689
0.000000
-0.585258
0.000000
-0.563800
0.000000
-0.553072
0.000000
-0.611007
0.000000
-0.617981
0.000000
-0.587940
0.000000
-0.566483
0.000000
-0.550926
0.000000
-0.605643
0.000000
-0.615835
0.000000
-0.593305
0.000000
-0.565410
0.000000
-0.557363
0.000000
-0.610471
0.000000
-0.612080
0.000000
-0.580430
0.000000
-0.558972
0.000000
-0.555754
0.000000
-0.609934
0.000000
-0.616908
0.000000
-0.587940
0.000000
-0.561655
0.000000
-0.551999
0.000000
-0.613153
0.000000
-0.621200
0.000000
-0.585258
0.000000
-0.569701
0.000000
-0.558436
0.000000
-0.607252
0.000000
-0.610471
0.000000
-0.582576
0.000000
-0.558972
0.000000
-0.548780
0.000000
-0.607252
0.000000
-0.620127
0.000000
-0.578821
0.000000
-0.565946
0.000000
-0.555754
0.000000
-0.605643
0.000000
-0.613689
0.000000
-0.585258
0.000000
-0.568092
0.000000
-0.554681
0.000000
-0.601888
0.000000
-0.620127
0.000000
-0.583112
0.000000
-0.564873
0.000000
-0.558436
0.000000
-0.609934
0.000000
-0.626564
0.000000
-0.593305
0.000000
-0.568092
0.000000
-0.550389
0.000000
-0.604034
0.000000
-0.631392
0.000000
-0.591159
0.000000
-0.567019
0.000000
-0.550926
0.000000
-0.600278
0.000000
-0.620663
0.000000
-0.584185
0.000000
-0.564873
0.000000
-0.551999
0.000000
-0.599206
0.000000
-0.619054
0.000000
-0.594914
0.000000
-0.569701
0.000000
-0.551462
0.000000
-0.604034
0.000000
-0.623345
0.000000
-0.583112
0.000000
-0.563264
0.000000
-0.551999
0.000000
-0.603497
0.000000
-0.623345
0.000000
-0.593305
0.000000
-0.570774
0.000000
-0.545561
0.000000
-0.588477
0.000000
-0.623345
0.000000
-0.589013
0.000000
-0.565410
0.000000
-0.554681
0.000000
-0.601351
0.000000
-0.622809
0.000000
-0.585795
0.000000
-0.570774
0.000000
-0.555217
0.000000
-0.605106
0.000000
-0.621736
0.000000
-0.592232
0.000000
-0.570238
0.000000
-0.550389
0.000000
-0.601351
0.000000
-0.625491
0.000000
-0.591159
0.000000
-0.565410
0.000000
-0.546634
0.000000
-0.603497
0.000000
-0.620127
0.000000
-0.591159
0.000000
-0.571847
0.000000
-0.548780
0.000000
-0.592232
0.000000
-0.622809
0.000000
-0.589550
0.000000
-0.564873
0.000000
-0.546634
0.000000
-0.598669
0.000000
-0.628173
0.000000
-35.156254
0.000000











